1059.898	8650.000
1060.043	8565.000
1060.188	8613.000
1060.333	8667.000
1060.479	8573.000
1060.624	8669.000
1060.769	8522.000
1060.914	8625.000
1061.059	8561.000
1061.204	8596.000
1061.349	8474.000
1061.494	8620.000
1061.639	8554.000
1061.784	8531.000
1061.929	8510.000
1062.074	8633.000
1062.219	8435.000
1062.364	8691.000
1062.509	8631.000
1062.654	8823.000
1062.799	8746.000
1062.944	8823.000
1063.089	8941.000
1063.234	8879.000
1063.379	8863.000
1063.524	8810.000
1063.669	8750.000
1063.814	8692.000
1063.959	8551.000
1064.104	8544.000
1064.249	8501.000
1064.394	8539.000
1064.538	8494.000
1064.683	8476.000
1064.828	8391.000
1064.973	8456.000
1065.118	8506.000
1065.263	8447.000
1065.408	8484.000
1065.553	8468.000
1065.697	8391.000
1065.842	8496.000
1065.987	8349.000
1066.132	8506.000
1066.277	8362.000
1066.422	8462.000
1066.566	8432.000
1066.711	8367.000
1066.856	8396.000
1067.001	8422.000
1067.146	8337.000
1067.290	8347.000
1067.435	8409.000
1067.580	8449.000
1067.725	8343.000
1067.869	8402.000
1068.014	8299.000
1068.159	8409.000
1068.303	8293.000
1068.448	8322.000
1068.593	8347.000
1068.738	8326.000
1068.882	8249.000
1069.027	8281.000
1069.172	8196.000
1069.316	8363.000
1069.461	8260.000
1069.606	8249.000
1069.750	8227.000
1069.895	8311.000
1070.040	8242.000
1070.184	8250.000
1070.329	8198.000
1070.473	8259.000
1070.618	8149.000
1070.763	8235.000
1070.907	8126.000
1071.052	8224.000
1071.196	8163.000
1071.341	8270.000
1071.486	8096.000
1071.630	8214.000
1071.775	8149.000
1071.919	8155.000
1072.064	8061.000
1072.208	8145.000
1072.353	8118.000
1072.497	8121.000
1072.642	8116.000
1072.786	8130.000
1072.931	8033.000
1073.075	8118.000
1073.220	8131.000
1073.364	8112.000
1073.509	8120.000
1073.653	8087.000
1073.798	8012.000
1073.942	8108.000
1074.087	8077.000
1074.231	8096.000
1074.376	8019.000
1074.520	8029.000
1074.664	7978.000
1074.809	7970.000
1074.953	7967.000
1075.098	8122.000
1075.242	7995.000
1075.386	8022.000
1075.531	7975.000
1075.675	8022.000
1075.819	7993.000
1075.964	8057.000
1076.108	7861.000
1076.252	8071.000
1076.397	7934.000
1076.541	7975.000
1076.685	7995.000
1076.830	8054.000
1076.974	7980.000
1077.118	7986.000
1077.263	7935.000
1077.407	8016.000
1077.551	7916.000
1077.695	8014.000
1077.840	7912.000
1077.984	8032.000
1078.128	7874.000
1078.272	7918.000
1078.417	7991.000
1078.561	8018.000
1078.705	7923.000
1078.849	8014.000
1078.994	7950.000
1079.138	7948.000
1079.282	7895.000
1079.426	7947.000
1079.570	7972.000
1079.714	8031.000
1079.859	7893.000
1080.003	8008.000
1080.147	7916.000
1080.291	8015.000
1080.435	7881.000
1080.579	7888.000
1080.723	7894.000
1080.868	8008.000
1081.012	7944.000
1081.156	7951.000
1081.300	7856.000
1081.444	8022.000
1081.588	7926.000
1081.732	7928.000
1081.876	7841.000
1082.020	7923.000
1082.164	7817.000
1082.308	7957.000
1082.452	7913.000
1082.596	8023.000
1082.740	7853.000
1082.884	7939.000
1083.028	7880.000
1083.172	7928.000
1083.316	7812.000
1083.460	7954.000
1083.604	7786.000
1083.748	7894.000
1083.892	7857.000
1084.036	7910.000
1084.180	7830.000
1084.324	7939.000
1084.468	7750.000
1084.612	7921.000
1084.756	7815.000
1084.900	7848.000
1085.044	7843.000
1085.188	7896.000
1085.332	7757.000
1085.476	7913.000
1085.619	7677.000
1085.763	7802.000
1085.907	7747.000
1086.051	7906.000
1086.195	7786.000
1086.339	7870.000
1086.483	7680.000
1086.626	7766.000
1086.770	7748.000
1086.914	7815.000
1087.058	7801.000
1087.202	7881.000
1087.346	7706.000
1087.489	7795.000
1087.633	7674.000
1087.777	7846.000
1087.921	7678.000
1088.064	7858.000
1088.208	7642.000
1088.352	7788.000
1088.496	7618.000
1088.639	7863.000
1088.783	7811.000
1088.927	7741.000
1089.071	7723.000
1089.214	7780.000
1089.358	7662.000
1089.502	7773.000
1089.645	7687.000
1089.789	7813.000
1089.933	7639.000
1090.076	7781.000
1090.220	7673.000
1090.364	7743.000
1090.507	7624.000
1090.651	7814.000
1090.795	7675.000
1090.938	7777.000
1091.082	7634.000
1091.226	7746.000
1091.369	7591.000
1091.513	7776.000
1091.656	7666.000
1091.800	7803.000
1091.944	7677.000
1092.087	7766.000
1092.231	7548.000
1092.374	7771.000
1092.518	7606.000
1092.661	7746.000
1092.805	7622.000
1092.948	7828.000
1093.092	7729.000
1093.235	7736.000
1093.379	7645.000
1093.522	7799.000
1093.666	7623.000
1093.809	7707.000
1093.953	7653.000
1094.096	7804.000
1094.240	7592.000
1094.383	7718.000
1094.527	7618.000
1094.670	7725.000
1094.814	7638.000
1094.957	7742.000
1095.101	7591.000
1095.244	7787.000
1095.387	7626.000
1095.531	7751.000
1095.674	7723.000
1095.818	7811.000
1095.961	7656.000
1096.104	7679.000
1096.248	7629.000
1096.391	7726.000
1096.534	7566.000
1096.678	7764.000
1096.821	7771.000
1096.964	7781.000
1097.108	7610.000
1097.251	7786.000
1097.394	7694.000
1097.538	7738.000
1097.681	7623.000
1097.824	7776.000
1097.968	7651.000
1098.111	7757.000
1098.254	7618.000
1098.397	7750.000
1098.541	7621.000
1098.684	7692.000
1098.827	7670.000
1098.970	7733.000
1099.114	7634.000
1099.257	7708.000
1099.400	7661.000
1099.543	7760.000
1099.686	7668.000
1099.830	7841.000
1099.973	7640.000
1100.116	7696.000
1100.259	7675.000
1100.402	7781.000
1100.545	7593.000
1100.689	7745.000
1100.832	7704.000
1100.975	7782.000
1101.118	7606.000
1101.261	7695.000
1101.404	7629.000
1101.547	7732.000
1101.691	7605.000
1101.834	7711.000
1101.977	7658.000
1102.120	7734.000
1102.263	7650.000
1102.406	7730.000
1102.549	7465.000
1102.692	7807.000
1102.835	7587.000
1102.978	7683.000
1103.121	7574.000
1103.264	7745.000
1103.407	7598.000
1103.550	7684.000
1103.693	7681.000
1103.836	7633.000
1103.979	7536.000
1104.122	7729.000
1104.265	7600.000
1104.408	7683.000
1104.551	7552.000
1104.694	7772.000
1104.837	7648.000
1104.980	7712.000
1105.123	7566.000
1105.266	7724.000
1105.409	7617.000
1105.552	7739.000
1105.695	7508.000
1105.838	7733.000
1105.980	7555.000
1106.123	7613.000
1106.266	7587.000
1106.409	7678.000
1106.552	7547.000
1106.695	7778.000
1106.838	7493.000
1106.980	7557.000
1107.123	7551.000
1107.266	7701.000
1107.409	7620.000
1107.552	7602.000
1107.695	7452.000
1107.837	7713.000
1107.980	7525.000
1108.123	7650.000
1108.266	7534.000
1108.409	7689.000
1108.551	7558.000
1108.694	7654.000
1108.837	7587.000
1108.980	7672.000
1109.122	7518.000
1109.265	7710.000
1109.408	7482.000
1109.551	7603.000
1109.693	7606.000
1109.836	7649.000
1109.979	7460.000
1110.121	7710.000
1110.264	7440.000
1110.407	7595.000
1110.549	7523.000
1110.692	7672.000
1110.835	7536.000
1110.977	7634.000
1111.120	7531.000
1111.263	7547.000
1111.405	7462.000
1111.548	7591.000
1111.691	7562.000
1111.833	7549.000
1111.976	7496.000
1112.118	7577.000
1112.261	7529.000
1112.404	7639.000
1112.546	7491.000
1112.689	7536.000
1112.831	7475.000
1112.974	7612.000
1113.116	7481.000
1113.259	7633.000
1113.401	7398.000
1113.544	7664.000
1113.686	7435.000
1113.829	7611.000
1113.971	7485.000
1114.114	7670.000
1114.256	7496.000
1114.399	7703.000
1114.541	7426.000
1114.684	7715.000
1114.826	7479.000
1114.969	7579.000
1115.111	7493.000
1115.254	7641.000
1115.396	7466.000
1115.539	7585.000
1115.681	7504.000
1115.823	7649.000
1115.966	7471.000
1116.108	7571.000
1116.251	7479.000
1116.393	7596.000
1116.535	7546.000
1116.678	7639.000
1116.820	7523.000
1116.962	7611.000
1117.105	7443.000
1117.247	7634.000
1117.389	7264.000
1117.532	7663.000
1117.674	7521.000
1117.816	7611.000
1117.959	7578.000
1118.101	7568.000
1118.243	7398.000
1118.386	7570.000
1118.528	7520.000
1118.670	7714.000
1118.812	7459.000
1118.955	7573.000
1119.097	7428.000
1119.239	7652.000
1119.381	7522.000
1119.524	7599.000
1119.666	7445.000
1119.808	7648.000
1119.950	7507.000
1120.093	7590.000
1120.235	7440.000
1120.377	7624.000
1120.519	7446.000
1120.661	7623.000
1120.803	7504.000
1120.946	7553.000
1121.088	7377.000
1121.230	7607.000
1121.372	7465.000
1121.514	7736.000
1121.656	7461.000
1121.798	7629.000
1121.941	7507.000
1122.083	7624.000
1122.225	7481.000
1122.367	7621.000
1122.509	7458.000
1122.651	7631.000
1122.793	7497.000
1122.935	7615.000
1123.077	7509.000
1123.219	7692.000
1123.361	7508.000
1123.503	7643.000
1123.645	7505.000
1123.787	7570.000
1123.929	7470.000
1124.071	7663.000
1124.213	7430.000
1124.355	7585.000
1124.497	7446.000
1124.639	7568.000
1124.781	7458.000
1124.923	7602.000
1125.065	7489.000
1125.207	7585.000
1125.349	7459.000
1125.491	7649.000
1125.633	7550.000
1125.775	7586.000
1125.917	7475.000
1126.059	7663.000
1126.201	7532.000
1126.343	7607.000
1126.485	7447.000
1126.626	7639.000
1126.768	7475.000
1126.910	7577.000
1127.052	7428.000
1127.194	7608.000
1127.336	7487.000
1127.478	7600.000
1127.619	7433.000
1127.761	7601.000
1127.903	7434.000
1128.045	7543.000
1128.187	7518.000
1128.329	7586.000
1128.470	7432.000
1128.612	7545.000
1128.754	7449.000
1128.896	7663.000
1129.037	7568.000
1129.179	7546.000
1129.321	7476.000
1129.463	7530.000
1129.604	7487.000
1129.746	7582.000
1129.888	7517.000
1130.030	7644.000
1130.171	7459.000
1130.313	7604.000
1130.455	7465.000
1130.596	7653.000
1130.738	7479.000
1130.880	7644.000
1131.021	7536.000
1131.163	7667.000
1131.305	7515.000
1131.446	7512.000
1131.588	7417.000
1131.730	7625.000
1131.871	7385.000
1132.013	7545.000
1132.155	7431.000
1132.296	7548.000
1132.438	7429.000
1132.579	7537.000
1132.721	7442.000
1132.863	7637.000
1133.004	7337.000
1133.146	7615.000
1133.287	7440.000
1133.429	7558.000
1133.570	7474.000
1133.712	7589.000
1133.853	7431.000
1133.995	7581.000
1134.136	7416.000
1134.278	7576.000
1134.419	7435.000
1134.561	7578.000
1134.702	7365.000
1134.844	7568.000
1134.985	7566.000
1135.127	7605.000
1135.268	7458.000
1135.410	7607.000
1135.551	7407.000
1135.693	7579.000
1135.834	7404.000
1135.975	7587.000
1136.117	7412.000
1136.258	7703.000
1136.400	7473.000
1136.541	7625.000
1136.682	7412.000
1136.824	7603.000
1136.965	7476.000
1137.107	7575.000
1137.248	7429.000
1137.389	7566.000
1137.531	7426.000
1137.672	7613.000
1137.813	7497.000
1137.955	7571.000
1138.096	7385.000
1138.237	7571.000
1138.379	7473.000
1138.520	7545.000
1138.661	7459.000
1138.802	7612.000
1138.944	7368.000
1139.085	7614.000
1139.226	7391.000
1139.368	7607.000
1139.509	7451.000
1139.650	7667.000
1139.791	7470.000
1139.933	7546.000
1140.074	7415.000
1140.215	7526.000
1140.356	7465.000
1140.497	7634.000
1140.639	7419.000
1140.780	7609.000
1140.921	7337.000
1141.062	7593.000
1141.203	7441.000
1141.344	7601.000
1141.486	7408.000
1141.627	7532.000
1141.768	7520.000
1141.909	7515.000
1142.050	7445.000
1142.191	7598.000
1142.332	7434.000
1142.473	7562.000
1142.615	7370.000
1142.756	7612.000
1142.897	7410.000
1143.038	7517.000
1143.179	7397.000
1143.320	7557.000
1143.461	7427.000
1143.602	7455.000
1143.743	7300.000
1143.884	7548.000
1144.025	7494.000
1144.166	7570.000
1144.307	7445.000
1144.448	7589.000
1144.589	7386.000
1144.730	7540.000
1144.871	7338.000
1145.012	7519.000
1145.153	7293.000
1145.294	7504.000
1145.435	7422.000
1145.576	7581.000
1145.717	7368.000
1145.858	7566.000
1145.999	7381.000
1146.140	7517.000
1146.281	7295.000
1146.422	7517.000
1146.562	7329.000
1146.703	7416.000
1146.844	7265.000
1146.985	7437.000
1147.126	7450.000
1147.267	7432.000
1147.408	7331.000
1147.549	7482.000
1147.689	7366.000
1147.830	7473.000
1147.971	7327.000
1148.112	7506.000
1148.253	7336.000
1148.394	7454.000
1148.534	7303.000
1148.675	7499.000
1148.816	7323.000
1148.957	7436.000
1149.097	7333.000
1149.238	7405.000
1149.379	7273.000
1149.520	7377.000
1149.661	7253.000
1149.801	7490.000
1149.942	7344.000
1150.083	7391.000
1150.223	7294.000
1150.364	7457.000
1150.505	7291.000
1150.646	7407.000
1150.786	7259.000
1150.927	7448.000
1151.068	7250.000
1151.208	7409.000
1151.349	7297.000
1151.490	7435.000
1151.630	7298.000
1151.771	7391.000
1151.912	7257.000
1152.052	7446.000
1152.193	7289.000
1152.333	7402.000
1152.474	7313.000
1152.615	7442.000
1152.755	7239.000
1152.896	7393.000
1153.036	7366.000
1153.177	7533.000
1153.318	7324.000
1153.458	7364.000
1153.599	7356.000
1153.739	7403.000
1153.880	7252.000
1154.020	7416.000
1154.161	7280.000
1154.301	7407.000
1154.442	7275.000
1154.582	7384.000
1154.723	7250.000
1154.863	7492.000
1155.004	7327.000
1155.144	7489.000
1155.285	7209.000
1155.425	7483.000
1155.566	7290.000
1155.706	7469.000
1155.847	7288.000
1155.987	7500.000
1156.127	7271.000
1156.268	7430.000
1156.408	7280.000
1156.549	7449.000
1156.689	7293.000
1156.829	7497.000
1156.970	7319.000
1157.110	7413.000
1157.251	7347.000
1157.391	7397.000
1157.531	7359.000
1157.672	7498.000
1157.812	7365.000
1157.952	7410.000
1158.093	7303.000
1158.233	7484.000
1158.373	7367.000
1158.514	7423.000
1158.654	7339.000
1158.794	7478.000
1158.935	7355.000
1159.075	7522.000
1159.215	7304.000
1159.355	7447.000
1159.496	7395.000
1159.636	7486.000
1159.776	7332.000
1159.916	7554.000
1160.057	7404.000
1160.197	7522.000
1160.337	7422.000
1160.477	7521.000
1160.617	7389.000
1160.758	7469.000
1160.898	7366.000
1161.038	7551.000
1161.178	7386.000
1161.318	7463.000
1161.459	7447.000
1161.599	7516.000
1161.739	7380.000
1161.879	7434.000
1162.019	7348.000
1162.159	7563.000
1162.299	7361.000
1162.439	7494.000
1162.580	7405.000
1162.720	7588.000
1162.860	7741.000
1163.000	7521.000
1163.140	7445.000
1163.280	7529.000
1163.420	7339.000
1163.560	7567.000
1163.700	7355.000
1163.840	7569.000
1163.980	7365.000
1164.120	7443.000
1164.260	7451.000
1164.400	7500.000
1164.540	7382.000
1164.680	7510.000
1164.820	7376.000
1164.960	7613.000
1165.100	7399.000
1165.240	7459.000
1165.380	7351.000
1165.520	7456.000
1165.660	7362.000
1165.800	7455.000
1165.940	7381.000
1166.080	7462.000
1166.220	7456.000
1166.360	7458.000
1166.500	7332.000
1166.640	7588.000
1166.780	7379.000
1166.919	7471.000
1167.059	7350.000
1167.199	7412.000
1167.339	7368.000
1167.479	7446.000
1167.619	7364.000
1167.759	7386.000
1167.898	7379.000
1168.038	7385.000
1168.178	7371.000
1168.318	7486.000
1168.458	7346.000
1168.598	7477.000
1168.737	7370.000
1168.877	7518.000
1169.017	7379.000
1169.157	7431.000
1169.297	7404.000
1169.436	7457.000
1169.576	7380.000
1169.716	7474.000
1169.856	7412.000
1169.995	7469.000
1170.135	7419.000
1170.275	7484.000
1170.414	7431.000
1170.554	7461.000
1170.694	7404.000
1170.834	7427.000
1170.973	7385.000
1171.113	7487.000
1171.253	7348.000
1171.392	7552.000
1171.532	7405.000
1171.672	7534.000
1171.811	7396.000
1171.951	7480.000
1172.091	7422.000
1172.230	7488.000
1172.370	7333.000
1172.509	7533.000
1172.649	7412.000
1172.789	7563.000
1172.928	7444.000
1173.068	7600.000
1173.207	7396.000
1173.347	7583.000
1173.486	7419.000
1173.626	7526.000
1173.766	7389.000
1173.905	7611.000
1174.045	7395.000
1174.184	7622.000
1174.324	7464.000
1174.463	7600.000
1174.603	7394.000
1174.742	7575.000
1174.882	7441.000
1175.021	7602.000
1175.161	7521.000
1175.300	7624.000
1175.440	7542.000
1175.579	7691.000
1175.719	7535.000
1175.858	7571.000
1175.997	7504.000
1176.137	7679.000
1176.276	7497.000
1176.416	7630.000
1176.555	7511.000
1176.695	7694.000
1176.834	7475.000
1176.973	7656.000
1177.113	7498.000
1177.252	7741.000
1177.391	7620.000
1177.531	7655.000
1177.670	7515.000
1177.809	7649.000
1177.949	7547.000
1178.088	7617.000
1178.227	7536.000
1178.367	7687.000
1178.506	7567.000
1178.645	7659.000
1178.785	7540.000
1178.924	7663.000
1179.063	7617.000
1179.203	7652.000
1179.342	7528.000
1179.481	7708.000
1179.620	7542.000
1179.760	7667.000
1179.899	7509.000
1180.038	7689.000
1180.177	7477.000
1180.317	7696.000
1180.456	7602.000
1180.595	7611.000
1180.734	7572.000
1180.873	7748.000
1181.013	7529.000
1181.152	7701.000
1181.291	7582.000
1181.430	7660.000
1181.569	7510.000
1181.708	7640.000
1181.848	7547.000
1181.987	7609.000
1182.126	7565.000
1182.265	7639.000
1182.404	7554.000
1182.543	7647.000
1182.682	7533.000
1182.821	7729.000
1182.960	7607.000
1183.100	7646.000
1183.239	7627.000
1183.378	7664.000
1183.517	7564.000
1183.656	7682.000
1183.795	6794.000
1183.934	7690.000
1184.073	7538.000
1184.212	7627.000
1184.351	7491.000
1184.490	7672.000
1184.629	7507.000
1184.768	7665.000
1184.907	7622.000
1185.046	7701.000
1185.185	7583.000
1185.324	7642.000
1185.463	7546.000
1185.602	7713.000
1185.741	7602.000
1185.880	7673.000
1186.019	7494.000
1186.158	7729.000
1186.296	7551.000
1186.435	7621.000
1186.574	7551.000
1186.713	7597.000
1186.852	7537.000
1186.991	7669.000
1187.130	7508.000
1187.269	7698.000
1187.408	7489.000
1187.546	7760.000
1187.685	7545.000
1187.824	7627.000
1187.963	7584.000
1188.102	7595.000
1188.241	7484.000
1188.379	7563.000
1188.518	7481.000
1188.657	7553.000
1188.796	7486.000
1188.935	7661.000
1189.073	7488.000
1189.212	7658.000
1189.351	7483.000
1189.490	7592.000
1189.629	7463.000
1189.767	7574.000
1189.906	7387.000
1190.045	7590.000
1190.183	7380.000
1190.322	7536.000
1190.461	7423.000
1190.600	7592.000
1190.738	7537.000
1190.877	7602.000
1191.016	7482.000
1191.154	7692.000
1191.293	7424.000
1191.432	7559.000
1191.570	7489.000
1191.709	7646.000
1191.848	7475.000
1191.986	7720.000
1192.125	10215.000
1192.264	7694.000
1192.402	7534.000
1192.541	7648.000
1192.679	7562.000
1192.818	7644.000
1192.957	7475.000
1193.095	7596.000
1193.234	7644.000
1193.372	7772.000
1193.511	7624.000
1193.649	7664.000
1193.788	7555.000
1193.926	7705.000
1194.065	7655.000
1194.204	7740.000
1194.342	7586.000
1194.481	7737.000
1194.619	7570.000
1194.758	7741.000
1194.896	7634.000
1195.035	7794.000
1195.173	7646.000
1195.311	7758.000
1195.450	7648.000
1195.588	7752.000
1195.727	7578.000
1195.865	7676.000
1196.004	7587.000
1196.142	7807.000
1196.281	7618.000
1196.419	7794.000
1196.557	7610.000
1196.696	7831.000
1196.834	7660.000
1196.973	7817.000
1197.111	7623.000
1197.249	7790.000
1197.388	7542.000
1197.526	7754.000
1197.664	7570.000
1197.803	7838.000
1197.941	7596.000
1198.079	7818.000
1198.218	7672.000
1198.356	7801.000
1198.494	7652.000
1198.633	7843.000
1198.771	7587.000
1198.909	7857.000
1199.048	7719.000
1199.186	7719.000
1199.324	7646.000
1199.462	7863.000
1199.601	7677.000
1199.739	7787.000
1199.877	7695.000
1200.015	7819.000
1200.154	7759.000
1200.292	7811.000
1200.430	7777.000
1200.568	7859.000
1200.706	7754.000
1200.845	7947.000
1200.983	7700.000
1201.121	7856.000
1201.259	7702.000
1201.397	7837.000
1201.535	7815.000
1201.674	7975.000
1201.812	7771.000
1201.950	7850.000
1202.088	7814.000
1202.226	7968.000
1202.364	7830.000
1202.502	7990.000
1202.640	7824.000
1202.778	8020.000
1202.917	7837.000
1203.055	7916.000
1203.193	7829.000
1203.331	7988.000
1203.469	7836.000
1203.607	7848.000
1203.745	7881.000
1203.883	8059.000
1204.021	7912.000
1204.159	7935.000
1204.297	7889.000
1204.435	7904.000
1204.573	7966.000
1204.711	8040.000
