1229.956	25332.000
1230.103	24908.000
1230.250	25314.000
1230.397	24823.000
1230.544	25229.000
1230.691	24868.000
1230.838	25196.000
1230.985	24746.000
1231.132	25128.000
1231.278	24664.000
1231.425	25043.000
1231.572	24728.000
1231.719	25088.000
1231.866	24530.000
1232.013	25059.000
1232.159	24718.000
1232.306	24899.000
1232.453	24562.000
1232.600	25071.000
1232.746	24550.000
1232.893	24951.000
1233.040	24436.000
1233.186	25096.000
1233.333	24483.000
1233.480	24886.000
1233.627	24396.000
1233.773	24904.000
1233.920	24324.000
1234.066	24781.000
1234.213	24328.000
1234.360	24823.000
1234.506	24390.000
1234.653	24784.000
1234.800	24264.000
1234.946	24700.000
1235.093	24168.000
1235.239	24752.000
1235.386	24125.000
1235.532	24672.000
1235.679	24193.000
1235.825	24674.000
1235.972	24173.000
1236.118	24595.000
1236.265	24205.000
1236.411	24522.000
1236.558	24099.000
1236.704	24620.000
1236.851	23998.000
1236.997	24470.000
1237.143	24043.000
1237.290	24518.000
1237.436	23951.000
1237.583	24541.000
1237.729	23971.000
1237.875	24448.000
1238.022	23916.000
1238.168	24367.000
1238.314	23935.000
1238.461	24289.000
1238.607	23783.000
1238.753	24295.000
1238.900	23792.000
1239.046	24190.000
1239.192	23699.000
1239.338	24166.000
1239.485	23670.000
1239.631	24143.000
1239.777	23499.000
1239.923	24073.000
1240.070	23627.000
1240.216	24026.000
1240.362	23464.000
1240.508	24004.000
1240.654	23555.000
1240.800	23892.000
1240.947	23380.000
1241.093	23827.000
1241.239	23361.000
1241.385	23767.000
1241.531	23417.000
1241.677	23734.000
1241.823	23371.000
1241.969	23776.000
1242.115	23210.000
1242.261	23581.000
1242.407	23214.000
1242.553	23571.000
1242.699	23109.000
1242.845	23601.000
1242.991	23167.000
1243.137	23544.000
1243.283	23080.000
1243.429	23499.000
1243.575	23078.000
1243.721	23540.000
1243.867	22954.000
1244.013	23449.000
1244.159	23050.000
1244.305	23523.000
1244.451	22997.000
1244.596	23341.000
1244.742	22925.000
1244.888	23288.000
1245.034	22785.000
1245.180	23289.000
1245.326	23047.000
1245.471	23273.000
1245.617	22873.000
1245.763	23189.000
1245.909	22861.000
1246.055	23229.000
1246.200	22887.000
1246.346	23119.000
1246.492	22943.000
1246.638	23128.000
1246.783	22740.000
1246.929	23243.000
1247.075	22738.000
1247.220	23196.000
1247.366	22745.000
1247.512	23103.000
1247.657	22837.000
1247.803	23107.000
1247.949	22789.000
1248.094	23116.000
1248.240	22781.000
1248.385	22933.000
1248.531	22647.000
1248.676	23231.000
1248.822	22776.000
1248.968	23103.000
1249.113	22713.000
1249.259	23152.000
1249.404	22722.000
1249.550	23085.000
1249.695	22650.000
1249.841	23164.000
1249.986	22778.000
1250.132	23097.000
1250.277	22694.000
1250.422	23036.000
1250.568	22726.000
1250.713	23090.000
1250.859	22531.000
1251.004	23058.000
1251.150	22697.000
1251.295	23056.000
1251.440	22578.000
1251.586	22901.000
1251.731	22689.000
1251.876	22940.000
1252.022	22467.000
1252.167	22785.000
1252.312	22564.000
1252.458	22797.000
1252.603	22617.000
1252.748	22915.000
1252.893	22609.000
1253.039	22913.000
1253.184	22458.000
1253.329	22814.000
1253.474	22425.000
1253.619	22708.000
1253.765	22488.000
1253.910	22664.000
1254.055	22428.000
1254.200	22777.000
1254.345	22366.000
1254.490	22721.000
1254.636	22475.000
1254.781	22662.000
1254.926	22425.000
1255.071	22642.000
1255.216	22342.000
1255.361	22726.000
1255.506	22372.000
1255.651	22602.000
1255.796	22363.000
1255.941	22431.000
1256.086	22245.000
1256.231	22513.000
1256.376	22386.000
1256.521	22514.000
1256.666	22248.000
1256.811	22444.000
1256.956	22175.000
1257.101	22436.000
1257.246	22166.000
1257.391	22507.000
1257.536	22266.000
1257.681	22390.000
1257.826	22096.000
1257.971	22297.000
1258.116	22119.000
1258.260	22339.000
1258.405	22138.000
1258.550	22346.000
1258.695	22111.000
1258.840	22201.000
1258.985	22049.000
1259.129	22450.000
1259.274	21961.000
1259.419	22363.000
1259.564	22013.000
1259.708	22263.000
1259.853	22022.000
1259.998	22281.000
1260.143	22030.000
1260.287	22206.000
1260.432	22054.000
1260.577	22219.000
1260.721	21975.000
1260.866	22127.000
1261.011	22063.000
1261.155	22217.000
1261.300	21852.000
1261.445	22121.000
1261.589	21943.000
1261.734	22080.000
1261.878	21966.000
1262.023	22229.000
1262.168	22029.000
1262.312	22176.000
1262.457	21944.000
1262.601	22016.000
1262.746	21972.000
1262.890	22047.000
1263.035	21911.000
1263.179	22070.000
1263.324	22059.000
1263.468	22169.000
1263.613	21897.000
1263.757	22176.000
1263.902	22010.000
1264.046	22062.000
1264.191	21892.000
1264.335	22107.000
1264.479	21965.000
1264.624	22064.000
1264.768	21831.000
1264.912	22027.000
1265.057	21847.000
1265.201	22046.000
1265.346	21862.000
1265.490	22066.000
1265.634	21979.000
1265.778	22091.000
1265.923	21974.000
1266.067	22234.000
1266.211	21988.000
1266.356	22201.000
1266.500	21811.000
1266.644	22034.000
1266.788	21884.000
1266.933	22017.000
1267.077	21833.000
1267.221	22225.000
1267.365	21961.000
1267.509	22070.000
1267.653	21926.000
1267.798	22183.000
1267.942	21852.000
1268.086	22071.000
1268.230	21884.000
1268.374	22090.000
1268.518	21921.000
1268.662	22033.000
1268.806	21910.000
1268.950	22021.000
1269.095	21869.000
1269.239	22123.000
1269.383	21878.000
1269.527	22114.000
1269.671	21957.000
1269.815	22153.000
1269.959	21788.000
1270.103	22046.000
1270.247	22025.000
1270.391	22131.000
1270.535	21780.000
1270.679	22172.000
1270.822	21895.000
1270.966	21959.000
1271.110	21949.000
1271.254	22181.000
1271.398	22013.000
1271.542	22081.000
1271.686	21906.000
1271.830	22136.000
1271.973	21870.000
1272.117	22043.000
1272.261	21817.000
1272.405	22038.000
1272.549	21915.000
1272.693	22084.000
1272.836	21823.000
1272.980	21914.000
1273.124	21932.000
1273.268	21969.000
1273.411	21817.000
1273.555	21977.000
1273.699	21860.000
1273.843	21993.000
1273.986	21775.000
1274.130	22064.000
1274.274	21729.000
1274.417	21924.000
1274.561	21813.000
1274.705	21963.000
1274.848	21783.000
1274.992	21874.000
1275.135	21910.000
1275.279	22018.000
1275.423	21768.000
1275.566	21918.000
1275.710	21766.000
1275.853	21902.000
1275.997	21823.000
1276.140	21787.000
1276.284	21744.000
1276.427	21866.000
1276.571	21542.000
1276.714	21844.000
1276.858	21691.000
1277.001	21794.000
1277.145	21814.000
1277.288	21747.000
1277.432	21557.000
1277.575	21744.000
1277.719	21803.000
1277.862	21830.000
1278.005	21564.000
1278.149	21709.000
1278.292	21721.000
1278.435	21720.000
1278.579	21637.000
1278.722	21773.000
1278.865	21647.000
1279.009	21745.000
1279.152	21611.000
1279.295	21850.000
1279.439	21730.000
1279.582	21776.000
1279.725	21663.000
1279.868	21678.000
1280.012	21550.000
1280.155	21777.000
1280.298	21542.000
1280.441	21615.000
1280.585	21734.000
1280.728	21611.000
1280.871	21464.000
1281.014	21694.000
1281.157	21603.000
1281.300	21764.000
1281.444	21570.000
1281.587	21738.000
1281.730	21491.000
1281.873	21588.000
1282.016	21453.000
1282.159	21757.000
1282.302	21447.000
1282.445	21614.000
1282.588	21355.000
1282.731	21651.000
1282.874	21490.000
1283.017	21630.000
1283.160	21437.000
1283.303	21652.000
1283.446	21489.000
1283.589	21636.000
1283.732	21464.000
1283.875	21545.000
1284.018	21529.000
1284.161	21590.000
1284.304	21467.000
1284.447	21583.000
1284.590	21601.000
1284.733	21574.000
1284.876	21586.000
1285.019	21464.000
1285.161	21614.000
1285.304	21557.000
1285.447	21468.000
1285.590	21590.000
1285.733	21573.000
1285.876	21626.000
1286.018	21374.000
1286.161	21594.000
1286.304	21511.000
1286.447	21576.000
1286.589	21376.000
1286.732	21599.000
1286.875	21489.000
1287.018	21640.000
1287.160	21443.000
1287.303	21603.000
1287.446	21531.000
1287.588	21546.000
1287.731	21448.000
1287.874	20898.000
1288.016	21561.000
1288.159	21623.000
1288.302	21443.000
1288.444	21653.000
1288.587	21442.000
1288.729	21507.000
1288.872	21409.000
1289.015	21650.000
1289.157	21599.000
1289.300	21526.000
1289.442	21445.000
1289.585	21537.000
1289.727	21497.000
1289.870	21587.000
1290.012	21363.000
1290.155	21508.000
1290.297	21486.000
1290.440	21608.000
1290.582	21452.000
1290.725	21539.000
1290.867	21575.000
1291.009	21629.000
1291.152	21489.000
1291.294	21621.000
1291.437	21440.000
1291.579	21464.000
1291.721	21364.000
1291.864	21598.000
1292.006	21693.000
1292.148	21540.000
1292.291	21479.000
1292.433	21626.000
1292.575	21532.000
1292.718	21546.000
1292.860	21487.000
1293.002	21566.000
1293.145	21520.000
1293.287	21570.000
1293.429	21478.000
1293.571	21564.000
1293.713	21534.000
1293.856	21619.000
1293.998	21512.000
1294.140	21550.000
1294.282	21456.000
1294.424	21569.000
1294.567	21493.000
1294.709	21549.000
1294.851	21382.000
1294.993	21573.000
1295.135	21364.000
1295.277	21543.000
1295.419	21510.000
1295.561	21587.000
1295.703	21514.000
1295.845	21525.000
1295.987	21534.000
1296.129	21612.000
1296.272	21393.000
1296.414	21525.000
1296.556	21428.000
1296.698	21598.000
1296.840	21460.000
1296.981	21478.000
1297.123	21514.000
1297.265	21555.000
1297.407	21376.000
1297.549	21513.000
1297.691	21461.000
1297.833	21527.000
1297.975	21339.000
1298.117	21479.000
1298.259	21532.000
1298.401	21533.000
1298.542	21439.000
1298.684	21638.000
1298.826	21423.000
1298.968	21569.000
1299.110	21312.000
1299.252	21506.000
1299.393	21539.000
1299.535	21630.000
1299.677	21399.000
1299.819	21548.000
1299.960	21309.000
1300.102	21560.000
1300.244	21386.000
1300.386	21614.000
1300.527	21513.000
1300.669	21546.000
1300.811	21408.000
1300.952	21541.000
1301.094	21497.000
1301.236	21558.000
1301.377	21430.000
1301.519	21584.000
1301.661	21484.000
1301.802	21621.000
1301.944	21311.000
1302.085	21465.000
1302.227	21543.000
1302.368	21456.000
1302.510	21366.000
1302.652	21435.000
1302.793	21296.000
1302.935	21437.000
1303.076	21304.000
1303.218	21491.000
1303.359	21445.000
1303.501	21373.000
1303.642	21363.000
1303.783	21452.000
1303.925	21411.000
1304.066	21393.000
1304.208	21304.000
1304.349	21403.000
1304.491	21392.000
1304.632	21377.000
1304.773	21314.000
1304.915	21403.000
1305.056	21406.000
1305.197	21427.000
1305.339	21380.000
1305.480	21568.000
1305.621	21393.000
1305.763	21435.000
1305.904	21361.000
1306.045	21450.000
1306.187	21437.000
1306.328	21451.000
1306.469	21353.000
1306.610	21346.000
1306.752	21504.000
1306.893	21543.000
1307.034	21466.000
1307.175	21440.000
1307.316	21488.000
1307.458	21531.000
1307.599	21422.000
1307.740	21469.000
1307.881	21388.000
1308.022	21425.000
1308.163	21421.000
1308.304	21484.000
1308.446	21431.000
1308.587	21445.000
1308.728	21375.000
1308.869	21484.000
1309.010	21370.000
1309.151	21472.000
1309.292	21381.000
1309.433	21405.000
1309.574	21455.000
1309.715	21322.000
1309.856	21374.000
1309.997	21452.000
1310.138	21504.000
1310.279	21481.000
1310.420	21334.000
1310.561	21451.000
1310.702	21239.000
1310.843	21473.000
1310.984	21339.000
1311.124	21398.000
1311.265	21378.000
1311.406	21265.000
1311.547	21330.000
1311.688	21460.000
1311.829	21321.000
1311.970	21356.000
1312.110	21315.000
1312.251	21501.000
1312.392	21305.000
1312.533	21417.000
1312.674	21362.000
1312.814	21410.000
1312.955	21397.000
1313.096	21308.000
1313.237	21348.000
1313.377	21313.000
1313.518	21341.000
1313.659	21284.000
1313.800	21290.000
1313.940	21387.000
1314.081	21216.000
1314.222	21247.000
1314.362	21271.000
1314.503	21411.000
1314.644	21383.000
1314.784	21383.000
1314.925	21287.000
1315.065	21258.000
1315.206	21269.000
1315.347	21231.000
1315.487	21207.000
1315.628	21211.000
1315.768	21223.000
1315.909	21309.000
1316.049	21299.000
1316.190	21290.000
1316.330	21250.000
1316.471	21218.000
1316.611	21107.000
1316.752	21082.000
1316.892	21184.000
1317.033	21231.000
1317.173	21015.000
1317.313	21094.000
1317.454	21130.000
1317.594	21214.000
1317.735	21003.000
1317.875	21116.000
1318.015	21114.000
1318.156	21144.000
1318.296	21028.000
1318.437	21057.000
1318.577	21126.000
1318.717	21058.000
1318.857	21012.000
1318.998	21001.000
1319.138	21140.000
1319.278	21032.000
1319.419	20884.000
1319.559	21073.000
1319.699	20943.000
1319.839	21012.000
1319.980	20821.000
1320.120	20964.000
1320.260	21063.000
1320.400	20985.000
1320.540	20937.000
1320.681	21011.000
1320.821	20990.000
1320.961	21027.000
1321.101	20832.000
1321.241	20903.000
1321.381	20998.000
1321.521	20894.000
1321.661	20867.000
1321.802	20963.000
1321.942	20913.000
1322.082	20967.000
1322.222	20784.000
1322.362	20885.000
1322.502	20931.000
1322.642	21012.000
1322.782	20895.000
1322.922	20957.000
1323.062	20978.000
1323.202	20916.000
1323.342	20840.000
1323.482	21040.000
1323.622	21004.000
1323.762	21029.000
1323.902	20862.000
1324.041	20975.000
1324.181	20869.000
1324.321	20945.000
1324.461	20900.000
1324.601	20974.000
1324.741	20954.000
1324.881	20940.000
1325.021	20890.000
1325.160	20976.000
1325.300	21139.000
1325.440	21076.000
1325.580	21026.000
1325.720	20961.000
1325.859	21023.000
1325.999	21058.000
1326.139	21012.000
1326.279	21032.000
1326.418	21073.000
1326.558	21030.000
1326.698	20980.000
1326.838	21006.000
1326.977	21123.000
1327.117	21044.000
1327.257	21037.000
1327.396	21155.000
1327.536	21025.000
1327.675	21208.000
1327.815	20928.000
1327.955	21200.000
1328.094	21154.000
1328.234	21135.000
1328.374	21018.000
1328.513	21016.000
1328.653	21110.000
1328.792	21129.000
1328.932	21026.000
1329.071	21133.000
1329.211	21091.000
1329.350	21144.000
1329.490	21143.000
1329.629	21114.000
1329.769	21128.000
1329.908	21263.000
1330.048	21097.000
1330.187	21137.000
1330.327	21234.000
1330.466	21269.000
1330.605	21121.000
1330.745	21313.000
1330.884	21188.000
1331.024	21223.000
1331.163	21075.000
1331.302	21290.000
1331.442	21229.000
1331.581	21179.000
1331.720	21140.000
1331.860	21369.000
1331.999	21201.000
1332.138	21278.000
1332.277	21104.000
1332.417	21243.000
1332.556	21309.000
1332.695	21209.000
1332.834	21159.000
1332.974	21286.000
1333.113	21319.000
1333.252	22131.000
1333.391	21172.000
1333.531	21306.000
1333.670	21256.000
1333.809	21208.000
1333.948	21264.000
1334.087	21236.000
1334.226	21287.000
1334.365	21266.000
1334.505	21055.000
1334.644	21356.000
1334.783	21256.000
1334.922	21354.000
1335.061	21183.000
1335.200	21329.000
1335.339	21362.000
1335.478	21239.000
1335.617	21087.000
1335.756	21175.000
1335.895	21185.000
1336.034	21265.000
1336.173	21122.000
1336.312	21240.000
1336.451	21114.000
1336.590	21296.000
1336.729	21057.000
1336.868	21138.000
1337.007	21280.000
1337.146	21288.000
1337.285	21019.000
1337.423	21163.000
1337.562	21020.000
1337.701	21229.000
1337.840	21050.000
1337.979	21206.000
1338.118	20982.000
1338.256	21213.000
1338.395	21012.000
1338.534	21159.000
1338.673	21062.000
1338.812	21092.000
1338.950	21085.000
1339.089	21148.000
1339.228	21228.000
1339.367	21243.000
1339.505	21059.000
1339.644	21241.000
1339.783	21104.000
1339.922	21243.000
1340.060	21119.000
1340.199	21246.000
1340.338	21123.000
1340.476	21299.000
1340.615	21127.000
1340.753	21389.000
1340.892	21174.000
1341.031	21288.000
1341.169	21091.000
1341.308	21297.000
1341.446	21196.000
1341.585	21239.000
1341.724	21194.000
1341.862	21360.000
1342.001	21277.000
1342.139	21339.000
1342.278	21243.000
1342.416	21382.000
1342.555	21249.000
1342.693	21259.000
1342.832	21306.000
1342.970	21414.000
1343.109	21390.000
1343.247	21411.000
1343.385	21367.000
1343.524	21380.000
1343.662	21428.000
1343.801	21412.000
1343.939	21340.000
1344.077	21411.000
1344.216	21415.000
1344.354	21462.000
1344.492	21420.000
1344.631	21461.000
1344.769	21509.000
1344.907	21439.000
1345.046	21431.000
1345.184	21520.000
1345.322	21573.000
1345.460	21685.000
1345.599	21463.000
1345.737	21697.000
1345.875	21634.000
1346.013	21700.000
1346.152	21490.000
1346.290	21725.000
1346.428	21737.000
1346.566	21697.000
1346.704	21526.000
1346.843	21795.000
1346.981	21729.000
1347.119	21667.000
1347.257	21668.000
1347.395	21703.000
1347.533	21852.000
1347.671	21908.000
1347.809	21664.000
1347.947	21730.000
1348.085	21709.000
1348.224	21755.000
1348.362	21683.000
1348.500	21785.000
1348.638	21713.000
1348.776	21806.000
1348.914	21634.000
1349.052	21799.000
1349.190	21737.000
1349.328	21870.000
1349.466	21739.000
1349.603	21789.000
1349.741	21829.000
1349.879	21776.000
1350.017	21760.000
1350.155	21786.000
1350.293	21812.000
1350.431	21640.000
1350.569	21758.000
1350.707	21871.000
1350.844	21667.000
1350.982	21773.000
1351.120	21728.000
1351.258	21810.000
1351.396	21756.000
1351.534	21826.000
1351.671	21632.000
1351.809	21757.000
1351.947	21686.000
1352.085	21778.000
1352.222	21638.000
1352.360	21854.000
1352.498	21712.000
1352.636	21845.000
1352.773	21696.000
1352.911	21764.000
1353.049	21837.000
1353.186	21961.000
1353.324	21727.000
1353.462	21933.000
1353.599	21773.000
1353.737	21879.000
1353.874	21752.000
1354.012	19248.000
1354.150	21737.000
1354.287	21844.000
1354.425	21638.000
1354.562	21794.000
1354.700	21812.000
1354.837	21831.000
1354.975	21757.000
1355.112	21836.000
1355.250	21802.000
1355.387	21833.000
1355.525	21741.000
1355.662	21781.000
1355.800	21906.000
1355.937	21867.000
1356.075	21753.000
1356.212	21793.000
1356.350	21764.000
1356.487	21757.000
1356.624	21555.000
1356.762	21844.000
1356.899	21663.000
1357.037	21759.000
1357.174	21593.000
1357.311	21685.000
1357.449	21800.000
1357.586	21683.000
1357.723	21720.000
1357.860	21729.000
1357.998	21655.000
1358.135	21794.000
1358.272	21561.000
1358.410	21659.000
1358.547	21569.000
1358.684	21637.000
1358.821	21523.000
1358.959	21689.000
1359.096	21599.000
1359.233	21648.000
1359.370	21578.000
1359.507	21616.000
1359.644	21593.000
1359.782	21595.000
1359.919	21534.000
1360.056	21531.000
1360.193	21546.000
1360.330	21571.000
1360.467	21463.000
1360.604	21563.000
1360.741	21544.000
1360.878	21682.000
1361.015	21532.000
1361.152	21637.000
1361.290	21686.000
1361.427	21603.000
1361.564	21516.000
1361.701	21715.000
1361.838	21701.000
1361.975	21615.000
1362.112	21751.000
1362.248	28180.000
1362.385	21795.000
1362.522	21750.000
1362.659	21660.000
1362.796	21873.000
1362.933	21735.000
1363.070	21747.000
1363.207	21738.000
1363.344	21902.000
1363.481	21932.000
1363.617	21937.000
1363.754	21843.000
1363.891	21946.000
1364.028	21883.000
1364.165	22094.000
1364.302	21930.000
1364.438	22056.000
1364.575	22009.000
1364.712	22000.000
1364.849	22029.000
1364.985	22128.000
1365.122	22118.000
1365.259	22121.000
1365.396	22065.000
1365.532	22176.000
1365.669	22042.000
1365.806	22132.000
1365.942	21946.000
1366.079	22190.000
1366.216	22132.000
1366.352	22179.000
1366.489	22057.000
1366.625	22144.000
1366.762	22226.000
1366.899	22178.000
1367.035	22069.000
1367.172	22128.000
1367.308	22141.000
1367.445	21996.000
1367.581	22100.000
1367.718	22121.000
1367.855	22161.000
1367.991	22131.000
1368.128	22183.000
1368.264	22235.000
1368.401	22181.000
1368.537	22224.000
1368.673	22194.000
1368.810	22198.000
1368.946	22367.000
1369.083	22374.000
1369.219	22139.000
1369.356	22301.000
1369.492	22373.000
1369.628	22430.000
1369.765	22234.000
1369.901	22386.000
1370.037	22350.000
1370.174	22531.000
1370.310	22297.000
1370.446	22553.000
1370.583	22432.000
1370.719	22468.000
1370.855	22495.000
1370.992	22510.000
1371.128	22552.000
1371.264	22469.000
1371.400	22499.000
1371.537	22705.000
1371.673	22683.000
1371.809	22685.000
1371.945	22514.000
1372.081	22697.000
1372.218	22751.000
1372.354	22743.000
1372.490	22691.000
1372.626	22756.000
1372.762	22772.000
1372.898	22757.000
1373.034	22625.000
1373.170	22892.000
1373.307	22872.000
1373.443	22853.000
1373.579	22658.000
1373.715	22943.000
1373.851	22986.000
1373.987	23016.000
1374.123	22832.000
1374.259	23044.000
1374.395	22855.000
1374.531	23134.000
1374.667	22982.000
