1129.938	5352.000
1130.084	5438.000
1130.229	5332.000
1130.375	5529.000
1130.521	5305.000
1130.667	5543.000
1130.813	5295.000
1130.958	5505.000
1131.104	5321.000
1131.250	5482.000
1131.396	5291.000
1131.542	5563.000
1131.687	5324.000
1131.833	5433.000
1131.979	5330.000
1132.124	5555.000
1132.270	5255.000
1132.416	5554.000
1132.561	5283.000
1132.707	5521.000
1132.853	5264.000
1132.998	5422.000
1133.144	5419.000
1133.290	5484.000
1133.435	5375.000
1133.581	5463.000
1133.727	5337.000
1133.872	5442.000
1134.018	5304.000
1134.163	5418.000
1134.309	5331.000
1134.455	5505.000
1134.600	5352.000
1134.746	5472.000
1134.891	5272.000
1135.037	5446.000
1135.182	5398.000
1135.328	5419.000
1135.473	5360.000
1135.619	5506.000
1135.764	5329.000
1135.910	5513.000
1136.055	5315.000
1136.201	5515.000
1136.346	5268.000
1136.492	5482.000
1136.637	5367.000
1136.783	5429.000
1136.928	5331.000
1137.074	5452.000
1137.219	5309.000
1137.364	5422.000
1137.510	5364.000
1137.655	5493.000
1137.801	5285.000
1137.946	5454.000
1138.091	5260.000
1138.237	5440.000
1138.382	5227.000
1138.527	5383.000
1138.673	5307.000
1138.818	5397.000
1138.963	5244.000
1139.109	5356.000
1139.254	5208.000
1139.399	5472.000
1139.544	5297.000
1139.690	5369.000
1139.835	5255.000
1139.980	5412.000
1140.125	5270.000
1140.271	5379.000
1140.416	5256.000
1140.561	5413.000
1140.706	5166.000
1140.851	5361.000
1140.997	5189.000
1141.142	5351.000
1141.287	5237.000
1141.432	5458.000
1141.577	5206.000
1141.723	5358.000
1141.868	5230.000
1142.013	5350.000
1142.158	5168.000
1142.303	5323.000
1142.448	5155.000
1142.593	5306.000
1142.738	5210.000
1142.883	5312.000
1143.028	5174.000
1143.174	5337.000
1143.319	5211.000
1143.464	5323.000
1143.609	5207.000
1143.754	5324.000
1143.899	5160.000
1144.044	5316.000
1144.189	5212.000
1144.334	5350.000
1144.479	5167.000
1144.624	5232.000
1144.769	5133.000
1144.914	5212.000
1145.059	5140.000
1145.204	5329.000
1145.348	5149.000
1145.493	5284.000
1145.638	5141.000
1145.783	5271.000
1145.928	5151.000
1146.073	5307.000
1146.218	5042.000
1146.363	5314.000
1146.508	5123.000
1146.653	5236.000
1146.797	5179.000
1146.942	5295.000
1147.087	5199.000
1147.232	5284.000
1147.377	5133.000
1147.522	5237.000
1147.666	5163.000
1147.811	5354.000
1147.956	5102.000
1148.101	5307.000
1148.245	5069.000
1148.390	5202.000
1148.535	5213.000
1148.680	5308.000
1148.824	5156.000
1148.969	5323.000
1149.114	5136.000
1149.259	5237.000
1149.403	5115.000
1149.548	5248.000
1149.693	5168.000
1149.837	5318.000
1149.982	5118.000
1150.127	5297.000
1150.271	5163.000
1150.416	5322.000
1150.561	5105.000
1150.705	5218.000
1150.850	5151.000
1150.994	5312.000
1151.139	5170.000
1151.284	5262.000
1151.428	5122.000
1151.573	5312.000
1151.717	5153.000
1151.862	5277.000
1152.006	5070.000
1152.151	5252.000
1152.295	5073.000
1152.440	5298.000
1152.584	5164.000
1152.729	5311.000
1152.873	5135.000
1153.018	5285.000
1153.162	5135.000
1153.307	5222.000
1153.451	5124.000
1153.596	5283.000
1153.740	5067.000
1153.885	5274.000
1154.029	5161.000
1154.174	5259.000
1154.318	5124.000
1154.462	5281.000
1154.607	5049.000
1154.751	5271.000
1154.896	5102.000
1155.040	5183.000
1155.184	5153.000
1155.329	5277.000
1155.473	5074.000
1155.617	5257.000
1155.762	5019.000
1155.906	5190.000
1156.050	5072.000
1156.194	5269.000
1156.339	5114.000
1156.483	5279.000
1156.627	4979.000
1156.772	5170.000
1156.916	5093.000
1157.060	5191.000
1157.204	5091.000
1157.349	5278.000
1157.493	5040.000
1157.637	5174.000
1157.781	5017.000
1157.925	5241.000
1158.070	5053.000
1158.214	5299.000
1158.358	5001.000
1158.502	5224.000
1158.646	4969.000
1158.790	5246.000
1158.935	5155.000
1159.079	5178.000
1159.223	5103.000
1159.367	5200.000
1159.511	5026.000
1159.655	5207.000
1159.799	5077.000
1159.943	5261.000
1160.087	5016.000
1160.231	5205.000
1160.375	5041.000
1160.519	5205.000
1160.664	4993.000
1160.808	5276.000
1160.952	5029.000
1161.096	5189.000
1161.240	4994.000
1161.384	5203.000
1161.528	4979.000
1161.672	5208.000
1161.815	5048.000
1161.959	5223.000
1162.103	5067.000
1162.247	5229.000
1162.391	4916.000
1162.535	5235.000
1162.679	5002.000
1162.823	5189.000
1162.967	5026.000
1163.111	5268.000
1163.255	5069.000
1163.399	5195.000
1163.542	5040.000
1163.686	5259.000
1163.830	5027.000
1163.974	5215.000
1164.118	5059.000
1164.262	5219.000
1164.405	5003.000
1164.549	5146.000
1164.693	5020.000
1164.837	5194.000
1164.981	5065.000
1165.124	5197.000
1165.268	4965.000
1165.412	5234.000
1165.556	5050.000
1165.699	5222.000
1165.843	5126.000
1165.987	5296.000
1166.131	5060.000
1166.274	5149.000
1166.418	5016.000
1166.562	5203.000
1166.705	5003.000
1166.849	5241.000
1166.993	5142.000
1167.136	5256.000
1167.280	5006.000
1167.424	5274.000
1167.567	5136.000
1167.711	5193.000
1167.854	5001.000
1167.998	5244.000
1168.142	5052.000
1168.285	5223.000
1168.429	5036.000
1168.572	5250.000
1168.716	5045.000
1168.859	5210.000
1169.003	5042.000
1169.147	5177.000
1169.290	5048.000
1169.434	5215.000
1169.577	5091.000
1169.721	5224.000
1169.864	5014.000
1170.008	5297.000
1170.151	5075.000
1170.294	5180.000
1170.438	5055.000
1170.581	5247.000
1170.725	5025.000
1170.868	5249.000
1171.012	5139.000
1171.155	5274.000
1171.298	5047.000
1171.442	5185.000
1171.585	5055.000
1171.729	5186.000
1171.872	5066.000
1172.015	5216.000
1172.159	5090.000
1172.302	5242.000
1172.445	5049.000
1172.589	5204.000
1172.732	4915.000
1172.875	5269.000
1173.019	5047.000
1173.162	5187.000
1173.305	5025.000
1173.449	5231.000
1173.592	5029.000
1173.735	5207.000
1173.878	5119.000
1174.022	5121.000
1174.165	4972.000
1174.308	5225.000
1174.451	5064.000
1174.594	5180.000
1174.738	4979.000
1174.881	5272.000
1175.024	5105.000
1175.167	5205.000
1175.310	5019.000
1175.454	5197.000
1175.597	5087.000
1175.740	5243.000
1175.883	4995.000
1176.026	5252.000
1176.169	5025.000
1176.312	5071.000
1176.455	5058.000
1176.598	5186.000
1176.742	5018.000
1176.885	5295.000
1177.028	5006.000
1177.171	5061.000
1177.314	4987.000
1177.457	5242.000
1177.600	5063.000
1177.743	5144.000
1177.886	4928.000
1178.029	5212.000
1178.172	4996.000
1178.315	5207.000
1178.458	4997.000
1178.601	5210.000
1178.744	5009.000
1178.887	5180.000
1179.030	5106.000
1179.173	5210.000
1179.316	5033.000
1179.458	5245.000
1179.601	4998.000
1179.744	5138.000
1179.887	5042.000
1180.030	5181.000
1180.173	4910.000
1180.316	5198.000
1180.459	4934.000
1180.602	5127.000
1180.744	4981.000
1180.887	5193.000
1181.030	5035.000
1181.173	5155.000
1181.316	5052.000
1181.458	5080.000
1181.601	4992.000
1181.744	5136.000
1181.887	5079.000
1182.030	5129.000
1182.172	5029.000
1182.315	5116.000
1182.458	5018.000
1182.601	5183.000
1182.743	4970.000
1182.886	5096.000
1183.029	4992.000
1183.171	5142.000
1183.314	5009.000
1183.457	5165.000
1183.599	4934.000
1183.742	5196.000
1183.885	4930.000
1184.027	5149.000
1184.170	4964.000
1184.313	5194.000
1184.455	5012.000
1184.598	5253.000
1184.741	4923.000
1184.883	5243.000
1185.026	4993.000
1185.168	5183.000
1185.311	4990.000
1185.453	5164.000
1185.596	5012.000
1185.739	5143.000
1185.881	4999.000
1186.024	5191.000
1186.166	4971.000
1186.309	5151.000
1186.451	4995.000
1186.594	5179.000
1186.736	5061.000
1186.879	5196.000
1187.021	5040.000
1187.164	5161.000
1187.306	4962.000
1187.448	5197.000
1187.591	4794.000
1187.733	5183.000
1187.876	5053.000
1188.018	5156.000
1188.160	5075.000
1188.303	5111.000
1188.445	4916.000
1188.588	5098.000
1188.730	5027.000
1188.872	5251.000
1189.015	4979.000
1189.157	5165.000
1189.299	4968.000
1189.442	5194.000
1189.584	5019.000
1189.726	5133.000
1189.869	4940.000
1190.011	5203.000
1190.153	5046.000
1190.295	5158.000
1190.438	4949.000
1190.580	5166.000
1190.722	4981.000
1190.864	5217.000
1191.007	5046.000
1191.149	5127.000
1191.291	4943.000
1191.433	5148.000
1191.576	5015.000
1191.718	5266.000
1191.860	4979.000
1192.002	5198.000
1192.144	4989.000
1192.286	5148.000
1192.429	5035.000
1192.571	5201.000
1192.713	5001.000
1192.855	5187.000
1192.997	5047.000
1193.139	5164.000
1193.281	5032.000
1193.423	5227.000
1193.565	5044.000
1193.707	5213.000
1193.850	5028.000
1193.992	5140.000
1194.134	4966.000
1194.276	5218.000
1194.418	4948.000
1194.560	5123.000
1194.702	4983.000
1194.844	5135.000
1194.986	4986.000
1195.128	5168.000
1195.270	5007.000
1195.412	5160.000
1195.554	5013.000
1195.696	5204.000
1195.837	5037.000
1195.979	5149.000
1196.121	4967.000
1196.263	5184.000
1196.405	5043.000
1196.547	5166.000
1196.689	4961.000
1196.831	5213.000
1196.973	5014.000
1197.115	5118.000
1197.256	4956.000
1197.398	5164.000
1197.540	4986.000
1197.682	5157.000
1197.824	4983.000
1197.966	5170.000
1198.107	4966.000
1198.249	5130.000
1198.391	5085.000
1198.533	5147.000
1198.675	4974.000
1198.816	5135.000
1198.958	4910.000
1199.100	5193.000
1199.242	5065.000
1199.383	5139.000
1199.525	4978.000
1199.667	5098.000
1199.808	5019.000
1199.950	5175.000
1200.092	5071.000
1200.233	5232.000
1200.375	4987.000
1200.517	5200.000
1200.658	5008.000
1200.800	5205.000
1200.942	5019.000
1201.083	5202.000
1201.225	5052.000
1201.367	5214.000
1201.508	5042.000
1201.650	5082.000
1201.791	4924.000
1201.933	5200.000
1202.074	4901.000
1202.216	5152.000
1202.358	4995.000
1202.499	5134.000
1202.641	4983.000
1202.782	5133.000
1202.924	4988.000
1203.065	5194.000
1203.207	4872.000
1203.348	5207.000
1203.490	4984.000
1203.631	5137.000
1203.773	5013.000
1203.914	5179.000
1204.056	4978.000
1204.197	5141.000
1204.338	4960.000
1204.480	5101.000
1204.621	4989.000
1204.763	5160.000
1204.904	4920.000
1205.045	5143.000
1205.187	5121.000
1205.328	5171.000
1205.470	4987.000
1205.611	5210.000
1205.752	4958.000
1205.894	5145.000
1206.035	4951.000
1206.176	5155.000
1206.318	4901.000
1206.459	5251.000
1206.600	4999.000
1206.741	5226.000
1206.883	4969.000
1207.024	5182.000
1207.165	4990.000
1207.306	5197.000
1207.448	4930.000
1207.589	5149.000
1207.730	4931.000
1207.871	5171.000
1208.013	5015.000
1208.154	5166.000
1208.295	4907.000
1208.436	5171.000
1208.577	5005.000
1208.719	5120.000
1208.860	4999.000
1209.001	5166.000
1209.142	4922.000
1209.283	5173.000
1209.424	4922.000
1209.565	5193.000
1209.706	4995.000
1209.848	5237.000
1209.989	4966.000
1210.130	5136.000
1210.271	4955.000
1210.412	5098.000
1210.553	4988.000
1210.694	5224.000
1210.835	4955.000
1210.976	5179.000
1211.117	4872.000
1211.258	5134.000
1211.399	4981.000
1211.540	5179.000
1211.681	4915.000
1211.822	5110.000
1211.963	5072.000
1212.104	5119.000
1212.245	4976.000
1212.386	5195.000
1212.527	4959.000
1212.668	5160.000
1212.809	4911.000
1212.950	5206.000
1213.090	4971.000
1213.231	5054.000
1213.372	4948.000
1213.513	5139.000
1213.654	4945.000
1213.795	5079.000
1213.936	4878.000
1214.077	5114.000
1214.217	5037.000
1214.358	5160.000
1214.499	4988.000
1214.640	5191.000
1214.781	4953.000
1214.921	5116.000
1215.062	4932.000
1215.203	5109.000
1215.344	4866.000
1215.485	5091.000
1215.625	4981.000
1215.766	5151.000
1215.907	4931.000
1216.047	5156.000
1216.188	4932.000
1216.329	5138.000
1216.470	4868.000
1216.610	5101.000
1216.751	4908.000
1216.892	5051.000
1217.032	4832.000
1217.173	5066.000
1217.314	4968.000
1217.454	5070.000
1217.595	4894.000
1217.735	5097.000
1217.876	4935.000
1218.017	5084.000
1218.157	4882.000
1218.298	5129.000
1218.438	4896.000
1218.579	5074.000
1218.720	4901.000
1218.860	5113.000
1219.001	4921.000
1219.141	5050.000
1219.282	4936.000
1219.422	5040.000
1219.563	4865.000
1219.703	5011.000
1219.844	4850.000
1219.984	5117.000
1220.125	4939.000
1220.265	5049.000
1220.406	4912.000
1220.546	5056.000
1220.687	4910.000
1220.827	5018.000
1220.967	4843.000
1221.108	5075.000
1221.248	4811.000
1221.389	5036.000
1221.529	4855.000
1221.669	5071.000
1221.810	4851.000
1221.950	5002.000
1222.091	4839.000
1222.231	5071.000
1222.371	4895.000
1222.512	5021.000
1222.652	4907.000
1222.792	5063.000
1222.933	4812.000
1223.073	5003.000
1223.213	4952.000
1223.353	5096.000
1223.494	4904.000
1223.634	5000.000
1223.774	4922.000
1223.914	4994.000
1224.055	4866.000
1224.195	5046.000
1224.335	4855.000
1224.475	5031.000
1224.616	4852.000
1224.756	5030.000
1224.896	4852.000
1225.036	5097.000
1225.176	4900.000
1225.316	5105.000
1225.457	4827.000
1225.597	5069.000
1225.737	4880.000
1225.877	5088.000
1226.017	4875.000
1226.157	5101.000
1226.297	4868.000
1226.437	5043.000
1226.578	4875.000
1226.718	5037.000
1226.858	4874.000
1226.998	5133.000
1227.138	4890.000
1227.278	5033.000
1227.418	4909.000
1227.558	5006.000
1227.698	4901.000
1227.838	5102.000
1227.978	4895.000
1228.118	5047.000
1228.258	4901.000
1228.398	5086.000
1228.538	4912.000
1228.678	4998.000
1228.818	4906.000
1228.958	5021.000
1229.098	4940.000
1229.238	5128.000
1229.377	4875.000
1229.517	5043.000
1229.657	4981.000
1229.797	5078.000
1229.937	4895.000
1230.077	5162.000
1230.217	4969.000
1230.357	5107.000
1230.496	4994.000
1230.636	5127.000
1230.776	4938.000
1230.916	5047.000
1231.056	4936.000
1231.196	5144.000
1231.335	4897.000
1231.475	5060.000
1231.615	5014.000
1231.755	5117.000
1231.894	4936.000
1232.034	5034.000
1232.174	4884.000
1232.314	5150.000
1232.453	4893.000
1232.593	5058.000
1232.733	4930.000
1232.873	5186.000
1233.012	5309.000
1233.152	5073.000
1233.292	4925.000
1233.431	5094.000
1233.571	4874.000
1233.711	5166.000
1233.850	4924.000
1233.990	5153.000
1234.129	4907.000
1234.269	5007.000
1234.409	4988.000
1234.548	5086.000
1234.688	4920.000
1234.828	5082.000
1234.967	4952.000
1235.107	5162.000
1235.246	4914.000
1235.386	5061.000
1235.525	4880.000
1235.665	5046.000
1235.804	4895.000
1235.944	5083.000
1236.083	4948.000
1236.223	5070.000
1236.362	4977.000
1236.502	5075.000
1236.641	4881.000
1236.781	5152.000
1236.920	4917.000
1237.060	5057.000
1237.199	4918.000
1237.339	5033.000
1237.478	4915.000
1237.617	5029.000
1237.757	4912.000
1237.896	4962.000
1238.036	4911.000
1238.175	5002.000
1238.314	4902.000
1238.454	5053.000
1238.593	4926.000
1238.732	5078.000
1238.872	4908.000
1239.011	5136.000
1239.150	4935.000
1239.290	5031.000
1239.429	4941.000
1239.568	5032.000
1239.708	4912.000
1239.847	5036.000
1239.986	4905.000
1240.125	5028.000
1240.265	4924.000
1240.404	5080.000
1240.543	5003.000
1240.682	5022.000
1240.822	4908.000
1240.961	5008.000
1241.100	4900.000
1241.239	5036.000
1241.378	4890.000
1241.518	5108.000
1241.657	4921.000
1241.796	5106.000
1241.935	4879.000
1242.074	5030.000
1242.213	4922.000
1242.352	5040.000
1242.492	4875.000
1242.631	5105.000
1242.770	4924.000
1242.909	5119.000
1243.048	4984.000
1243.187	5105.000
1243.326	4896.000
1243.465	5137.000
1243.604	4887.000
1243.743	5043.000
1243.882	4889.000
1244.021	5143.000
1244.160	4875.000
1244.299	5123.000
1244.438	4967.000
1244.577	5151.000
1244.716	4901.000
1244.855	5119.000
1244.994	4955.000
1245.133	5132.000
1245.272	4961.000
1245.411	5141.000
1245.550	4994.000
1245.689	5179.000
1245.828	4997.000
1245.967	5078.000
1246.106	4986.000
1246.244	5173.000
1246.383	4955.000
1246.522	5137.000
1246.661	4972.000
1246.800	5172.000
1246.939	4942.000
1247.078	5170.000
1247.216	4930.000
1247.355	5201.000
1247.494	5010.000
1247.633	5169.000
1247.772	4947.000
1247.910	5147.000
1248.049	4972.000
1248.188	5135.000
1248.327	4966.000
1248.465	5138.000
1248.604	5009.000
1248.743	5143.000
1248.882	5010.000
1249.020	5174.000
1249.159	5041.000
1249.298	5120.000
1249.436	4977.000
1249.575	5211.000
1249.714	4998.000
1249.852	5123.000
1249.991	4961.000
1250.130	5156.000
1250.268	4901.000
1250.407	5180.000
1250.546	5037.000
1250.684	5086.000
1250.823	5032.000
1250.961	5242.000
1251.100	4941.000
1251.239	5187.000
1251.377	5021.000
1251.516	5140.000
1251.654	4960.000
1251.793	5098.000
1251.931	4971.000
1252.070	5121.000
1252.208	4999.000
1252.347	5129.000
1252.485	4986.000
1252.624	5113.000
1252.762	4952.000
1252.901	5189.000
1253.039	5038.000
1253.178	5130.000
1253.316	5066.000
1253.455	5150.000
1253.593	5001.000
1253.732	5165.000
1253.870	4229.000
1254.008	5136.000
1254.147	4960.000
1254.285	5088.000
1254.424	4890.000
1254.562	5156.000
1254.700	4933.000
1254.839	5160.000
1254.977	5027.000
1255.115	5128.000
1255.254	5020.000
1255.392	5119.000
1255.530	4961.000
1255.669	5171.000
1255.807	5002.000
1255.945	5138.000
1256.084	4889.000
1256.222	5139.000
1256.360	4918.000
1256.498	5090.000
1256.637	4976.000
1256.775	5076.000
1256.913	4952.000
1257.051	5132.000
1257.189	4943.000
1257.328	5168.000
1257.466	4915.000
1257.604	5204.000
1257.742	4973.000
1257.880	5080.000
1258.019	4986.000
1258.157	5069.000
1258.295	4893.000
1258.433	5024.000
1258.571	4877.000
1258.709	4996.000
1258.847	4891.000
1258.986	5114.000
1259.124	4923.000
1259.262	5122.000
1259.400	4896.000
1259.538	5063.000
1259.676	4885.000
1259.814	5027.000
1259.952	4791.000
1260.090	5023.000
1260.228	4804.000
1260.366	5032.000
1260.504	4840.000
1260.642	5030.000
1260.780	4940.000
1260.918	5045.000
1261.056	4884.000
1261.194	5127.000
1261.332	4856.000
1261.470	5051.000
1261.608	4897.000
1261.746	5100.000
1261.884	4885.000
1262.022	5160.000
1262.160	7620.000
1262.297	5136.000
1262.435	4936.000
1262.573	5059.000
1262.711	4941.000
1262.849	5075.000
1262.987	4845.000
1263.125	5044.000
1263.262	5024.000
1263.400	5160.000
1263.538	4982.000
1263.676	5091.000
1263.814	4899.000
1263.952	5095.000
1264.089	5038.000
1264.227	5158.000
1264.365	4958.000
1264.503	5104.000
1264.640	4914.000
1264.778	5121.000
1264.916	4984.000
1265.054	5126.000
1265.191	4965.000
1265.329	5130.000
1265.467	5011.000
1265.604	5112.000
1265.742	4925.000
1265.880	5049.000
1266.017	4921.000
1266.155	5152.000
1266.293	4954.000
1266.430	5127.000
1266.568	4933.000
1266.706	5167.000
1266.843	4954.000
1266.981	5176.000
1267.119	4952.000
1267.256	5136.000
1267.394	4842.000
1267.531	5130.000
1267.669	4886.000
1267.806	5133.000
1267.944	4914.000
1268.081	5164.000
1268.219	4949.000
1268.357	5128.000
1268.494	4925.000
1268.632	5174.000
1268.769	4891.000
1268.907	5140.000
1269.044	4990.000
1269.182	5058.000
1269.319	4940.000
1269.456	5183.000
1269.594	4937.000
1269.731	5118.000
1269.869	4948.000
1270.006	5112.000
1270.144	4998.000
1270.281	5089.000
1270.418	4979.000
1270.556	5128.000
1270.693	4965.000
1270.831	5197.000
1270.968	4907.000
1271.105	5156.000
1271.243	4891.000
1271.380	5118.000
1271.517	5021.000
1271.655	5228.000
1271.792	4970.000
1271.929	5132.000
1272.066	5019.000
1272.204	5223.000
1272.341	5018.000
1272.478	5234.000
1272.616	4998.000
1272.753	5215.000
1272.890	4992.000
1273.027	5119.000
1273.165	4999.000
1273.302	5176.000
1273.439	4993.000
1273.576	5075.000
1273.713	5027.000
1273.851	5216.000
1273.988	5072.000
1274.125	5106.000
1274.262	4980.000
1274.399	5079.000
1274.536	5059.000
1274.673	5206.000
