929.762	5365.000
929.906	5434.000
930.049	5311.000
930.193	5497.000
930.337	5309.000
930.481	5533.000
930.625	5317.000
930.769	5491.000
930.913	5302.000
931.057	5462.000
931.201	5286.000
931.345	5531.000
931.488	5311.000
931.632	5404.000
931.776	5310.000
931.920	5528.000
932.064	5245.000
932.208	5526.000
932.352	5268.000
932.495	5526.000
932.639	5279.000
932.783	5395.000
932.927	5426.000
933.071	5487.000
933.215	5346.000
933.359	5437.000
933.502	5353.000
933.646	5444.000
933.790	5295.000
933.934	5424.000
934.078	5329.000
934.221	5514.000
934.365	5355.000
934.509	5469.000
934.653	5258.000
934.797	5442.000
934.940	5381.000
935.084	5398.000
935.228	5359.000
935.372	5503.000
935.515	5303.000
935.659	5481.000
935.803	5280.000
935.947	5503.000
936.090	5260.000
936.234	5467.000
936.378	5320.000
936.522	5399.000
936.665	5298.000
936.809	5457.000
936.953	5290.000
937.097	5381.000
937.240	5340.000
937.384	5485.000
937.528	5263.000
937.671	5419.000
937.815	5254.000
937.959	5445.000
938.102	5251.000
938.246	5406.000
938.390	5316.000
938.534	5387.000
938.677	5282.000
938.821	5373.000
938.965	5189.000
939.108	5421.000
939.252	5286.000
939.396	5341.000
939.539	5236.000
939.683	5419.000
939.826	5259.000
939.970	5354.000
940.114	5266.000
940.257	5394.000
940.401	5199.000
940.545	5337.000
940.688	5193.000
940.832	5301.000
940.975	5234.000
941.119	5431.000
941.263	5191.000
941.406	5347.000
941.550	5238.000
941.693	5339.000
941.837	5165.000
941.981	5323.000
942.124	5161.000
942.268	5332.000
942.411	5210.000
942.555	5304.000
942.698	5167.000
942.842	5350.000
942.986	5184.000
943.129	5311.000
943.273	5231.000
943.416	5307.000
943.560	5141.000
943.703	5318.000
943.847	5181.000
943.990	5338.000
944.134	5145.000
944.277	5247.000
944.421	5124.000
944.564	5210.000
944.708	5160.000
944.851	5353.000
944.995	5163.000
945.138	5292.000
945.282	5127.000
945.425	5255.000
945.569	5153.000
945.712	5298.000
945.856	5013.000
945.999	5327.000
946.143	5095.000
946.286	5206.000
946.430	5156.000
946.573	5286.000
946.716	5167.000
946.860	5249.000
947.003	5141.000
947.147	5273.000
947.290	5124.000
947.434	5332.000
947.577	5104.000
947.720	5310.000
947.864	5050.000
948.007	5197.000
948.151	5180.000
948.294	5306.000
948.437	5117.000
948.581	5295.000
948.724	5147.000
948.868	5238.000
949.011	5132.000
949.154	5252.000
949.298	5159.000
949.441	5316.000
949.584	5119.000
949.728	5300.000
949.871	5158.000
950.015	5300.000
950.158	5128.000
950.301	5191.000
950.445	5155.000
950.588	5326.000
950.731	5172.000
950.875	5272.000
951.018	5094.000
951.161	5281.000
951.304	5163.000
951.448	5255.000
951.591	5076.000
951.734	5229.000
951.878	5089.000
952.021	5295.000
952.164	5173.000
952.308	5312.000
952.451	5131.000
952.594	5285.000
952.737	5122.000
952.881	5223.000
953.024	5110.000
953.167	5276.000
953.310	5061.000
953.454	5261.000
953.597	5140.000
953.740	5241.000
953.883	5110.000
954.027	5295.000
954.170	5014.000
954.313	5275.000
954.456	5082.000
954.600	5186.000
954.743	5162.000
954.886	5277.000
955.029	5026.000
955.172	5258.000
955.316	4987.000
955.459	5178.000
955.602	5080.000
955.745	5297.000
955.888	5127.000
956.032	5261.000
956.175	4997.000
956.318	5158.000
956.461	5079.000
956.604	5205.000
956.747	5089.000
956.890	5255.000
957.034	5070.000
957.177	5187.000
957.320	5024.000
957.463	5216.000
957.606	5050.000
957.749	5283.000
957.892	5019.000
958.036	5192.000
958.179	4983.000
958.322	5284.000
958.465	5181.000
958.608	5163.000
958.751	5105.000
958.894	5201.000
959.037	5016.000
959.180	5187.000
959.323	5063.000
959.467	5279.000
959.610	4960.000
959.753	5212.000
959.896	5033.000
960.039	5191.000
960.182	4993.000
960.325	5279.000
960.468	5050.000
960.611	5154.000
960.754	4983.000
960.897	5184.000
961.040	4962.000
961.183	5152.000
961.326	5073.000
961.469	5244.000
961.612	5013.000
961.755	5208.000
961.898	4918.000
962.041	5212.000
962.184	4993.000
962.327	5159.000
962.470	5015.000
962.613	5241.000
962.756	5052.000
962.899	5180.000
963.042	5055.000
963.185	5206.000
963.328	5011.000
963.471	5166.000
963.614	5033.000
963.757	5231.000
963.900	4983.000
964.043	5146.000
964.186	4999.000
964.329	5164.000
964.472	5007.000
964.615	5196.000
964.758	4971.000
964.900	5207.000
965.043	5031.000
965.186	5229.000
965.329	5119.000
965.472	5282.000
965.615	5070.000
965.758	5151.000
965.901	4990.000
966.044	5180.000
966.187	4969.000
966.329	5208.000
966.472	5140.000
966.615	5228.000
966.758	4993.000
966.901	5271.000
967.044	5136.000
967.187	5176.000
967.330	5024.000
967.472	5214.000
967.615	5040.000
967.758	5210.000
967.901	5023.000
968.044	5261.000
968.187	5014.000
968.329	5174.000
968.472	5066.000
968.615	5199.000
968.758	5060.000
968.901	5187.000
969.043	5071.000
969.186	5205.000
969.329	5038.000
969.472	5304.000
969.615	5058.000
969.757	5161.000
969.900	5062.000
970.043	5241.000
970.186	5004.000
970.328	5213.000
970.471	5137.000
970.614	5223.000
970.757	5046.000
970.899	5195.000
971.042	5039.000
971.185	5216.000
971.328	5033.000
971.470	5193.000
971.613	5085.000
971.756	5224.000
971.899	5050.000
972.041	5216.000
972.184	4909.000
972.327	5245.000
972.469	5022.000
972.612	5182.000
972.755	4995.000
972.898	5232.000
973.040	5015.000
973.183	5195.000
973.326	5115.000
973.468	5103.000
973.611	4967.000
973.754	5213.000
973.896	5019.000
974.039	5177.000
974.182	4987.000
974.324	5247.000
974.467	5100.000
974.610	5200.000
974.752	5002.000
974.895	5189.000
975.037	5066.000
975.180	5226.000
975.323	4956.000
975.465	5228.000
975.608	5002.000
975.751	5094.000
975.893	5033.000
976.036	5145.000
976.178	4997.000
976.321	5281.000
976.464	4987.000
976.606	5049.000
976.749	5015.000
976.891	5215.000
977.034	5059.000
977.176	5120.000
977.319	4932.000
977.462	5199.000
977.604	4955.000
977.747	5155.000
977.889	4979.000
978.032	5201.000
978.174	5016.000
978.317	5157.000
978.459	5079.000
978.602	5204.000
978.744	5019.000
978.887	5211.000
979.029	4984.000
979.172	5122.000
979.314	5062.000
979.457	5179.000
979.599	4934.000
979.742	5215.000
979.884	4913.000
980.027	5098.000
980.169	5008.000
980.312	5207.000
980.454	4990.000
980.597	5135.000
980.739	5022.000
980.882	5082.000
981.024	4966.000
981.167	5139.000
981.309	5091.000
981.452	5098.000
981.594	4998.000
981.736	5085.000
981.879	5024.000
982.021	5162.000
982.164	4942.000
982.306	5110.000
982.449	4998.000
982.591	5135.000
982.733	4976.000
982.876	5159.000
983.018	4926.000
983.161	5191.000
983.303	4908.000
983.445	5151.000
983.588	4969.000
983.730	5196.000
983.873	4975.000
984.015	5251.000
984.157	4908.000
984.300	5242.000
984.442	4978.000
984.584	5182.000
984.727	5018.000
984.869	5169.000
985.011	5008.000
985.154	5122.000
985.296	4989.000
985.438	5171.000
985.581	4971.000
985.723	5125.000
985.865	4997.000
986.008	5157.000
986.150	5043.000
986.292	5185.000
986.435	5044.000
986.577	5171.000
986.719	4938.000
986.861	5193.000
987.004	4771.000
987.146	5192.000
987.288	5038.000
987.431	5149.000
987.573	5063.000
987.715	5099.000
987.857	4908.000
988.000	5086.000
988.142	5036.000
988.284	5247.000
988.426	4976.000
988.569	5135.000
988.711	4929.000
988.853	5193.000
988.995	5000.000
989.138	5104.000
989.280	4928.000
989.422	5198.000
989.564	5045.000
989.706	5171.000
989.849	4962.000
989.991	5180.000
990.133	4971.000
990.275	5201.000
990.417	5039.000
990.560	5117.000
990.702	4899.000
990.844	5143.000
990.986	5000.000
991.128	5286.000
991.270	4961.000
991.413	5175.000
991.555	5005.000
991.697	5137.000
991.839	5003.000
991.981	5196.000
992.123	4996.000
992.265	5188.000
992.408	5009.000
992.550	5159.000
992.692	5025.000
992.834	5193.000
992.976	5010.000
993.118	5230.000
993.260	4986.000
993.402	5116.000
993.544	4925.000
993.687	5185.000
993.829	4994.000
993.971	5118.000
994.113	4943.000
994.255	5119.000
994.397	4969.000
994.539	5131.000
994.681	5026.000
994.823	5181.000
994.965	4969.000
995.107	5172.000
995.249	5045.000
995.391	5139.000
995.533	4947.000
995.675	5181.000
995.817	5072.000
995.959	5179.000
996.101	4948.000
996.243	5195.000
996.385	4985.000
996.527	5119.000
996.669	4979.000
996.811	5166.000
996.953	4982.000
997.095	5160.000
997.237	4955.000
997.379	5165.000
997.521	4958.000
997.663	5100.000
997.805	5062.000
997.947	5134.000
998.089	4970.000
998.231	5134.000
998.373	4931.000
998.515	5200.000
998.657	5040.000
998.799	5096.000
998.941	4974.000
999.083	5076.000
999.225	5038.000
999.367	5159.000
999.509	5035.000
999.651	5202.000
999.793	4963.000
999.934	5161.000
1000.076	5019.000
1000.218	5175.000
1000.360	4981.000
1000.502	5201.000
1000.644	5056.000
1000.786	5199.000
1000.928	5038.000
1001.070	5029.000
1001.212	4939.000
1001.353	5203.000
1001.495	4924.000
1001.637	5130.000
1001.779	4967.000
1001.921	5145.000
1002.063	4968.000
1002.205	5144.000
1002.346	4972.000
1002.488	5209.000
1002.630	4877.000
1002.772	5195.000
1002.914	4963.000
1003.055	5133.000
1003.197	5003.000
1003.339	5158.000
1003.481	4987.000
1003.623	5133.000
1003.765	4966.000
1003.906	5139.000
1004.048	4971.000
1004.190	5139.000
1004.332	4920.000
1004.473	5128.000
1004.615	5103.000
1004.757	5154.000
1004.899	4985.000
1005.041	5165.000
1005.182	4949.000
1005.324	5151.000
1005.466	4959.000
1005.608	5156.000
1005.749	4888.000
1005.891	5251.000
1006.033	4995.000
1006.175	5240.000
1006.316	4941.000
1006.458	5175.000
1006.600	4964.000
1006.741	5176.000
1006.883	4933.000
1007.025	5114.000
1007.167	4946.000
1007.308	5159.000
1007.450	5021.000
1007.592	5149.000
1007.733	4887.000
1007.875	5144.000
1008.017	4995.000
1008.158	5139.000
1008.300	4968.000
1008.442	5160.000
1008.583	4914.000
1008.725	5141.000
1008.867	4925.000
1009.008	5182.000
1009.150	4983.000
1009.292	5243.000
1009.433	4979.000
1009.575	5139.000
1009.716	4934.000
1009.858	5078.000
1010.000	4970.000
1010.141	5235.000
1010.283	4925.000
1010.425	5171.000
1010.566	4868.000
1010.708	5125.000
1010.849	4970.000
1010.991	5149.000
1011.132	4936.000
1011.274	5102.000
1011.416	5072.000
1011.557	5079.000
1011.699	4955.000
1011.840	5150.000
1011.982	4958.000
1012.123	5138.000
1012.265	4889.000
1012.407	5205.000
1012.548	4983.000
1012.690	5050.000
1012.831	4934.000
1012.973	5135.000
1013.114	4952.000
1013.256	5063.000
1013.397	4851.000
1013.539	5119.000
1013.680	4987.000
1013.822	5145.000
1013.963	4972.000
1014.105	5181.000
1014.246	4967.000
1014.388	5122.000
1014.529	4903.000
1014.671	5064.000
1014.812	4848.000
1014.954	5082.000
1015.095	4974.000
1015.237	5132.000
1015.378	4915.000
1015.520	5126.000
1015.661	4920.000
1015.803	5111.000
1015.944	4851.000
1016.085	5078.000
1016.227	4893.000
1016.368	5021.000
1016.510	4820.000
1016.651	5049.000
1016.793	4990.000
1016.934	5053.000
1017.075	4885.000
1017.217	5077.000
1017.358	4934.000
1017.500	5067.000
1017.641	4895.000
1017.782	5116.000
1017.924	4913.000
1018.065	5053.000
1018.207	4877.000
1018.348	5133.000
1018.489	4919.000
1018.631	5035.000
1018.772	4879.000
1018.913	5066.000
1019.055	4872.000
1019.196	4987.000
1019.337	4836.000
1019.479	5095.000
1019.620	4920.000
1019.761	5018.000
1019.903	4875.000
1020.044	5056.000
1020.185	4906.000
1020.327	5001.000
1020.468	4838.000
1020.609	5048.000
1020.751	4827.000
1020.892	5036.000
1021.033	4875.000
1021.175	5058.000
1021.316	4867.000
1021.457	4991.000
1021.598	4829.000
1021.740	5045.000
1021.881	4906.000
1022.022	5030.000
1022.164	4886.000
1022.305	5012.000
1022.446	4802.000
1022.587	5011.000
1022.729	4918.000
1022.870	5100.000
1023.011	4892.000
1023.152	4991.000
1023.294	4899.000
1023.435	4975.000
1023.576	4838.000
1023.717	5057.000
1023.858	4848.000
1024.000	5041.000
1024.141	4849.000
1024.282	5017.000
1024.423	4817.000
1024.564	5101.000
1024.706	4893.000
1024.847	5094.000
1024.988	4834.000
1025.129	5096.000
1025.270	4851.000
1025.412	5065.000
1025.553	4861.000
1025.694	5089.000
1025.835	4849.000
1025.976	5043.000
1026.117	4844.000
1026.258	5031.000
1026.400	4855.000
1026.541	5098.000
1026.682	4887.000
1026.823	5029.000
1026.964	4911.000
1027.105	5026.000
1027.246	4926.000
1027.388	5081.000
1027.529	4911.000
1027.670	4996.000
1027.811	4840.000
1027.952	5038.000
1028.093	4905.000
1028.234	5031.000
1028.375	4890.000
1028.516	5031.000
1028.657	4901.000
1028.798	5108.000
1028.939	4882.000
1029.081	5011.000
1029.222	4964.000
1029.363	5069.000
1029.504	4920.000
1029.645	5127.000
1029.786	4972.000
1029.927	5096.000
1030.068	4951.000
1030.209	5107.000
1030.350	4923.000
1030.491	5060.000
1030.632	4914.000
1030.773	5114.000
1030.914	4931.000
1031.055	5044.000
1031.196	5001.000
1031.337	5095.000
1031.478	4890.000
1031.619	5007.000
1031.760	4899.000
1031.901	5139.000
1032.042	4907.000
1032.183	5067.000
1032.324	4921.000
1032.465	5174.000
1032.606	5309.000
1032.747	5066.000
1032.888	4929.000
1033.029	5072.000
1033.170	4886.000
1033.311	5159.000
1033.452	4906.000
1033.592	5121.000
1033.733	4917.000
1033.874	5037.000
1034.015	4962.000
1034.156	5073.000
1034.297	4943.000
1034.438	5060.000
1034.579	4923.000
1034.720	5162.000
1034.861	4902.000
1035.002	5050.000
1035.142	4891.000
1035.283	5033.000
1035.424	4890.000
1035.565	5067.000
1035.706	4908.000
1035.847	5047.000
1035.988	4963.000
1036.129	5055.000
1036.269	4867.000
1036.410	5166.000
1036.551	4900.000
1036.692	5054.000
1036.833	4880.000
1036.974	5004.000
1037.114	4901.000
1037.255	5039.000
1037.396	4929.000
1037.537	4973.000
1037.678	4929.000
1037.819	4981.000
1037.959	4886.000
1038.100	5058.000
1038.241	4907.000
1038.382	5068.000
1038.523	4913.000
1038.663	5094.000
1038.804	4910.000
1038.945	5002.000
1039.086	4906.000
1039.226	5023.000
1039.367	4940.000
1039.508	5030.000
1039.649	4910.000
1039.789	5031.000
1039.930	4932.000
1040.071	5086.000
1040.212	4977.000
1040.352	5042.000
1040.493	4923.000
1040.634	4978.000
1040.775	4906.000
1040.915	5040.000
1041.056	4877.000
1041.197	5095.000
1041.337	4912.000
1041.478	5095.000
1041.619	4882.000
1041.760	5024.000
1041.900	4895.000
1042.041	5022.000
1042.182	4847.000
1042.322	5095.000
1042.463	4901.000
1042.604	5106.000
1042.744	4957.000
1042.885	5143.000
1043.026	4900.000
1043.166	5105.000
1043.307	4890.000
1043.448	5059.000
1043.588	4892.000
1043.729	5111.000
1043.869	4893.000
1044.010	5117.000
1044.151	4908.000
1044.291	5147.000
1044.432	4893.000
1044.573	5083.000
1044.713	4917.000
1044.854	5125.000
1044.994	4955.000
1045.135	5121.000
1045.276	5011.000
1045.416	5164.000
1045.557	5012.000
1045.697	5091.000
1045.838	4949.000
1045.978	5177.000
1046.119	4936.000
1046.260	5120.000
1046.400	4944.000
1046.541	5166.000
1046.681	4902.000
1046.822	5185.000
1046.962	4916.000
1047.103	5215.000
1047.243	5037.000
1047.384	5186.000
1047.524	4927.000
1047.665	5116.000
1047.805	4976.000
1047.946	5082.000
1048.087	5003.000
1048.227	5154.000
1048.368	5025.000
1048.508	5130.000
1048.649	5002.000
1048.789	5165.000
1048.929	5019.000
1049.070	5121.000
1049.210	4994.000
1049.351	5219.000
1049.491	4964.000
1049.632	5137.000
1049.772	4963.000
1049.913	5158.000
1050.053	4890.000
1050.194	5171.000
1050.334	5049.000
1050.475	5066.000
1050.615	5018.000
1050.755	5227.000
1050.896	4930.000
1051.036	5175.000
1051.177	5014.000
1051.317	5135.000
1051.458	4960.000
1051.598	5105.000
1051.738	4941.000
1051.879	5105.000
1052.019	4988.000
1052.160	5140.000
1052.300	4993.000
1052.440	5123.000
1052.581	4945.000
1052.721	5173.000
1052.861	5051.000
1053.002	5135.000
1053.142	5055.000
1053.282	5135.000
1053.423	4992.000
1053.563	5144.000
1053.704	4237.000
1053.844	5127.000
1053.984	4957.000
1054.125	5074.000
1054.265	4919.000
1054.405	5132.000
1054.546	4929.000
1054.686	5116.000
1054.826	5032.000
1054.966	5146.000
1055.107	5003.000
1055.247	5124.000
1055.387	4969.000
1055.528	5148.000
1055.668	5006.000
1055.808	5122.000
1055.948	4899.000
1056.089	5140.000
1056.229	4906.000
1056.369	5072.000
1056.510	4965.000
1056.650	5059.000
1056.790	4942.000
1056.930	5122.000
1057.071	4915.000
1057.211	5165.000
1057.351	4893.000
1057.491	5192.000
1057.632	4976.000
1057.772	5047.000
1057.912	4991.000
1058.052	5054.000
1058.192	4913.000
1058.333	5011.000
1058.473	4861.000
1058.613	5011.000
1058.753	4917.000
1058.893	5094.000
1059.034	4923.000
1059.174	5088.000
1059.314	4886.000
1059.454	5047.000
1059.594	4869.000
1059.734	5035.000
1059.875	4785.000
1060.015	5040.000
1060.155	4838.000
1060.295	4998.000
1060.435	4826.000
1060.575	5049.000
1060.716	4941.000
1060.856	5042.000
1060.996	4859.000
1061.136	5115.000
1061.276	4827.000
1061.416	5036.000
1061.556	4883.000
1061.696	5099.000
1061.837	4887.000
1061.977	5131.000
1062.117	7805.000
1062.257	5127.000
1062.397	4894.000
1062.537	5045.000
1062.677	4934.000
1062.817	5058.000
1062.957	4838.000
1063.097	5028.000
1063.237	5001.000
1063.377	5161.000
1063.517	4965.000
1063.658	5056.000
1063.798	4932.000
1063.938	5066.000
1064.078	4975.000
1064.218	5130.000
1064.358	4912.000
1064.498	5101.000
1064.638	4897.000
1064.778	5126.000
1064.918	4978.000
1065.058	5136.000
1065.198	4976.000
1065.338	5150.000
1065.478	4942.000
1065.618	5095.000
1065.758	4935.000
1065.898	5014.000
1066.038	4903.000
1066.178	5155.000
1066.318	4928.000
1066.458	5136.000
1066.598	4896.000
1066.738	5170.000
1066.878	4941.000
1067.018	5177.000
1067.158	4917.000
1067.297	5124.000
1067.437	4857.000
1067.577	5146.000
1067.717	4900.000
1067.857	5143.000
1067.997	4901.000
1068.137	5166.000
1068.277	4958.000
1068.417	5110.000
1068.557	4923.000
1068.697	5186.000
1068.837	4888.000
1068.977	5146.000
1069.116	4999.000
1069.256	5055.000
1069.396	4907.000
1069.536	5158.000
1069.676	4965.000
1069.816	5085.000
1069.956	4951.000
1070.096	5067.000
1070.235	4954.000
1070.375	5108.000
1070.515	4996.000
1070.655	5130.000
1070.795	4985.000
1070.935	5161.000
1071.074	4904.000
1071.214	5146.000
1071.354	4896.000
1071.494	5134.000
1071.634	5058.000
1071.774	5185.000
1071.913	4970.000
1072.053	5120.000
1072.193	5015.000
1072.333	5196.000
1072.473	5011.000
1072.612	5205.000
1072.752	4999.000
1072.892	5225.000
1073.032	4942.000
1073.172	5137.000
1073.311	4958.000
1073.451	5186.000
1073.591	4995.000
1073.731	5080.000
1073.870	5044.000
1074.010	5206.000
1074.150	5065.000
1074.290	5112.000
1074.429	5038.000
1074.569	5084.000
1074.709	5063.000
1074.848	5244.000
