1229.956	27794.000
1230.103	27048.000
1230.250	27771.000
1230.397	26967.000
1230.544	27669.000
1230.691	27052.000
1230.838	27668.000
1230.985	26871.000
1231.132	27588.000
1231.278	26859.000
1231.425	27444.000
1231.572	26883.000
1231.719	27480.000
1231.866	26731.000
1232.013	27536.000
1232.159	26901.000
1232.306	27364.000
1232.453	26774.000
1232.600	27511.000
1232.746	26783.000
1232.893	27421.000
1233.040	26627.000
1233.186	27529.000
1233.333	26704.000
1233.480	27418.000
1233.627	26687.000
1233.773	27443.000
1233.920	26552.000
1234.066	27269.000
1234.213	26612.000
1234.360	27365.000
1234.506	26586.000
1234.653	27329.000
1234.800	26574.000
1234.946	27223.000
1235.093	26429.000
1235.239	27234.000
1235.386	26412.000
1235.532	27201.000
1235.679	26468.000
1235.825	27188.000
1235.972	26522.000
1236.118	27117.000
1236.265	26469.000
1236.411	27051.000
1236.558	26385.000
1236.704	27141.000
1236.851	26282.000
1236.997	27008.000
1237.143	26326.000
1237.290	27031.000
1237.436	26270.000
1237.583	27147.000
1237.729	26317.000
1237.875	27006.000
1238.022	26305.000
1238.168	26918.000
1238.314	26237.000
1238.461	26886.000
1238.607	26068.000
1238.753	26865.000
1238.900	26113.000
1239.046	26725.000
1239.192	26077.000
1239.338	26761.000
1239.485	26037.000
1239.631	26750.000
1239.777	25844.000
1239.923	26672.000
1240.070	25987.000
1240.216	26578.000
1240.362	25824.000
1240.508	26595.000
1240.654	25959.000
1240.800	26489.000
1240.947	25740.000
1241.093	26397.000
1241.239	25789.000
1241.385	26317.000
1241.531	25873.000
1241.677	26334.000
1241.823	25793.000
1241.969	26401.000
1242.115	25622.000
1242.261	26188.000
1242.407	25608.000
1242.553	26181.000
1242.699	25530.000
1242.845	26152.000
1242.991	25555.000
1243.137	26104.000
1243.283	25536.000
1243.429	26109.000
1243.575	25488.000
1243.721	26111.000
1243.867	25390.000
1244.013	26023.000
1244.159	25456.000
1244.305	26048.000
1244.451	25404.000
1244.596	25960.000
1244.742	25384.000
1244.888	25922.000
1245.034	25234.000
1245.180	25880.000
1245.326	25447.000
1245.471	25823.000
1245.617	25303.000
1245.763	25805.000
1245.909	25285.000
1246.055	25812.000
1246.200	25278.000
1246.346	25716.000
1246.492	25384.000
1246.638	25738.000
1246.783	25111.000
1246.929	25809.000
1247.075	25155.000
1247.220	25762.000
1247.366	25164.000
1247.512	25683.000
1247.657	25225.000
1247.803	25597.000
1247.949	25224.000
1248.094	25659.000
1248.240	25184.000
1248.385	25428.000
1248.531	25046.000
1248.676	25710.000
1248.822	25159.000
1248.968	25592.000
1249.113	25096.000
1249.259	25638.000
1249.404	25129.000
1249.550	25577.000
1249.695	25042.000
1249.841	25637.000
1249.986	25212.000
1250.132	25653.000
1250.277	25068.000
1250.422	25527.000
1250.568	25107.000
1250.713	25611.000
1250.859	24906.000
1251.004	25509.000
1251.150	25093.000
1251.295	25559.000
1251.440	25003.000
1251.586	25382.000
1251.731	25051.000
1251.876	25451.000
1252.022	24890.000
1252.167	25327.000
1252.312	25054.000
1252.458	25326.000
1252.603	25000.000
1252.748	25446.000
1252.893	25019.000
1253.039	25397.000
1253.184	24809.000
1253.329	25343.000
1253.474	24829.000
1253.619	25236.000
1253.765	24887.000
1253.910	25201.000
1254.055	24824.000
1254.200	25309.000
1254.345	24770.000
1254.490	25202.000
1254.636	24834.000
1254.781	25105.000
1254.926	24767.000
1255.071	25111.000
1255.216	24817.000
1255.361	25222.000
1255.506	24773.000
1255.651	25106.000
1255.796	24795.000
1255.941	24939.000
1256.086	24658.000
1256.231	25016.000
1256.376	24778.000
1256.521	25070.000
1256.666	24644.000
1256.811	24951.000
1256.956	24603.000
1257.101	24917.000
1257.246	24575.000
1257.391	25033.000
1257.536	24667.000
1257.681	24872.000
1257.826	24503.000
1257.971	24827.000
1258.116	24557.000
1258.260	24864.000
1258.405	24547.000
1258.550	24796.000
1258.695	24500.000
1258.840	24701.000
1258.985	24474.000
1259.129	24909.000
1259.274	24399.000
1259.419	24859.000
1259.564	24384.000
1259.708	24794.000
1259.853	24466.000
1259.998	24821.000
1260.143	24444.000
1260.287	24707.000
1260.432	24490.000
1260.577	24725.000
1260.721	24379.000
1260.866	24681.000
1261.011	24456.000
1261.155	24737.000
1261.300	24335.000
1261.445	24661.000
1261.589	24336.000
1261.734	24553.000
1261.878	24411.000
1262.023	24731.000
1262.168	24465.000
1262.312	24727.000
1262.457	24383.000
1262.601	24601.000
1262.746	24476.000
1262.890	24592.000
1263.035	24388.000
1263.179	24556.000
1263.324	24512.000
1263.468	24710.000
1263.613	24349.000
1263.757	24666.000
1263.902	24416.000
1264.046	24557.000
1264.191	24347.000
1264.335	24641.000
1264.479	24418.000
1264.624	24586.000
1264.768	24275.000
1264.912	24540.000
1265.057	24258.000
1265.201	24594.000
1265.346	24346.000
1265.490	24604.000
1265.634	24430.000
1265.778	24538.000
1265.923	24396.000
1266.067	24754.000
1266.211	24425.000
1266.356	24703.000
1266.500	24184.000
1266.644	24545.000
1266.788	24319.000
1266.933	24505.000
1267.077	24264.000
1267.221	24783.000
1267.365	24345.000
1267.509	24603.000
1267.653	24359.000
1267.798	24655.000
1267.942	24301.000
1268.086	24546.000
1268.230	24343.000
1268.374	24573.000
1268.518	24350.000
1268.662	24568.000
1268.806	24339.000
1268.950	24511.000
1269.095	24300.000
1269.239	24686.000
1269.383	24324.000
1269.527	24566.000
1269.671	24362.000
1269.815	24641.000
1269.959	24254.000
1270.103	24521.000
1270.247	24468.000
1270.391	24599.000
1270.535	24204.000
1270.679	24700.000
1270.822	24356.000
1270.966	24538.000
1271.110	24348.000
1271.254	24690.000
1271.398	24412.000
1271.542	24582.000
1271.686	24339.000
1271.830	24658.000
1271.973	24334.000
1272.117	24583.000
1272.261	24253.000
1272.405	24557.000
1272.549	24353.000
1272.693	24574.000
1272.836	24255.000
1272.980	24343.000
1273.124	24403.000
1273.268	24440.000
1273.411	24248.000
1273.555	24439.000
1273.699	24319.000
1273.843	24456.000
1273.986	24191.000
1274.130	24538.000
1274.274	24197.000
1274.417	24424.000
1274.561	24243.000
1274.705	24478.000
1274.848	24201.000
1274.992	24346.000
1275.135	24299.000
1275.279	24541.000
1275.423	24229.000
1275.566	24374.000
1275.710	24186.000
1275.853	24408.000
1275.997	24236.000
1276.140	24318.000
1276.284	24222.000
1276.427	24356.000
1276.571	23999.000
1276.714	24339.000
1276.858	24094.000
1277.001	24267.000
1277.145	24253.000
1277.288	24198.000
1277.432	23996.000
1277.575	24254.000
1277.719	24251.000
1277.862	24307.000
1278.005	24011.000
1278.149	24188.000
1278.292	24173.000
1278.435	24161.000
1278.579	24041.000
1278.722	24247.000
1278.865	24002.000
1279.009	24227.000
1279.152	24052.000
1279.295	24292.000
1279.439	24112.000
1279.582	24241.000
1279.725	24086.000
1279.868	24099.000
1280.012	23940.000
1280.155	24204.000
1280.298	23961.000
1280.441	24125.000
1280.585	24125.000
1280.728	24082.000
1280.871	23886.000
1281.014	24148.000
1281.157	23990.000
1281.300	24168.000
1281.444	23986.000
1281.587	24126.000
1281.730	23856.000
1281.873	23991.000
1282.016	23834.000
1282.159	24214.000
1282.302	23844.000
1282.445	24053.000
1282.588	23762.000
1282.731	24066.000
1282.874	23869.000
1283.017	24077.000
1283.160	23783.000
1283.303	24042.000
1283.446	23834.000
1283.589	24040.000
1283.732	23805.000
1283.875	23969.000
1284.018	23867.000
1284.161	24026.000
1284.304	23869.000
1284.447	24035.000
1284.590	23941.000
1284.733	24006.000
1284.876	23999.000
1285.019	23874.000
1285.161	24007.000
1285.304	23981.000
1285.447	23835.000
1285.590	23995.000
1285.733	23937.000
1285.876	24072.000
1286.018	23784.000
1286.161	24044.000
1286.304	23921.000
1286.447	23987.000
1286.589	23803.000
1286.732	24078.000
1286.875	23900.000
1287.018	24094.000
1287.160	23830.000
1287.303	24066.000
1287.446	23940.000
1287.588	24029.000
1287.731	23893.000
1287.874	23372.000
1288.016	23997.000
1288.159	24143.000
1288.302	23907.000
1288.444	24149.000
1288.587	23909.000
1288.729	24003.000
1288.872	23834.000
1289.015	24176.000
1289.157	24008.000
1289.300	24023.000
1289.442	23872.000
1289.585	24062.000
1289.727	24004.000
1289.870	24091.000
1290.012	23868.000
1290.155	24009.000
1290.297	23984.000
1290.440	24071.000
1290.582	23931.000
1290.725	24041.000
1290.867	24012.000
1291.009	24122.000
1291.152	23980.000
1291.294	24138.000
1291.437	23959.000
1291.579	23990.000
1291.721	23886.000
1291.864	24125.000
1292.006	24188.000
1292.148	24131.000
1292.291	23964.000
1292.433	24095.000
1292.575	24026.000
1292.718	24078.000
1292.860	24023.000
1293.002	24165.000
1293.145	24096.000
1293.287	24195.000
1293.429	23973.000
1293.571	24190.000
1293.713	24054.000
1293.856	24190.000
1293.998	24018.000
1294.140	24144.000
1294.282	23978.000
1294.424	24173.000
1294.567	24074.000
1294.709	24077.000
1294.851	23984.000
1294.993	24162.000
1295.135	23942.000
1295.277	24191.000
1295.419	24079.000
1295.561	24184.000
1295.703	24076.000
1295.845	24141.000
1295.987	24072.000
1296.129	24227.000
1296.272	23932.000
1296.414	24165.000
1296.556	23999.000
1296.698	24235.000
1296.840	24104.000
1296.981	24096.000
1297.123	24062.000
1297.265	24260.000
1297.407	23998.000
1297.549	24140.000
1297.691	23995.000
1297.833	24229.000
1297.975	23952.000
1298.117	24143.000
1298.259	24097.000
1298.401	24134.000
1298.542	24045.000
1298.684	24249.000
1298.826	23983.000
1298.968	24256.000
1299.110	23887.000
1299.252	24200.000
1299.393	24142.000
1299.535	24270.000
1299.677	23996.000
1299.819	24162.000
1299.960	23923.000
1300.102	24199.000
1300.244	24029.000
1300.386	24279.000
1300.527	24131.000
1300.669	24159.000
1300.811	23988.000
1300.952	24141.000
1301.094	24080.000
1301.236	24163.000
1301.377	24033.000
1301.519	24273.000
1301.661	24104.000
1301.802	24250.000
1301.944	23895.000
1302.085	24126.000
1302.227	24113.000
1302.368	24066.000
1302.510	23909.000
1302.652	24081.000
1302.793	23904.000
1302.935	24046.000
1303.076	23910.000
1303.218	24098.000
1303.359	24045.000
1303.501	23980.000
1303.642	23932.000
1303.783	24044.000
1303.925	23931.000
1304.066	23982.000
1304.208	23855.000
1304.349	23998.000
1304.491	23973.000
1304.632	23959.000
1304.773	23840.000
1304.915	23988.000
1305.056	23910.000
1305.197	23961.000
1305.339	23843.000
1305.480	24168.000
1305.621	23914.000
1305.763	24037.000
1305.904	23867.000
1306.045	24013.000
1306.187	23982.000
1306.328	24015.000
1306.469	23870.000
1306.610	23909.000
1306.752	24066.000
1306.893	24090.000
1307.034	23963.000
1307.175	24009.000
1307.316	23959.000
1307.458	24023.000
1307.599	23836.000
1307.740	23986.000
1307.881	23892.000
1308.022	23916.000
1308.163	23960.000
1308.304	24039.000
1308.446	23961.000
1308.587	23930.000
1308.728	23777.000
1308.869	23995.000
1309.010	23839.000
1309.151	23948.000
1309.292	23846.000
1309.433	23870.000
1309.574	23890.000
1309.715	23859.000
1309.856	23822.000
1309.997	23951.000
1310.138	23920.000
1310.279	23970.000
1310.420	23719.000
1310.561	23871.000
1310.702	23662.000
1310.843	23929.000
1310.984	23736.000
1311.124	23873.000
1311.265	23751.000
1311.406	23654.000
1311.547	23705.000
1311.688	23897.000
1311.829	23716.000
1311.970	23743.000
1312.110	23684.000
1312.251	23886.000
1312.392	23682.000
1312.533	23790.000
1312.674	23694.000
1312.814	23773.000
1312.955	23732.000
1313.096	23686.000
1313.237	23664.000
1313.377	23652.000
1313.518	23611.000
1313.659	23632.000
1313.800	23593.000
1313.940	23748.000
1314.081	23544.000
1314.222	23586.000
1314.362	23506.000
1314.503	23730.000
1314.644	23615.000
1314.784	23681.000
1314.925	23571.000
1315.065	23544.000
1315.206	23559.000
1315.347	23472.000
1315.487	23413.000
1315.628	23389.000
1315.768	23454.000
1315.909	23557.000
1316.049	23483.000
1316.190	23577.000
1316.330	23420.000
1316.471	23416.000
1316.611	23292.000
1316.752	23280.000
1316.892	23335.000
1317.033	23451.000
1317.173	23165.000
1317.313	23210.000
1317.454	23197.000
1317.594	23412.000
1317.735	23070.000
1317.875	23310.000
1318.015	23224.000
1318.156	23288.000
1318.296	23154.000
1318.437	23211.000
1318.577	23194.000
1318.717	23113.000
1318.857	23103.000
1318.998	23083.000
1319.138	23202.000
1319.278	23135.000
1319.419	22940.000
1319.559	23156.000
1319.699	22936.000
1319.839	23042.000
1319.980	22817.000
1320.120	23015.000
1320.260	23021.000
1320.400	23031.000
1320.540	22904.000
1320.681	22986.000
1320.821	22961.000
1320.961	22960.000
1321.101	22705.000
1321.241	22858.000
1321.381	22875.000
1321.521	22837.000
1321.661	22747.000
1321.802	22842.000
1321.942	22776.000
1322.082	22868.000
1322.222	22655.000
1322.362	22747.000
1322.502	22764.000
1322.642	22810.000
1322.782	22665.000
1322.922	22791.000
1323.062	22814.000
1323.202	22659.000
1323.342	22626.000
1323.482	22857.000
1323.622	22752.000
1323.762	22781.000
1323.902	22573.000
1324.041	22738.000
1324.181	22651.000
1324.321	22680.000
1324.461	22615.000
1324.601	22672.000
1324.741	22625.000
1324.881	22643.000
1325.021	22473.000
1325.160	22633.000
1325.300	22740.000
1325.440	22720.000
1325.580	22649.000
1325.720	22584.000
1325.859	22678.000
1325.999	22672.000
1326.139	22598.000
1326.279	22615.000
1326.418	22659.000
1326.558	22603.000
1326.698	22526.000
1326.838	22596.000
1326.977	22633.000
1327.117	22577.000
1327.257	22553.000
1327.396	22661.000
1327.536	22491.000
1327.675	22725.000
1327.815	22417.000
1327.955	22701.000
1328.094	22651.000
1328.234	22606.000
1328.374	22469.000
1328.513	22483.000
1328.653	22523.000
1328.792	22585.000
1328.932	22433.000
1329.071	22600.000
1329.211	22437.000
1329.350	22555.000
1329.490	22518.000
1329.629	22530.000
1329.769	22454.000
1329.908	22632.000
1330.048	22448.000
1330.187	22533.000
1330.327	22530.000
1330.466	22685.000
1330.605	22487.000
1330.745	22599.000
1330.884	22501.000
1331.024	22564.000
1331.163	22392.000
1331.302	22617.000
1331.442	22496.000
1331.581	22495.000
1331.720	22382.000
1331.860	22674.000
1331.999	22427.000
1332.138	22533.000
1332.277	22372.000
1332.417	22524.000
1332.556	22536.000
1332.695	22484.000
1332.834	22350.000
1332.974	22498.000
1333.113	22560.000
1333.252	23372.000
1333.391	22347.000
1333.531	22499.000
1333.670	22462.000
1333.809	22383.000
1333.948	22428.000
1334.087	22402.000
1334.226	22459.000
1334.365	22467.000
1334.505	22204.000
1334.644	22484.000
1334.783	22367.000
1334.922	22440.000
1335.061	22303.000
1335.200	22469.000
1335.339	22420.000
1335.478	22391.000
1335.617	22183.000
1335.756	22352.000
1335.895	22285.000
1336.034	22367.000
1336.173	22166.000
1336.312	22331.000
1336.451	22153.000
1336.590	22322.000
1336.729	22135.000
1336.868	22207.000
1337.007	22279.000
1337.146	22324.000
1337.285	22106.000
1337.423	22213.000
1337.562	22055.000
1337.701	22286.000
1337.840	22067.000
1337.979	22218.000
1338.118	21965.000
1338.256	22205.000
1338.395	22026.000
1338.534	22176.000
1338.673	22077.000
1338.812	22093.000
1338.950	22016.000
1339.089	22181.000
1339.228	22225.000
1339.367	22228.000
1339.505	21988.000
1339.644	22258.000
1339.783	22062.000
1339.922	22228.000
1340.060	22062.000
1340.199	22197.000
1340.338	22107.000
1340.476	22255.000
1340.615	22048.000
1340.753	22315.000
1340.892	22063.000
1341.031	22295.000
1341.169	22023.000
1341.308	22252.000
1341.446	22091.000
1341.585	22181.000
1341.724	22147.000
1341.862	22242.000
1342.001	22236.000
1342.139	22239.000
1342.278	22104.000
1342.416	22253.000
1342.555	22136.000
1342.693	22178.000
1342.832	22160.000
1342.970	22295.000
1343.109	22239.000
1343.247	22306.000
1343.385	22246.000
1343.524	22286.000
1343.662	22288.000
1343.801	22291.000
1343.939	22166.000
1344.077	22214.000
1344.216	22287.000
1344.354	22314.000
1344.492	22231.000
1344.631	22319.000
1344.769	22313.000
1344.907	22253.000
1345.046	22210.000
1345.184	22367.000
1345.322	22337.000
1345.460	22506.000
1345.599	22282.000
1345.737	22499.000
1345.875	22442.000
1346.013	22535.000
1346.152	22327.000
1346.290	22543.000
1346.428	22514.000
1346.566	22488.000
1346.704	22309.000
1346.843	22545.000
1346.981	22547.000
1347.119	22438.000
1347.257	22509.000
1347.395	22473.000
1347.533	22569.000
1347.671	22741.000
1347.809	22431.000
1347.947	22496.000
1348.085	22444.000
1348.224	22483.000
1348.362	22442.000
1348.500	22545.000
1348.638	22473.000
1348.776	22515.000
1348.914	22353.000
1349.052	22483.000
1349.190	22484.000
1349.328	22588.000
1349.466	22414.000
1349.603	22517.000
1349.741	22512.000
1349.879	22441.000
1350.017	22415.000
1350.155	22494.000
1350.293	22482.000
1350.431	22378.000
1350.569	22448.000
1350.707	22605.000
1350.844	22365.000
1350.982	22483.000
1351.120	22420.000
1351.258	22485.000
1351.396	22354.000
1351.534	22523.000
1351.671	22303.000
1351.809	22475.000
1351.947	22407.000
1352.085	22486.000
1352.222	22293.000
1352.360	22536.000
1352.498	22368.000
1352.636	22503.000
1352.773	22353.000
1352.911	22384.000
1353.049	22437.000
1353.186	22651.000
1353.324	22348.000
1353.462	22554.000
1353.599	22423.000
1353.737	22501.000
1353.874	22382.000
1354.012	19837.000
1354.150	22414.000
1354.287	22469.000
1354.425	22272.000
1354.562	22434.000
1354.700	22439.000
1354.837	22446.000
1354.975	22381.000
1355.112	22503.000
1355.250	22418.000
1355.387	22377.000
1355.525	22255.000
1355.662	22313.000
1355.800	22379.000
1355.937	22391.000
1356.075	22244.000
1356.212	22358.000
1356.350	22342.000
1356.487	22257.000
1356.624	22080.000
1356.762	22398.000
1356.899	22148.000
1357.037	22293.000
1357.174	22118.000
1357.311	22277.000
1357.449	22385.000
1357.586	22295.000
1357.723	22293.000
1357.860	22334.000
1357.998	22183.000
1358.135	22280.000
1358.272	22031.000
1358.410	22172.000
1358.547	22070.000
1358.684	22177.000
1358.821	21993.000
1358.959	22233.000
1359.096	22183.000
1359.233	22180.000
1359.370	22130.000
1359.507	22078.000
1359.644	22091.000
1359.782	22141.000
1359.919	22039.000
1360.056	22086.000
1360.193	22011.000
1360.330	22062.000
1360.467	21936.000
1360.604	21994.000
1360.741	22028.000
1360.878	22187.000
1361.015	22051.000
1361.152	22198.000
1361.290	22207.000
1361.427	22130.000
1361.564	22015.000
1361.701	22161.000
1361.838	22086.000
1361.975	22052.000
1362.112	22175.000
1362.248	28426.000
1362.385	22239.000
1362.522	22193.000
1362.659	22092.000
1362.796	22220.000
1362.933	22112.000
1363.070	22129.000
1363.207	22091.000
1363.344	22258.000
1363.481	22275.000
1363.617	22318.000
1363.754	22304.000
1363.891	22407.000
1364.028	22390.000
1364.165	22530.000
1364.302	22370.000
1364.438	22518.000
1364.575	22533.000
1364.712	22415.000
1364.849	22444.000
1364.985	22564.000
1365.122	22496.000
1365.259	22499.000
1365.396	22418.000
1365.532	22535.000
1365.669	22381.000
1365.806	22504.000
1365.942	22356.000
1366.079	22546.000
1366.216	22533.000
1366.352	22513.000
1366.489	22427.000
1366.625	22508.000
1366.762	22631.000
1366.899	22612.000
1367.035	22557.000
1367.172	22483.000
1367.308	22548.000
1367.445	22428.000
1367.581	22508.000
1367.718	22503.000
1367.855	22536.000
1367.991	22445.000
1368.128	22564.000
1368.264	22614.000
1368.401	22564.000
1368.537	22558.000
1368.673	22531.000
1368.810	22507.000
1368.946	22726.000
1369.083	22740.000
1369.219	22480.000
1369.356	22633.000
1369.492	22683.000
1369.628	22739.000
1369.765	22569.000
1369.901	22728.000
1370.037	22710.000
1370.174	22826.000
1370.310	22672.000
1370.446	22899.000
1370.583	22803.000
1370.719	22812.000
1370.855	22799.000
1370.992	22857.000
1371.128	22894.000
1371.264	22824.000
1371.400	22841.000
1371.537	22970.000
1371.673	23025.000
1371.809	22931.000
1371.945	22793.000
1372.081	23020.000
1372.218	23149.000
1372.354	23036.000
1372.490	23044.000
1372.626	23075.000
1372.762	23140.000
1372.898	23051.000
1373.034	22934.000
1373.170	23152.000
1373.307	23194.000
1373.443	23146.000
1373.579	23015.000
1373.715	23253.000
1373.851	23336.000
1373.987	23258.000
1374.123	23136.000
1374.259	23334.000
1374.395	23221.000
1374.531	23472.000
1374.667	23286.000
