1129.938	62772.000
1130.084	62216.000
1130.229	62707.000
1130.375	62398.000
1130.521	62778.000
1130.667	62284.000
1130.813	63100.000
1130.958	62277.000
1131.104	62833.000
1131.250	62280.000
1131.396	62655.000
1131.542	62367.000
1131.687	62741.000
1131.833	62325.000
1131.979	62747.000
1132.124	62282.000
1132.270	62773.000
1132.416	62461.000
1132.561	62648.000
1132.707	62324.000
1132.853	62689.000
1132.998	62317.000
1133.144	62834.000
1133.290	62296.000
1133.435	62895.000
1133.581	62310.000
1133.727	62755.000
1133.872	62668.000
1134.018	62757.000
1134.163	62344.000
1134.309	62734.000
1134.455	62378.000
1134.600	62876.000
1134.746	62328.000
1134.891	62794.000
1135.037	62324.000
1135.182	62840.000
1135.328	62382.000
1135.473	63056.000
1135.619	62408.000
1135.764	62754.000
1135.910	62378.000
1136.055	62733.000
1136.201	62400.000
1136.346	62771.000
1136.492	62432.000
1136.637	62774.000
1136.783	62343.000
1136.928	62821.000
1137.074	62456.000
1137.219	62684.000
1137.364	62396.000
1137.510	63167.000
1137.655	62318.000
1137.801	62707.000
1137.946	62400.000
1138.091	62724.000
1138.237	57753.000
1138.382	62701.000
1138.527	55930.000
1138.673	58574.000
1138.818	54636.000
1138.963	57150.000
1139.109	53355.000
1139.254	55757.000
1139.399	51646.000
1139.544	53981.000
1139.690	50150.000
1139.835	52899.000
1139.980	49475.000
1140.125	51615.000
1140.271	48295.000
1140.416	50436.000
1140.561	47601.000
1140.706	49507.000
1140.851	46398.000
1140.997	48338.000
1141.142	45597.000
1141.287	47513.000
1141.432	44988.000
1141.577	46787.000
1141.723	44374.000
1141.868	46153.000
1142.013	43587.000
1142.158	45343.000
1142.303	43063.000
1142.448	44775.000
1142.593	42294.000
1142.738	43953.000
1142.883	41577.000
1143.028	42934.000
1143.174	40647.000
1143.319	42127.000
1143.464	40173.000
1143.609	41703.000
1143.754	39424.000
1143.899	40806.000
1144.044	38822.000
1144.189	40004.000
1144.334	38090.000
1144.479	39141.000
1144.624	37353.000
1144.769	38406.000
1144.914	36599.000
1145.059	37782.000
1145.204	36193.000
1145.348	37009.000
1145.493	35372.000
1145.638	36404.000
1145.783	34962.000
1145.928	35986.000
1146.073	34594.000
1146.218	35415.000
1146.363	34254.000
1146.508	35084.000
1146.653	33690.000
1146.797	34925.000
1146.942	33550.000
1147.087	34584.000
1147.232	33335.000
1147.377	34243.000
1147.522	33188.000
1147.666	33889.000
1147.811	32871.000
1147.956	33781.000
1148.101	32723.000
1148.245	33437.000
1148.390	32487.000
1148.535	33481.000
1148.680	32331.000
1148.824	33106.000
1148.969	32162.000
1149.114	33181.000
1149.259	32218.000
1149.403	32995.000
1149.548	31976.000
1149.693	32955.000
1149.837	31920.000
1149.982	32679.000
1150.127	31691.000
1150.271	32466.000
1150.416	31540.000
1150.561	32355.000
1150.705	31182.000
1150.850	32047.000
1150.994	31066.000
1151.139	31829.000
1151.284	30838.000
1151.428	31477.000
1151.573	30749.000
1151.717	31307.000
1151.862	30302.000
1152.006	31063.000
1152.151	30444.000
1152.295	31010.000
1152.440	30330.000
1152.584	31060.000
1152.729	30222.000
1152.873	30840.000
1153.018	29888.000
1153.162	30645.000
1153.307	29850.000
1153.451	30458.000
1153.596	29893.000
1153.740	30370.000
1153.885	29795.000
1154.029	30456.000
1154.174	29659.000
1154.318	30334.000
1154.462	29668.000
1154.607	30197.000
1154.751	29536.000
1154.896	30105.000
1155.040	29504.000
1155.184	30179.000
1155.329	29457.000
1155.473	30033.000
1155.617	29471.000
1155.762	29813.000
1155.906	29308.000
1156.050	29937.000
1156.194	29467.000
1156.339	29892.000
1156.483	29247.000
1156.627	29771.000
1156.772	29213.000
1156.916	29691.000
1157.060	29155.000
1157.204	29815.000
1157.349	29236.000
1157.493	29626.000
1157.637	29100.000
1157.781	29586.000
1157.925	29091.000
1158.070	29571.000
1158.214	29141.000
1158.358	29567.000
1158.502	29100.000
1158.646	29457.000
1158.790	29116.000
1158.935	29783.000
1159.079	28974.000
1159.223	29651.000
1159.367	29037.000
1159.511	29584.000
1159.655	29060.000
1159.799	29599.000
1159.943	29078.000
1160.087	29558.000
1160.231	29106.000
1160.375	29526.000
1160.519	29058.000
1160.664	29510.000
1160.808	29143.000
1160.952	29591.000
1161.096	28995.000
1161.240	29519.000
1161.384	29052.000
1161.528	29419.000
1161.672	29152.000
1161.815	29567.000
1161.959	29193.000
1162.103	29585.000
1162.247	29138.000
1162.391	29351.000
1162.535	29087.000
1162.679	29355.000
1162.823	29011.000
1162.967	29344.000
1163.111	29052.000
1163.255	29387.000
1163.399	28889.000
1163.542	29384.000
1163.686	28942.000
1163.830	29308.000
1163.974	28871.000
1164.118	29241.000
1164.262	29008.000
1164.405	29250.000
1164.549	28764.000
1164.693	29157.000
1164.837	28755.000
1164.981	29210.000
1165.124	28828.000
1165.268	29266.000
1165.412	28911.000
1165.556	29257.000
1165.699	28951.000
1165.843	29386.000
1165.987	28888.000
1166.131	29363.000
1166.274	28774.000
1166.418	29223.000
1166.562	28859.000
1166.705	29171.000
1166.849	28845.000
1166.993	29544.000
1167.136	28987.000
1167.280	29348.000
1167.424	28949.000
1167.567	29436.000
1167.711	28970.000
1167.854	29355.000
1167.998	29016.000
1168.142	29419.000
1168.285	29136.000
1168.429	29483.000
1168.572	29221.000
1168.716	29566.000
1168.859	29301.000
1169.003	29800.000
1169.147	29413.000
1169.290	29794.000
1169.434	29450.000
1169.577	29811.000
1169.721	29286.000
1169.864	29632.000
1170.008	29470.000
1170.151	29682.000
1170.294	29127.000
1170.438	29663.000
1170.581	29212.000
1170.725	29457.000
1170.868	29181.000
1171.012	29570.000
1171.155	29196.000
1171.298	29345.000
1171.442	29035.000
1171.585	29430.000
1171.729	29015.000
1171.872	29245.000
1172.015	28983.000
1172.159	29304.000
1172.302	29027.000
1172.445	29353.000
1172.589	28920.000
1172.732	29061.000
1172.875	29108.000
1173.019	29173.000
1173.162	28863.000
1173.305	29257.000
1173.449	28969.000
1173.592	29249.000
1173.735	28950.000
1173.878	29390.000
1174.022	28896.000
1174.165	29206.000
1174.308	28962.000
1174.451	29286.000
1174.594	28983.000
1174.738	29187.000
1174.881	29157.000
1175.024	29384.000
1175.167	29028.000
1175.310	29340.000
1175.454	29089.000
1175.597	29351.000
1175.740	29195.000
1175.883	29299.000
1176.026	29148.000
1176.169	29411.000
1176.312	29008.000
1176.455	29435.000
1176.598	29173.000
1176.742	29421.000
1176.885	29356.000
1177.028	29423.000
1177.171	29139.000
1177.314	29511.000
1177.457	29520.000
1177.600	29608.000
1177.743	29252.000
1177.886	29611.000
1178.029	29505.000
1178.172	29612.000
1178.315	29469.000
1178.458	29754.000
1178.601	29491.000
1178.744	29767.000
1178.887	29591.000
1179.030	29884.000
1179.173	29761.000
1179.316	29925.000
1179.458	29734.000
1179.601	29866.000
1179.744	29718.000
1179.887	30056.000
1180.030	29748.000
1180.173	29993.000
1180.316	29992.000
1180.459	30015.000
1180.602	29805.000
1180.744	30199.000
1180.887	29992.000
1181.030	30287.000
1181.173	30042.000
1181.316	30308.000
1181.458	30003.000
1181.601	30214.000
1181.744	29972.000
1181.887	30479.000
1182.030	30081.000
1182.172	30388.000
1182.315	30087.000
1182.458	30551.000
1182.601	30260.000
1182.743	30546.000
1182.886	30226.000
1183.029	30665.000
1183.171	30357.000
1183.314	30659.000
1183.457	30427.000
1183.599	30663.000
1183.742	30470.000
1183.885	30750.000
1184.027	30534.000
1184.170	30829.000
1184.313	30648.000
1184.455	30845.000
1184.598	30870.000
1184.741	30759.000
1184.883	30902.000
1185.026	30975.000
1185.168	30824.000
1185.311	31061.000
1185.453	30930.000
1185.596	31184.000
1185.739	30780.000
1185.881	31157.000
1186.024	31017.000
1186.166	31216.000
1186.309	30907.000
1186.451	31316.000
1186.594	31082.000
1186.736	31380.000
1186.879	31013.000
1187.021	31394.000
1187.164	31181.000
1187.306	31382.000
1187.448	31107.000
1187.591	30788.000
1187.733	31317.000
1187.876	31584.000
1188.018	31222.000
1188.160	31626.000
1188.303	31344.000
1188.445	31504.000
1188.588	31343.000
1188.730	31724.000
1188.872	31500.000
1189.015	31545.000
1189.157	31342.000
1189.299	31678.000
1189.442	31466.000
1189.584	31684.000
1189.726	31429.000
1189.869	31700.000
1190.011	31537.000
1190.153	31737.000
1190.295	31505.000
1190.438	31760.000
1190.580	31653.000
1190.722	31813.000
1190.864	31611.000
1191.007	31929.000
1191.149	31591.000
1191.291	31741.000
1191.433	31574.000
1191.576	31866.000
1191.718	31906.000
1191.860	31908.000
1192.002	31705.000
1192.144	31965.000
1192.286	31793.000
1192.429	31944.000
1192.571	31760.000
1192.713	31942.000
1192.855	31753.000
1192.997	31984.000
1193.139	31751.000
1193.281	31999.000
1193.423	31803.000
1193.565	32064.000
1193.707	31800.000
1193.850	31998.000
1193.992	31683.000
1194.134	31985.000
1194.276	31800.000
1194.418	31824.000
1194.560	31643.000
1194.702	31918.000
1194.844	31600.000
1194.986	31955.000
1195.128	31653.000
1195.270	31785.000
1195.412	31562.000
1195.554	31746.000
1195.696	31633.000
1195.837	31774.000
1195.979	31399.000
1196.121	31633.000
1196.263	31443.000
1196.405	31596.000
1196.547	31324.000
1196.689	31456.000
1196.831	31261.000
1196.973	31449.000
1197.115	31095.000
1197.256	31285.000
1197.398	31074.000
1197.540	31185.000
1197.682	30843.000
1197.824	31110.000
1197.966	30909.000
1198.107	31008.000
1198.249	30742.000
1198.391	31005.000
1198.533	30592.000
1198.675	30828.000
1198.816	30372.000
1198.958	30594.000
1199.100	30552.000
1199.242	30632.000
1199.383	30262.000
1199.525	30457.000
1199.667	29972.000
1199.808	30272.000
1199.950	29953.000
1200.092	30248.000
1200.233	29935.000
1200.375	29995.000
1200.517	29732.000
1200.658	29771.000
1200.800	29608.000
1200.942	29631.000
1201.083	29340.000
1201.225	29542.000
1201.367	29192.000
1201.508	29353.000
1201.650	28857.000
1201.791	29035.000
1201.933	28825.000
1202.074	28772.000
1202.216	28468.000
1202.358	28565.000
1202.499	28243.000
1202.641	28384.000
1202.782	28068.000
1202.924	28180.000
1203.065	28045.000
1203.207	27940.000
1203.348	27800.000
1203.490	27853.000
1203.631	27649.000
1203.773	27662.000
1203.914	27408.000
1204.056	27549.000
1204.197	27407.000
1204.338	27363.000
1204.480	27206.000
1204.621	27303.000
1204.763	27212.000
1204.904	27167.000
1205.045	26983.000
1205.187	27319.000
1205.328	27052.000
1205.470	27183.000
1205.611	26963.000
1205.752	27081.000
1205.894	27043.000
1206.035	27049.000
1206.176	26924.000
1206.318	26885.000
1206.459	27080.000
1206.600	27143.000
1206.741	26933.000
1206.883	26951.000
1207.024	26880.000
1207.165	26936.000
1207.306	26694.000
1207.448	26765.000
1207.589	26629.000
1207.730	26658.000
1207.871	26572.000
1208.013	26616.000
1208.154	26417.000
1208.295	26426.000
1208.436	26177.000
1208.577	26335.000
1208.719	26091.000
1208.860	26180.000
1209.001	25963.000
1209.142	25995.000
1209.283	25946.000
1209.424	25847.000
1209.565	25758.000
1209.706	25845.000
1209.848	25786.000
1209.989	25779.000
1210.130	25504.000
1210.271	25651.000
1210.412	25385.000
1210.553	25583.000
1210.694	25363.000
1210.835	25458.000
1210.976	25356.000
1211.117	25251.000
1211.258	25228.000
1211.399	25324.000
1211.540	25130.000
1211.681	25134.000
1211.822	25114.000
1211.963	25227.000
1212.104	24969.000
1212.245	25079.000
1212.386	25016.000
1212.527	25014.000
1212.668	24943.000
1212.809	24881.000
1212.950	24912.000
1213.090	24837.000
1213.231	24810.000
1213.372	24747.000
1213.513	24724.000
1213.654	24868.000
1213.795	24636.000
1213.936	24655.000
1214.077	24629.000
1214.217	24771.000
1214.358	24691.000
1214.499	24722.000
1214.640	24635.000
1214.781	24547.000
1214.921	24599.000
1215.062	24501.000
1215.203	24470.000
1215.344	24410.000
1215.485	24430.000
1215.625	24565.000
1215.766	24489.000
1215.907	24555.000
1216.047	24423.000
1216.188	24431.000
1216.329	24322.000
1216.470	24319.000
1216.610	24338.000
1216.751	24404.000
1216.892	24125.000
1217.032	24182.000
1217.173	24228.000
1217.314	24368.000
1217.454	24135.000
1217.595	24277.000
1217.735	24166.000
1217.876	24229.000
1218.017	24209.000
1218.157	24180.000
1218.298	24208.000
1218.438	24187.000
1218.579	24193.000
1218.720	24126.000
1218.860	24244.000
1219.001	24147.000
1219.141	23938.000
1219.282	24171.000
1219.422	24001.000
1219.563	24028.000
1219.703	23844.000
1219.844	24067.000
1219.984	24081.000
1220.125	24080.000
1220.265	23974.000
1220.406	24038.000
1220.546	24027.000
1220.687	24111.000
1220.827	23864.000
1220.967	24031.000
1221.108	24119.000
1221.248	24013.000
1221.389	23950.000
1221.529	24004.000
1221.669	23958.000
1221.810	24004.000
1221.950	23835.000
1222.091	23936.000
1222.231	23874.000
1222.371	23997.000
1222.512	23845.000
1222.652	23991.000
1222.792	24035.000
1222.933	23927.000
1223.073	23885.000
1223.213	24047.000
1223.353	24045.000
1223.494	24045.000
1223.634	23812.000
1223.774	23980.000
1223.914	23844.000
1224.055	24000.000
1224.195	23915.000
1224.335	23990.000
1224.475	23954.000
1224.616	23945.000
1224.756	23817.000
1224.896	23964.000
1225.036	24063.000
1225.176	24062.000
1225.316	23995.000
1225.457	23963.000
1225.597	24004.000
1225.737	24028.000
1225.877	23978.000
1226.017	23990.000
1226.157	24076.000
1226.297	24035.000
1226.437	23909.000
1226.578	24004.000
1226.718	24016.000
1226.858	24000.000
1226.998	23999.000
1227.138	24106.000
1227.278	23941.000
1227.418	24142.000
1227.558	23865.000
1227.698	24172.000
1227.838	24115.000
1227.978	24103.000
1228.118	23945.000
1228.258	23992.000
1228.398	24032.000
1228.538	24088.000
1228.678	23955.000
1228.818	24081.000
1228.958	24010.000
1229.098	24123.000
1229.238	24061.000
1229.377	24052.000
1229.517	24031.000
1229.657	24166.000
1229.797	23979.000
1229.937	24107.000
1230.077	24106.000
1230.217	24178.000
1230.357	24100.000
1230.496	24206.000
1230.636	24106.000
1230.776	24145.000
1230.916	23974.000
1231.056	24221.000
1231.196	24096.000
1231.335	24070.000
1231.475	24009.000
1231.615	24269.000
1231.755	24068.000
1231.894	24166.000
1232.034	23976.000
1232.174	24170.000
1232.314	24211.000
1232.453	24081.000
1232.593	24033.000
1232.733	24178.000
1232.873	24204.000
1233.012	24974.000
1233.152	24042.000
1233.292	24157.000
1233.431	24124.000
1233.571	24086.000
1233.711	24132.000
1233.850	24127.000
1233.990	24235.000
1234.129	24139.000
1234.269	23909.000
1234.409	24186.000
1234.548	24095.000
1234.688	24172.000
1234.828	24042.000
1234.967	24187.000
1235.107	24195.000
1235.246	24124.000
1235.386	23972.000
1235.525	24080.000
1235.665	24017.000
1235.804	24060.000
1235.944	23996.000
1236.083	24099.000
1236.223	23865.000
1236.362	24132.000
1236.502	23884.000
1236.641	24012.000
1236.781	24137.000
1236.920	24115.000
1237.060	23871.000
1237.199	24020.000
1237.339	23866.000
1237.478	24015.000
1237.617	23879.000
1237.757	24013.000
1237.896	23806.000
1238.036	24067.000
1238.175	23847.000
1238.314	24036.000
1238.454	23918.000
1238.593	23926.000
1238.732	23867.000
1238.872	24029.000
1239.011	24103.000
1239.150	24098.000
1239.290	23900.000
1239.429	24161.000
1239.568	23933.000
1239.708	24089.000
1239.847	23925.000
1239.986	24097.000
1240.125	23980.000
1240.265	24102.000
1240.404	23947.000
1240.543	24212.000
1240.682	23960.000
1240.822	24147.000
1240.961	23952.000
1241.100	24146.000
1241.239	24018.000
1241.378	24068.000
1241.518	24081.000
1241.657	24127.000
1241.796	24121.000
1241.935	24167.000
1242.074	24062.000
1242.213	24228.000
1242.352	24051.000
1242.492	24122.000
1242.631	24150.000
1242.770	24229.000
1242.909	24168.000
1243.048	24181.000
1243.187	24158.000
1243.326	24243.000
1243.465	24187.000
1243.604	24224.000
1243.743	24124.000
1243.882	24191.000
1244.021	24219.000
1244.160	24294.000
1244.299	24205.000
1244.438	24247.000
1244.577	24258.000
1244.716	24207.000
1244.855	24167.000
1244.994	24321.000
1245.133	24327.000
1245.272	24411.000
1245.411	24277.000
1245.550	24502.000
1245.689	24409.000
1245.828	24480.000
1245.967	24279.000
1246.106	24489.000
1246.244	24447.000
1246.383	24485.000
1246.522	24257.000
1246.661	24496.000
1246.800	24487.000
1246.939	24378.000
1247.078	24428.000
1247.216	24440.000
1247.355	24555.000
1247.494	24602.000
1247.633	24370.000
1247.772	24443.000
1247.910	24402.000
1248.049	24404.000
1248.188	24377.000
1248.327	24475.000
1248.465	24446.000
1248.604	24479.000
1248.743	24323.000
1248.882	24522.000
1249.020	24416.000
1249.159	24532.000
1249.298	24365.000
1249.436	24464.000
1249.575	24462.000
1249.714	24412.000
1249.852	24322.000
1249.991	24362.000
1250.130	24408.000
1250.268	24284.000
1250.407	24391.000
1250.546	24485.000
1250.684	24239.000
1250.823	24399.000
1250.961	24318.000
1251.100	24424.000
1251.239	24333.000
1251.377	24413.000
1251.516	24273.000
1251.654	24365.000
1251.793	24291.000
1251.931	24395.000
1252.070	24231.000
1252.208	24416.000
1252.347	24256.000
1252.485	24469.000
1252.624	24270.000
1252.762	24311.000
1252.901	24355.000
1253.039	24539.000
1253.178	24256.000
1253.316	24483.000
1253.455	24347.000
1253.593	24427.000
1253.732	24269.000
1253.870	21773.000
1254.008	24317.000
1254.147	24405.000
1254.285	24228.000
1254.424	24324.000
1254.562	24391.000
1254.700	24388.000
1254.839	24277.000
1254.977	24378.000
1255.115	24321.000
1255.254	24285.000
1255.392	24253.000
1255.530	24292.000
1255.669	24374.000
1255.807	24319.000
1255.945	24171.000
1256.084	24275.000
1256.222	24250.000
1256.360	24224.000
1256.498	24072.000
1256.637	24346.000
1256.775	24122.000
1256.913	24273.000
1257.051	24058.000
1257.189	24146.000
1257.328	24299.000
1257.466	24165.000
1257.604	24199.000
1257.742	24270.000
1257.880	24151.000
1258.019	24251.000
1258.157	24015.000
1258.295	24146.000
1258.433	24034.000
1258.571	24155.000
1258.709	23950.000
1258.847	24235.000
1258.986	24104.000
1259.124	24176.000
1259.262	24141.000
1259.400	24043.000
1259.538	24081.000
1259.676	24092.000
1259.814	23989.000
1259.952	24030.000
1260.090	24049.000
1260.228	24055.000
1260.366	24021.000
1260.504	24069.000
1260.642	24073.000
1260.780	24155.000
1260.918	23993.000
1261.056	24145.000
1261.194	24209.000
1261.332	24106.000
1261.470	24023.000
1261.608	24226.000
1261.746	24168.000
1261.884	24090.000
1262.022	24208.000
1262.160	30286.000
1262.297	24316.000
1262.435	24258.000
1262.573	24187.000
1262.711	24296.000
1262.849	24241.000
1262.987	24203.000
1263.125	24247.000
1263.262	24389.000
1263.400	24426.000
1263.538	24398.000
1263.676	24262.000
1263.814	24382.000
1263.952	24362.000
1264.089	24510.000
1264.227	24375.000
1264.365	24476.000
1264.503	24483.000
1264.640	24426.000
1264.778	24453.000
1264.916	24504.000
1265.054	24553.000
1265.191	24508.000
1265.329	24466.000
1265.467	24579.000
1265.604	24516.000
1265.742	24551.000
1265.880	24377.000
1266.017	24546.000
1266.155	24556.000
1266.293	24480.000
1266.430	24465.000
1266.568	24507.000
1266.706	24635.000
1266.843	24545.000
1266.981	24509.000
1267.119	24404.000
1267.256	24505.000
1267.394	24314.000
1267.531	24470.000
1267.669	24441.000
1267.806	24574.000
1267.944	24436.000
1268.081	24509.000
1268.219	24554.000
1268.357	24569.000
1268.494	24500.000
1268.632	24521.000
1268.769	24439.000
1268.907	24751.000
1269.044	24656.000
1269.182	24415.000
1269.319	24523.000
1269.456	24725.000
1269.594	24655.000
1269.731	24589.000
1269.869	24563.000
1270.006	24700.000
1270.144	24725.000
1270.281	24622.000
1270.418	24719.000
1270.556	24773.000
1270.693	24671.000
1270.831	24799.000
1270.968	24741.000
1271.105	24840.000
1271.243	24613.000
1271.380	24728.000
1271.517	24848.000
1271.655	25029.000
1271.792	24845.000
1271.929	24781.000
1272.066	24892.000
1272.204	25068.000
1272.341	24888.000
1272.478	24991.000
1272.616	24884.000
1272.753	25045.000
1272.890	24822.000
1273.027	24867.000
1273.165	24926.000
1273.302	25103.000
1273.439	24959.000
1273.576	24895.000
1273.713	24985.000
1273.851	25307.000
1273.988	25055.000
1274.125	25015.000
1274.262	25133.000
1274.399	25100.000
1274.536	25172.000
1274.673	25143.000
