929.762	8898.000
929.906	8828.000
930.049	8856.000
930.193	8933.000
930.337	8827.000
930.481	8936.000
930.625	8834.000
930.769	8909.000
930.913	8834.000
931.057	8920.000
931.201	8808.000
931.345	8899.000
931.488	8828.000
931.632	8837.000
931.776	8797.000
931.920	8944.000
932.064	8712.000
932.208	8905.000
932.352	8773.000
932.495	8917.000
932.639	8771.000
932.783	8778.000
932.927	8886.000
933.071	8876.000
933.215	8824.000
933.359	8833.000
933.502	8827.000
933.646	8823.000
933.790	8793.000
933.934	8813.000
934.078	8828.000
934.221	8878.000
934.365	8851.000
934.509	8848.000
934.653	8775.000
934.797	8823.000
934.940	8836.000
935.084	8801.000
935.228	8842.000
935.372	8871.000
935.515	8780.000
935.659	8870.000
935.803	8765.000
935.947	8872.000
936.090	8708.000
936.234	8840.000
936.378	8799.000
936.522	8763.000
936.665	8792.000
936.809	8792.000
936.953	8757.000
937.097	8757.000
937.240	8783.000
937.384	8837.000
937.528	8744.000
937.671	8799.000
937.815	8717.000
937.959	8803.000
938.102	8682.000
938.246	8729.000
938.390	8784.000
938.534	8728.000
938.677	8672.000
938.821	8696.000
938.965	8651.000
939.108	8779.000
939.252	8710.000
939.396	8649.000
939.539	8676.000
939.683	8743.000
939.826	8685.000
939.970	8647.000
940.114	8665.000
940.257	8713.000
940.401	8582.000
940.545	8656.000
940.688	8593.000
940.832	8662.000
940.975	8634.000
941.119	8740.000
941.263	8592.000
941.406	8659.000
941.550	8621.000
941.693	8622.000
941.837	8534.000
941.981	8592.000
942.124	8551.000
942.268	8544.000
942.411	8591.000
942.555	8611.000
942.698	8527.000
942.842	8623.000
942.986	8591.000
943.129	8611.000
943.273	8581.000
943.416	8597.000
943.560	8515.000
943.703	8585.000
943.847	8563.000
943.990	8609.000
944.134	8510.000
944.277	8533.000
944.421	8481.000
944.564	8447.000
944.708	8503.000
944.851	8652.000
944.995	8478.000
945.138	8545.000
945.282	8505.000
945.425	8514.000
945.569	8495.000
945.712	8573.000
945.856	8384.000
945.999	8589.000
946.143	8443.000
946.286	8455.000
946.430	8526.000
946.573	8536.000
946.716	8531.000
946.860	8514.000
947.003	8479.000
947.147	8533.000
947.290	8495.000
947.434	8601.000
947.577	8431.000
947.720	8563.000
947.864	8387.000
948.007	8471.000
948.151	8553.000
948.294	8543.000
948.437	8469.000
948.581	8573.000
948.724	8495.000
948.868	8505.000
949.011	8456.000
949.154	8502.000
949.298	8526.000
949.441	8604.000
949.584	8519.000
949.728	8562.000
949.871	8507.000
950.015	8555.000
950.158	8503.000
950.301	8457.000
950.445	8486.000
950.588	8600.000
950.731	8527.000
950.875	8506.000
951.018	8414.000
951.161	8569.000
951.304	8489.000
951.448	8467.000
951.591	8435.000
951.734	8495.000
951.878	8426.000
952.021	8559.000
952.164	8499.000
952.308	8573.000
952.451	8462.000
952.594	8545.000
952.737	8474.000
952.881	8470.000
953.024	8436.000
953.167	8535.000
953.310	8412.000
953.454	8496.000
953.597	8485.000
953.740	8482.000
953.883	8419.000
954.027	8524.000
954.170	8361.000
954.313	8514.000
954.456	8432.000
954.600	8468.000
954.743	8479.000
954.886	8474.000
955.029	8385.000
955.172	8501.000
955.316	8265.000
955.459	8419.000
955.602	8434.000
955.745	8543.000
955.888	8393.000
956.032	8485.000
956.175	8320.000
956.318	8377.000
956.461	8342.000
956.604	8398.000
956.747	8397.000
956.890	8521.000
957.034	8335.000
957.177	8380.000
957.320	8296.000
957.463	8401.000
957.606	8362.000
957.749	8489.000
957.892	8276.000
958.036	8422.000
958.179	8243.000
958.322	8483.000
958.465	8464.000
958.608	8351.000
958.751	8395.000
958.894	8371.000
959.037	8290.000
959.180	8396.000
959.323	8318.000
959.467	8441.000
959.610	8275.000
959.753	8416.000
959.896	8286.000
960.039	8374.000
960.182	8271.000
960.325	8468.000
960.468	8318.000
960.611	8374.000
960.754	8245.000
960.897	8364.000
961.040	8226.000
961.183	8391.000
961.326	8327.000
961.469	8429.000
961.612	8290.000
961.755	8409.000
961.898	8184.000
962.041	8440.000
962.184	8245.000
962.327	8383.000
962.470	8263.000
962.613	8449.000
962.756	8317.000
962.899	8412.000
963.042	8294.000
963.185	8423.000
963.328	8286.000
963.471	8388.000
963.614	8289.000
963.757	8441.000
963.900	8244.000
964.043	8355.000
964.186	8249.000
964.329	8353.000
964.472	8278.000
964.615	8406.000
964.758	8267.000
964.900	8427.000
965.043	8291.000
965.186	8409.000
965.329	8371.000
965.472	8454.000
965.615	8370.000
965.758	8357.000
965.901	8251.000
966.044	8398.000
966.187	8271.000
966.329	8407.000
966.472	8416.000
966.615	8464.000
966.758	8286.000
966.901	8459.000
967.044	8379.000
967.187	8381.000
967.330	8278.000
967.472	8430.000
967.615	8317.000
967.758	8418.000
967.901	8318.000
968.044	8455.000
968.187	8286.000
968.329	8418.000
968.472	8360.000
968.615	8400.000
968.758	8323.000
968.901	8429.000
969.043	8354.000
969.186	8382.000
969.329	8307.000
969.472	8535.000
969.615	8355.000
969.757	8358.000
969.900	8396.000
970.043	8447.000
970.186	8294.000
970.328	8439.000
970.471	8421.000
970.614	8481.000
970.757	8337.000
970.899	8410.000
971.042	8295.000
971.185	8404.000
971.328	8333.000
971.470	8404.000
971.613	8346.000
971.756	8459.000
971.899	8339.000
972.041	8390.000
972.184	8184.000
972.327	8487.000
972.469	8298.000
972.612	8360.000
972.755	8315.000
972.898	8467.000
973.040	8283.000
973.183	8389.000
973.326	8404.000
973.468	8330.000
973.611	8225.000
973.754	8423.000
973.896	8289.000
974.039	8376.000
974.182	8276.000
974.324	8463.000
974.467	8374.000
974.610	8399.000
974.752	8271.000
974.895	8395.000
975.037	8351.000
975.180	8393.000
975.323	8226.000
975.465	8443.000
975.608	8282.000
975.751	8297.000
975.893	8307.000
976.036	8345.000
976.178	8261.000
976.321	8477.000
976.464	8217.000
976.606	8269.000
976.749	8256.000
976.891	8454.000
977.034	8307.000
977.176	8318.000
977.319	8174.000
977.462	8407.000
977.604	8232.000
977.747	8358.000
977.889	8262.000
978.032	8404.000
978.174	8268.000
978.317	8389.000
978.459	8324.000
978.602	8419.000
978.744	8274.000
978.887	8436.000
979.029	8200.000
979.172	8310.000
979.314	8287.000
979.457	8329.000
979.599	8196.000
979.742	8425.000
979.884	8151.000
980.027	8295.000
980.169	8235.000
980.312	8394.000
980.454	8252.000
980.597	8336.000
980.739	8278.000
980.882	8284.000
981.024	8209.000
981.167	8316.000
981.309	8319.000
981.452	8274.000
981.594	8226.000
981.736	8248.000
981.879	8235.000
982.021	8318.000
982.164	8217.000
982.306	8245.000
982.449	8241.000
982.591	8329.000
982.733	8212.000
982.876	8352.000
983.018	8119.000
983.161	8356.000
983.303	8166.000
983.445	8321.000
983.588	8219.000
983.730	8393.000
983.873	8203.000
984.015	8449.000
984.157	8121.000
984.300	8441.000
984.442	8234.000
984.584	8376.000
984.727	8212.000
984.869	8348.000
985.011	8247.000
985.154	8297.000
985.296	8219.000
985.438	8375.000
985.581	8191.000
985.723	8309.000
985.865	8217.000
986.008	8343.000
986.150	8299.000
986.292	8346.000
986.435	8257.000
986.577	8323.000
986.719	8183.000
986.861	8371.000
987.004	7875.000
987.146	8395.000
987.288	8250.000
987.431	8312.000
987.573	8330.000
987.715	8303.000
987.857	8149.000
988.000	8302.000
988.142	8261.000
988.284	8423.000
988.426	8199.000
988.569	8327.000
988.711	8186.000
988.853	8370.000
988.995	8259.000
989.138	8293.000
989.280	8184.000
989.422	8384.000
989.564	8255.000
989.706	8356.000
989.849	8198.000
989.991	8376.000
990.133	8216.000
990.275	8371.000
990.417	8255.000
990.560	8310.000
990.702	8153.000
990.844	8325.000
990.986	8234.000
991.128	8486.000
991.270	8227.000
991.413	8385.000
991.555	8244.000
991.697	8344.000
991.839	8235.000
991.981	8348.000
992.123	8244.000
992.265	8396.000
992.408	8254.000
992.550	8354.000
992.692	8255.000
992.834	8415.000
992.976	8299.000
993.118	8390.000
993.260	8196.000
993.402	8299.000
993.544	8218.000
993.687	8378.000
993.829	8170.000
993.971	8316.000
994.113	8195.000
994.255	8316.000
994.397	8185.000
994.539	8328.000
994.681	8239.000
994.823	8369.000
994.965	8220.000
995.107	8381.000
995.249	8260.000
995.391	8318.000
995.533	8218.000
995.675	8327.000
995.817	8268.000
995.959	8341.000
996.101	8159.000
996.243	8363.000
996.385	8217.000
996.527	8295.000
996.669	8209.000
996.811	8366.000
996.953	8227.000
997.095	8332.000
997.237	8200.000
997.379	8342.000
997.521	8209.000
997.663	8326.000
997.805	8307.000
997.947	8314.000
998.089	8219.000
998.231	8288.000
998.373	8173.000
998.515	8423.000
998.657	8304.000
998.799	8300.000
998.941	8213.000
999.083	8269.000
999.225	8266.000
999.367	8335.000
999.509	8295.000
999.651	8426.000
999.793	8229.000
999.934	8357.000
1000.076	8223.000
1000.218	8366.000
1000.360	8229.000
1000.502	8390.000
1000.644	8287.000
1000.786	8410.000
1000.928	8257.000
1001.070	8227.000
1001.212	8196.000
1001.353	8372.000
1001.495	8185.000
1001.637	8302.000
1001.779	8183.000
1001.921	8295.000
1002.063	8182.000
1002.205	8305.000
1002.346	8179.000
1002.488	8412.000
1002.630	8097.000
1002.772	8388.000
1002.914	8197.000
1003.055	8340.000
1003.197	8235.000
1003.339	8352.000
1003.481	8178.000
1003.623	8333.000
1003.765	8179.000
1003.906	8300.000
1004.048	8180.000
1004.190	8305.000
1004.332	8132.000
1004.473	8307.000
1004.615	8340.000
1004.757	8341.000
1004.899	8210.000
1005.041	8354.000
1005.182	8158.000
1005.324	8338.000
1005.466	8168.000
1005.608	8331.000
1005.749	8162.000
1005.891	8452.000
1006.033	8274.000
1006.175	8415.000
1006.316	8208.000
1006.458	8378.000
1006.600	8222.000
1006.741	8336.000
1006.883	8170.000
1007.025	8311.000
1007.167	8175.000
1007.308	8361.000
1007.450	8255.000
1007.592	8347.000
1007.733	8123.000
1007.875	8311.000
1008.017	8198.000
1008.158	8291.000
1008.300	8230.000
1008.442	8317.000
1008.583	8115.000
1008.725	8370.000
1008.867	8123.000
1009.008	8337.000
1009.150	8208.000
1009.292	8418.000
1009.433	8218.000
1009.575	8279.000
1009.716	8146.000
1009.858	8270.000
1010.000	8240.000
1010.141	8398.000
1010.283	8155.000
1010.425	8370.000
1010.566	8085.000
1010.708	8314.000
1010.849	8222.000
1010.991	8302.000
1011.132	8116.000
1011.274	8314.000
1011.416	8269.000
1011.557	8251.000
1011.699	8181.000
1011.840	8347.000
1011.982	8152.000
1012.123	8343.000
1012.265	8144.000
1012.407	8378.000
1012.548	8173.000
1012.690	8248.000
1012.831	8138.000
1012.973	8299.000
1013.114	8170.000
1013.256	8351.000
1013.397	8301.000
1013.539	8526.000
1013.680	8515.000
1013.822	8666.000
1013.963	8542.000
1014.105	8751.000
1014.246	8595.000
1014.388	8920.000
1014.529	8934.000
1014.671	9132.000
1014.812	8606.000
1014.954	8519.000
1015.095	8330.000
1015.237	8376.000
1015.378	8154.000
1015.520	8310.000
1015.661	8120.000
1015.803	8256.000
1015.944	8030.000
1016.085	8238.000
1016.227	8089.000
1016.368	8165.000
1016.510	7988.000
1016.651	8196.000
1016.793	8155.000
1016.934	8180.000
1017.075	8089.000
1017.217	8205.000
1017.358	8086.000
1017.500	8214.000
1017.641	8052.000
1017.782	8254.000
1017.924	8051.000
1018.065	8153.000
1018.207	8033.000
1018.348	8273.000
1018.489	8054.000
1018.631	8144.000
1018.772	8054.000
1018.913	8122.000
1019.055	8019.000
1019.196	8106.000
1019.337	7985.000
1019.479	8217.000
1019.620	8078.000
1019.761	8149.000
1019.903	8004.000
1020.044	8172.000
1020.185	8030.000
1020.327	8102.000
1020.468	7971.000
1020.609	8153.000
1020.751	7973.000
1020.892	8142.000
1021.033	7998.000
1021.175	8151.000
1021.316	8046.000
1021.457	8129.000
1021.598	7985.000
1021.740	8178.000
1021.881	8029.000
1022.022	8137.000
1022.164	8017.000
1022.305	8155.000
1022.446	7947.000
1022.587	8105.000
1022.729	8065.000
1022.870	8244.000
1023.011	8050.000
1023.152	8079.000
1023.294	8023.000
1023.435	8111.000
1023.576	7946.000
1023.717	8160.000
1023.858	7981.000
1024.000	8184.000
1024.141	7968.000
1024.282	8067.000
1024.423	7963.000
1024.564	8202.000
1024.706	8060.000
1024.847	8201.000
1024.988	7989.000
1025.129	8193.000
1025.270	8032.000
1025.412	8197.000
1025.553	7998.000
1025.694	8215.000
1025.835	7972.000
1025.976	8135.000
1026.117	8009.000
1026.258	8194.000
1026.400	7999.000
1026.541	8213.000
1026.682	8057.000
1026.823	8148.000
1026.964	8075.000
1027.105	8148.000
1027.246	8073.000
1027.388	8254.000
1027.529	8079.000
1027.670	8129.000
1027.811	7997.000
1027.952	8224.000
1028.093	8101.000
1028.234	8122.000
1028.375	8054.000
1028.516	8180.000
1028.657	8078.000
1028.798	8229.000
1028.939	8061.000
1029.081	8164.000
1029.222	8135.000
1029.363	8191.000
1029.504	8057.000
1029.645	8294.000
1029.786	8124.000
1029.927	8252.000
1030.068	8196.000
1030.209	8245.000
1030.350	8099.000
1030.491	8208.000
1030.632	8114.000
1030.773	8246.000
1030.914	8095.000
1031.055	8197.000
1031.196	8211.000
1031.337	8264.000
1031.478	8091.000
1031.619	8194.000
1031.760	8076.000
1031.901	8307.000
1032.042	8083.000
1032.183	8194.000
1032.324	8115.000
1032.465	8334.000
1032.606	8684.000
1032.747	8242.000
1032.888	8087.000
1033.029	8246.000
1033.170	8076.000
1033.311	8279.000
1033.452	8057.000
1033.592	8283.000
1033.733	8098.000
1033.874	8118.000
1034.015	8165.000
1034.156	8218.000
1034.297	8111.000
1034.438	8210.000
1034.579	8105.000
1034.720	8286.000
1034.861	8092.000
1035.002	8181.000
1035.142	8038.000
1035.283	8199.000
1035.424	8062.000
1035.565	8190.000
1035.706	8093.000
1035.847	8193.000
1035.988	8163.000
1036.129	8166.000
1036.269	8036.000
1036.410	8295.000
1036.551	8095.000
1036.692	8149.000
1036.833	8061.000
1036.974	8127.000
1037.114	8078.000
1037.255	8137.000
1037.396	8079.000
1037.537	8092.000
1037.678	8061.000
1037.819	8126.000
1037.959	8059.000
1038.100	8135.000
1038.241	8055.000
1038.382	8182.000
1038.523	8038.000
1038.663	8218.000
1038.804	8092.000
1038.945	8142.000
1039.086	8090.000
1039.226	8146.000
1039.367	8098.000
1039.508	8159.000
1039.649	8068.000
1039.789	8131.000
1039.930	8095.000
1040.071	8148.000
1040.212	8126.000
1040.352	8140.000
1040.493	8055.000
1040.634	8113.000
1040.775	8092.000
1040.915	8145.000
1041.056	8017.000
1041.197	8201.000
1041.337	8109.000
1041.478	8221.000
1041.619	8076.000
1041.760	8177.000
1041.900	8098.000
1042.041	8168.000
1042.182	8038.000
1042.322	8206.000
1042.463	8104.000
1042.604	8257.000
1042.744	8133.000
1042.885	8265.000
1043.026	8093.000
1043.166	8259.000
1043.307	8097.000
1043.448	8192.000
1043.588	8088.000
1043.729	8288.000
1043.869	8093.000
1044.010	8261.000
1044.151	8144.000
1044.291	8299.000
1044.432	8105.000
1044.573	8229.000
1044.713	8147.000
1044.854	8316.000
1044.994	8185.000
1045.135	8265.000
1045.276	8221.000
1045.416	8369.000
1045.557	8219.000
1045.697	8274.000
1045.838	8217.000
1045.978	8362.000
1046.119	8166.000
1046.260	8324.000
1046.400	8209.000
1046.541	8372.000
1046.681	8124.000
1046.822	8369.000
1046.962	8155.000
1047.103	8420.000
1047.243	8299.000
1047.384	8345.000
1047.524	8200.000
1047.665	8316.000
1047.805	8206.000
1047.946	8325.000
1048.087	8209.000
1048.227	8323.000
1048.368	8259.000
1048.508	8303.000
1048.649	8251.000
1048.789	8372.000
1048.929	8266.000
1049.070	8352.000
1049.210	8189.000
1049.351	8407.000
1049.491	8187.000
1049.632	8330.000
1049.772	8161.000
1049.913	8332.000
1050.053	8131.000
1050.194	8356.000
1050.334	8276.000
1050.475	8269.000
1050.615	8242.000
1050.755	8415.000
1050.896	8178.000
1051.036	8367.000
1051.177	8222.000
1051.317	8314.000
1051.458	8194.000
1051.598	8276.000
1051.738	8206.000
1051.879	8258.000
1052.019	8241.000
1052.160	8308.000
1052.300	8228.000
1052.440	8302.000
1052.581	8187.000
1052.721	8392.000
1052.861	8306.000
1053.002	8303.000
1053.142	8296.000
1053.282	8384.000
1053.423	8258.000
1053.563	8331.000
1053.704	7033.000
1053.844	8312.000
1053.984	8208.000
1054.125	8267.000
1054.265	8142.000
1054.405	8305.000
1054.546	8175.000
1054.686	8362.000
1054.826	8219.000
1054.966	8330.000
1055.107	8218.000
1055.247	8326.000
1055.387	8194.000
1055.528	8364.000
1055.668	8236.000
1055.808	8319.000
1055.948	8119.000
1056.089	8329.000
1056.229	8134.000
1056.369	8234.000
1056.510	8228.000
1056.650	8209.000
1056.790	8160.000
1056.930	8252.000
1057.071	8125.000
1057.211	8364.000
1057.351	8101.000
1057.491	8372.000
1057.632	8178.000
1057.772	8235.000
1057.912	8175.000
1058.052	8199.000
1058.192	8115.000
1058.333	8159.000
1058.473	8058.000
1058.613	8139.000
1058.753	8108.000
1058.893	8255.000
1059.034	8099.000
1059.174	8233.000
1059.314	8046.000
1059.454	8196.000
1059.594	8049.000
1059.734	8169.000
1059.875	7982.000
1060.015	8156.000
1060.155	8043.000
1060.295	8130.000
1060.435	8012.000
1060.575	8185.000
1060.716	8112.000
1060.856	8180.000
1060.996	8064.000
1061.136	8283.000
1061.276	8007.000
1061.416	8121.000
1061.556	8091.000
1061.696	8227.000
1061.837	8077.000
1061.977	8282.000
1062.117	12734.000
1062.257	8284.000
1062.397	8103.000
1062.537	8207.000
1062.677	8112.000
1062.817	8218.000
1062.957	8032.000
1063.097	8179.000
1063.237	8231.000
1063.377	8338.000
1063.517	8247.000
1063.658	8388.000
1063.798	8359.000
1063.938	8499.000
1064.078	8472.000
1064.218	8589.000
1064.358	8506.000
1064.498	8667.000
1064.638	8513.000
1064.778	8778.000
1064.918	8787.000
1065.058	8994.000
1065.198	8800.000
1065.338	8644.000
1065.478	8392.000
1065.618	8372.000
1065.758	8187.000
1065.898	8243.000
1066.038	8171.000
1066.178	8333.000
1066.318	8164.000
1066.458	8313.000
1066.598	8153.000
1066.738	8367.000
1066.878	8197.000
1067.018	8322.000
1067.158	8124.000
1067.297	8313.000
1067.437	8048.000
1067.577	8293.000
1067.717	8129.000
1067.857	8295.000
1067.997	8085.000
1068.137	8350.000
1068.277	8163.000
1068.417	8299.000
1068.557	8154.000
1068.697	8343.000
1068.837	8084.000
1068.977	8356.000
1069.116	8269.000
1069.256	8218.000
1069.396	8152.000
1069.536	8311.000
1069.676	8216.000
1069.816	8313.000
1069.956	8190.000
1070.096	8296.000
1070.235	8244.000
1070.375	8305.000
1070.515	8255.000
1070.655	8353.000
1070.795	8236.000
1070.935	8388.000
1071.074	8172.000
1071.214	8325.000
1071.354	8155.000
1071.494	8324.000
1071.634	8260.000
1071.774	8424.000
1071.913	8231.000
1072.053	8313.000
1072.193	8282.000
1072.333	8414.000
1072.473	8280.000
1072.612	8435.000
1072.752	8253.000
1072.892	8412.000
1073.032	8245.000
1073.172	8387.000
1073.311	8307.000
1073.451	8432.000
1073.591	8256.000
1073.731	8270.000
1073.870	8306.000
1074.010	8505.000
1074.150	8313.000
1074.290	8359.000
1074.429	8305.000
1074.569	8310.000
1074.709	8378.000
1074.848	8451.000
