1529.702	6223.000
1529.853	6278.000
1530.004	6224.000
1530.155	6387.000
1530.306	6199.000
1530.456	6399.000
1530.607	6194.000
1530.758	6346.000
1530.909	6212.000
1531.059	6299.000
1531.210	6137.000
1531.360	6359.000
1531.511	6173.000
1531.662	6288.000
1531.812	6195.000
1531.963	6387.000
1532.113	6127.000
1532.264	6345.000
1532.415	6149.000
1532.565	6366.000
1532.716	6120.000
1532.866	6280.000
1533.016	6305.000
1533.167	6318.000
1533.317	6204.000
1533.468	6273.000
1533.618	6220.000
1533.768	6295.000
1533.919	6175.000
1534.069	6263.000
1534.219	6227.000
1534.370	6336.000
1534.520	6241.000
1534.670	6288.000
1534.821	6148.000
1534.971	6312.000
1535.121	6258.000
1535.271	6242.000
1535.421	6223.000
1535.571	6342.000
1535.722	6192.000
1535.872	6315.000
1536.022	6152.000
1536.172	6337.000
1536.322	6145.000
1536.472	6296.000
1536.622	6195.000
1536.772	6246.000
1536.922	6175.000
1537.072	6292.000
1537.222	6146.000
1537.372	6253.000
1537.522	6178.000
1537.672	6318.000
1537.822	6135.000
1537.972	6303.000
1538.122	6113.000
1538.271	6283.000
1538.421	6092.000
1538.571	6201.000
1538.721	6196.000
1538.871	6236.000
1539.020	6112.000
1539.170	6207.000
1539.320	6070.000
1539.470	6267.000
1539.619	6118.000
1539.769	6188.000
1539.919	6101.000
1540.068	6250.000
1540.218	6118.000
1540.367	6182.000
1540.517	6117.000
1540.667	6212.000
1540.816	6025.000
1540.966	6181.000
1541.115	6028.000
1541.265	6144.000
1541.414	6076.000
1541.564	6261.000
1541.713	6029.000
1541.863	6197.000
1542.012	6084.000
1542.161	6167.000
1542.311	6040.000
1542.460	6138.000
1542.609	6007.000
1542.759	6145.000
1542.908	6069.000
1543.057	6126.000
1543.207	5994.000
1543.356	6161.000
1543.505	6057.000
1543.654	6129.000
1543.804	6064.000
1543.953	6126.000
1544.102	5994.000
1544.251	6127.000
1544.400	6026.000
1544.549	6139.000
1544.698	5980.000
1544.848	6062.000
1544.997	5962.000
1545.146	6041.000
1545.295	5992.000
1545.444	6145.000
1545.593	5975.000
1545.742	6106.000
1545.891	5974.000
1546.040	6059.000
1546.189	5986.000
1546.337	6133.000
1546.486	5866.000
1546.635	6139.000
1546.784	5953.000
1546.933	6045.000
1547.082	5991.000
1547.231	6106.000
1547.379	5995.000
1547.528	6100.000
1547.677	5935.000
1547.826	6095.000
1547.974	5997.000
1548.123	6154.000
1548.272	5960.000
1548.420	6154.000
1548.569	5925.000
1548.718	6042.000
1548.866	6053.000
1549.015	6119.000
1549.163	6010.000
1549.312	6121.000
1549.461	6006.000
1549.609	6081.000
1549.758	5957.000
1549.906	6082.000
1550.055	5994.000
1550.203	6117.000
1550.352	5952.000
1550.500	6103.000
1550.648	6018.000
1550.797	6117.000
1550.945	5968.000
1551.093	6014.000
1551.242	5980.000
1551.390	6122.000
1551.538	6036.000
1551.687	6086.000
1551.835	5926.000
1551.983	6115.000
1552.131	6004.000
1552.280	6068.000
1552.428	5918.000
1552.576	6062.000
1552.724	5933.000
1552.872	6113.000
1553.021	6004.000
1553.169	6128.000
1553.317	5965.000
1553.465	6105.000
1553.613	5992.000
1553.761	6056.000
1553.909	5988.000
1554.057	6082.000
1554.205	5898.000
1554.353	6046.000
1554.501	5977.000
1554.649	6057.000
1554.797	5953.000
1554.945	6121.000
1555.093	5877.000
1555.240	6108.000
1555.388	5967.000
1555.536	6003.000
1555.684	6001.000
1555.832	6099.000
1555.980	5890.000
1556.127	6081.000
1556.275	5801.000
1556.423	5980.000
1556.571	5938.000
1556.718	6080.000
1556.866	5936.000
1557.014	6079.000
1557.161	5837.000
1557.309	5957.000
1557.456	5911.000
1557.604	6011.000
1557.752	5946.000
1557.899	6116.000
1558.047	5884.000
1558.194	6008.000
1558.342	5834.000
1558.489	6027.000
1558.637	5883.000
1558.784	6067.000
1558.932	5854.000
1559.079	6013.000
1559.227	5797.000
1559.374	6065.000
1559.521	5990.000
1559.669	5974.000
1559.816	5940.000
1559.963	5997.000
1560.111	5837.000
1560.258	6003.000
1560.405	5869.000
1560.552	6056.000
1560.700	5840.000
1560.847	6048.000
1560.994	5828.000
1561.141	5985.000
1561.288	5811.000
1561.436	6077.000
1561.583	5872.000
1561.730	5994.000
1561.877	5798.000
1562.024	5995.000
1562.171	5783.000
1562.318	5988.000
1562.465	5861.000
1562.612	6027.000
1562.759	5867.000
1562.906	6028.000
1563.053	5718.000
1563.200	6031.000
1563.347	5796.000
1563.494	6019.000
1563.641	5831.000
1563.788	6076.000
1563.934	5862.000
1564.081	6000.000
1564.228	5828.000
1564.375	6043.000
1564.522	5829.000
1564.668	5998.000
1564.815	5880.000
1564.962	6052.000
1565.109	5807.000
1565.255	5964.000
1565.402	5834.000
1565.549	5988.000
1565.695	5840.000
1565.842	5985.000
1565.988	5806.000
1566.135	6029.000
1566.282	5857.000
1566.428	6060.000
1566.575	5944.000
1566.721	6085.000
1566.868	5889.000
1567.014	5956.000
1567.161	5818.000
1567.307	6001.000
1567.454	5814.000
1567.600	6028.000
1567.746	5971.000
1567.893	6046.000
1568.039	5835.000
1568.186	6087.000
1568.332	5932.000
1568.478	5983.000
1568.625	5834.000
1568.771	6073.000
1568.917	5885.000
1569.063	6041.000
1569.210	5851.000
1569.356	6051.000
1569.502	5870.000
1569.648	6005.000
1569.794	5891.000
1569.940	6019.000
1570.087	5863.000
1570.233	6012.000
1570.379	5898.000
1570.525	6024.000
1570.671	5874.000
1570.817	6154.000
1570.963	5899.000
1571.109	5957.000
1571.255	5903.000
1571.401	6059.000
1571.547	5819.000
1571.693	6062.000
1571.839	5950.000
1571.985	6052.000
1572.130	5853.000
1572.276	5958.000
1572.422	5855.000
1572.568	6022.000
1572.714	5875.000
1572.860	6021.000
1573.005	5913.000
1573.151	6059.000
1573.297	5880.000
1573.443	6013.000
1573.588	5748.000
1573.734	6034.000
1573.880	5843.000
1574.025	5992.000
1574.171	5862.000
1574.317	6051.000
1574.462	5855.000
1574.608	6001.000
1574.753	5921.000
1574.899	5905.000
1575.045	5794.000
1575.190	6041.000
1575.336	5843.000
1575.481	5972.000
1575.626	5812.000
1575.772	6075.000
1575.917	5931.000
1576.063	5999.000
1576.208	5852.000
1576.354	6001.000
1576.499	5895.000
1576.644	6030.000
1576.790	5812.000
1576.935	6030.000
1577.080	5831.000
1577.225	5924.000
1577.371	5875.000
1577.516	5978.000
1577.661	5839.000
1577.806	6099.000
1577.952	5807.000
1578.097	5882.000
1578.242	5845.000
1578.387	6044.000
1578.532	5895.000
1578.677	5918.000
1578.822	5762.000
1578.967	6010.000
1579.113	5804.000
1579.258	5977.000
1579.403	5786.000
1579.548	6031.000
1579.693	5848.000
1579.838	5991.000
1579.982	5904.000
1580.127	6026.000
1580.272	5850.000
1580.417	6029.000
1580.562	5792.000
1580.707	5948.000
1580.852	5876.000
1580.997	5959.000
1581.141	5736.000
1581.286	6012.000
1581.431	5732.000
1581.576	5936.000
1581.720	5784.000
1581.865	6016.000
1582.010	5846.000
1582.155	5992.000
1582.299	5828.000
1582.444	5908.000
1582.589	5783.000
1582.733	5950.000
1582.878	5897.000
1583.022	5919.000
1583.167	5795.000
1583.311	5918.000
1583.456	5836.000
1583.601	5946.000
1583.745	5772.000
1583.890	5886.000
1584.034	5799.000
1584.178	5941.000
1584.323	5802.000
1584.467	5932.000
1584.612	5744.000
1584.756	5993.000
1584.900	5749.000
1585.045	5950.000
1585.189	5781.000
1585.333	5995.000
1585.478	5803.000
1585.622	6044.000
1585.766	5719.000
1585.910	6062.000
1586.055	5815.000
1586.199	5967.000
1586.343	5843.000
1586.487	5976.000
1586.631	5839.000
1586.775	5895.000
1586.920	5816.000
1587.064	5988.000
1587.208	5805.000
1587.352	5940.000
1587.496	5798.000
1587.640	5948.000
1587.784	5903.000
1587.928	6008.000
1588.072	5848.000
1588.216	5940.000
1588.360	5777.000
1588.504	6025.000
1588.648	5581.000
1588.792	6011.000
1588.935	5836.000
1589.079	5946.000
1589.223	5888.000
1589.367	5895.000
1589.511	5713.000
1589.655	5941.000
1589.798	5857.000
1589.942	6040.000
1590.086	5814.000
1590.230	5946.000
1590.373	5772.000
1590.517	5993.000
1590.661	5824.000
1590.804	5948.000
1590.948	5738.000
1591.091	6012.000
1591.235	5854.000
1591.379	5940.000
1591.522	5801.000
1591.666	5960.000
1591.809	5806.000
1591.953	5991.000
1592.096	5856.000
1592.240	5886.000
1592.383	5735.000
1592.527	5938.000
1592.670	5817.000
1592.814	6083.000
1592.957	5786.000
1593.100	5991.000
1593.244	5825.000
1593.387	5957.000
1593.530	5815.000
1593.674	5989.000
1593.817	5796.000
1593.960	5983.000
1594.103	5851.000
1594.247	5987.000
1594.390	5810.000
1594.533	6007.000
1594.676	5843.000
1594.819	6028.000
1594.963	5844.000
1595.106	5921.000
1595.249	5772.000
1595.392	6025.000
1595.535	5787.000
1595.678	5925.000
1595.821	5788.000
1595.964	5922.000
1596.107	5787.000
1596.250	5965.000
1596.393	5843.000
1596.536	5973.000
1596.679	5802.000
1596.822	6011.000
1596.965	5858.000
1597.108	5949.000
1597.251	5786.000
1597.393	5974.000
1597.536	5892.000
1597.679	5975.000
1597.822	5788.000
1597.965	6013.000
1598.107	5828.000
1598.250	5951.000
1598.393	5786.000
1598.536	5971.000
1598.678	5818.000
1598.821	5955.000
1598.964	5802.000
1599.106	5982.000
1599.249	5778.000
1599.392	5936.000
1599.534	5882.000
1599.677	5936.000
1599.819	5769.000
1599.962	5942.000
1600.104	5729.000
1600.247	5986.000
1600.389	5883.000
1600.532	5926.000
1600.674	5817.000
1600.817	5910.000
1600.959	5826.000
1601.102	5977.000
1601.244	5869.000
1601.386	6015.000
1601.529	5821.000
1601.671	5963.000
1601.813	5835.000
1601.956	6007.000
1602.098	5823.000
1602.240	6009.000
1602.382	5846.000
1602.525	6014.000
1602.667	5855.000
1602.809	5866.000
1602.951	5756.000
1603.093	6000.000
1603.236	5720.000
1603.378	5930.000
1603.520	5758.000
1603.662	5905.000
1603.804	5763.000
1603.946	5918.000
1604.088	5764.000
1604.230	5999.000
1604.372	5660.000
1604.514	5988.000
1604.656	5791.000
1604.798	5939.000
1604.940	5790.000
1605.082	5953.000
1605.224	5782.000
1605.366	5917.000
1605.507	5744.000
1605.649	5913.000
1605.791	5769.000
1605.933	5954.000
1606.075	5723.000
1606.217	5907.000
1606.358	5906.000
1606.500	5955.000
1606.642	5797.000
1606.783	5964.000
1606.925	5756.000
1607.067	5956.000
1607.209	5741.000
1607.350	5943.000
1607.492	5719.000
1607.633	6035.000
1607.775	5792.000
1607.917	6003.000
1608.058	5779.000
1608.200	5944.000
1608.341	5801.000
1608.483	5966.000
1608.624	5724.000
1608.766	5901.000
1608.907	5756.000
1609.049	5980.000
1609.190	5816.000
1609.331	5937.000
1609.473	5688.000
1609.614	5966.000
1609.755	5783.000
1609.897	5908.000
1610.038	5800.000
1610.179	5941.000
1610.321	5703.000
1610.462	5951.000
1610.603	5699.000
1610.744	5970.000
1610.886	5779.000
1611.027	6031.000
1611.168	5778.000
1611.309	5914.000
1611.450	5723.000
1611.591	5873.000
1611.732	5783.000
1611.874	5999.000
1612.015	5749.000
1612.156	5955.000
1612.297	5657.000
1612.438	5931.000
1612.579	5761.000
1612.720	5955.000
1612.861	5731.000
1613.002	5898.000
1613.143	5868.000
1613.283	5858.000
1613.424	5755.000
1613.565	5965.000
1613.706	5726.000
1613.847	5928.000
1613.988	5690.000
1614.129	5987.000
1614.269	5759.000
1614.410	5836.000
1614.551	5716.000
1614.692	5915.000
1614.832	5739.000
1614.973	5841.000
1615.114	5647.000
1615.254	5886.000
1615.395	5788.000
1615.536	5943.000
1615.676	5754.000
1615.817	5948.000
1615.958	5724.000
1616.098	5868.000
1616.239	5718.000
1616.379	5888.000
1616.520	5638.000
1616.660	5859.000
1616.801	5759.000
1616.941	5921.000
1617.082	5694.000
1617.222	5883.000
1617.362	5697.000
1617.503	5881.000
1617.643	5631.000
1617.784	5861.000
1617.924	5685.000
1618.064	5792.000
1618.205	5651.000
1618.345	5839.000
1618.485	5757.000
1618.625	5803.000
1618.766	5669.000
1618.906	5859.000
1619.046	5698.000
1619.186	5837.000
1619.326	5681.000
1619.467	5867.000
1619.607	5679.000
1619.747	5823.000
1619.887	5649.000
1620.027	5914.000
1620.167	5674.000
1620.307	5795.000
1620.447	5664.000
1620.587	5792.000
1620.727	5636.000
1620.867	5729.000
1621.007	5631.000
1621.147	5854.000
1621.287	5722.000
1621.427	5804.000
1621.567	5649.000
1621.707	5817.000
1621.847	5637.000
1621.986	5742.000
1622.126	5599.000
1622.266	5813.000
1622.406	5598.000
1622.546	5788.000
1622.685	5623.000
1622.825	5790.000
1622.965	5642.000
1623.105	5761.000
1623.244	5582.000
1623.384	5826.000
1623.524	5630.000
1623.663	5774.000
1623.803	5666.000
1623.942	5837.000
1624.082	5573.000
1624.222	5760.000
1624.361	5716.000
1624.501	5844.000
1624.640	5651.000
1624.780	5772.000
1624.919	5685.000
1625.059	5740.000
1625.198	5607.000
1625.337	5799.000
1625.477	5613.000
1625.616	5803.000
1625.756	5607.000
1625.895	5760.000
1626.034	5589.000
1626.174	5851.000
1626.313	5656.000
1626.452	5821.000
1626.591	5603.000
1626.731	5833.000
1626.870	5631.000
1627.009	5847.000
1627.148	5627.000
1627.288	5845.000
1627.427	5629.000
1627.566	5799.000
1627.705	5646.000
1627.844	5799.000
1627.983	5597.000
1628.122	5838.000
1628.261	5644.000
1628.400	5783.000
1628.539	5689.000
1628.678	5789.000
1628.817	5691.000
1628.956	5857.000
1629.095	5669.000
1629.234	5807.000
1629.373	5626.000
1629.512	5826.000
1629.651	5664.000
1629.790	5773.000
1629.929	5663.000
1630.068	5799.000
1630.206	5696.000
1630.345	5878.000
1630.484	5649.000
1630.623	5816.000
1630.762	5742.000
1630.900	5816.000
1631.039	5674.000
1631.178	5876.000
1631.316	5725.000
1631.455	5844.000
1631.594	5743.000
1631.732	5876.000
1631.871	5699.000
1632.010	5816.000
1632.148	5699.000
1632.287	5891.000
1632.425	5694.000
1632.564	5825.000
1632.702	5760.000
1632.841	5875.000
1632.979	5686.000
1633.118	5800.000
1633.256	5669.000
1633.395	5912.000
1633.533	5702.000
1633.671	5839.000
1633.810	5714.000
1633.948	5920.000
1634.086	6097.000
1634.225	5841.000
1634.363	5704.000
1634.501	5842.000
1634.640	5654.000
1634.778	5930.000
1634.916	5662.000
1635.054	5934.000
1635.192	5634.000
1635.331	5778.000
1635.469	5751.000
1635.607	5843.000
1635.745	5688.000
1635.883	5809.000
1636.021	5695.000
1636.159	5904.000
1636.297	5693.000
1636.435	5818.000
1636.573	5651.000
1636.711	5801.000
1636.849	5668.000
1636.987	5842.000
1637.125	5692.000
1637.263	5809.000
1637.401	5745.000
1637.539	5822.000
1637.677	5626.000
1637.815	5932.000
1637.953	5671.000
1638.091	5790.000
1638.228	5660.000
1638.366	5766.000
1638.504	5686.000
1638.642	5759.000
1638.779	5703.000
1638.917	5733.000
1639.055	5693.000
1639.193	5746.000
1639.330	5658.000
1639.468	5792.000
1639.606	5668.000
1639.743	5818.000
1639.881	5664.000
1640.018	5899.000
1640.156	5687.000
1640.294	5795.000
1640.431	5684.000
1640.569	5791.000
1640.706	5685.000
1640.844	5788.000
1640.981	5686.000
1641.119	5778.000
1641.256	5697.000
1641.393	5827.000
1641.531	5755.000
1641.668	5824.000
1641.806	5690.000
1641.943	5751.000
1642.080	5678.000
1642.218	5777.000
1642.355	5656.000
1642.492	5859.000
1642.629	5721.000
1642.767	5843.000
1642.904	5664.000
1643.041	5802.000
1643.178	5661.000
1643.315	5788.000
1643.453	5628.000
1643.590	5860.000
1643.727	5686.000
1643.864	5856.000
1644.001	5726.000
1644.138	5901.000
1644.275	5690.000
1644.412	5875.000
1644.549	5686.000
1644.686	5799.000
1644.823	5653.000
1644.960	5881.000
1645.097	5668.000
1645.234	5869.000
1645.371	5727.000
1645.508	5914.000
1645.645	5667.000
1645.782	5855.000
1645.918	5716.000
1646.055	5904.000
1646.192	5740.000
1646.329	5872.000
1646.466	5791.000
1646.602	5925.000
1646.739	5772.000
1646.876	5823.000
1647.013	5767.000
1647.149	5919.000
1647.286	5736.000
1647.423	5890.000
1647.559	5770.000
1647.696	5964.000
1647.833	5711.000
1647.969	5927.000
1648.106	5733.000
1648.242	5957.000
1648.379	5839.000
1648.515	5919.000
1648.652	5708.000
1648.788	5877.000
1648.925	5733.000
1649.061	5887.000
1649.198	5771.000
1649.334	5919.000
1649.470	5792.000
1649.607	5893.000
1649.743	5772.000
1649.879	5915.000
1650.016	5821.000
1650.152	5908.000
1650.288	5745.000
1650.425	5987.000
1650.561	5738.000
1650.697	5908.000
1650.833	5759.000
1650.970	5898.000
1651.106	5674.000
1651.242	5935.000
1651.378	5826.000
1651.514	5845.000
1651.650	5796.000
1651.787	5953.000
1651.923	5747.000
1652.059	5946.000
1652.195	5799.000
1652.331	5868.000
1652.467	5716.000
1652.603	5849.000
1652.739	5746.000
1652.875	5857.000
1653.011	5742.000
1653.147	5896.000
1653.282	5767.000
1653.418	5881.000
1653.554	5726.000
1653.690	5964.000
1653.826	5833.000
1653.962	5893.000
1654.098	5849.000
1654.233	5924.000
1654.369	5784.000
1654.505	5895.000
1654.641	5023.000
1654.776	5881.000
1654.912	5743.000
1655.048	5840.000
1655.183	5639.000
1655.319	5881.000
1655.455	5703.000
1655.590	5912.000
1655.726	5793.000
1655.862	5883.000
1655.997	5773.000
1656.133	5908.000
1656.268	5730.000
1656.404	5943.000
1656.539	5776.000
1656.675	5898.000
1656.810	5667.000
1656.946	5910.000
1657.081	5678.000
1657.216	5841.000
1657.352	5768.000
1657.487	5808.000
1657.623	5734.000
1657.758	5883.000
1657.893	5687.000
1658.029	5927.000
1658.164	5655.000
1658.299	5955.000
1658.434	5741.000
1658.570	5820.000
1658.705	5782.000
1658.840	5814.000
1658.975	5679.000
1659.110	5768.000
1659.245	5641.000
1659.381	5751.000
1659.516	5658.000
1659.651	5897.000
1659.786	5675.000
1659.921	5848.000
1660.056	5648.000
1660.191	5796.000
1660.326	5659.000
1660.461	5774.000
1660.596	5550.000
1660.731	5788.000
1660.866	5579.000
1661.001	5760.000
1661.136	5599.000
1661.271	5767.000
1661.406	5726.000
1661.540	5790.000
1661.675	5641.000
1661.810	5892.000
1661.945	5594.000
1662.080	5762.000
1662.214	5649.000
1662.349	5837.000
1662.484	5614.000
1662.619	5867.000
1662.753	8757.000
1662.888	5882.000
1663.023	5688.000
1663.157	5804.000
1663.292	5701.000
1663.427	5824.000
1663.561	5582.000
1663.696	5795.000
1663.830	5776.000
1663.965	5918.000
1664.099	5765.000
1664.234	5800.000
1664.368	5681.000
1664.503	5840.000
1664.637	5772.000
1664.772	5904.000
1664.906	5674.000
1665.041	5861.000
1665.175	5670.000
1665.309	5860.000
1665.444	5719.000
1665.578	5935.000
1665.712	5723.000
1665.847	5881.000
1665.981	5744.000
1666.115	5848.000
1666.249	5665.000
1666.384	5805.000
1666.518	5688.000
1666.652	5930.000
1666.786	5695.000
1666.920	5884.000
1667.055	5709.000
1667.189	5950.000
1667.323	5682.000
1667.457	5913.000
1667.591	5706.000
1667.725	5879.000
1667.859	5624.000
1667.993	5866.000
1668.127	5670.000
1668.261	5901.000
1668.395	5647.000
1668.529	5901.000
1668.663	5715.000
1668.797	5887.000
1668.931	5690.000
1669.065	5939.000
1669.199	5657.000
1669.332	5915.000
1669.466	5765.000
1669.600	5823.000
1669.734	5681.000
1669.868	5899.000
1670.001	5722.000
1670.135	5871.000
1670.269	5705.000
1670.403	5848.000
1670.536	5748.000
1670.670	5861.000
1670.804	5767.000
1670.937	5882.000
1671.071	5770.000
1671.205	5948.000
1671.338	5684.000
1671.472	5889.000
1671.605	5700.000
1671.739	5871.000
1671.872	5817.000
1672.006	5955.000
1672.139	5743.000
1672.273	5854.000
1672.406	5799.000
1672.540	5961.000
1672.673	5763.000
1672.807	5989.000
1672.940	5768.000
1673.073	5950.000
1673.207	5766.000
1673.340	5872.000
1673.473	5773.000
1673.607	5950.000
1673.740	5758.000
1673.873	5807.000
1674.006	5819.000
1674.140	6012.000
1674.273	5820.000
1674.406	5874.000
1674.539	5790.000
1674.672	5827.000
1674.805	5818.000
1674.939	6001.000
