1329.918	6360.000
1330.066	6449.000
1330.214	6377.000
1330.363	6481.000
1330.511	6323.000
1330.659	6484.000
1330.807	6331.000
1330.955	6469.000
1331.103	6313.000
1331.251	6444.000
1331.399	6295.000
1331.547	6490.000
1331.695	6321.000
1331.843	6396.000
1331.991	6342.000
1332.139	6519.000
1332.287	6247.000
1332.435	6485.000
1332.583	6286.000
1332.730	6497.000
1332.878	6281.000
1333.026	6392.000
1333.174	6409.000
1333.322	6428.000
1333.470	6357.000
1333.618	6411.000
1333.765	6357.000
1333.913	6393.000
1334.061	6317.000
1334.209	6385.000
1334.356	6339.000
1334.504	6452.000
1334.652	6365.000
1334.800	6416.000
1334.947	6264.000
1335.095	6403.000
1335.243	6391.000
1335.390	6371.000
1335.538	6327.000
1335.686	6408.000
1335.833	6319.000
1335.981	6467.000
1336.128	6256.000
1336.276	6463.000
1336.424	6276.000
1336.571	6431.000
1336.719	6316.000
1336.866	6355.000
1337.014	6291.000
1337.161	6404.000
1337.309	6275.000
1337.456	6339.000
1337.604	6316.000
1337.751	6404.000
1337.899	6293.000
1338.046	6395.000
1338.194	6219.000
1338.341	6391.000
1338.488	6227.000
1338.636	6325.000
1338.783	6290.000
1338.930	6334.000
1339.078	6221.000
1339.225	6314.000
1339.372	6194.000
1339.520	6403.000
1339.667	6261.000
1339.814	6280.000
1339.962	6175.000
1340.109	6315.000
1340.256	6217.000
1340.403	6285.000
1340.550	6239.000
1340.698	6318.000
1340.845	6153.000
1340.992	6253.000
1341.139	6181.000
1341.286	6255.000
1341.433	6174.000
1341.581	6353.000
1341.728	6134.000
1341.875	6284.000
1342.022	6183.000
1342.169	6274.000
1342.316	6131.000
1342.463	6246.000
1342.610	6113.000
1342.757	6226.000
1342.904	6193.000
1343.051	6224.000
1343.198	6132.000
1343.345	6288.000
1343.492	6175.000
1343.639	6248.000
1343.786	6160.000
1343.933	6217.000
1344.080	6082.000
1344.226	6255.000
1344.373	6129.000
1344.520	6279.000
1344.667	6101.000
1344.814	6163.000
1344.961	6075.000
1345.108	6147.000
1345.254	6083.000
1345.401	6275.000
1345.548	6065.000
1345.695	6236.000
1345.841	6096.000
1345.988	6178.000
1346.135	6112.000
1346.282	6211.000
1346.428	5957.000
1346.575	6232.000
1346.722	6031.000
1346.868	6158.000
1347.015	6098.000
1347.162	6214.000
1347.308	6112.000
1347.455	6186.000
1347.601	6074.000
1347.748	6191.000
1347.894	6039.000
1348.041	6236.000
1348.188	6045.000
1348.334	6206.000
1348.481	5964.000
1348.627	6125.000
1348.774	6137.000
1348.920	6227.000
1349.067	6088.000
1349.213	6209.000
1349.359	6069.000
1349.506	6166.000
1349.652	6051.000
1349.799	6157.000
1349.945	6096.000
1350.091	6196.000
1350.238	6047.000
1350.384	6181.000
1350.530	6108.000
1350.677	6199.000
1350.823	6087.000
1350.969	6124.000
1351.116	6084.000
1351.262	6190.000
1351.408	6113.000
1351.554	6149.000
1351.701	6051.000
1351.847	6190.000
1351.993	6073.000
1352.139	6143.000
1352.285	6010.000
1352.432	6153.000
1352.578	6014.000
1352.724	6208.000
1352.870	6069.000
1353.016	6210.000
1353.162	6051.000
1353.308	6159.000
1353.454	6049.000
1353.600	6111.000
1353.747	6025.000
1353.893	6172.000
1354.039	5967.000
1354.185	6137.000
1354.331	6054.000
1354.477	6115.000
1354.623	6049.000
1354.768	6204.000
1354.914	5941.000
1355.060	6141.000
1355.206	5986.000
1355.352	6099.000
1355.498	6052.000
1355.644	6169.000
1355.790	5964.000
1355.936	6165.000
1356.082	5918.000
1356.227	6093.000
1356.373	5983.000
1356.519	6163.000
1356.665	6005.000
1356.811	6158.000
1356.956	5899.000
1357.102	6034.000
1357.248	6009.000
1357.394	6074.000
1357.539	6010.000
1357.685	6185.000
1357.831	5952.000
1357.976	6047.000
1358.122	5892.000
1358.268	6108.000
1358.413	5962.000
1358.559	6159.000
1358.704	5925.000
1358.850	6092.000
1358.996	5869.000
1359.141	6153.000
1359.287	6062.000
1359.432	6049.000
1359.578	5985.000
1359.723	6059.000
1359.869	5891.000
1360.014	6098.000
1360.160	5956.000
1360.305	6142.000
1360.451	5895.000
1360.596	6084.000
1360.742	5923.000
1360.887	6086.000
1361.032	5871.000
1361.178	6147.000
1361.323	5925.000
1361.469	6019.000
1361.614	5854.000
1361.759	6045.000
1361.905	5855.000
1362.050	6026.000
1362.195	5930.000
1362.341	6103.000
1362.486	5931.000
1362.631	6103.000
1362.776	5826.000
1362.922	6093.000
1363.067	5877.000
1363.212	6077.000
1363.357	5906.000
1363.502	6148.000
1363.648	5943.000
1363.793	6049.000
1363.938	5913.000
1364.083	6125.000
1364.228	5881.000
1364.373	6023.000
1364.518	5915.000
1364.663	6081.000
1364.808	5867.000
1364.954	6023.000
1365.099	5897.000
1365.244	6038.000
1365.389	5899.000
1365.534	6042.000
1365.679	5878.000
1365.824	6086.000
1365.969	5895.000
1366.113	6087.000
1366.258	6004.000
1366.403	6122.000
1366.548	5944.000
1366.693	6022.000
1366.838	5887.000
1366.983	6073.000
1367.128	5886.000
1367.273	6124.000
1367.417	6030.000
1367.562	6098.000
1367.707	5904.000
1367.852	6140.000
1367.997	6027.000
1368.141	6042.000
1368.286	5864.000
1368.431	6087.000
1368.576	5918.000
1368.720	6070.000
1368.865	5903.000
1369.010	6142.000
1369.154	5920.000
1369.299	6060.000
1369.444	5922.000
1369.588	6078.000
1369.733	5923.000
1369.878	6071.000
1370.022	5947.000
1370.167	6094.000
1370.311	5930.000
1370.456	6198.000
1370.601	5989.000
1370.745	6035.000
1370.890	5950.000
1371.034	6096.000
1371.179	5892.000
1371.323	6102.000
1371.468	6011.000
1371.612	6132.000
1371.757	5945.000
1371.901	6046.000
1372.045	5949.000
1372.190	6043.000
1372.334	5922.000
1372.479	6076.000
1372.623	5967.000
1372.767	6133.000
1372.912	5924.000
1373.056	6073.000
1373.200	5805.000
1373.345	6112.000
1373.489	5910.000
1373.633	6061.000
1373.777	5938.000
1373.922	6114.000
1374.066	5916.000
1374.210	6038.000
1374.354	6000.000
1374.499	5990.000
1374.643	5861.000
1374.787	6079.000
1374.931	5891.000
1375.075	6047.000
1375.219	5852.000
1375.364	6124.000
1375.508	5982.000
1375.652	6067.000
1375.796	5881.000
1375.940	6084.000
1376.084	5961.000
1376.228	6076.000
1376.372	5827.000
1376.516	6088.000
1376.660	5879.000
1376.804	5974.000
1376.948	5924.000
1377.092	6012.000
1377.236	5904.000
1377.380	6151.000
1377.524	5872.000
1377.668	5928.000
1377.812	5869.000
1377.956	6101.000
1378.099	5940.000
1378.243	5979.000
1378.387	5790.000
1378.531	6089.000
1378.675	5879.000
1378.819	6028.000
1378.962	5834.000
1379.106	6054.000
1379.250	5887.000
1379.394	6020.000
1379.538	5943.000
1379.681	6055.000
1379.825	5871.000
1379.969	6089.000
1380.112	5826.000
1380.256	5986.000
1380.400	5868.000
1380.543	6008.000
1380.687	5773.000
1380.831	6043.000
1380.974	5753.000
1381.118	5942.000
1381.262	5825.000
1381.405	6039.000
1381.549	5851.000
1381.692	6017.000
1381.836	5917.000
1381.979	5949.000
1382.123	5825.000
1382.266	5986.000
1382.410	5930.000
1382.553	5921.000
1382.697	5856.000
1382.840	5946.000
1382.984	5880.000
1383.127	6002.000
1383.271	5820.000
1383.414	5933.000
1383.557	5833.000
1383.701	5973.000
1383.844	5856.000
1383.987	5989.000
1384.131	5763.000
1384.274	6018.000
1384.417	5767.000
1384.561	6007.000
1384.704	5800.000
1384.847	6028.000
1384.990	5839.000
1385.134	6109.000
1385.277	5782.000
1385.420	6122.000
1385.563	5850.000
1385.707	5997.000
1385.850	5826.000
1385.993	6021.000
1386.136	5869.000
1386.279	5958.000
1386.422	5850.000
1386.565	6032.000
1386.709	5787.000
1386.852	5975.000
1386.995	5859.000
1387.138	5983.000
1387.281	5915.000
1387.424	6014.000
1387.567	5894.000
1387.710	5993.000
1387.853	5798.000
1387.996	6035.000
1388.139	5626.000
1388.282	6032.000
1388.425	5886.000
1388.568	5982.000
1388.711	5905.000
1388.854	5927.000
1388.997	5756.000
1389.139	5943.000
1389.282	5891.000
1389.425	6097.000
1389.568	5832.000
1389.711	5995.000
1389.854	5816.000
1389.996	6027.000
1390.139	5865.000
1390.282	5968.000
1390.425	5791.000
1390.568	6048.000
1390.710	5885.000
1390.853	5980.000
1390.996	5845.000
1391.138	6033.000
1391.281	5822.000
1391.424	6073.000
1391.566	5882.000
1391.709	5968.000
1391.852	5731.000
1391.994	5973.000
1392.137	5860.000
1392.280	6118.000
1392.422	5825.000
1392.565	6025.000
1392.707	5859.000
1392.850	5985.000
1392.992	5859.000
1393.135	6014.000
1393.277	5821.000
1393.420	6026.000
1393.562	5877.000
1393.705	6012.000
1393.847	5850.000
1393.990	6065.000
1394.132	5885.000
1394.275	6051.000
1394.417	5848.000
1394.560	5950.000
1394.702	5802.000
1394.844	6035.000
1394.987	5789.000
1395.129	5954.000
1395.271	5827.000
1395.414	5945.000
1395.556	5815.000
1395.698	5992.000
1395.840	5847.000
1395.983	6027.000
1396.125	5817.000
1396.267	6035.000
1396.409	5879.000
1396.552	5978.000
1396.694	5812.000
1396.836	6011.000
1396.978	5907.000
1397.120	5986.000
1397.263	5795.000
1397.405	6049.000
1397.547	5831.000
1397.689	5979.000
1397.831	5834.000
1397.973	5995.000
1398.115	5867.000
1398.257	6015.000
1398.399	5829.000
1398.541	6024.000
1398.683	5813.000
1398.825	5940.000
1398.967	5882.000
1399.109	5970.000
1399.251	5832.000
1399.393	5974.000
1399.535	5737.000
1399.677	6045.000
1399.819	5930.000
1399.961	5968.000
1400.103	5831.000
1400.245	5927.000
1400.387	5885.000
1400.528	6010.000
1400.670	5899.000
1400.812	6066.000
1400.954	5814.000
1401.096	6027.000
1401.238	5856.000
1401.379	6018.000
1401.521	5840.000
1401.663	6019.000
1401.805	5892.000
1401.946	6047.000
1402.088	5888.000
1402.230	5892.000
1402.371	5797.000
1402.513	6011.000
1402.655	5761.000
1402.796	5938.000
1402.938	5810.000
1403.080	5971.000
1403.221	5798.000
1403.363	5954.000
1403.504	5827.000
1403.646	6024.000
1403.788	5743.000
1403.929	6038.000
1404.071	5819.000
1404.212	5959.000
1404.354	5830.000
1404.495	5991.000
1404.637	5823.000
1404.778	5976.000
1404.919	5806.000
1405.061	5964.000
1405.202	5826.000
1405.344	5988.000
1405.485	5767.000
1405.627	5961.000
1405.768	5939.000
1405.909	5971.000
1406.051	5824.000
1406.192	6007.000
1406.333	5783.000
1406.475	5992.000
1406.616	5780.000
1406.757	6009.000
1406.898	5791.000
1407.040	6090.000
1407.181	5845.000
1407.322	6056.000
1407.463	5833.000
1407.605	5989.000
1407.746	5857.000
1407.887	5999.000
1408.028	5774.000
1408.169	5950.000
1408.310	5794.000
1408.452	5981.000
1408.593	5859.000
1408.734	6003.000
1408.875	5744.000
1409.016	5998.000
1409.157	5833.000
1409.298	5961.000
1409.439	5839.000
1409.580	5986.000
1409.721	5721.000
1409.862	5983.000
1410.003	5739.000
1410.144	6016.000
1410.285	5826.000
1410.426	6066.000
1410.567	5815.000
1410.708	5964.000
1410.849	5765.000
1410.990	5933.000
1411.131	5832.000
1411.271	6016.000
1411.412	5783.000
1411.553	6015.000
1411.694	5721.000
1411.835	5962.000
1411.976	5809.000
1412.116	5979.000
1412.257	5792.000
1412.398	5952.000
1412.539	5896.000
1412.680	5918.000
1412.820	5801.000
1412.961	6011.000
1413.102	5786.000
1413.242	5980.000
1413.383	5748.000
1413.524	6021.000
1413.664	5821.000
1413.805	5900.000
1413.946	5766.000
1414.086	5961.000
1414.227	5803.000
1414.367	5882.000
1414.508	5681.000
1414.649	5931.000
1414.789	5845.000
1414.930	5989.000
1415.070	5835.000
1415.211	6011.000
1415.351	5779.000
1415.492	5916.000
1415.632	5768.000
1415.773	5926.000
1415.913	5651.000
1416.053	5901.000
1416.194	5823.000
1416.334	5947.000
1416.475	5739.000
1416.615	5947.000
1416.755	5733.000
1416.896	5937.000
1417.036	5691.000
1417.176	5932.000
1417.317	5717.000
1417.457	5839.000
1417.597	5681.000
1417.738	5874.000
1417.878	5824.000
1418.018	5859.000
1418.158	5705.000
1418.299	5924.000
1418.439	5773.000
1418.579	5927.000
1418.719	5731.000
1418.859	5941.000
1419.000	5712.000
1419.140	5862.000
1419.280	5710.000
1419.420	5929.000
1419.560	5714.000
1419.700	5855.000
1419.840	5728.000
1419.980	5858.000
1420.120	5669.000
1420.260	5819.000
1420.400	5678.000
1420.540	5932.000
1420.680	5772.000
1420.820	5873.000
1420.960	5683.000
1421.100	5875.000
1421.240	5715.000
1421.380	5813.000
1421.520	5688.000
1421.660	5849.000
1421.800	5648.000
1421.940	5832.000
1422.080	5686.000
1422.220	5856.000
1422.360	5687.000
1422.499	5809.000
1422.639	5653.000
1422.779	5861.000
1422.919	5694.000
1423.059	5849.000
1423.198	5698.000
1423.338	5881.000
1423.478	5611.000
1423.618	5837.000
1423.757	5766.000
1423.897	5919.000
1424.037	5690.000
1424.176	5823.000
1424.316	5725.000
1424.456	5807.000
1424.595	5652.000
1424.735	5869.000
1424.875	5688.000
1425.014	5862.000
1425.154	5646.000
1425.293	5800.000
1425.433	5656.000
1425.573	5905.000
1425.712	5722.000
1425.852	5886.000
1425.991	5658.000
1426.131	5897.000
1426.270	5679.000
1426.410	5879.000
1426.549	5676.000
1426.689	5911.000
1426.828	5694.000
1426.967	5874.000
1427.107	5671.000
1427.246	5840.000
1427.386	5693.000
1427.525	5916.000
1427.664	5690.000
1427.804	5835.000
1427.943	5735.000
1428.082	5859.000
1428.222	5727.000
1428.361	5887.000
1428.500	5732.000
1428.640	5842.000
1428.779	5671.000
1428.918	5880.000
1429.057	5752.000
1429.196	5827.000
1429.336	5715.000
1429.475	5856.000
1429.614	5756.000
1429.753	5939.000
1429.892	5687.000
1430.032	5851.000
1430.171	5788.000
1430.310	5902.000
1430.449	5704.000
1430.588	5944.000
1430.727	5783.000
1430.866	5923.000
1431.005	5810.000
1431.144	5922.000
1431.283	5761.000
1431.422	5887.000
1431.561	5707.000
1431.700	5915.000
1431.839	5751.000
1431.978	5828.000
1432.117	5813.000
1432.256	5937.000
1432.395	5752.000
1432.534	5840.000
1432.673	5724.000
1432.812	5964.000
1432.951	5727.000
1433.089	5870.000
1433.228	5780.000
1433.367	5988.000
1433.506	6161.000
1433.645	5906.000
1433.783	5791.000
1433.922	5890.000
1434.061	5715.000
1434.200	5958.000
1434.339	5731.000
1434.477	5948.000
1434.616	5723.000
1434.755	5814.000
1434.893	5800.000
1435.032	5905.000
1435.171	5766.000
1435.309	5887.000
1435.448	5724.000
1435.587	5938.000
1435.725	5735.000
1435.864	5843.000
1436.002	5726.000
1436.141	5819.000
1436.280	5718.000
1436.418	5878.000
1436.557	5720.000
1436.695	5850.000
1436.834	5824.000
1436.972	5866.000
1437.111	5722.000
1437.249	5958.000
1437.388	5731.000
1437.526	5850.000
1437.664	5703.000
1437.803	5820.000
1437.941	5753.000
1438.080	5843.000
1438.218	5723.000
1438.356	5780.000
1438.495	5718.000
1438.633	5796.000
1438.771	5739.000
1438.910	5867.000
1439.048	5739.000
1439.186	5877.000
1439.325	5728.000
1439.463	5893.000
1439.601	5727.000
1439.739	5841.000
1439.878	5736.000
1440.016	5852.000
1440.154	5757.000
1440.292	5829.000
1440.430	5732.000
1440.569	5847.000
1440.707	5750.000
1440.845	5872.000
1440.983	5798.000
1441.121	5858.000
1441.259	5739.000
1441.397	5782.000
1441.535	5710.000
1441.673	5833.000
1441.811	5707.000
1441.949	5940.000
1442.087	5743.000
1442.225	5892.000
1442.363	5730.000
1442.501	5845.000
1442.639	5730.000
1442.777	5821.000
1442.915	5682.000
1443.053	5899.000
1443.191	5715.000
1443.329	5927.000
1443.467	5782.000
1443.605	5960.000
1443.743	5714.000
1443.881	5911.000
1444.018	5713.000
1444.156	5876.000
1444.294	5715.000
1444.432	5931.000
1444.570	5710.000
1444.707	5924.000
1444.845	5770.000
1444.983	5931.000
1445.121	5727.000
1445.258	5883.000
1445.396	5761.000
1445.534	5944.000
1445.671	5806.000
1445.809	5933.000
1445.947	5805.000
1446.084	5979.000
1446.222	5827.000
1446.360	5908.000
1446.497	5819.000
1446.635	5971.000
1446.772	5774.000
1446.910	5958.000
1447.048	5760.000
1447.185	5984.000
1447.323	5758.000
1447.460	5992.000
1447.598	5786.000
1447.735	6032.000
1447.873	5884.000
1448.010	5961.000
1448.147	5761.000
1448.285	5938.000
1448.422	5787.000
1448.560	5940.000
1448.697	5810.000
1448.835	5970.000
1448.972	5816.000
1449.109	5973.000
1449.247	5835.000
1449.384	5975.000
1449.521	5840.000
1449.659	5948.000
1449.796	5814.000
1449.933	6018.000
1450.070	5794.000
1450.208	5914.000
1450.345	5756.000
1450.482	5950.000
1450.619	5715.000
1450.757	5980.000
1450.894	5835.000
1451.031	5908.000
1451.168	5835.000
1451.305	5995.000
1451.442	5752.000
1451.580	5993.000
1451.717	5847.000
1451.854	5916.000
1451.991	5753.000
1452.128	5912.000
1452.265	5791.000
1452.402	5923.000
1452.539	5811.000
1452.676	5942.000
1452.813	5826.000
1452.950	5912.000
1453.087	5770.000
1453.224	6035.000
1453.361	5851.000
1453.498	5938.000
1453.635	5883.000
1453.772	5975.000
1453.909	5845.000
1454.046	5952.000
1454.183	5063.000
1454.319	5933.000
1454.456	5789.000
1454.593	5887.000
1454.730	5704.000
1454.867	5938.000
1455.004	5757.000
1455.140	5946.000
1455.277	5860.000
1455.414	5954.000
1455.551	5806.000
1455.687	5915.000
1455.824	5777.000
1455.961	5993.000
1456.098	5829.000
1456.234	5926.000
1456.371	5696.000
1456.508	5947.000
1456.644	5731.000
1456.781	5879.000
1456.917	5766.000
1457.054	5920.000
1457.191	5763.000
1457.327	5922.000
1457.464	5731.000
1457.600	5944.000
1457.737	5693.000
1457.873	6002.000
1458.010	5771.000
1458.146	5869.000
1458.283	5796.000
1458.419	5860.000
1458.556	5721.000
1458.692	5820.000
1458.829	5659.000
1458.965	5808.000
1459.102	5714.000
1459.238	5923.000
1459.374	5736.000
1459.511	5918.000
1459.647	5672.000
1459.784	5815.000
1459.920	5681.000
1460.056	5817.000
1460.193	5622.000
1460.329	5826.000
1460.465	5619.000
1460.601	5770.000
1460.738	5647.000
1460.874	5850.000
1461.010	5750.000
1461.146	5839.000
1461.283	5663.000
1461.419	5919.000
1461.555	5614.000
1461.691	5812.000
1461.827	5716.000
1461.963	5883.000
1462.100	5649.000
1462.236	5928.000
1462.372	8738.000
1462.508	5918.000
1462.644	5714.000
1462.780	5860.000
1462.916	5747.000
1463.052	5840.000
1463.188	5617.000
1463.324	5828.000
1463.460	5820.000
1463.596	5976.000
1463.732	5763.000
1463.868	5862.000
1464.004	5717.000
1464.140	5897.000
1464.276	5780.000
1464.412	5958.000
1464.548	5767.000
1464.684	5898.000
1464.820	5718.000
1464.955	5945.000
1465.091	5764.000
1465.227	5958.000
1465.363	5774.000
1465.499	5925.000
1465.635	5813.000
1465.770	5912.000
1465.906	5763.000
1466.042	5855.000
1466.178	5722.000
1466.313	5991.000
1466.449	5737.000
1466.585	5904.000
1466.720	5741.000
1466.856	5966.000
1466.992	5749.000
1467.127	5989.000
1467.263	5753.000
1467.399	5914.000
1467.534	5652.000
1467.670	5937.000
1467.806	5677.000
1467.941	5947.000
1468.077	5710.000
1468.212	5976.000
1468.348	5736.000
1468.483	5916.000
1468.619	5731.000
1468.754	5981.000
1468.890	5678.000
1469.025	5948.000
1469.161	5828.000
1469.296	5866.000
1469.432	5751.000
1469.567	5954.000
1469.702	5768.000
1469.838	5929.000
1469.973	5772.000
1470.109	5916.000
1470.244	5792.000
1470.379	5918.000
1470.515	5824.000
1470.650	5957.000
1470.785	5795.000
1470.921	5996.000
1471.056	5750.000
1471.191	5976.000
1471.326	5724.000
1471.462	5921.000
1471.597	5870.000
1471.732	6004.000
1471.867	5798.000
1472.003	5944.000
1472.138	5830.000
1472.273	5998.000
1472.408	5835.000
1472.543	6048.000
1472.678	5820.000
1472.813	6024.000
1472.948	5802.000
1473.084	5941.000
1473.219	5833.000
1473.354	5980.000
1473.489	5814.000
1473.624	5862.000
1473.759	5856.000
1473.894	6027.000
1474.029	5900.000
1474.164	5940.000
1474.299	5842.000
1474.434	5870.000
1474.569	5898.000
1474.704	6003.000
