929.762	6212.000
929.906	6262.000
930.049	6180.000
930.193	6347.000
930.337	6147.000
930.481	6350.000
930.625	6146.000
930.769	6296.000
930.913	6183.000
931.057	6278.000
931.201	6111.000
931.345	6338.000
931.488	6153.000
931.632	6248.000
931.776	6136.000
931.920	6355.000
932.064	6061.000
932.208	6351.000
932.352	6136.000
932.495	6331.000
932.639	6100.000
932.783	6227.000
932.927	6272.000
933.071	6292.000
933.215	6176.000
933.359	6263.000
933.502	6179.000
933.646	6234.000
933.790	6140.000
933.934	6263.000
934.078	6187.000
934.221	6311.000
934.365	6195.000
934.509	6294.000
934.653	6101.000
934.797	6282.000
934.940	6209.000
935.084	6231.000
935.228	6208.000
935.372	6327.000
935.515	6136.000
935.659	6306.000
935.803	6118.000
935.947	6296.000
936.090	6109.000
936.234	6278.000
936.378	6192.000
936.522	6228.000
936.665	6153.000
936.809	6265.000
936.953	6117.000
937.097	6218.000
937.240	6137.000
937.384	6277.000
937.528	6093.000
937.671	6243.000
937.815	6102.000
937.959	6247.000
938.102	6106.000
938.246	6202.000
938.390	6143.000
938.534	6193.000
938.677	6081.000
938.821	6154.000
938.965	6034.000
939.108	6233.000
939.252	6103.000
939.396	6134.000
939.539	6061.000
939.683	6206.000
939.826	6087.000
939.970	6138.000
940.114	6080.000
940.257	6195.000
940.401	6004.000
940.545	6147.000
940.688	6063.000
940.832	6135.000
940.975	6067.000
941.119	6200.000
941.263	5967.000
941.406	6164.000
941.550	6033.000
941.693	6133.000
941.837	5982.000
941.981	6101.000
942.124	5983.000
942.268	6110.000
942.411	6040.000
942.555	6108.000
942.698	6032.000
942.842	6115.000
942.986	6007.000
943.129	6137.000
943.273	6026.000
943.416	6086.000
943.560	5940.000
943.703	6122.000
943.847	6016.000
943.990	6121.000
944.134	5961.000
944.277	6031.000
944.421	5963.000
944.564	6005.000
944.708	5960.000
944.851	6128.000
944.995	5963.000
945.138	6093.000
945.282	5921.000
945.425	6033.000
945.569	5965.000
945.712	6070.000
945.856	5844.000
945.999	6114.000
946.143	5934.000
946.286	6000.000
946.430	6004.000
946.573	6091.000
946.716	5993.000
946.860	6068.000
947.003	5959.000
947.147	6065.000
947.290	5944.000
947.434	6155.000
947.577	5900.000
947.720	6101.000
947.864	5852.000
948.007	5996.000
948.151	6027.000
948.294	6090.000
948.437	5952.000
948.581	6059.000
948.724	5955.000
948.868	6039.000
949.011	5934.000
949.154	6043.000
949.298	5992.000
949.441	6096.000
949.584	5932.000
949.728	6062.000
949.871	5950.000
950.015	6104.000
950.158	5931.000
950.301	5997.000
950.445	5968.000
950.588	6131.000
950.731	5990.000
950.875	6056.000
951.018	5944.000
951.161	6106.000
951.304	5988.000
951.448	6044.000
951.591	5890.000
951.734	6072.000
951.878	5884.000
952.021	6078.000
952.164	5992.000
952.308	6106.000
952.451	5948.000
952.594	6078.000
952.737	5943.000
952.881	6017.000
953.024	5940.000
953.167	6077.000
953.310	5874.000
953.454	6065.000
953.597	5968.000
953.740	6016.000
953.883	5921.000
954.027	6086.000
954.170	5839.000
954.313	6063.000
954.456	5928.000
954.600	5983.000
954.743	5982.000
954.886	6058.000
955.029	5846.000
955.172	6059.000
955.316	5784.000
955.459	5974.000
955.602	5899.000
955.745	6075.000
955.888	5923.000
956.032	6049.000
956.175	5832.000
956.318	5940.000
956.461	5868.000
956.604	5995.000
956.747	5897.000
956.890	6074.000
957.034	5833.000
957.177	5977.000
957.320	5818.000
957.463	6022.000
957.606	5875.000
957.749	6047.000
957.892	5819.000
958.036	5969.000
958.179	5768.000
958.322	6060.000
958.465	5959.000
958.608	5950.000
958.751	5925.000
958.894	5990.000
959.037	5816.000
959.180	5996.000
959.323	5852.000
959.467	6040.000
959.610	5817.000
959.753	6027.000
959.896	5857.000
960.039	5986.000
960.182	5799.000
960.325	6053.000
960.468	5855.000
960.611	5973.000
960.754	5815.000
960.897	5942.000
961.040	5756.000
961.183	5967.000
961.326	5886.000
961.469	6010.000
961.612	5853.000
961.755	5994.000
961.898	5718.000
962.041	6015.000
962.184	5783.000
962.327	5972.000
962.470	5809.000
962.613	6061.000
962.756	5839.000
962.899	5969.000
963.042	5820.000
963.185	6040.000
963.328	5827.000
963.471	5956.000
963.614	5846.000
963.757	6026.000
963.900	5792.000
964.043	5954.000
964.186	5815.000
964.329	5972.000
964.472	5814.000
964.615	5985.000
964.758	5776.000
964.900	6014.000
965.043	5848.000
965.186	5992.000
965.329	5919.000
965.472	6056.000
965.615	5879.000
965.758	5956.000
965.901	5818.000
966.044	5982.000
966.187	5803.000
966.329	5996.000
966.472	5957.000
966.615	6031.000
966.758	5808.000
966.901	6056.000
967.044	5930.000
967.187	5988.000
967.330	5803.000
967.472	6051.000
967.615	5838.000
967.758	6005.000
967.901	5858.000
968.044	6061.000
968.187	5812.000
968.329	5988.000
968.472	5860.000
968.615	6015.000
968.758	5861.000
968.901	6019.000
969.043	5876.000
969.186	5991.000
969.329	5853.000
969.472	6096.000
969.615	5859.000
969.757	5990.000
969.900	5880.000
970.043	6024.000
970.186	5810.000
970.328	6025.000
970.471	5956.000
970.614	6048.000
970.757	5891.000
970.899	5983.000
971.042	5853.000
971.185	6016.000
971.328	5856.000
971.470	5996.000
971.613	5895.000
971.756	6009.000
971.899	5883.000
972.041	6016.000
972.184	5721.000
972.327	6036.000
972.469	5844.000
972.612	5986.000
972.755	5835.000
972.898	6026.000
973.040	5834.000
973.183	5969.000
973.326	5941.000
973.468	5930.000
973.611	5761.000
973.754	6015.000
973.896	5831.000
974.039	5989.000
974.182	5782.000
974.324	6053.000
974.467	5904.000
974.610	5996.000
974.752	5801.000
974.895	5993.000
975.037	5893.000
975.180	5995.000
975.323	5788.000
975.465	6019.000
975.608	5822.000
975.751	5897.000
975.893	5876.000
976.036	5956.000
976.178	5800.000
976.321	6071.000
976.464	5771.000
976.606	5838.000
976.749	5805.000
976.891	6025.000
977.034	5865.000
977.176	5909.000
977.319	5774.000
977.462	6020.000
977.604	5813.000
977.747	5977.000
977.889	5794.000
978.032	5975.000
978.174	5834.000
978.317	5970.000
978.459	5899.000
978.602	6003.000
978.744	5811.000
978.887	6031.000
979.029	5786.000
979.172	5906.000
979.314	5845.000
979.457	5963.000
979.599	5756.000
979.742	6019.000
979.884	5726.000
980.027	5904.000
980.169	5796.000
980.312	6013.000
980.454	5812.000
980.597	5942.000
980.739	5800.000
980.882	5877.000
981.024	5738.000
981.167	5923.000
981.309	5890.000
981.452	5869.000
981.594	5811.000
981.736	5879.000
981.879	5838.000
982.021	5950.000
982.164	5777.000
982.306	5898.000
982.449	5798.000
982.591	5933.000
982.733	5792.000
982.876	5955.000
983.018	5726.000
983.161	5968.000
983.303	5717.000
983.445	5943.000
983.588	5754.000
983.730	6005.000
983.873	5794.000
984.015	6030.000
984.157	5747.000
984.300	6027.000
984.442	5799.000
984.584	5951.000
984.727	5773.000
984.869	5974.000
985.011	5825.000
985.154	5913.000
985.296	5807.000
985.438	5940.000
985.581	5769.000
985.723	5922.000
985.865	5794.000
986.008	5949.000
986.150	5843.000
986.292	5965.000
986.435	5837.000
986.577	5967.000
986.719	5731.000
986.861	6003.000
987.004	5578.000
987.146	5978.000
987.288	5849.000
987.431	5931.000
987.573	5857.000
987.715	5891.000
987.857	5716.000
988.000	5904.000
988.142	5816.000
988.284	6010.000
988.426	5747.000
988.569	5947.000
988.711	5780.000
988.853	5999.000
988.995	5802.000
989.138	5927.000
989.280	5732.000
989.422	5972.000
989.564	5820.000
989.706	5943.000
989.849	5766.000
989.991	5971.000
990.133	5766.000
990.275	5981.000
990.417	5817.000
990.560	5904.000
990.702	5713.000
990.844	5967.000
990.986	5800.000
991.128	6067.000
991.270	5789.000
991.413	5986.000
991.555	5819.000
991.697	5970.000
991.839	5815.000
991.981	5986.000
992.123	5789.000
992.265	5979.000
992.408	5803.000
992.550	5966.000
992.692	5807.000
992.834	6011.000
992.976	5824.000
993.118	5983.000
993.260	5799.000
993.402	5897.000
993.544	5774.000
993.687	6002.000
993.829	5745.000
993.971	5896.000
994.113	5747.000
994.255	5923.000
994.397	5777.000
994.539	5945.000
994.681	5799.000
994.823	5964.000
994.965	5782.000
995.107	5960.000
995.249	5820.000
995.391	5931.000
995.533	5779.000
995.675	5978.000
995.817	5855.000
995.959	5945.000
996.101	5783.000
996.243	6005.000
996.385	5783.000
996.527	5933.000
996.669	5759.000
996.811	5933.000
996.953	5808.000
997.095	5958.000
997.237	5767.000
997.379	5974.000
997.521	5776.000
997.663	5941.000
997.805	5862.000
997.947	5938.000
998.089	5777.000
998.231	5904.000
998.373	5714.000
998.515	5992.000
998.657	5873.000
998.799	5931.000
998.941	5785.000
999.083	5892.000
999.225	5855.000
999.367	5968.000
999.509	5842.000
999.651	6018.000
999.793	5760.000
999.934	5973.000
1000.076	5809.000
1000.218	5992.000
1000.360	5813.000
1000.502	5993.000
1000.644	5845.000
1000.786	6019.000
1000.928	5802.000
1001.070	5850.000
1001.212	5721.000
1001.353	5976.000
1001.495	5715.000
1001.637	5928.000
1001.779	5779.000
1001.921	5927.000
1002.063	5766.000
1002.205	5931.000
1002.346	5770.000
1002.488	5985.000
1002.630	5687.000
1002.772	5983.000
1002.914	5775.000
1003.055	5945.000
1003.197	5796.000
1003.339	5958.000
1003.481	5753.000
1003.623	5951.000
1003.765	5726.000
1003.906	5898.000
1004.048	5785.000
1004.190	5923.000
1004.332	5733.000
1004.473	5912.000
1004.615	5897.000
1004.757	5960.000
1004.899	5796.000
1005.041	5948.000
1005.182	5756.000
1005.324	5938.000
1005.466	5721.000
1005.608	5952.000
1005.749	5718.000
1005.891	6042.000
1006.033	5795.000
1006.175	6020.000
1006.316	5772.000
1006.458	6004.000
1006.600	5808.000
1006.741	5970.000
1006.883	5720.000
1007.025	5931.000
1007.167	5740.000
1007.308	5952.000
1007.450	5818.000
1007.592	5942.000
1007.733	5688.000
1007.875	5956.000
1008.017	5783.000
1008.158	5903.000
1008.300	5768.000
1008.442	5942.000
1008.583	5696.000
1008.725	5954.000
1008.867	5688.000
1009.008	5971.000
1009.150	5771.000
1009.292	6021.000
1009.433	5819.000
1009.575	5913.000
1009.716	5715.000
1009.858	5867.000
1010.000	5787.000
1010.141	6010.000
1010.283	5732.000
1010.425	6001.000
1010.566	5654.000
1010.708	5906.000
1010.849	5764.000
1010.991	5937.000
1011.132	5740.000
1011.274	5933.000
1011.416	5844.000
1011.557	5883.000
1011.699	5762.000
1011.840	5964.000
1011.982	5735.000
1012.123	5944.000
1012.265	5705.000
1012.407	5953.000
1012.548	5779.000
1012.690	5931.000
1012.831	5836.000
1012.973	6049.000
1013.114	5914.000
1013.256	5969.000
1013.397	5783.000
1013.539	6050.000
1013.680	5948.000
1013.822	6083.000
1013.963	5918.000
1014.105	6102.000
1014.246	5865.000
1014.388	6023.000
1014.529	5865.000
1014.671	6018.000
1014.812	5780.000
1014.954	6046.000
1015.095	5943.000
1015.237	6065.000
1015.378	5796.000
1015.520	5976.000
1015.661	5734.000
1015.803	5931.000
1015.944	5641.000
1016.085	5868.000
1016.227	5676.000
1016.368	5804.000
1016.510	5652.000
1016.651	5821.000
1016.793	5782.000
1016.934	5828.000
1017.075	5661.000
1017.217	5866.000
1017.358	5726.000
1017.500	5882.000
1017.641	5668.000
1017.782	5908.000
1017.924	5672.000
1018.065	5840.000
1018.207	5628.000
1018.348	5907.000
1018.489	5675.000
1018.631	5801.000
1018.772	5670.000
1018.913	5838.000
1019.055	5632.000
1019.196	5751.000
1019.337	5622.000
1019.479	5878.000
1019.620	5746.000
1019.761	5798.000
1019.903	5675.000
1020.044	5854.000
1020.185	5683.000
1020.327	5792.000
1020.468	5617.000
1020.609	5815.000
1020.751	5611.000
1020.892	5811.000
1021.033	5668.000
1021.175	5812.000
1021.316	5648.000
1021.457	5779.000
1021.598	5609.000
1021.740	5849.000
1021.881	5688.000
1022.022	5802.000
1022.164	5683.000
1022.305	5816.000
1022.446	5590.000
1022.587	5786.000
1022.729	5703.000
1022.870	5878.000
1023.011	5671.000
1023.152	5810.000
1023.294	5702.000
1023.435	5751.000
1023.576	5637.000
1023.717	5820.000
1023.858	5622.000
1024.000	5820.000
1024.141	5632.000
1024.282	5746.000
1024.423	5626.000
1024.564	5879.000
1024.706	5695.000
1024.847	5850.000
1024.988	5588.000
1025.129	5828.000
1025.270	5650.000
1025.412	5871.000
1025.553	5658.000
1025.694	5871.000
1025.835	5623.000
1025.976	5820.000
1026.117	5653.000
1026.258	5813.000
1026.400	5638.000
1026.541	5876.000
1026.682	5659.000
1026.823	5802.000
1026.964	5701.000
1027.105	5804.000
1027.246	5696.000
1027.388	5866.000
1027.529	5673.000
1027.670	5800.000
1027.811	5700.000
1027.952	5823.000
1028.093	5708.000
1028.234	5766.000
1028.375	5689.000
1028.516	5827.000
1028.657	5712.000
1028.798	5901.000
1028.939	5678.000
1029.081	5796.000
1029.222	5767.000
1029.363	5845.000
1029.504	5680.000
1029.645	5934.000
1029.786	5748.000
1029.927	5868.000
1030.068	5778.000
1030.209	5889.000
1030.350	5723.000
1030.491	5844.000
1030.632	5706.000
1030.773	5879.000
1030.914	5703.000
1031.055	5835.000
1031.196	5776.000
1031.337	5913.000
1031.478	5681.000
1031.619	5804.000
1031.760	5674.000
1031.901	5952.000
1032.042	5713.000
1032.183	5871.000
1032.324	5746.000
1032.465	5937.000
1032.606	6117.000
1032.747	5879.000
1032.888	5718.000
1033.029	5866.000
1033.170	5656.000
1033.311	5919.000
1033.452	5666.000
1033.592	5922.000
1033.733	5679.000
1033.874	5822.000
1034.015	5758.000
1034.156	5865.000
1034.297	5703.000
1034.438	5845.000
1034.579	5709.000
1034.720	5956.000
1034.861	5697.000
1035.002	5797.000
1035.142	5712.000
1035.283	5831.000
1035.424	5695.000
1035.565	5826.000
1035.706	5728.000
1035.847	5864.000
1035.988	5792.000
1036.129	5817.000
1036.269	5643.000
1036.410	5936.000
1036.551	5687.000
1036.692	5845.000
1036.833	5710.000
1036.974	5801.000
1037.114	5684.000
1037.255	5798.000
1037.396	5726.000
1037.537	5776.000
1037.678	5701.000
1037.819	5735.000
1037.959	5724.000
1038.100	5852.000
1038.241	5708.000
1038.382	5822.000
1038.523	5673.000
1038.663	5901.000
1038.804	5703.000
1038.945	5807.000
1039.086	5729.000
1039.226	5806.000
1039.367	5721.000
1039.508	5812.000
1039.649	5719.000
1039.789	5842.000
1039.930	5747.000
1040.071	5858.000
1040.212	5763.000
1040.352	5846.000
1040.493	5687.000
1040.634	5808.000
1040.775	5711.000
1040.915	5836.000
1041.056	5672.000
1041.197	5913.000
1041.337	5715.000
1041.478	5858.000
1041.619	5709.000
1041.760	5835.000
1041.900	5688.000
1042.041	5809.000
1042.182	5657.000
1042.322	5900.000
1042.463	5714.000
1042.604	5901.000
1042.744	5776.000
1042.885	5923.000
1043.026	5709.000
1043.166	5916.000
1043.307	5731.000
1043.448	5859.000
1043.588	5711.000
1043.729	5933.000
1043.869	5679.000
1044.010	5920.000
1044.151	5749.000
1044.291	5930.000
1044.432	5686.000
1044.573	5887.000
1044.713	5783.000
1044.854	5949.000
1044.994	5781.000
1045.135	5916.000
1045.276	5826.000
1045.416	5979.000
1045.557	5827.000
1045.697	5895.000
1045.838	5784.000
1045.978	5996.000
1046.119	5774.000
1046.260	5949.000
1046.400	5784.000
1046.541	6010.000
1046.681	5773.000
1046.822	5979.000
1046.962	5786.000
1047.103	6058.000
1047.243	5899.000
1047.384	6012.000
1047.524	5770.000
1047.665	5935.000
1047.805	5809.000
1047.946	5942.000
1048.087	5819.000
1048.227	6006.000
1048.368	5825.000
1048.508	5955.000
1048.649	5852.000
1048.789	5970.000
1048.929	5864.000
1049.070	5992.000
1049.210	5782.000
1049.351	6035.000
1049.491	5826.000
1049.632	5983.000
1049.772	5829.000
1049.913	5995.000
1050.053	5762.000
1050.194	6012.000
1050.334	5890.000
1050.475	5903.000
1050.615	5899.000
1050.755	6052.000
1050.896	5817.000
1051.036	6022.000
1051.177	5882.000
1051.317	5976.000
1051.458	5835.000
1051.598	5956.000
1051.738	5822.000
1051.879	5963.000
1052.019	5877.000
1052.160	5998.000
1052.300	5844.000
1052.440	5973.000
1052.581	5828.000
1052.721	6078.000
1052.861	5912.000
1053.002	6001.000
1053.142	5948.000
1053.282	6026.000
1053.423	5887.000
1053.563	6005.000
1053.704	5146.000
1053.844	5999.000
1053.984	5859.000
1054.125	5979.000
1054.265	5803.000
1054.405	6012.000
1054.546	5830.000
1054.686	6025.000
1054.826	5907.000
1054.966	6020.000
1055.107	5879.000
1055.247	5997.000
1055.387	5865.000
1055.528	6079.000
1055.668	5899.000
1055.808	6007.000
1055.948	5771.000
1056.089	6052.000
1056.229	5797.000
1056.369	5952.000
1056.510	5831.000
1056.650	5955.000
1056.790	5855.000
1056.930	5986.000
1057.071	5822.000
1057.211	6024.000
1057.351	5800.000
1057.491	6113.000
1057.632	5862.000
1057.772	5964.000
1057.912	5885.000
1058.052	5945.000
1058.192	5819.000
1058.333	5915.000
1058.473	5744.000
1058.613	5898.000
1058.753	5828.000
1058.893	6027.000
1059.034	5788.000
1059.174	5975.000
1059.314	5773.000
1059.454	5927.000
1059.594	5776.000
1059.734	5893.000
1059.875	5704.000
1060.015	5922.000
1060.155	5697.000
1060.295	5876.000
1060.435	5704.000
1060.575	5930.000
1060.716	5838.000
1060.856	5928.000
1060.996	5770.000
1061.136	6047.000
1061.276	5758.000
1061.416	5892.000
1061.556	5808.000
1061.696	5964.000
1061.837	5791.000
1061.977	6024.000
1062.117	9018.000
1062.257	6021.000
1062.397	5842.000
1062.537	5962.000
1062.677	5838.000
1062.817	6011.000
1062.957	5918.000
1063.097	6322.000
1063.237	6305.000
1063.377	6448.000
1063.517	6284.000
1063.658	6350.000
1063.798	6248.000
1063.938	6433.000
1064.078	6389.000
1064.218	6524.000
1064.358	6320.000
1064.498	6459.000
1064.638	6300.000
1064.778	6491.000
1064.918	6328.000
1065.058	6522.000
1065.198	6423.000
1065.338	6610.000
1065.478	6420.000
1065.618	6382.000
1065.758	6075.000
1065.898	6081.000
1066.038	5892.000
1066.178	6085.000
1066.318	5867.000
1066.458	6015.000
1066.598	5817.000
1066.738	6088.000
1066.878	5862.000
1067.018	6052.000
1067.158	5827.000
1067.297	6031.000
1067.437	5764.000
1067.577	6013.000
1067.717	5815.000
1067.857	6038.000
1067.997	5812.000
1068.137	6073.000
1068.277	5879.000
1068.417	6011.000
1068.557	5838.000
1068.697	6075.000
1068.837	5776.000
1068.977	6035.000
1069.116	5919.000
1069.256	5953.000
1069.396	5819.000
1069.536	6032.000
1069.676	5845.000
1069.816	5991.000
1069.956	5842.000
1070.096	6004.000
1070.235	5900.000
1070.375	6006.000
1070.515	5926.000
1070.655	6021.000
1070.795	5907.000
1070.935	6095.000
1071.074	5858.000
1071.214	6076.000
1071.354	5820.000
1071.494	5979.000
1071.634	5947.000
1071.774	6123.000
1071.913	5890.000
1072.053	6028.000
1072.193	5948.000
1072.333	6117.000
1072.473	5930.000
1072.612	6108.000
1072.752	5936.000
1072.892	6152.000
1073.032	5892.000
1073.172	6042.000
1073.311	5942.000
1073.451	6105.000
1073.591	5938.000
1073.731	5979.000
1073.870	5935.000
1074.010	6141.000
1074.150	5995.000
1074.290	6037.000
1074.429	5932.000
1074.569	5992.000
1074.709	6001.000
1074.848	6118.000
