729.371	6208.000
729.513	6250.000
729.656	6171.000
729.798	6349.000
729.941	6156.000
730.083	6340.000
730.225	6171.000
730.368	6301.000
730.510	6172.000
730.653	6291.000
730.795	6134.000
730.937	6337.000
731.080	6175.000
731.222	6240.000
731.365	6151.000
731.507	6340.000
731.650	6072.000
731.792	6327.000
731.934	6110.000
732.077	6347.000
732.219	6114.000
732.362	6251.000
732.504	6274.000
732.646	6299.000
732.789	6202.000
732.931	6265.000
733.074	6190.000
733.216	6236.000
733.359	6121.000
733.501	6227.000
733.643	6149.000
733.786	6320.000
733.928	6198.000
734.071	6283.000
734.213	6120.000
734.355	6240.000
734.498	6199.000
734.640	6227.000
734.783	6163.000
734.925	6272.000
735.068	6139.000
735.210	6280.000
735.352	6125.000
735.495	6305.000
735.637	6094.000
735.780	6270.000
735.922	6192.000
736.065	6238.000
736.207	6125.000
736.349	6255.000
736.492	6096.000
736.634	6204.000
736.777	6167.000
736.919	6296.000
737.062	6110.000
737.204	6217.000
737.346	6106.000
737.489	6241.000
737.631	6081.000
737.774	6172.000
737.916	6121.000
738.059	6202.000
738.201	6092.000
738.343	6159.000
738.486	6021.000
738.628	6227.000
738.771	6112.000
738.913	6147.000
739.056	6058.000
739.198	6174.000
739.340	6059.000
739.483	6139.000
739.625	6072.000
739.768	6186.000
739.910	5995.000
740.053	6139.000
740.195	6008.000
740.337	6102.000
740.480	6041.000
740.622	6202.000
740.765	5999.000
740.907	6144.000
741.050	6046.000
741.192	6137.000
741.335	5965.000
741.477	6088.000
741.619	5947.000
741.762	6090.000
741.904	6015.000
742.047	6084.000
742.189	5974.000
742.332	6135.000
742.474	6014.000
742.616	6115.000
742.759	6031.000
742.901	6082.000
743.044	5973.000
743.186	6133.000
743.329	5991.000
743.471	6145.000
743.614	5978.000
743.756	6043.000
743.898	5938.000
744.041	5999.000
744.183	5947.000
744.326	6129.000
744.468	5936.000
744.611	6098.000
744.753	5945.000
744.896	6034.000
745.038	5961.000
745.180	6083.000
745.323	5836.000
745.465	6123.000
745.608	5910.000
745.750	5973.000
745.893	5973.000
746.035	6084.000
746.178	5964.000
746.320	6055.000
746.462	5949.000
746.605	6047.000
746.747	5942.000
746.890	6116.000
747.032	5909.000
747.175	6082.000
747.317	5864.000
747.460	5987.000
747.602	6030.000
747.744	6088.000
747.887	5955.000
748.029	6079.000
748.172	5940.000
748.314	6047.000
748.457	5923.000
748.599	6046.000
748.742	6018.000
748.884	6075.000
749.027	5908.000
749.169	6045.000
749.311	5963.000
749.454	6092.000
749.596	5947.000
749.739	5976.000
749.881	5951.000
750.024	6109.000
750.166	5977.000
750.309	6044.000
750.451	5940.000
750.593	6098.000
750.736	5954.000
750.878	6034.000
751.021	5871.000
751.163	6009.000
751.306	5887.000
751.448	6078.000
751.591	5989.000
751.733	6078.000
751.876	5955.000
752.018	6055.000
752.161	5943.000
752.303	5993.000
752.445	5916.000
752.588	6053.000
752.730	5851.000
752.873	6023.000
753.015	5938.000
753.158	6026.000
753.300	5902.000
753.443	6089.000
753.585	5833.000
753.728	6060.000
753.870	5892.000
754.013	5991.000
754.155	5956.000
754.297	6060.000
754.440	5862.000
754.582	6025.000
754.725	5790.000
754.867	5952.000
755.010	5870.000
755.152	6062.000
755.295	5927.000
755.437	6043.000
755.580	5785.000
755.722	5956.000
755.865	5880.000
756.007	5985.000
756.149	5888.000
756.292	6048.000
756.434	5869.000
756.577	5965.000
756.719	5801.000
756.862	6006.000
757.004	5852.000
757.147	6047.000
757.289	5810.000
757.432	5971.000
757.574	5750.000
757.717	6023.000
757.859	5943.000
758.002	5953.000
758.144	5906.000
758.287	5938.000
758.429	5806.000
758.571	5968.000
758.714	5822.000
758.856	6035.000
758.999	5804.000
759.141	6005.000
759.284	5811.000
759.426	5963.000
759.569	5769.000
759.711	6063.000
759.854	5863.000
759.996	5955.000
760.139	5797.000
760.281	5942.000
760.424	5779.000
760.566	5949.000
760.709	5858.000
760.851	5994.000
760.993	5840.000
761.136	6003.000
761.278	5676.000
761.421	5988.000
761.563	5758.000
761.706	5950.000
761.848	5780.000
761.991	6034.000
762.133	5873.000
762.276	5954.000
762.418	5817.000
762.561	6004.000
762.703	5816.000
762.846	5940.000
762.988	5822.000
763.131	6004.000
763.273	5788.000
763.416	5927.000
763.558	5800.000
763.701	5948.000
763.843	5846.000
763.986	5959.000
764.128	5776.000
764.271	6022.000
764.413	5821.000
764.556	6001.000
764.698	5895.000
764.840	6045.000
764.983	5843.000
765.125	5921.000
765.268	5783.000
765.410	5953.000
765.553	5763.000
765.695	6003.000
765.838	5948.000
765.980	6031.000
766.123	5813.000
766.265	6044.000
766.408	5916.000
766.550	5965.000
766.693	5804.000
766.835	6026.000
766.978	5861.000
767.120	5971.000
767.263	5820.000
767.405	6029.000
767.548	5806.000
767.690	5970.000
767.833	5838.000
767.975	5986.000
768.118	5839.000
768.260	5983.000
768.403	5866.000
768.545	5986.000
768.688	5838.000
768.830	6104.000
768.973	5872.000
769.115	5914.000
769.258	5887.000
769.400	6016.000
769.543	5818.000
769.685	6011.000
769.828	5923.000
769.970	6009.000
770.113	5849.000
770.255	5944.000
770.398	5850.000
770.540	5977.000
770.683	5845.000
770.825	5974.000
770.968	5856.000
771.110	6031.000
771.253	5854.000
771.395	5990.000
771.538	5689.000
771.680	6043.000
771.823	5855.000
771.965	5949.000
772.108	5816.000
772.250	6033.000
772.393	5824.000
772.535	5950.000
772.678	5901.000
772.820	5907.000
772.963	5770.000
773.105	6003.000
773.248	5837.000
773.390	5951.000
773.533	5786.000
773.675	6023.000
773.818	5897.000
773.960	5985.000
774.103	5806.000
774.245	5973.000
774.388	5863.000
774.530	5987.000
774.673	5789.000
774.815	6012.000
774.958	5827.000
775.100	5877.000
775.243	5835.000
775.385	5962.000
775.528	5783.000
775.670	6044.000
775.813	5776.000
775.955	5833.000
776.098	5788.000
776.240	6012.000
776.383	5841.000
776.525	5904.000
776.668	5744.000
776.810	6005.000
776.953	5772.000
777.095	5957.000
777.238	5763.000
777.380	5980.000
777.523	5818.000
777.665	5954.000
777.808	5873.000
777.950	5961.000
778.093	5783.000
778.235	5992.000
778.378	5756.000
778.520	5895.000
778.663	5843.000
778.805	5942.000
778.948	5738.000
779.090	5987.000
779.233	5706.000
779.375	5883.000
779.518	5776.000
779.660	5960.000
779.803	5780.000
779.945	5915.000
780.088	5791.000
780.230	5860.000
780.373	5746.000
780.515	5910.000
780.658	5872.000
780.801	5862.000
780.943	5775.000
781.086	5859.000
781.228	5829.000
781.371	5910.000
781.513	5759.000
781.656	5842.000
781.798	5785.000
781.941	5909.000
782.083	5803.000
782.226	5917.000
782.368	5714.000
782.511	5955.000
782.653	5729.000
782.796	5930.000
782.938	5769.000
783.081	5993.000
783.223	5803.000
783.366	6026.000
783.508	5709.000
783.651	6050.000
783.793	5768.000
783.936	5951.000
784.078	5805.000
784.221	5968.000
784.364	5781.000
784.506	5887.000
784.649	5784.000
784.791	5959.000
784.934	5724.000
785.076	5888.000
785.219	5796.000
785.361	5917.000
785.504	5855.000
785.646	5956.000
785.789	5836.000
785.931	5931.000
786.074	5719.000
786.216	5947.000
786.359	5534.000
786.501	5960.000
786.644	5810.000
786.786	5915.000
786.929	5871.000
787.072	5893.000
787.214	5688.000
787.357	5895.000
787.499	5817.000
787.642	5994.000
787.784	5786.000
787.927	5930.000
788.069	5723.000
788.212	5951.000
788.354	5800.000
788.497	5922.000
788.639	5736.000
788.782	5964.000
788.924	5841.000
789.067	5913.000
789.210	5729.000
789.352	5970.000
789.495	5729.000
789.637	5949.000
789.780	5807.000
789.922	5876.000
790.065	5690.000
790.207	5908.000
790.350	5771.000
790.492	6063.000
790.635	5769.000
790.777	5961.000
790.920	5783.000
791.062	5931.000
791.205	5787.000
791.348	5960.000
791.490	5774.000
791.633	5966.000
791.775	5820.000
791.918	5936.000
792.060	5804.000
792.203	5975.000
792.345	5803.000
792.488	5974.000
792.630	5768.000
792.773	5863.000
792.915	5747.000
793.058	5978.000
793.201	5741.000
793.343	5924.000
793.486	5777.000
793.628	5861.000
793.771	5755.000
793.913	5905.000
794.056	5828.000
794.198	5956.000
794.341	5794.000
794.483	5957.000
794.626	5823.000
794.769	5927.000
794.911	5753.000
795.054	5976.000
795.196	5856.000
795.339	5925.000
795.481	5768.000
795.624	5996.000
795.766	5788.000
795.909	5886.000
796.051	5761.000
796.194	5937.000
796.337	5797.000
796.479	5932.000
796.622	5766.000
796.764	5935.000
796.907	5726.000
797.049	5895.000
797.192	5854.000
797.334	5909.000
797.477	5773.000
797.620	5933.000
797.762	5738.000
797.905	6059.000
798.047	5954.000
798.190	5994.000
798.332	5831.000
798.475	5966.000
798.617	5926.000
798.760	6030.000
798.902	5937.000
799.045	6086.000
799.188	5863.000
799.330	6036.000
799.473	5897.000
799.615	6048.000
799.758	5891.000
799.900	6095.000
800.043	5928.000
800.185	6075.000
800.328	5866.000
800.471	5869.000
800.613	5758.000
800.756	5983.000
800.898	5693.000
801.041	5900.000
801.183	5780.000
801.326	5912.000
801.468	5763.000
801.611	5905.000
801.754	5760.000
801.896	5964.000
802.039	5659.000
802.181	5957.000
802.324	5779.000
802.466	5900.000
802.609	5789.000
802.752	5925.000
802.894	5763.000
803.037	5924.000
803.179	5731.000
803.322	5898.000
803.464	5757.000
803.607	5912.000
803.749	5688.000
803.892	5906.000
804.035	5887.000
804.177	5926.000
804.320	5761.000
804.462	5938.000
804.605	5729.000
804.747	5938.000
804.890	5747.000
805.033	5939.000
805.175	5700.000
805.318	6042.000
805.460	5772.000
805.603	5983.000
805.745	5752.000
805.888	5946.000
806.031	5819.000
806.173	5934.000
806.316	5724.000
806.458	5866.000
806.601	5727.000
806.743	5950.000
806.886	5827.000
807.028	5936.000
807.171	5685.000
807.314	5911.000
807.456	5757.000
807.599	5907.000
807.741	5764.000
807.884	5927.000
808.026	5706.000
808.169	5906.000
808.312	5684.000
808.454	5920.000
808.597	5769.000
808.739	5986.000
808.882	5762.000
809.024	5873.000
809.167	5686.000
809.310	5887.000
809.452	5799.000
809.595	6000.000
809.737	5731.000
809.880	5971.000
810.023	5651.000
810.165	5927.000
810.308	5769.000
810.450	5925.000
810.593	5743.000
810.735	5898.000
810.878	5860.000
811.021	5872.000
811.163	5777.000
811.306	5941.000
811.448	5731.000
811.591	5893.000
811.733	5677.000
811.876	5943.000
812.019	5755.000
812.161	5861.000
812.304	5681.000
812.446	5929.000
812.589	5729.000
812.732	5817.000
812.874	5630.000
813.017	5890.000
813.159	5800.000
813.302	5906.000
813.444	5760.000
813.587	5939.000
813.730	5749.000
813.872	5874.000
814.015	5711.000
814.157	5843.000
814.300	5632.000
814.443	5845.000
814.585	5771.000
814.728	5900.000
814.870	5707.000
815.013	5906.000
815.155	5683.000
815.298	5892.000
815.441	5614.000
815.583	5876.000
815.726	5687.000
815.868	5780.000
816.011	5637.000
816.154	5826.000
816.296	5750.000
816.439	5778.000
816.581	5669.000
816.724	5835.000
816.867	5715.000
817.009	5833.000
817.152	5660.000
817.294	5880.000
817.437	5649.000
817.579	5789.000
817.722	5644.000
817.865	5901.000
818.007	5701.000
818.150	5785.000
818.292	5674.000
818.435	5779.000
818.578	5611.000
818.720	5735.000
818.863	5654.000
819.005	5855.000
819.148	5719.000
819.291	5812.000
819.433	5659.000
819.576	5820.000
819.718	5660.000
819.861	5749.000
820.004	5612.000
820.146	5811.000
820.289	5595.000
820.431	5806.000
820.574	5658.000
820.717	5807.000
820.859	5612.000
821.002	5737.000
821.144	5626.000
821.287	5838.000
821.430	5642.000
821.572	5802.000
821.715	5680.000
821.857	5790.000
822.000	5563.000
822.143	5754.000
822.285	5728.000
822.428	5857.000
822.570	5664.000
822.713	5763.000
822.856	5673.000
822.998	5762.000
823.141	5635.000
823.283	5814.000
823.426	5631.000
823.569	5789.000
823.711	5607.000
823.854	5793.000
823.996	5591.000
824.139	5857.000
824.282	5659.000
824.424	5849.000
824.567	5585.000
824.709	5833.000
824.852	5647.000
824.995	5809.000
825.137	5639.000
825.280	5849.000
825.422	5602.000
825.565	5805.000
825.708	5670.000
825.850	5818.000
825.993	5627.000
826.135	5853.000
826.278	5648.000
826.421	5779.000
826.563	5704.000
826.706	5766.000
826.849	5684.000
826.991	5851.000
827.134	5663.000
827.276	5767.000
827.419	5642.000
827.562	5817.000
827.704	5691.000
827.847	5755.000
827.989	5656.000
828.132	5805.000
828.275	5687.000
828.417	5878.000
828.560	5657.000
828.702	5789.000
828.845	5750.000
828.988	5841.000
829.130	5680.000
829.273	5913.000
829.416	5728.000
829.558	5855.000
829.701	5745.000
829.843	5864.000
829.986	5702.000
830.129	5839.000
830.271	5690.000
830.414	5879.000
830.556	5733.000
830.699	5816.000
830.842	5781.000
830.984	5864.000
831.127	5689.000
831.270	5800.000
831.412	5688.000
831.555	5940.000
831.697	5702.000
831.840	5812.000
831.983	5721.000
832.125	5928.000
832.268	6101.000
832.411	5886.000
832.553	5722.000
832.696	5875.000
832.838	5649.000
832.981	5906.000
833.124	5675.000
833.266	5937.000
833.409	5682.000
833.552	5792.000
833.694	5835.000
833.837	6024.000
833.979	6056.000
834.122	6308.000
834.265	6118.000
834.407	6133.000
834.550	5777.000
834.693	5850.000
834.835	5682.000
834.978	5815.000
835.120	5672.000
835.263	5836.000
835.406	5698.000
835.548	5822.000
835.691	5742.000
835.834	5808.000
835.976	5647.000
836.119	5904.000
836.261	5678.000
836.404	5804.000
836.547	5659.000
836.689	5786.000
836.832	5684.000
836.975	5784.000
837.117	5681.000
837.260	5719.000
837.402	5670.000
837.545	5747.000
837.688	5668.000
837.830	5795.000
837.973	5686.000
838.116	5828.000
838.258	5671.000
838.401	5867.000
838.544	5665.000
838.686	5781.000
838.829	5694.000
838.971	5800.000
839.114	5685.000
839.257	5791.000
839.399	5689.000
839.542	5796.000
839.685	5719.000
839.827	5811.000
839.970	5739.000
840.113	5785.000
840.255	5670.000
840.398	5764.000
840.540	5685.000
840.683	5762.000
840.826	5669.000
840.968	5876.000
841.111	5719.000
841.254	5856.000
841.396	5666.000
841.539	5783.000
841.682	5683.000
841.824	5822.000
841.967	5616.000
842.109	5850.000
842.252	5674.000
842.395	5885.000
842.537	5741.000
842.680	5904.000
842.823	5671.000
842.965	5857.000
843.108	5683.000
843.251	5823.000
843.393	5677.000
843.536	5895.000
843.679	5662.000
843.821	5924.000
843.964	5703.000
844.106	5893.000
844.249	5650.000
844.392	5845.000
844.534	5719.000
844.677	5882.000
844.820	5763.000
844.962	5896.000
845.105	5771.000
845.248	5926.000
845.390	5777.000
845.533	5872.000
845.676	5741.000
845.818	5952.000
845.961	5735.000
846.104	5882.000
846.246	5731.000
846.389	5955.000
846.531	5704.000
846.674	5944.000
846.817	5736.000
846.959	5982.000
847.102	5847.000
847.245	5915.000
847.387	5732.000
847.530	5896.000
847.673	5725.000
847.815	5873.000
847.958	5798.000
848.101	5933.000
848.243	5810.000
848.386	5874.000
848.529	5780.000
848.671	5931.000
848.814	5805.000
848.957	5909.000
849.099	5744.000
849.242	5986.000
849.385	5751.000
849.527	5914.000
849.670	5751.000
849.813	5911.000
849.955	5683.000
850.098	5911.000
850.240	5822.000
850.383	5851.000
850.526	5777.000
850.668	5979.000
850.811	5706.000
850.954	5927.000
851.096	5779.000
851.239	5897.000
851.382	5744.000
851.524	5872.000
851.667	5739.000
851.810	5863.000
851.952	5788.000
852.095	5924.000
852.238	5799.000
852.380	5873.000
852.523	5726.000
852.666	5950.000
852.808	5826.000
852.951	5900.000
853.094	5849.000
853.236	5948.000
853.379	5778.000
853.522	5927.000
853.664	5013.000
853.807	5882.000
853.950	5751.000
854.092	5845.000
854.235	5651.000
854.378	5906.000
854.520	5696.000
854.663	5916.000
854.806	5783.000
854.948	5921.000
855.091	5763.000
855.234	5870.000
855.376	5734.000
855.519	5944.000
855.662	5792.000
855.804	5889.000
855.947	5689.000
856.090	5902.000
856.232	5692.000
856.375	5853.000
856.518	5750.000
856.660	5822.000
856.803	5724.000
856.946	5876.000
857.088	5716.000
857.231	5922.000
857.374	5652.000
857.516	5952.000
857.659	5754.000
857.802	5818.000
857.944	5753.000
858.087	5789.000
858.230	5682.000
858.372	5765.000
858.515	5618.000
858.658	5792.000
858.800	5675.000
858.943	5884.000
859.086	5690.000
859.229	5856.000
859.371	5633.000
859.514	5796.000
859.657	5628.000
859.799	5760.000
859.942	5555.000
860.085	5773.000
860.227	5579.000
860.370	5768.000
860.513	5619.000
860.655	5786.000
860.798	5723.000
860.941	5814.000
861.083	5619.000
861.226	5895.000
861.369	5607.000
861.511	5786.000
861.654	5674.000
861.797	5848.000
861.939	5634.000
862.082	5934.000
862.225	8872.000
862.367	5885.000
862.510	5700.000
862.653	5819.000
862.795	5692.000
862.938	5815.000
863.081	5625.000
863.224	5771.000
863.366	5795.000
863.509	5904.000
863.652	5753.000
863.794	5803.000
863.937	5699.000
864.080	5863.000
864.222	5780.000
864.365	5915.000
864.508	5736.000
864.650	5863.000
864.793	5707.000
864.936	5901.000
865.078	5762.000
865.221	5934.000
865.364	5771.000
865.507	5919.000
865.649	5773.000
865.792	5890.000
865.935	5710.000
866.077	5842.000
866.220	5702.000
866.363	5953.000
866.505	5748.000
866.648	5889.000
866.791	5696.000
866.933	5958.000
867.076	5765.000
867.219	5965.000
867.362	5700.000
867.504	5913.000
867.647	5644.000
867.790	5925.000
867.932	5675.000
868.075	5908.000
868.218	5683.000
868.360	5939.000
868.503	5746.000
868.646	5892.000
868.788	5714.000
868.931	5932.000
869.074	5655.000
869.217	5897.000
869.359	5771.000
869.502	5812.000
869.645	5711.000
869.787	5905.000
869.930	5751.000
870.073	5903.000
870.215	5725.000
870.358	5884.000
870.501	5758.000
870.644	5866.000
870.786	5802.000
870.929	5905.000
871.072	5773.000
871.214	5968.000
871.357	5698.000
871.500	5926.000
871.642	5691.000
871.785	5870.000
871.928	5816.000
872.071	5965.000
872.213	5752.000
872.356	5901.000
872.499	5795.000
872.641	5962.000
872.784	5815.000
872.927	5971.000
873.069	5801.000
873.212	5979.000
873.355	5775.000
873.498	5909.000
873.640	5767.000
873.783	5964.000
873.926	5766.000
874.068	5829.000
874.211	5847.000
874.354	6015.000
874.496	5855.000
874.639	5927.000
874.782	5826.000
874.925	5844.000
875.067	5879.000
875.210	6007.000
