1429.840	6156.000
1429.989	6236.000
1430.138	6144.000
1430.288	6308.000
1430.437	6100.000
1430.587	6303.000
1430.736	6117.000
1430.885	6260.000
1431.035	6140.000
1431.184	6283.000
1431.333	6084.000
1431.482	6293.000
1431.632	6153.000
1431.781	6218.000
1431.930	6123.000
1432.079	6332.000
1432.229	6059.000
1432.378	6319.000
1432.527	6082.000
1432.676	6305.000
1432.825	6062.000
1432.974	6212.000
1433.123	6244.000
1433.273	6287.000
1433.422	6171.000
1433.571	6235.000
1433.720	6162.000
1433.869	6245.000
1434.018	6112.000
1434.167	6214.000
1434.316	6135.000
1434.465	6275.000
1434.614	6177.000
1434.763	6247.000
1434.911	6103.000
1435.060	6201.000
1435.209	6184.000
1435.358	6194.000
1435.507	6141.000
1435.656	6273.000
1435.805	6108.000
1435.954	6283.000
1436.102	6070.000
1436.251	6289.000
1436.400	6053.000
1436.549	6242.000
1436.697	6166.000
1436.846	6183.000
1436.995	6112.000
1437.144	6236.000
1437.292	6084.000
1437.441	6183.000
1437.590	6117.000
1437.738	6259.000
1437.887	6084.000
1438.035	6202.000
1438.184	6051.000
1438.333	6249.000
1438.481	6042.000
1438.630	6155.000
1438.778	6086.000
1438.927	6178.000
1439.075	6056.000
1439.224	6126.000
1439.372	5988.000
1439.521	6216.000
1439.669	6065.000
1439.818	6116.000
1439.966	6030.000
1440.114	6171.000
1440.263	6027.000
1440.411	6132.000
1440.559	6084.000
1440.708	6179.000
1440.856	5979.000
1441.004	6158.000
1441.153	6000.000
1441.301	6110.000
1441.449	6023.000
1441.597	6195.000
1441.746	5953.000
1441.894	6135.000
1442.042	6032.000
1442.190	6135.000
1442.338	5941.000
1442.487	6081.000
1442.635	5952.000
1442.783	6100.000
1442.931	5988.000
1443.079	6077.000
1443.227	5969.000
1443.375	6115.000
1443.523	6006.000
1443.671	6071.000
1443.819	5999.000
1443.967	6058.000
1444.115	5938.000
1444.263	6081.000
1444.411	5970.000
1444.559	6113.000
1444.707	5912.000
1444.855	6002.000
1445.003	5888.000
1445.151	5949.000
1445.299	5931.000
1445.447	6104.000
1445.594	5936.000
1445.742	6065.000
1445.890	5926.000
1446.038	6043.000
1446.186	5926.000
1446.333	6058.000
1446.481	5826.000
1446.629	6101.000
1446.776	5903.000
1446.924	5999.000
1447.072	5938.000
1447.220	6068.000
1447.367	5950.000
1447.515	6032.000
1447.662	5897.000
1447.810	6041.000
1447.958	5943.000
1448.105	6099.000
1448.253	5868.000
1448.400	6053.000
1448.548	5847.000
1448.695	5966.000
1448.843	5981.000
1448.990	6062.000
1449.138	5923.000
1449.285	6072.000
1449.433	5939.000
1449.580	6005.000
1449.728	5919.000
1449.875	6017.000
1450.022	5951.000
1450.170	6086.000
1450.317	5923.000
1450.464	6059.000
1450.612	5948.000
1450.759	6067.000
1450.906	5931.000
1451.054	5968.000
1451.201	5945.000
1451.348	6082.000
1451.495	5962.000
1451.643	6007.000
1451.790	5915.000
1451.937	6057.000
1452.084	5933.000
1452.231	6035.000
1452.378	5869.000
1452.526	5980.000
1452.673	5857.000
1452.820	6060.000
1452.967	5950.000
1453.114	6078.000
1453.261	5907.000
1453.408	6058.000
1453.555	5904.000
1453.702	5991.000
1453.849	5880.000
1453.996	6062.000
1454.143	5847.000
1454.290	6018.000
1454.437	5926.000
1454.584	5988.000
1454.731	5918.000
1454.878	6056.000
1455.024	5791.000
1455.171	6048.000
1455.318	5901.000
1455.465	5938.000
1455.612	5938.000
1455.759	6023.000
1455.905	5804.000
1456.052	6023.000
1456.199	5765.000
1456.346	5938.000
1456.492	5877.000
1456.639	6053.000
1456.786	5873.000
1456.932	6018.000
1457.079	5773.000
1457.226	5915.000
1457.372	5871.000
1457.519	5979.000
1457.665	5901.000
1457.812	6026.000
1457.959	5794.000
1458.105	5960.000
1458.252	5803.000
1458.398	5992.000
1458.545	5843.000
1458.691	6069.000
1458.838	5798.000
1458.984	5953.000
1459.131	5754.000
1459.277	6022.000
1459.423	5927.000
1459.570	5913.000
1459.716	5865.000
1459.863	5941.000
1460.009	5791.000
1460.155	5961.000
1460.302	5825.000
1460.448	6011.000
1460.594	5753.000
1460.741	5974.000
1460.887	5807.000
1461.033	5961.000
1461.179	5740.000
1461.326	6011.000
1461.472	5831.000
1461.618	5952.000
1461.764	5761.000
1461.910	5924.000
1462.056	5750.000
1462.203	5925.000
1462.349	5826.000
1462.495	5993.000
1462.641	5802.000
1462.787	5994.000
1462.933	5683.000
1463.079	5974.000
1463.225	5748.000
1463.371	5943.000
1463.517	5776.000
1463.663	6021.000
1463.809	5833.000
1463.955	5979.000
1464.101	5810.000
1464.247	6004.000
1464.393	5787.000
1464.539	5940.000
1464.684	5791.000
1464.830	5992.000
1464.976	5764.000
1465.122	5892.000
1465.268	5799.000
1465.414	5935.000
1465.559	5799.000
1465.705	5955.000
1465.851	5757.000
1465.997	5995.000
1466.142	5801.000
1466.288	5961.000
1466.434	5857.000
1466.579	6029.000
1466.725	5864.000
1466.871	5913.000
1467.016	5772.000
1467.162	5941.000
1467.308	5749.000
1467.453	6009.000
1467.599	5947.000
1467.744	6006.000
1467.890	5805.000
1468.035	6037.000
1468.181	5914.000
1468.326	5947.000
1468.472	5806.000
1468.617	5991.000
1468.763	5823.000
1468.908	5955.000
1469.054	5811.000
1469.199	6035.000
1469.344	5825.000
1469.490	5957.000
1469.635	5834.000
1469.780	5959.000
1469.926	5827.000
1470.071	5973.000
1470.216	5837.000
1470.362	5959.000
1470.507	5815.000
1470.652	6072.000
1470.797	5855.000
1470.943	5921.000
1471.088	5860.000
1471.233	6021.000
1471.378	5771.000
1471.523	5992.000
1471.668	5901.000
1471.814	6016.000
1471.959	5815.000
1472.104	5940.000
1472.249	5805.000
1472.394	5943.000
1472.539	5804.000
1472.684	5945.000
1472.829	5835.000
1472.974	5974.000
1473.119	5793.000
1473.264	5976.000
1473.409	5686.000
1473.554	6032.000
1473.699	5792.000
1473.844	5904.000
1473.989	5808.000
1474.134	5988.000
1474.279	5771.000
1474.423	5958.000
1474.568	5901.000
1474.713	5873.000
1474.858	5745.000
1475.003	5959.000
1475.147	5813.000
1475.292	5957.000
1475.437	5753.000
1475.582	6025.000
1475.726	5888.000
1475.871	5959.000
1476.016	5773.000
1476.161	5965.000
1476.305	5831.000
1476.450	6007.000
1476.594	5729.000
1476.739	6000.000
1476.884	5778.000
1477.028	5837.000
1477.173	5859.000
1477.317	5900.000
1477.462	5795.000
1477.606	6032.000
1477.751	5772.000
1477.895	5831.000
1478.040	5802.000
1478.184	5998.000
1478.329	5819.000
1478.473	5869.000
1478.618	5719.000
1478.762	6009.000
1478.907	5747.000
1479.051	5921.000
1479.195	5757.000
1479.340	5969.000
1479.484	5783.000
1479.628	5928.000
1479.773	5832.000
1479.917	5947.000
1480.061	5758.000
1480.205	5984.000
1480.350	5730.000
1480.494	5890.000
1480.638	5805.000
1480.782	5902.000
1480.926	5673.000
1481.071	5999.000
1481.215	5706.000
1481.359	5875.000
1481.503	5775.000
1481.647	5930.000
1481.791	5761.000
1481.935	5923.000
1482.079	5760.000
1482.223	5856.000
1482.367	5701.000
1482.511	5890.000
1482.655	5837.000
1482.799	5890.000
1482.943	5771.000
1483.087	5870.000
1483.231	5807.000
1483.375	5902.000
1483.519	5746.000
1483.663	5834.000
1483.807	5770.000
1483.951	5909.000
1484.095	5751.000
1484.238	5893.000
1484.382	5688.000
1484.526	5938.000
1484.670	5699.000
1484.814	5903.000
1484.957	5718.000
1485.101	5973.000
1485.245	5746.000
1485.389	5972.000
1485.532	5681.000
1485.676	6000.000
1485.820	5728.000
1485.963	5899.000
1486.107	5752.000
1486.250	5952.000
1486.394	5768.000
1486.538	5867.000
1486.681	5752.000
1486.825	5950.000
1486.968	5732.000
1487.112	5902.000
1487.255	5774.000
1487.399	5912.000
1487.542	5813.000
1487.686	5943.000
1487.829	5792.000
1487.973	5904.000
1488.116	5685.000
1488.260	5969.000
1488.403	5507.000
1488.546	5966.000
1488.690	5813.000
1488.833	5920.000
1488.976	5818.000
1489.120	5863.000
1489.263	5684.000
1489.406	5833.000
1489.550	5805.000
1489.693	6001.000
1489.836	5738.000
1489.979	5850.000
1490.123	5704.000
1490.266	5926.000
1490.409	5759.000
1490.552	5885.000
1490.695	5685.000
1490.838	5949.000
1490.981	5815.000
1491.125	5898.000
1491.268	5721.000
1491.411	5927.000
1491.554	5728.000
1491.697	5941.000
1491.840	5800.000
1491.983	5848.000
1492.126	5667.000
1492.269	5896.000
1492.412	5761.000
1492.555	5992.000
1492.698	5734.000
1492.841	5932.000
1492.984	5759.000
1493.126	5900.000
1493.269	5776.000
1493.412	5930.000
1493.555	5729.000
1493.698	5922.000
1493.841	5764.000
1493.984	5924.000
1494.126	5787.000
1494.269	5988.000
1494.412	5811.000
1494.555	5959.000
1494.697	5765.000
1494.840	5875.000
1494.983	5735.000
1495.125	5973.000
1495.268	5724.000
1495.411	5869.000
1495.553	5735.000
1495.696	5885.000
1495.839	5732.000
1495.981	5912.000
1496.124	5785.000
1496.266	5917.000
1496.409	5741.000
1496.551	5956.000
1496.694	5806.000
1496.836	5907.000
1496.979	5734.000
1497.121	5948.000
1497.264	5815.000
1497.406	5923.000
1497.549	5714.000
1497.691	6000.000
1497.834	5758.000
1497.976	5878.000
1498.118	5734.000
1498.261	5920.000
1498.403	5779.000
1498.545	5900.000
1498.688	5741.000
1498.830	5929.000
1498.972	5728.000
1499.114	5905.000
1499.257	5838.000
1499.399	5855.000
1499.541	5759.000
1499.683	5888.000
1499.826	5682.000
1499.968	5972.000
1500.110	5826.000
1500.252	5893.000
1500.394	5743.000
1500.536	5850.000
1500.678	5781.000
1500.820	5947.000
1500.962	5824.000
1501.104	5967.000
1501.247	5777.000
1501.389	5923.000
1501.531	5781.000
1501.673	5937.000
1501.815	5750.000
1501.956	5966.000
1502.098	5792.000
1502.240	5965.000
1502.382	5788.000
1502.524	5785.000
1502.666	5699.000
1502.808	5980.000
1502.950	5657.000
1503.092	5909.000
1503.233	5743.000
1503.375	5884.000
1503.517	5737.000
1503.659	5876.000
1503.801	5710.000
1503.942	5941.000
1504.084	5632.000
1504.226	5959.000
1504.367	5723.000
1504.509	5907.000
1504.651	5761.000
1504.792	5920.000
1504.934	5705.000
1505.076	5896.000
1505.217	5693.000
1505.359	5883.000
1505.501	5753.000
1505.642	5884.000
1505.784	5668.000
1505.925	5884.000
1506.067	5876.000
1506.208	5913.000
1506.350	5758.000
1506.491	5932.000
1506.633	5710.000
1506.774	5920.000
1506.915	5738.000
1507.057	5897.000
1507.198	5667.000
1507.340	6037.000
1507.481	5749.000
1507.622	5981.000
1507.764	5716.000
1507.905	5944.000
1508.046	5779.000
1508.188	5927.000
1508.329	5683.000
1508.470	5874.000
1508.611	5723.000
1508.753	5918.000
1508.894	5803.000
1509.035	5911.000
1509.176	5656.000
1509.317	5868.000
1509.459	5752.000
1509.600	5878.000
1509.741	5733.000
1509.882	5889.000
1510.023	5669.000
1510.164	5900.000
1510.305	5678.000
1510.446	5922.000
1510.587	5750.000
1510.728	6031.000
1510.869	5735.000
1511.010	5883.000
1511.151	5686.000
1511.292	5838.000
1511.433	5747.000
1511.574	5963.000
1511.715	5727.000
1511.856	5910.000
1511.997	5623.000
1512.138	5889.000
1512.279	5778.000
1512.419	5911.000
1512.560	5713.000
1512.701	5862.000
1512.842	5810.000
1512.983	5851.000
1513.123	5740.000
1513.264	5931.000
1513.405	5713.000
1513.546	5916.000
1513.686	5677.000
1513.827	5950.000
1513.968	5738.000
1514.108	5816.000
1514.249	5690.000
1514.390	5870.000
1514.530	5713.000
1514.671	5807.000
1514.811	5612.000
1514.952	5878.000
1515.093	5789.000
1515.233	5919.000
1515.374	5752.000
1515.514	5926.000
1515.655	5706.000
1515.795	5899.000
1515.936	5688.000
1516.076	5874.000
1516.216	5617.000
1516.357	5810.000
1516.497	5738.000
1516.638	5915.000
1516.778	5691.000
1516.918	5911.000
1517.059	5665.000
1517.199	5853.000
1517.339	5592.000
1517.480	5831.000
1517.620	5656.000
1517.760	5785.000
1517.900	5612.000
1518.041	5785.000
1518.181	5733.000
1518.321	5779.000
1518.461	5649.000
1518.601	5815.000
1518.742	5671.000
1518.882	5823.000
1519.022	5643.000
1519.162	5882.000
1519.302	5650.000
1519.442	5793.000
1519.582	5612.000
1519.722	5874.000
1519.862	5661.000
1520.002	5765.000
1520.142	5660.000
1520.282	5789.000
1520.422	5603.000
1520.562	5723.000
1520.702	5578.000
1520.842	5853.000
1520.982	5700.000
1521.122	5784.000
1521.262	5618.000
1521.402	5815.000
1521.542	5617.000
1521.682	5763.000
1521.821	5561.000
1521.961	5812.000
1522.101	5549.000
1522.241	5778.000
1522.380	5638.000
1522.520	5791.000
1522.660	5619.000
1522.800	5736.000
1522.939	5582.000
1523.079	5799.000
1523.219	5626.000
1523.358	5763.000
1523.498	5627.000
1523.638	5779.000
1523.777	5538.000
1523.917	5762.000
1524.057	5718.000
1524.196	5848.000
1524.336	5619.000
1524.475	5733.000
1524.615	5659.000
1524.754	5738.000
1524.894	5605.000
1525.033	5807.000
1525.173	5632.000
1525.312	5773.000
1525.452	5569.000
1525.591	5779.000
1525.730	5578.000
1525.870	5800.000
1526.009	5636.000
1526.148	5845.000
1526.288	5556.000
1526.427	5828.000
1526.566	5592.000
1526.706	5812.000
1526.845	5606.000
1526.984	5843.000
1527.124	5618.000
1527.263	5775.000
1527.402	5596.000
1527.541	5788.000
1527.680	5592.000
1527.820	5845.000
1527.959	5602.000
1528.098	5755.000
1528.237	5668.000
1528.376	5752.000
1528.515	5677.000
1528.654	5836.000
1528.793	5628.000
1528.933	5752.000
1529.072	5595.000
1529.211	5808.000
1529.350	5674.000
1529.489	5773.000
1529.628	5685.000
1529.767	5787.000
1529.905	5653.000
1530.044	5869.000
1530.183	5649.000
1530.322	5805.000
1530.461	5702.000
1530.600	5826.000
1530.739	5647.000
1530.878	5877.000
1531.017	5687.000
1531.155	5850.000
1531.294	5737.000
1531.433	5859.000
1531.572	5687.000
1531.710	5842.000
1531.849	5712.000
1531.988	5898.000
1532.127	5729.000
1532.265	5829.000
1532.404	5773.000
1532.543	5876.000
1532.681	5700.000
1532.820	5817.000
1532.959	5684.000
1533.097	5903.000
1533.236	5683.000
1533.374	5777.000
1533.513	5694.000
1533.651	5905.000
1533.790	6082.000
1533.929	5848.000
1534.067	5665.000
1534.205	5838.000
1534.344	5634.000
1534.482	5890.000
1534.621	5632.000
1534.759	5880.000
1534.898	5632.000
1535.036	5741.000
1535.174	5725.000
1535.313	5796.000
1535.451	5662.000
1535.589	5832.000
1535.728	5698.000
1535.866	5892.000
1536.004	5677.000
1536.143	5769.000
1536.281	5639.000
1536.419	5756.000
1536.557	5645.000
1536.696	5827.000
1536.834	5673.000
1536.972	5781.000
1537.110	5716.000
1537.248	5783.000
1537.386	5628.000
1537.525	5929.000
1537.663	5636.000
1537.801	5787.000
1537.939	5628.000
1538.077	5700.000
1538.215	5646.000
1538.353	5768.000
1538.491	5671.000
1538.629	5679.000
1538.767	5647.000
1538.905	5722.000
1539.043	5660.000
1539.181	5761.000
1539.319	5631.000
1539.457	5790.000
1539.595	5646.000
1539.732	5856.000
1539.870	5639.000
1540.008	5758.000
1540.146	5667.000
1540.284	5767.000
1540.422	5664.000
1540.559	5755.000
1540.697	5669.000
1540.835	5739.000
1540.973	5654.000
1541.110	5813.000
1541.248	5729.000
1541.386	5752.000
1541.523	5643.000
1541.661	5753.000
1541.799	5649.000
1541.936	5772.000
1542.074	5640.000
1542.212	5870.000
1542.349	5652.000
1542.487	5824.000
1542.624	5664.000
1542.762	5770.000
1542.899	5644.000
1543.037	5786.000
1543.174	5558.000
1543.312	5831.000
1543.449	5650.000
1543.587	5852.000
1543.724	5706.000
1543.862	5868.000
1543.999	5622.000
1544.137	5883.000
1544.274	5632.000
1544.411	5798.000
1544.549	5652.000
1544.686	5862.000
1544.823	5633.000
1544.961	5865.000
1545.098	5710.000
1545.235	5862.000
1545.372	5645.000
1545.510	5836.000
1545.647	5654.000
1545.784	5867.000
1545.921	5733.000
1546.058	5851.000
1546.196	5752.000
1546.333	5909.000
1546.470	5748.000
1546.607	5813.000
1546.744	5742.000
1546.881	5921.000
1547.018	5715.000
1547.155	5874.000
1547.292	5719.000
1547.429	5920.000
1547.567	5686.000
1547.704	5893.000
1547.841	5704.000
1547.977	5944.000
1548.114	5815.000
1548.251	5896.000
1548.388	5671.000
1548.525	5881.000
1548.662	5715.000
1548.799	5842.000
1548.936	5756.000
1549.073	5907.000
1549.210	5758.000
1549.346	5863.000
1549.483	5765.000
1549.620	5887.000
1549.757	5778.000
1549.893	5873.000
1550.030	5739.000
1550.167	5916.000
1550.304	5698.000
1550.440	5893.000
1550.577	5710.000
1550.714	5889.000
1550.850	5647.000
1550.987	5930.000
1551.124	5743.000
1551.260	5812.000
1551.397	5788.000
1551.533	5984.000
1551.670	5716.000
1551.807	5895.000
1551.943	5772.000
1552.080	5854.000
1552.216	5709.000
1552.353	5836.000
1552.489	5707.000
1552.626	5808.000
1552.762	5759.000
1552.898	5883.000
1553.035	5744.000
1553.171	5864.000
1553.308	5719.000
1553.444	5954.000
1553.580	5806.000
1553.717	5852.000
1553.853	5786.000
1553.989	5893.000
1554.126	5735.000
1554.262	5887.000
1554.398	4934.000
1554.534	5873.000
1554.671	5727.000
1554.807	5816.000
1554.943	5670.000
1555.079	5871.000
1555.215	5672.000
1555.352	5875.000
1555.488	5793.000
1555.624	5880.000
1555.760	5728.000
1555.896	5859.000
1556.032	5683.000
1556.168	5921.000
1556.304	5748.000
1556.440	5849.000
1556.576	5632.000
1556.712	5868.000
1556.848	5668.000
1556.984	5820.000
1557.120	5712.000
1557.256	5799.000
1557.392	5663.000
1557.528	5861.000
1557.664	5660.000
1557.800	5894.000
1557.936	5627.000
1558.071	5939.000
1558.207	5684.000
1558.343	5787.000
1558.479	5728.000
1558.615	5770.000
1558.751	5660.000
1558.886	5735.000
1559.022	5572.000
1559.158	5735.000
1559.293	5615.000
1559.429	5852.000
1559.565	5628.000
1559.701	5860.000
1559.836	5618.000
1559.972	5733.000
1560.107	5604.000
1560.243	5760.000
1560.379	5513.000
1560.514	5738.000
1560.650	5552.000
1560.785	5736.000
1560.921	5568.000
1561.056	5742.000
1561.192	5678.000
1561.327	5757.000
1561.463	5588.000
1561.598	5855.000
1561.734	5536.000
1561.869	5753.000
1562.005	5616.000
1562.140	5815.000
1562.275	5559.000
1562.411	5873.000
1562.546	8509.000
1562.682	5831.000
1562.817	5634.000
1562.952	5787.000
1563.087	5648.000
1563.223	5768.000
1563.358	5559.000
1563.493	5764.000
1563.628	5742.000
1563.764	5882.000
1563.899	5712.000
1564.034	5779.000
1564.169	5643.000
1564.304	5777.000
1564.440	5748.000
1564.575	5894.000
1564.710	5679.000
1564.845	5816.000
1564.980	5639.000
1565.115	5852.000
1565.250	5707.000
1565.385	5902.000
1565.520	5683.000
1565.655	5853.000
1565.790	5699.000
1565.925	5831.000
1566.060	5656.000
1566.195	5764.000
1566.330	5657.000
1566.465	5871.000
1566.600	5666.000
1566.735	5839.000
1566.870	5657.000
1567.004	5884.000
1567.139	5680.000
1567.274	5888.000
1567.409	5649.000
1567.544	5837.000
1567.678	5546.000
1567.813	5844.000
1567.948	5607.000
1568.083	5857.000
1568.217	5626.000
1568.352	5887.000
1568.487	5669.000
1568.622	5834.000
1568.756	5641.000
1568.891	5872.000
1569.025	5595.000
1569.160	5874.000
1569.295	5739.000
1569.429	5779.000
1569.564	5628.000
1569.698	5880.000
1569.833	5704.000
1569.967	5800.000
1570.102	5684.000
1570.236	5853.000
1570.371	5720.000
1570.505	5835.000
1570.640	5736.000
1570.774	5863.000
1570.909	5719.000
1571.043	5910.000
1571.177	5631.000
1571.312	5884.000
1571.446	5629.000
1571.581	5826.000
1571.715	5741.000
1571.849	5917.000
1571.983	5696.000
1572.118	5849.000
1572.252	5727.000
1572.386	5921.000
1572.521	5700.000
1572.655	5943.000
1572.789	5719.000
1572.923	5927.000
1573.057	5707.000
1573.191	5846.000
1573.326	5730.000
1573.460	5875.000
1573.594	5722.000
1573.728	5774.000
1573.862	5730.000
1573.996	5934.000
1574.130	5792.000
1574.264	5852.000
1574.398	5719.000
1574.532	5840.000
1574.666	5784.000
1574.800	5952.000
