1029.870	6136.000
1030.015	6203.000
1030.160	6122.000
1030.305	6267.000
1030.449	6123.000
1030.594	6296.000
1030.739	6117.000
1030.884	6248.000
1031.029	6114.000
1031.173	6253.000
1031.318	6083.000
1031.463	6296.000
1031.608	6121.000
1031.752	6187.000
1031.897	6080.000
1032.042	6324.000
1032.187	6027.000
1032.331	6282.000
1032.476	6075.000
1032.621	6273.000
1032.765	6079.000
1032.910	6185.000
1033.055	6231.000
1033.200	6263.000
1033.344	6158.000
1033.489	6218.000
1033.634	6126.000
1033.778	6219.000
1033.923	6089.000
1034.068	6227.000
1034.212	6152.000
1034.357	6271.000
1034.502	6148.000
1034.646	6219.000
1034.791	6073.000
1034.935	6219.000
1035.080	6186.000
1035.225	6181.000
1035.369	6158.000
1035.514	6259.000
1035.658	6123.000
1035.803	6269.000
1035.947	6082.000
1036.092	6294.000
1036.237	6056.000
1036.381	6235.000
1036.526	6180.000
1036.670	6187.000
1036.815	6125.000
1036.959	6235.000
1037.104	6091.000
1037.248	6177.000
1037.393	6178.000
1037.537	6242.000
1037.682	6115.000
1037.826	6242.000
1037.971	6063.000
1038.115	6250.000
1038.260	6026.000
1038.404	6168.000
1038.549	6148.000
1038.693	6187.000
1038.838	6067.000
1038.982	6153.000
1039.126	6012.000
1039.271	6251.000
1039.415	6063.000
1039.560	6137.000
1039.704	6063.000
1039.848	6201.000
1039.993	6073.000
1040.137	6151.000
1040.282	6033.000
1040.426	6169.000
1040.570	6009.000
1040.715	6158.000
1040.859	6030.000
1041.003	6137.000
1041.148	6038.000
1041.292	6228.000
1041.436	6018.000
1041.581	6185.000
1041.725	6057.000
1041.869	6151.000
1042.014	6023.000
1042.158	6152.000
1042.302	5988.000
1042.447	6132.000
1042.591	6051.000
1042.735	6110.000
1042.879	6000.000
1043.024	6173.000
1043.168	6067.000
1043.312	6143.000
1043.456	6050.000
1043.601	6138.000
1043.745	5991.000
1043.889	6130.000
1044.033	6048.000
1044.178	6181.000
1044.322	6033.000
1044.466	6079.000
1044.610	5974.000
1044.754	6029.000
1044.899	5975.000
1045.043	6190.000
1045.187	6002.000
1045.331	6134.000
1045.475	6005.000
1045.619	6077.000
1045.763	6012.000
1045.908	6143.000
1046.052	5883.000
1046.196	6170.000
1046.340	5966.000
1046.484	6092.000
1046.628	6036.000
1046.772	6116.000
1046.916	6041.000
1047.060	6152.000
1047.205	6016.000
1047.349	6148.000
1047.493	6031.000
1047.637	6202.000
1047.781	5999.000
1047.925	6174.000
1048.069	5957.000
1048.213	6054.000
1048.357	6112.000
1048.501	6160.000
1048.645	6026.000
1048.789	6170.000
1048.933	6067.000
1049.077	6123.000
1049.221	6035.000
1049.365	6142.000
1049.509	6084.000
1049.653	6210.000
1049.797	6037.000
1049.941	6188.000
1050.085	6097.000
1050.229	6215.000
1050.373	6081.000
1050.517	6119.000
1050.660	6089.000
1050.804	6254.000
1050.948	6140.000
1051.092	6170.000
1051.236	6062.000
1051.380	6261.000
1051.524	6134.000
1051.668	6182.000
1051.812	6064.000
1051.956	6158.000
1052.099	6038.000
1052.243	6258.000
1052.387	6151.000
1052.531	6290.000
1052.675	6135.000
1052.819	6230.000
1052.962	6136.000
1053.106	6192.000
1053.250	6087.000
1053.394	6261.000
1053.538	6081.000
1053.681	6202.000
1053.825	6161.000
1053.969	6243.000
1054.113	6166.000
1054.257	6303.000
1054.400	6031.000
1054.544	6261.000
1054.688	6110.000
1054.832	6215.000
1054.975	6185.000
1055.119	6275.000
1055.263	6091.000
1055.407	6244.000
1055.550	6034.000
1055.694	6178.000
1055.838	6149.000
1055.981	6283.000
1056.125	6162.000
1056.269	6294.000
1056.412	6042.000
1056.556	6194.000
1056.700	6123.000
1056.843	6227.000
1056.987	6148.000
1057.131	6331.000
1057.274	6121.000
1057.418	6195.000
1057.562	6061.000
1057.705	6255.000
1057.849	6128.000
1057.992	6322.000
1058.136	6103.000
1058.280	6245.000
1058.423	6027.000
1058.567	6308.000
1058.710	6240.000
1058.854	6208.000
1058.997	6186.000
1059.141	6240.000
1059.285	6096.000
1059.428	6243.000
1059.572	6158.000
1059.715	6295.000
1059.859	6081.000
1060.002	6288.000
1060.146	6124.000
1060.289	6260.000
1060.433	6077.000
1060.576	6297.000
1060.720	6157.000
1060.863	6246.000
1061.007	6114.000
1061.150	6251.000
1061.294	6068.000
1061.437	6254.000
1061.580	6133.000
1061.724	6295.000
1061.867	6136.000
1062.011	6305.000
1062.154	6048.000
1062.298	6298.000
1062.441	6085.000
1062.584	6283.000
1062.728	6123.000
1062.871	6382.000
1063.015	6222.000
1063.158	6386.000
1063.301	6337.000
1063.445	6597.000
1063.588	6450.000
1063.731	6595.000
1063.875	6513.000
1064.018	6691.000
1064.161	6448.000
1064.305	6580.000
1064.448	6401.000
1064.591	6476.000
1064.735	6283.000
1064.878	6343.000
1065.021	6174.000
1065.165	6369.000
1065.308	6224.000
1065.451	6362.000
1065.594	6307.000
1065.738	6396.000
1065.881	6250.000
1066.024	6309.000
1066.167	6221.000
1066.311	6350.000
1066.454	6203.000
1066.597	6385.000
1066.740	6339.000
1066.884	6449.000
1067.027	6220.000
1067.170	6477.000
1067.313	6356.000
1067.456	6371.000
1067.599	6236.000
1067.743	6434.000
1067.886	6276.000
1068.029	6420.000
1068.172	6260.000
1068.315	6468.000
1068.458	6285.000
1068.602	6391.000
1068.745	6311.000
1068.888	6436.000
1069.031	6305.000
1069.174	6465.000
1069.317	6364.000
1069.460	6432.000
1069.603	6341.000
1069.746	6564.000
1069.890	6339.000
1070.033	6445.000
1070.176	6396.000
1070.319	6493.000
1070.462	6308.000
1070.605	6532.000
1070.748	6462.000
1070.891	6531.000
1071.034	6350.000
1071.177	6480.000
1071.320	6359.000
1071.463	6504.000
1071.606	6378.000
1071.749	6511.000
1071.892	6416.000
1072.035	6553.000
1072.178	6443.000
1072.321	6529.000
1072.464	6251.000
1072.607	6604.000
1072.750	6407.000
1072.893	6541.000
1073.036	6427.000
1073.179	6590.000
1073.322	6401.000
1073.465	6544.000
1073.607	6526.000
1073.750	6491.000
1073.893	6385.000
1074.036	6609.000
1074.179	6455.000
1074.322	6583.000
1074.465	6418.000
1074.608	6693.000
1074.751	6564.000
1074.893	6596.000
1075.036	6456.000
1075.179	6608.000
1075.322	6545.000
1075.465	6631.000
1075.608	6462.000
1075.750	6668.000
1075.893	6503.000
1076.036	6547.000
1076.179	6558.000
1076.322	6609.000
1076.464	6509.000
1076.607	6753.000
1076.750	6480.000
1076.893	6583.000
1077.036	6524.000
1077.178	6723.000
1077.321	6583.000
1077.464	6631.000
1077.607	6467.000
1077.749	6793.000
1077.892	6561.000
1078.035	6702.000
1078.177	6554.000
1078.320	6747.000
1078.463	6612.000
1078.606	6720.000
1078.748	6633.000
1078.891	6776.000
1079.034	6631.000
1079.176	6805.000
1079.319	6608.000
1079.462	6732.000
1079.604	6712.000
1079.747	6768.000
1079.890	6562.000
1080.032	6833.000
1080.175	6579.000
1080.317	6750.000
1080.460	6668.000
1080.603	6848.000
1080.745	6718.000
1080.888	6823.000
1081.030	6733.000
1081.173	6784.000
1081.316	6664.000
1081.458	6807.000
1081.601	6828.000
1081.743	6803.000
1081.886	6724.000
1082.028	6828.000
1082.171	6786.000
1082.313	6889.000
1082.456	6774.000
1082.598	6844.000
1082.741	6784.000
1082.883	6920.000
1083.026	6800.000
1083.168	6956.000
1083.311	6731.000
1083.453	6985.000
1083.596	6755.000
1083.738	6969.000
1083.881	6824.000
1084.023	7060.000
1084.166	6846.000
1084.308	7095.000
1084.451	6807.000
1084.593	7145.000
1084.736	6915.000
1084.878	7059.000
1085.020	6900.000
1085.163	7097.000
1085.305	6946.000
1085.448	7042.000
1085.590	6951.000
1085.732	7115.000
1085.875	6912.000
1086.017	7081.000
1086.159	6971.000
1086.302	7148.000
1086.444	7075.000
1086.586	7188.000
1086.729	7086.000
1086.871	7160.000
1087.013	6990.000
1087.156	7222.000
1087.298	6815.000
1087.440	7265.000
1087.583	7115.000
1087.725	7225.000
1087.867	7176.000
1088.010	7176.000
1088.152	7033.000
1088.294	7219.000
1088.436	7198.000
1088.579	7352.000
1088.721	7122.000
1088.863	7286.000
1089.005	7146.000
1089.148	7376.000
1089.290	7209.000
1089.432	7324.000
1089.574	7156.000
1089.716	7413.000
1089.859	7279.000
1090.001	7380.000
1090.143	7239.000
1090.285	7441.000
1090.427	7251.000
1090.569	7476.000
1090.712	7340.000
1090.854	7394.000
1090.996	7256.000
1091.138	7418.000
1091.280	7362.000
1091.422	7619.000
1091.564	7343.000
1091.707	7585.000
1091.849	7394.000
1091.991	7554.000
1092.133	7407.000
1092.275	7600.000
1092.417	7403.000
1092.559	7584.000
1092.701	7437.000
1092.843	7595.000
1092.985	7478.000
1093.127	7680.000
1093.269	7508.000
1093.411	7671.000
1093.554	7514.000
1093.696	7597.000
1093.838	7479.000
1093.980	7721.000
1094.122	7514.000
1094.264	7651.000
1094.406	7540.000
1094.548	7656.000
1094.690	7576.000
1094.832	7679.000
1094.973	7634.000
1095.115	7757.000
1095.257	7643.000
1095.399	7799.000
1095.541	7681.000
1095.683	7762.000
1095.825	7647.000
1095.967	7818.000
1096.109	7740.000
1096.251	7836.000
1096.393	7680.000
1096.535	7898.000
1096.677	7745.000
1096.819	7822.000
1096.960	7733.000
1097.102	7905.000
1097.244	7780.000
1097.386	7934.000
1097.528	7777.000
1097.670	7939.000
1097.812	7793.000
1097.953	7962.000
1098.095	7912.000
1098.237	7970.000
1098.379	7869.000
1098.521	8001.000
1098.662	7846.000
1098.804	8095.000
1098.946	8012.000
1099.088	8063.000
1099.230	7972.000
1099.371	8033.000
1099.513	8041.000
1099.655	8186.000
1099.797	8128.000
1099.938	8258.000
1100.080	8094.000
1100.222	8283.000
1100.364	8154.000
1100.505	8333.000
1100.647	8172.000
1100.789	8366.000
1100.931	8273.000
1101.072	8403.000
1101.214	8292.000
1101.356	8320.000
1101.497	8233.000
1101.639	8480.000
1101.781	8248.000
1101.922	8453.000
1102.064	8366.000
1102.206	8490.000
1102.347	8373.000
1102.489	8536.000
1102.631	8424.000
1102.772	8646.000
1102.914	8371.000
1103.055	8684.000
1103.197	8542.000
1103.339	8674.000
1103.480	8588.000
1103.622	8724.000
1103.763	8606.000
1103.905	8766.000
1104.046	8617.000
1104.188	8803.000
1104.330	8696.000
1104.471	8828.000
1104.613	8685.000
1104.754	8895.000
1104.896	8918.000
1105.037	8984.000
1105.179	8852.000
1105.320	9050.000
1105.462	8894.000
1105.603	9043.000
1105.745	8944.000
1105.886	9104.000
1106.028	8938.000
1106.169	9265.000
1106.311	9094.000
1106.452	9257.000
1106.594	9103.000
1106.735	9278.000
1106.876	9212.000
1107.018	9309.000
1107.159	9166.000
1107.301	9348.000
1107.442	9239.000
1107.584	9462.000
1107.725	9366.000
1107.866	9492.000
1108.008	9306.000
1108.149	9501.000
1108.291	9446.000
1108.432	9564.000
1108.573	9487.000
1108.715	9676.000
1108.856	9503.000
1108.997	9696.000
1109.139	9534.000
1109.280	9792.000
1109.421	9667.000
1109.563	9897.000
1109.704	9728.000
1109.845	9877.000
1109.987	9770.000
1110.128	9870.000
1110.269	9858.000
1110.410	10097.000
1110.552	9902.000
1110.693	10123.000
1110.834	9870.000
1110.975	10095.000
1111.117	10023.000
1111.258	10185.000
1111.399	10057.000
1111.540	10228.000
1111.682	10253.000
1111.823	10256.000
1111.964	10203.000
1112.105	10423.000
1112.247	10267.000
1112.388	10481.000
1112.529	10278.000
1112.670	10546.000
1112.811	10423.000
1112.952	10538.000
1113.094	10442.000
1113.235	10611.000
1113.376	10520.000
1113.517	10605.000
1113.658	10519.000
1113.799	10745.000
1113.940	10754.000
1114.082	10878.000
1114.223	10829.000
1114.364	10987.000
1114.505	10851.000
1114.646	10999.000
1114.787	10870.000
1114.928	11034.000
1115.069	10834.000
1115.210	11055.000
1115.351	11048.000
1115.492	11210.000
1115.633	11117.000
1115.774	11273.000
1115.916	11189.000
1116.057	11299.000
1116.198	11137.000
1116.339	11357.000
1116.480	11227.000
1116.621	11314.000
1116.762	11228.000
1116.903	11448.000
1117.044	11473.000
1117.185	11513.000
1117.326	11421.000
1117.466	11592.000
1117.607	11559.000
1117.748	11704.000
1117.889	11627.000
1118.030	11805.000
1118.171	11641.000
1118.312	11777.000
1118.453	11696.000
1118.594	11958.000
1118.735	11760.000
1118.876	11874.000
1119.017	11868.000
1119.158	11909.000
1119.298	11854.000
1119.439	11961.000
1119.580	11981.000
1119.721	12203.000
1119.862	12083.000
1120.003	12170.000
1120.144	12119.000
1120.284	12195.000
1120.425	12086.000
1120.566	12187.000
1120.707	12162.000
1120.848	12421.000
1120.989	12283.000
1121.129	12436.000
1121.270	12360.000
1121.411	12444.000
1121.552	12377.000
1121.693	12486.000
1121.833	12368.000
1121.974	12509.000
1122.115	12416.000
1122.256	12542.000
1122.396	12478.000
1122.537	12584.000
1122.678	12389.000
1122.819	12644.000
1122.959	12717.000
1123.100	12873.000
1123.241	12851.000
1123.381	12890.000
1123.522	12810.000
1123.663	12760.000
1123.803	12675.000
1123.944	12880.000
1124.085	12909.000
1124.225	13057.000
1124.366	12984.000
1124.507	13118.000
1124.647	13102.000
1124.788	13280.000
1124.929	13160.000
1125.069	13290.000
1125.210	13024.000
1125.351	13134.000
1125.491	12923.000
1125.632	13111.000
1125.772	13054.000
1125.913	13349.000
1126.054	13235.000
1126.194	13319.000
1126.335	13270.000
1126.475	13416.000
1126.616	13350.000
1126.756	13536.000
1126.897	13473.000
1127.037	13499.000
1127.178	13472.000
1127.318	13470.000
1127.459	13498.000
1127.600	13540.000
1127.740	13396.000
1127.881	13368.000
1128.021	13358.000
1128.162	13556.000
1128.302	13526.000
1128.442	13586.000
1128.583	13510.000
1128.723	13575.000
1128.864	13555.000
1129.004	13692.000
1129.145	13501.000
1129.285	13595.000
1129.426	13605.000
1129.566	13541.000
1129.706	13378.000
1129.847	13498.000
1129.987	13451.000
1130.128	13526.000
1130.268	13534.000
1130.408	13571.000
1130.549	13513.000
1130.689	13540.000
1130.830	13474.000
1130.970	13500.000
1131.110	13427.000
1131.251	13419.000
1131.391	13403.000
1131.531	13356.000
1131.672	13252.000
1131.812	13234.000
1131.952	13112.000
1132.093	13260.000
1132.233	12987.000
1132.373	13018.000
1132.513	12915.000
1132.654	13025.000
1132.794	13155.000
1132.934	12808.000
1133.075	12652.000
1133.215	12593.000
1133.355	12347.000
1133.495	12445.000
1133.636	12152.000
1133.776	12225.000
1133.916	11994.000
1134.056	11884.000
1134.196	11807.000
1134.337	11726.000
1134.477	11443.000
1134.617	11334.000
1134.757	11043.000
1134.897	11048.000
1135.038	10812.000
1135.178	10853.000
1135.318	10715.000
1135.458	10713.000
1135.598	10518.000
1135.738	10531.000
1135.879	10222.000
1136.019	10129.000
1136.159	9946.000
1136.299	9867.000
1136.439	9662.000
1136.579	9814.000
1136.719	9534.000
1136.859	9503.000
1136.999	9272.000
1137.140	9248.000
1137.280	9063.000
1137.420	9058.000
1137.560	8895.000
1137.700	8803.000
1137.840	8692.000
1137.980	8650.000
1138.120	8529.000
1138.260	8555.000
1138.400	8374.000
1138.540	8427.000
1138.680	8251.000
1138.820	8384.000
1138.960	8160.000
1139.100	8227.000
1139.240	8104.000
1139.380	8135.000
1139.520	8055.000
1139.660	8060.000
1139.800	7940.000
1139.940	7981.000
1140.080	7899.000
1140.220	7983.000
1140.360	7905.000
1140.500	7903.000
1140.640	7752.000
1140.780	7755.000
1140.919	7710.000
1141.059	7704.000
1141.199	7591.000
1141.339	7753.000
1141.479	7546.000
1141.619	7661.000
1141.759	7490.000
1141.899	7564.000
1142.039	7437.000
1142.178	7494.000
1142.318	7310.000
1142.458	7531.000
1142.598	7311.000
1142.738	7490.000
1142.878	7331.000
1143.017	7439.000
1143.157	7220.000
1143.297	7408.000
1143.437	7169.000
1143.577	7317.000
1143.716	7098.000
1143.856	7303.000
1143.996	7073.000
1144.136	7276.000
1144.275	7084.000
1144.415	7222.000
1144.555	7002.000
1144.695	7180.000
1144.834	7039.000
1144.974	7220.000
1145.114	7041.000
1145.254	7191.000
1145.393	7063.000
1145.533	7213.000
1145.673	7044.000
1145.812	7093.000
1145.952	7021.000
1146.092	7192.000
1146.231	6977.000
1146.371	7118.000
1146.511	6956.000
1146.650	7155.000
1146.790	6924.000
1146.930	7139.000
1147.069	6939.000
1147.209	7183.000
1147.349	7026.000
1147.488	7083.000
1147.628	6899.000
1147.767	7052.000
1147.907	6934.000
1148.047	7052.000
1148.186	6944.000
1148.326	7100.000
1148.465	6969.000
1148.605	7043.000
1148.744	6957.000
1148.884	7051.000
1149.024	6979.000
1149.163	7055.000
1149.303	6912.000
1149.442	7095.000
1149.582	6882.000
1149.721	7009.000
1149.861	6842.000
1150.000	7016.000
1150.140	6821.000
1150.279	7059.000
1150.419	6955.000
1150.558	6930.000
1150.698	6918.000
1150.837	7095.000
1150.977	6871.000
1151.116	7033.000
1151.255	6932.000
1151.395	7005.000
1151.534	6823.000
1151.674	6971.000
1151.813	6841.000
1151.953	6949.000
1152.092	6838.000
1152.231	6972.000
1152.371	6879.000
1152.510	6947.000
1152.650	6796.000
1152.789	6995.000
1152.928	6892.000
1153.068	6968.000
1153.207	6914.000
1153.346	6998.000
1153.486	6863.000
1153.625	6982.000
1153.764	6067.000
1153.904	6972.000
1154.043	6828.000
1154.182	6883.000
1154.322	6728.000
1154.461	6965.000
1154.600	6785.000
1154.740	6963.000
1154.879	6844.000
1155.018	6960.000
1155.157	6802.000
1155.297	6895.000
1155.436	6772.000
1155.575	6950.000
1155.714	6814.000
1155.854	6878.000
1155.993	6710.000
1156.132	6907.000
1156.271	6716.000
1156.411	6872.000
1156.550	6783.000
1156.689	6846.000
1156.828	6746.000
1156.967	6883.000
1157.107	6688.000
1157.246	6915.000
1157.385	6674.000
1157.524	6953.000
1157.663	6758.000
1157.802	6855.000
1157.941	6780.000
1158.081	6825.000
1158.220	6692.000
1158.359	6788.000
1158.498	6656.000
1158.637	6773.000
1158.776	6702.000
1158.915	6886.000
1159.054	6703.000
1159.193	6872.000
1159.333	6643.000
1159.472	6830.000
1159.611	6662.000
1159.750	6777.000
1159.889	6584.000
1160.028	6791.000
1160.167	6585.000
1160.306	6758.000
1160.445	6591.000
1160.584	6776.000
1160.723	6721.000
1160.862	6757.000
1161.001	6618.000
1161.140	6841.000
1161.279	6567.000
1161.418	6722.000
1161.557	6654.000
1161.696	6803.000
1161.835	6599.000
1161.974	6861.000
1162.113	9511.000
1162.252	6823.000
1162.391	6617.000
1162.530	6730.000
1162.669	6631.000
1162.808	6725.000
1162.946	6534.000
1163.085	6705.000
1163.224	6684.000
1163.363	6832.000
1163.502	6649.000
1163.641	6698.000
1163.780	6591.000
1163.919	6723.000
1164.058	6635.000
1164.196	6775.000
1164.335	6589.000
1164.474	6716.000
1164.613	6569.000
1164.752	6752.000
1164.891	6599.000
1165.029	6776.000
1165.168	6559.000
1165.307	6719.000
1165.446	6562.000
1165.585	6673.000
1165.723	6496.000
1165.862	6596.000
1166.001	6492.000
1166.140	6686.000
1166.279	6504.000
1166.417	6657.000
1166.556	6464.000
1166.695	6728.000
1166.834	6480.000
1166.972	6660.000
1167.111	6451.000
1167.250	6614.000
1167.388	6330.000
1167.527	6573.000
1167.666	6381.000
1167.805	6615.000
1167.943	6346.000
1168.082	6599.000
1168.221	6412.000
1168.359	6572.000
1168.498	6388.000
1168.637	6600.000
1168.775	6306.000
1168.914	6548.000
1169.052	6427.000
1169.191	6449.000
1169.330	6351.000
1169.468	6579.000
1169.607	6361.000
1169.746	6481.000
1169.884	6357.000
1170.023	6482.000
1170.161	6400.000
1170.300	6497.000
1170.439	6363.000
1170.577	6512.000
1170.716	6391.000
1170.854	6539.000
1170.993	6308.000
1171.131	6508.000
1171.270	6273.000
1171.408	6462.000
1171.547	6423.000
1171.685	6570.000
1171.824	6333.000
1171.962	6439.000
1172.101	6370.000
1172.239	6542.000
1172.378	6370.000
1172.516	6545.000
1172.655	6350.000
1172.793	6531.000
1172.932	6329.000
1173.070	6426.000
1173.209	6337.000
1173.347	6484.000
1173.486	6338.000
1173.624	6377.000
1173.762	6373.000
1173.901	6552.000
1174.039	6417.000
1174.178	6433.000
1174.316	6326.000
1174.454	6385.000
1174.593	6404.000
1174.731	6538.000
