1229.956	6557.000
1230.103	6569.000
1230.250	6555.000
1230.397	6665.000
1230.544	6524.000
1230.691	6672.000
1230.838	6487.000
1230.985	6636.000
1231.132	6528.000
1231.278	6631.000
1231.425	6485.000
1231.572	6663.000
1231.719	6526.000
1231.866	6574.000
1232.013	6535.000
1232.159	6695.000
1232.306	6459.000
1232.453	6681.000
1232.600	6474.000
1232.746	6640.000
1232.893	6469.000
1233.040	6536.000
1233.186	6622.000
1233.333	6630.000
1233.480	6552.000
1233.627	6598.000
1233.773	6569.000
1233.920	6587.000
1234.066	6484.000
1234.213	6586.000
1234.360	6586.000
1234.506	6668.000
1234.653	6578.000
1234.800	6615.000
1234.946	6494.000
1235.093	6605.000
1235.239	6594.000
1235.386	6573.000
1235.532	6580.000
1235.679	6664.000
1235.825	6528.000
1235.972	6649.000
1236.118	6501.000
1236.265	6676.000
1236.411	6501.000
1236.558	6613.000
1236.704	6571.000
1236.851	6566.000
1236.997	6551.000
1237.143	6615.000
1237.290	6509.000
1237.436	6568.000
1237.583	6571.000
1237.729	6650.000
1237.875	6503.000
1238.022	6627.000
1238.168	6509.000
1238.314	6619.000
1238.461	6479.000
1238.607	6547.000
1238.753	6521.000
1238.900	6577.000
1239.046	6482.000
1239.192	6571.000
1239.338	6444.000
1239.485	6593.000
1239.631	6519.000
1239.777	6500.000
1239.923	6497.000
1240.070	6567.000
1240.216	6458.000
1240.362	6537.000
1240.508	6479.000
1240.654	6569.000
1240.800	6399.000
1240.947	6534.000
1241.093	6436.000
1241.239	6517.000
1241.385	6445.000
1241.531	6610.000
1241.677	6413.000
1241.823	6528.000
1241.969	6468.000
1242.115	6534.000
1242.261	6386.000
1242.407	6507.000
1242.553	6375.000
1242.699	6494.000
1242.845	6440.000
1242.991	6485.000
1243.137	6399.000
1243.283	6517.000
1243.429	6467.000
1243.575	6511.000
1243.721	6469.000
1243.867	6508.000
1244.013	6398.000
1244.159	6498.000
1244.305	6423.000
1244.451	6527.000
1244.596	6390.000
1244.742	6431.000
1244.888	6360.000
1245.034	6400.000
1245.180	6358.000
1245.326	6585.000
1245.471	6368.000
1245.617	6511.000
1245.763	6377.000
1245.909	6451.000
1246.055	6374.000
1246.200	6502.000
1246.346	6296.000
1246.492	6550.000
1246.638	6364.000
1246.783	6420.000
1246.929	6417.000
1247.075	6496.000
1247.220	6405.000
1247.366	6462.000
1247.512	6391.000
1247.657	6485.000
1247.803	6402.000
1247.949	6515.000
1248.094	6349.000
1248.240	6515.000
1248.385	6312.000
1248.531	6437.000
1248.676	6482.000
1248.822	6507.000
1248.968	6412.000
1249.113	6490.000
1249.259	6392.000
1249.404	6464.000
1249.550	6366.000
1249.695	6474.000
1249.841	6403.000
1249.986	6525.000
1250.132	6411.000
1250.277	6509.000
1250.422	6425.000
1250.568	6524.000
1250.713	6396.000
1250.859	6427.000
1251.004	6380.000
1251.150	6536.000
1251.295	6454.000
1251.440	6465.000
1251.586	6385.000
1251.731	6545.000
1251.876	6435.000
1252.022	6487.000
1252.167	6360.000
1252.312	6482.000
1252.458	6369.000
1252.603	6553.000
1252.748	6433.000
1252.893	6489.000
1253.039	6415.000
1253.184	6500.000
1253.329	6407.000
1253.474	6467.000
1253.619	6372.000
1253.765	6527.000
1253.910	6322.000
1254.055	6495.000
1254.200	6417.000
1254.345	6490.000
1254.490	6378.000
1254.636	6530.000
1254.781	6290.000
1254.926	6525.000
1255.071	6351.000
1255.216	6442.000
1255.361	6407.000
1255.506	6512.000
1255.651	6320.000
1255.796	6529.000
1255.941	6253.000
1256.086	6429.000
1256.231	6347.000
1256.376	6524.000
1256.521	6396.000
1256.666	6506.000
1256.811	6284.000
1256.956	6404.000
1257.101	6365.000
1257.246	6467.000
1257.391	6377.000
1257.536	6524.000
1257.681	6298.000
1257.826	6436.000
1257.971	6320.000
1258.116	6488.000
1258.260	6334.000
1258.405	6504.000
1258.550	6283.000
1258.695	6434.000
1258.840	6251.000
1258.985	6517.000
1259.129	6448.000
1259.274	6401.000
1259.419	6360.000
1259.564	6416.000
1259.708	6291.000
1259.853	6459.000
1259.998	6324.000
1260.143	6489.000
1260.287	6295.000
1260.432	6469.000
1260.577	6326.000
1260.721	6455.000
1260.866	6264.000
1261.011	6528.000
1261.155	6313.000
1261.300	6478.000
1261.445	6255.000
1261.589	6423.000
1261.734	6243.000
1261.878	6432.000
1262.023	6315.000
1262.168	6462.000
1262.312	6296.000
1262.457	6488.000
1262.601	6206.000
1262.746	6475.000
1262.890	6269.000
1263.035	6471.000
1263.179	6288.000
1263.324	6523.000
1263.468	6363.000
1263.613	6466.000
1263.757	6308.000
1263.902	6505.000
1264.046	6273.000
1264.191	6445.000
1264.335	6313.000
1264.479	6521.000
1264.624	6267.000
1264.768	6409.000
1264.912	6311.000
1265.057	6460.000
1265.201	6309.000
1265.346	6455.000
1265.490	6274.000
1265.634	6461.000
1265.778	6301.000
1265.923	6512.000
1266.067	6420.000
1266.211	6523.000
1266.356	6377.000
1266.500	6422.000
1266.644	6299.000
1266.788	6448.000
1266.933	6263.000
1267.077	6483.000
1267.221	6429.000
1267.365	6516.000
1267.509	6305.000
1267.653	6531.000
1267.798	6441.000
1267.942	6449.000
1268.086	6294.000
1268.230	6504.000
1268.374	6331.000
1268.518	6479.000
1268.662	6331.000
1268.806	6536.000
1268.950	6324.000
1269.095	6472.000
1269.239	6334.000
1269.383	6495.000
1269.527	6358.000
1269.671	6475.000
1269.815	6368.000
1269.959	6477.000
1270.103	6334.000
1270.247	6570.000
1270.391	6355.000
1270.535	6437.000
1270.679	6379.000
1270.822	6515.000
1270.966	6315.000
1271.110	6493.000
1271.254	6429.000
1271.398	6537.000
1271.542	6349.000
1271.686	6474.000
1271.830	6358.000
1271.973	6474.000
1272.117	6376.000
1272.261	6474.000
1272.405	6386.000
1272.549	6523.000
1272.693	6357.000
1272.836	6478.000
1272.980	6227.000
1273.124	6541.000
1273.268	6331.000
1273.411	6472.000
1273.555	6302.000
1273.699	6511.000
1273.843	6295.000
1273.986	6465.000
1274.130	6429.000
1274.274	6396.000
1274.417	6285.000
1274.561	6483.000
1274.705	6348.000
1274.848	6471.000
1274.992	6265.000
1275.135	6530.000
1275.279	6426.000
1275.423	6481.000
1275.566	6305.000
1275.710	6437.000
1275.853	6378.000
1275.997	6490.000
1276.140	6255.000
1276.284	6522.000
1276.427	6315.000
1276.571	6367.000
1276.714	6361.000
1276.858	6430.000
1277.001	6299.000
1277.145	6548.000
1277.288	6305.000
1277.432	6327.000
1277.575	6313.000
1277.719	6506.000
1277.862	6348.000
1278.005	6376.000
1278.149	6217.000
1278.292	6505.000
1278.435	6290.000
1278.579	6446.000
1278.722	6290.000
1278.865	6488.000
1279.009	6337.000
1279.152	6446.000
1279.295	6326.000
1279.439	6478.000
1279.582	6299.000
1279.725	6500.000
1279.868	6271.000
1280.012	6418.000
1280.155	6343.000
1280.298	6469.000
1280.441	6181.000
1280.585	6476.000
1280.728	6219.000
1280.871	6373.000
1281.014	6271.000
1281.157	6471.000
1281.300	6300.000
1281.444	6430.000
1281.587	6295.000
1281.730	6358.000
1281.873	6232.000
1282.016	6395.000
1282.159	6365.000
1282.302	6369.000
1282.445	6289.000
1282.588	6357.000
1282.731	6303.000
1282.874	6404.000
1283.017	6236.000
1283.160	6365.000
1283.303	6268.000
1283.446	6430.000
1283.589	6278.000
1283.732	6428.000
1283.875	6200.000
1284.018	6431.000
1284.161	6202.000
1284.304	6414.000
1284.447	6237.000
1284.590	6464.000
1284.733	6215.000
1284.876	6510.000
1285.019	6188.000
1285.161	6514.000
1285.304	6259.000
1285.447	6444.000
1285.590	6253.000
1285.733	6467.000
1285.876	6275.000
1286.018	6360.000
1286.161	6261.000
1286.304	6458.000
1286.447	6250.000
1286.589	6404.000
1286.732	6291.000
1286.875	6409.000
1287.018	6314.000
1287.160	6428.000
1287.303	6321.000
1287.446	6405.000
1287.588	6198.000
1287.731	6445.000
1287.874	6051.000
1288.016	6450.000
1288.159	6326.000
1288.302	6389.000
1288.444	6334.000
1288.587	6370.000
1288.729	6178.000
1288.872	6371.000
1289.015	6295.000
1289.157	6487.000
1289.300	6248.000
1289.442	6386.000
1289.585	6209.000
1289.727	6436.000
1289.870	6257.000
1290.012	6374.000
1290.155	6161.000
1290.297	6441.000
1290.440	6286.000
1290.582	6415.000
1290.725	6223.000
1290.867	6410.000
1291.009	6218.000
1291.152	6438.000
1291.294	6303.000
1291.437	6343.000
1291.579	6175.000
1291.721	6362.000
1291.864	6241.000
1292.006	6525.000
1292.148	6234.000
1292.291	6433.000
1292.433	6240.000
1292.575	6391.000
1292.718	6278.000
1292.860	6455.000
1293.002	6255.000
1293.145	6426.000
1293.287	6261.000
1293.429	6383.000
1293.571	6277.000
1293.713	6452.000
1293.856	6297.000
1293.998	6432.000
1294.140	6245.000
1294.282	6330.000
1294.424	6187.000
1294.567	6470.000
1294.709	6192.000
1294.851	6364.000
1294.993	6228.000
1295.135	6337.000
1295.277	6197.000
1295.419	6398.000
1295.561	6224.000
1295.703	6400.000
1295.845	6197.000
1295.987	6391.000
1296.129	6289.000
1296.272	6344.000
1296.414	6223.000
1296.556	6418.000
1296.698	6294.000
1296.840	6405.000
1296.981	6206.000
1297.123	6447.000
1297.265	6219.000
1297.407	6350.000
1297.549	6209.000
1297.691	6361.000
1297.833	6217.000
1297.975	6374.000
1298.117	6176.000
1298.259	6383.000
1298.401	6193.000
1298.542	6356.000
1298.684	6298.000
1298.826	6357.000
1298.968	6196.000
1299.110	6353.000
1299.252	6155.000
1299.393	6446.000
1299.535	6274.000
1299.677	6302.000
1299.819	6204.000
1299.960	6287.000
1300.102	6250.000
1300.244	6349.000
1300.386	6284.000
1300.527	6426.000
1300.669	6193.000
1300.811	6384.000
1300.952	6208.000
1301.094	6376.000
1301.236	6226.000
1301.377	6389.000
1301.519	6281.000
1301.661	6402.000
1301.802	6236.000
1301.944	6240.000
1302.085	6165.000
1302.227	6387.000
1302.368	6118.000
1302.510	6335.000
1302.652	6179.000
1302.793	6319.000
1302.935	6151.000
1303.076	6295.000
1303.218	6196.000
1303.359	6401.000
1303.501	6090.000
1303.642	6408.000
1303.783	6160.000
1303.925	6324.000
1304.066	6213.000
1304.208	6337.000
1304.349	6186.000
1304.491	6304.000
1304.632	6138.000
1304.773	6286.000
1304.915	6180.000
1305.056	6308.000
1305.197	6114.000
1305.339	6316.000
1305.480	6299.000
1305.621	6322.000
1305.763	6207.000
1305.904	6359.000
1306.045	6135.000
1306.187	6331.000
1306.328	6144.000
1306.469	6313.000
1306.610	6084.000
1306.752	6442.000
1306.893	6189.000
1307.034	6394.000
1307.175	6143.000
1307.316	6335.000
1307.458	6197.000
1307.599	6331.000
1307.740	6110.000
1307.881	6299.000
1308.022	6131.000
1308.163	6339.000
1308.304	6172.000
1308.446	6334.000
1308.587	6064.000
1308.728	6291.000
1308.869	6170.000
1309.010	6286.000
1309.151	6150.000
1309.292	6321.000
1309.433	6085.000
1309.574	6305.000
1309.715	6077.000
1309.856	6307.000
1309.997	6122.000
1310.138	6387.000
1310.279	6137.000
1310.420	6255.000
1310.561	6097.000
1310.702	6230.000
1310.843	6146.000
1310.984	6371.000
1311.124	6106.000
1311.265	6319.000
1311.406	6011.000
1311.547	6324.000
1311.688	6107.000
1311.829	6318.000
1311.970	6071.000
1312.110	6250.000
1312.251	6234.000
1312.392	6216.000
1312.533	6113.000
1312.674	6333.000
1312.814	6097.000
1312.955	6287.000
1313.096	6032.000
1313.237	6322.000
1313.377	6102.000
1313.518	6188.000
1313.659	6079.000
1313.800	6241.000
1313.940	6038.000
1314.081	6202.000
1314.222	5994.000
1314.362	6206.000
1314.503	6142.000
1314.644	6282.000
1314.784	6110.000
1314.925	6295.000
1315.065	6075.000
1315.206	6232.000
1315.347	6036.000
1315.487	6204.000
1315.628	5954.000
1315.768	6214.000
1315.909	6099.000
1316.049	6263.000
1316.190	6021.000
1316.330	6244.000
1316.471	6025.000
1316.611	6239.000
1316.752	5979.000
1316.892	6191.000
1317.033	5997.000
1317.173	6158.000
1317.313	5948.000
1317.454	6154.000
1317.594	6069.000
1317.735	6137.000
1317.875	6010.000
1318.015	6185.000
1318.156	6035.000
1318.296	6193.000
1318.437	5985.000
1318.577	6213.000
1318.717	5999.000
1318.857	6144.000
1318.998	5962.000
1319.138	6203.000
1319.278	6003.000
1319.419	6104.000
1319.559	6003.000
1319.699	6143.000
1319.839	5936.000
1319.980	6049.000
1320.120	5948.000
1320.260	6157.000
1320.400	6026.000
1320.540	6110.000
1320.681	5960.000
1320.821	6119.000
1320.961	5970.000
1321.101	6083.000
1321.241	5914.000
1321.381	6122.000
1321.521	5894.000
1321.661	6111.000
1321.802	5955.000
1321.942	6113.000
1322.082	5947.000
1322.222	6068.000
1322.362	5889.000
1322.502	6130.000
1322.642	5970.000
1322.782	6085.000
1322.922	5942.000
1323.062	6145.000
1323.202	5866.000
1323.342	6058.000
1323.482	5971.000
1323.622	6157.000
1323.762	5943.000
1323.902	6059.000
1324.041	5947.000
1324.181	6049.000
1324.321	5895.000
1324.461	6085.000
1324.601	5930.000
1324.741	6090.000
1324.881	5887.000
1325.021	6037.000
1325.160	5892.000
1325.300	6139.000
1325.440	5951.000
1325.580	6109.000
1325.720	5880.000
1325.859	6135.000
1325.999	5934.000
1326.139	6120.000
1326.279	5914.000
1326.418	6125.000
1326.558	5877.000
1326.698	6041.000
1326.838	5914.000
1326.977	6117.000
1327.117	5902.000
1327.257	6137.000
1327.396	5900.000
1327.536	6075.000
1327.675	5951.000
1327.815	6027.000
1327.955	5957.000
1328.094	6115.000
1328.234	5916.000
1328.374	6044.000
1328.513	5895.000
1328.653	6079.000
1328.792	5952.000
1328.932	6028.000
1329.071	5932.000
1329.211	6071.000
1329.350	5958.000
1329.490	6137.000
1329.629	5903.000
1329.769	6058.000
1329.908	5962.000
1330.048	6096.000
1330.187	5901.000
1330.327	6161.000
1330.466	5968.000
1330.605	6109.000
1330.745	5984.000
1330.884	6105.000
1331.024	5952.000
1331.163	6077.000
1331.302	5935.000
1331.442	6122.000
1331.581	5947.000
1331.720	6076.000
1331.860	6016.000
1331.999	6116.000
1332.138	5914.000
1332.277	6019.000
1332.417	5907.000
1332.556	6152.000
1332.695	5940.000
1332.834	6086.000
1332.974	5950.000
1333.113	6154.000
1333.252	6365.000
1333.391	6089.000
1333.531	5936.000
1333.670	6080.000
1333.809	5891.000
1333.948	6122.000
1334.087	5879.000
1334.226	6133.000
1334.365	5909.000
1334.505	6004.000
1334.644	5958.000
1334.783	6080.000
1334.922	5902.000
1335.061	6060.000
1335.200	5924.000
1335.339	6109.000
1335.478	5893.000
1335.617	6008.000
1335.756	5874.000
1335.895	6011.000
1336.034	5883.000
1336.173	6066.000
1336.312	5914.000
1336.451	6011.000
1336.590	5955.000
1336.729	6033.000
1336.868	5835.000
1337.007	6143.000
1337.146	5883.000
1337.285	6018.000
1337.423	5876.000
1337.562	5970.000
1337.701	5896.000
1337.840	5974.000
1337.979	5878.000
1338.118	5926.000
1338.256	5897.000
1338.395	5936.000
1338.534	5877.000
1338.673	6035.000
1338.812	5856.000
1338.950	6047.000
1339.089	5856.000
1339.228	6076.000
1339.367	5859.000
1339.505	5968.000
1339.644	5903.000
1339.783	5974.000
1339.922	5901.000
1340.060	6004.000
1340.199	5846.000
1340.338	5970.000
1340.476	5878.000
1340.615	6024.000
1340.753	5933.000
1340.892	5954.000
1341.031	5876.000
1341.169	5942.000
1341.308	5850.000
1341.446	5971.000
1341.585	5864.000
1341.724	6039.000
1341.862	5881.000
1342.001	6037.000
1342.139	5835.000
1342.278	5956.000
1342.416	5871.000
1342.555	5987.000
1342.693	5772.000
1342.832	6036.000
1342.970	5850.000
1343.109	6038.000
1343.247	5901.000
1343.385	6082.000
1343.524	5844.000
1343.662	6038.000
1343.801	5862.000
1343.939	5988.000
1344.077	5850.000
1344.216	6073.000
1344.354	5802.000
1344.492	6071.000
1344.631	5851.000
1344.769	6054.000
1344.907	5817.000
1345.046	6022.000
1345.184	5854.000
1345.322	6074.000
1345.460	5896.000
1345.599	6060.000
1345.737	5932.000
1345.875	6120.000
1346.013	5933.000
1346.152	6002.000
1346.290	5924.000
1346.428	6122.000
1346.566	5884.000
1346.704	6039.000
1346.843	5899.000
1346.981	6105.000
1347.119	5864.000
1347.257	6090.000
1347.395	5895.000
1347.533	6125.000
1347.671	5943.000
1347.809	6088.000
1347.947	5852.000
1348.085	6049.000
1348.224	5908.000
1348.362	6014.000
1348.500	5914.000
1348.638	6057.000
1348.776	5922.000
1348.914	6037.000
1349.052	5910.000
1349.190	6122.000
1349.328	5935.000
1349.466	6041.000
1349.603	5884.000
1349.741	6107.000
1349.879	5907.000
1350.017	6045.000
1350.155	5867.000
1350.293	6028.000
1350.431	5788.000
1350.569	6099.000
1350.707	5933.000
1350.844	5980.000
1350.982	5918.000
1351.120	6094.000
1351.258	5844.000
1351.396	6061.000
1351.534	5925.000
1351.671	6012.000
1351.809	5861.000
1351.947	5975.000
1352.085	5871.000
1352.222	5973.000
1352.360	5861.000
1352.498	6001.000
1352.636	5898.000
1352.773	6001.000
1352.911	5836.000
1353.049	6085.000
1353.186	5914.000
1353.324	6007.000
1353.462	5944.000
1353.599	6013.000
1353.737	5875.000
1353.874	6021.000
1354.012	5037.000
1354.150	5997.000
1354.287	5841.000
1354.425	5954.000
1354.562	5802.000
1354.700	6011.000
1354.837	5810.000
1354.975	6023.000
1355.112	5920.000
1355.250	6002.000
1355.387	5873.000
1355.525	5946.000
1355.662	5829.000
1355.800	6044.000
1355.937	5848.000
1356.075	5981.000
1356.212	5785.000
1356.350	6009.000
1356.487	5770.000
1356.624	5936.000
1356.762	5802.000
1356.899	5919.000
1357.037	5819.000
1357.174	5984.000
1357.311	5784.000
1357.449	6024.000
1357.586	5728.000
1357.723	6050.000
1357.860	5836.000
1357.998	5924.000
1358.135	5834.000
1358.272	5894.000
1358.410	5769.000
1358.547	5856.000
1358.684	5723.000
1358.821	5851.000
1358.959	5765.000
1359.096	5974.000
1359.233	5792.000
1359.370	5952.000
1359.507	5707.000
1359.644	5847.000
1359.782	5730.000
1359.919	5872.000
1360.056	5631.000
1360.193	5858.000
1360.330	5618.000
1360.467	5818.000
1360.604	5663.000
1360.741	5858.000
1360.878	5811.000
1361.015	5895.000
1361.152	5729.000
1361.290	5969.000
1361.427	5667.000
1361.564	5850.000
1361.701	5707.000
1361.838	5896.000
1361.975	5702.000
1362.112	5977.000
1362.248	8587.000
1362.385	5944.000
1362.522	5728.000
1362.659	5858.000
1362.796	5753.000
1362.933	5867.000
1363.070	5615.000
1363.207	5843.000
1363.344	5806.000
1363.481	5995.000
1363.617	5808.000
1363.754	5868.000
1363.891	5751.000
1364.028	5894.000
1364.165	5847.000
1364.302	5999.000
1364.438	5782.000
1364.575	5942.000
1364.712	5764.000
1364.849	5962.000
1364.985	5820.000
1365.122	6003.000
1365.259	5787.000
1365.396	5927.000
1365.532	5807.000
1365.669	5901.000
1365.806	5726.000
1365.942	5852.000
1366.079	5715.000
1366.216	5963.000
1366.352	5755.000
1366.489	5955.000
1366.625	5742.000
1366.762	6003.000
1366.899	5804.000
1367.035	5989.000
1367.172	5767.000
1367.308	5939.000
1367.445	5644.000
1367.581	5951.000
1367.718	5708.000
1367.855	5947.000
1367.991	5711.000
1368.128	5969.000
1368.264	5754.000
1368.401	5918.000
1368.537	5768.000
1368.673	5940.000
1368.810	5676.000
1368.946	5941.000
1369.083	5774.000
1369.219	5841.000
1369.356	5723.000
1369.492	5957.000
1369.628	5771.000
1369.765	5924.000
1369.901	5747.000
1370.037	5907.000
1370.174	5789.000
1370.310	5912.000
1370.446	5808.000
1370.583	5915.000
1370.719	5794.000
1370.855	5987.000
1370.992	5746.000
1371.128	5962.000
1371.264	5700.000
1371.400	5886.000
1371.537	5843.000
1371.673	6017.000
1371.809	5764.000
1371.945	5920.000
1372.081	5825.000
1372.218	5998.000
1372.354	5822.000
1372.490	6018.000
1372.626	5820.000
1372.762	5995.000
1372.898	5801.000
1373.034	5915.000
1373.170	5835.000
1373.307	5997.000
1373.443	5822.000
1373.579	5828.000
1373.715	5822.000
1373.851	6018.000
1373.987	5858.000
1374.123	5929.000
1374.259	5783.000
1374.395	5874.000
1374.531	5865.000
1374.667	6006.000
