1159.948	6239.000
1160.095	6289.000
1160.241	6202.000
1160.387	6378.000
1160.533	6199.000
1160.679	6407.000
1160.825	6189.000
1160.971	6350.000
1161.117	6207.000
1161.263	6339.000
1161.410	6172.000
1161.556	6373.000
1161.702	6218.000
1161.848	6277.000
1161.994	6201.000
1162.140	6394.000
1162.286	6120.000
1162.432	6364.000
1162.578	6156.000
1162.724	6377.000
1162.870	6148.000
1163.016	6271.000
1163.162	6307.000
1163.308	6314.000
1163.454	6228.000
1163.599	6311.000
1163.745	6229.000
1163.891	6262.000
1164.037	6164.000
1164.183	6288.000
1164.329	6205.000
1164.475	6364.000
1164.621	6237.000
1164.767	6320.000
1164.912	6140.000
1165.058	6289.000
1165.204	6246.000
1165.350	6242.000
1165.496	6235.000
1165.642	6343.000
1165.787	6179.000
1165.933	6372.000
1166.079	6159.000
1166.225	6380.000
1166.370	6143.000
1166.516	6297.000
1166.662	6218.000
1166.808	6238.000
1166.953	6184.000
1167.099	6290.000
1167.245	6165.000
1167.390	6250.000
1167.536	6226.000
1167.682	6328.000
1167.827	6151.000
1167.973	6264.000
1168.119	6137.000
1168.264	6294.000
1168.410	6114.000
1168.556	6229.000
1168.701	6207.000
1168.847	6203.000
1168.992	6109.000
1169.138	6241.000
1169.284	6079.000
1169.429	6266.000
1169.575	6148.000
1169.720	6184.000
1169.866	6106.000
1170.011	6249.000
1170.157	6120.000
1170.302	6170.000
1170.448	6098.000
1170.593	6206.000
1170.739	6043.000
1170.884	6189.000
1171.030	6061.000
1171.175	6164.000
1171.321	6069.000
1171.466	6255.000
1171.611	6021.000
1171.757	6208.000
1171.902	6095.000
1172.048	6187.000
1172.193	6017.000
1172.338	6160.000
1172.484	6045.000
1172.629	6127.000
1172.775	6068.000
1172.920	6138.000
1173.065	6033.000
1173.211	6181.000
1173.356	6075.000
1173.501	6142.000
1173.646	6045.000
1173.792	6151.000
1173.937	6011.000
1174.082	6136.000
1174.228	6049.000
1174.373	6166.000
1174.518	6017.000
1174.663	6078.000
1174.809	5973.000
1174.954	6042.000
1175.099	5984.000
1175.244	6168.000
1175.389	5985.000
1175.535	6117.000
1175.680	5998.000
1175.825	6094.000
1175.970	6003.000
1176.115	6121.000
1176.260	5881.000
1176.405	6162.000
1176.550	5957.000
1176.696	6075.000
1176.841	6007.000
1176.986	6094.000
1177.131	5997.000
1177.276	6074.000
1177.421	5983.000
1177.566	6088.000
1177.711	6004.000
1177.856	6151.000
1178.001	5954.000
1178.146	6137.000
1178.291	5916.000
1178.436	6043.000
1178.581	6078.000
1178.726	6159.000
1178.871	5962.000
1179.016	6125.000
1179.161	6003.000
1179.306	6091.000
1179.451	5966.000
1179.596	6084.000
1179.741	6051.000
1179.886	6137.000
1180.030	5983.000
1180.175	6125.000
1180.320	6025.000
1180.465	6126.000
1180.610	5971.000
1180.755	6051.000
1180.900	6013.000
1181.044	6175.000
1181.189	6030.000
1181.334	6098.000
1181.479	5991.000
1181.624	6149.000
1181.768	5989.000
1181.913	6086.000
1182.058	5940.000
1182.203	6089.000
1182.348	5927.000
1182.492	6143.000
1182.637	6018.000
1182.782	6130.000
1182.926	5988.000
1183.071	6107.000
1183.216	5990.000
1183.360	6069.000
1183.505	5958.000
1183.650	6133.000
1183.794	5897.000
1183.939	6089.000
1184.084	6020.000
1184.228	6056.000
1184.373	5983.000
1184.518	6145.000
1184.662	5899.000
1184.807	6104.000
1184.951	5930.000
1185.096	6030.000
1185.241	6010.000
1185.385	6098.000
1185.530	5921.000
1185.674	6088.000
1185.819	5823.000
1185.963	6020.000
1186.108	5936.000
1186.252	6128.000
1186.397	5963.000
1186.541	6097.000
1186.686	5869.000
1186.830	5988.000
1186.975	5951.000
1187.119	6004.000
1187.263	5937.000
1187.408	6105.000
1187.552	5890.000
1187.697	6035.000
1187.841	5868.000
1187.985	6063.000
1188.130	5897.000
1188.274	6089.000
1188.419	5874.000
1188.563	6038.000
1188.707	5820.000
1188.852	6070.000
1188.996	6016.000
1189.140	6000.000
1189.285	5941.000
1189.429	5985.000
1189.573	5862.000
1189.717	6027.000
1189.862	5873.000
1190.006	6103.000
1190.150	5825.000
1190.294	6054.000
1190.439	5843.000
1190.583	6010.000
1190.727	5805.000
1190.871	6116.000
1191.016	5891.000
1191.160	6020.000
1191.304	5834.000
1191.448	5999.000
1191.592	5838.000
1191.736	6021.000
1191.881	5893.000
1192.025	6077.000
1192.169	5880.000
1192.313	6035.000
1192.457	5740.000
1192.601	6056.000
1192.745	5817.000
1192.889	6048.000
1193.033	5849.000
1193.177	6102.000
1193.321	5904.000
1193.465	6011.000
1193.610	5875.000
1193.754	6051.000
1193.898	5836.000
1194.042	5986.000
1194.186	5888.000
1194.330	6073.000
1194.474	5836.000
1194.617	5978.000
1194.761	5870.000
1194.905	6001.000
1195.049	5859.000
1195.193	6044.000
1195.337	5822.000
1195.481	6050.000
1195.625	5881.000
1195.769	6016.000
1195.913	5982.000
1196.057	6087.000
1196.201	5923.000
1196.344	5989.000
1196.488	5821.000
1196.632	6008.000
1196.776	5841.000
1196.920	6030.000
1197.064	6001.000
1197.207	6075.000
1197.351	5829.000
1197.495	6090.000
1197.639	5985.000
1197.782	6005.000
1197.926	5863.000
1198.070	6080.000
1198.214	5891.000
1198.357	6045.000
1198.501	5888.000
1198.645	6097.000
1198.789	5870.000
1198.932	6039.000
1199.076	5902.000
1199.220	6022.000
1199.363	5915.000
1199.507	6058.000
1199.651	5950.000
1199.794	6033.000
1199.938	5898.000
1200.081	6115.000
1200.225	5924.000
1200.369	5987.000
1200.512	5937.000
1200.656	6091.000
1200.799	5857.000
1200.943	6064.000
1201.087	5976.000
1201.230	6077.000
1201.374	5888.000
1201.517	6034.000
1201.661	5891.000
1201.804	6058.000
1201.948	5880.000
1202.091	6025.000
1202.235	5934.000
1202.378	6064.000
1202.522	5903.000
1202.665	6045.000
1202.808	5757.000
1202.952	6087.000
1203.095	5862.000
1203.239	6012.000
1203.382	5863.000
1203.526	6080.000
1203.669	5891.000
1203.812	6006.000
1203.956	5956.000
1204.099	5942.000
1204.242	5829.000
1204.386	6068.000
1204.529	5886.000
1204.672	5991.000
1204.816	5805.000
1204.959	6087.000
1205.102	5944.000
1205.246	6030.000
1205.389	5851.000
1205.532	6032.000
1205.675	5949.000
1205.819	6061.000
1205.962	5843.000
1206.105	6062.000
1206.248	5825.000
1206.392	5945.000
1206.535	5906.000
1206.678	6024.000
1206.821	5864.000
1206.964	6128.000
1207.108	5827.000
1207.251	5902.000
1207.394	5846.000
1207.537	6088.000
1207.680	5906.000
1207.823	5957.000
1207.966	5782.000
1208.109	6058.000
1208.253	5850.000
1208.396	6003.000
1208.539	5828.000
1208.682	6019.000
1208.825	5847.000
1208.968	5988.000
1209.111	5933.000
1209.254	6039.000
1209.397	5857.000
1209.540	6068.000
1209.683	5819.000
1209.826	5971.000
1209.969	5883.000
1210.112	6001.000
1210.255	5763.000
1210.398	6035.000
1210.541	5782.000
1210.684	5946.000
1210.827	5842.000
1210.970	6031.000
1211.113	5834.000
1211.255	6011.000
1211.398	5865.000
1211.541	5903.000
1211.684	5805.000
1211.827	5972.000
1211.970	5955.000
1212.113	5923.000
1212.256	5829.000
1212.398	5962.000
1212.541	5853.000
1212.684	6006.000
1212.827	5814.000
1212.970	5939.000
1213.112	5839.000
1213.255	5974.000
1213.398	5849.000
1213.541	5964.000
1213.683	5746.000
1213.826	6013.000
1213.969	5748.000
1214.112	5991.000
1214.254	5807.000
1214.397	6035.000
1214.540	5815.000
1214.682	6070.000
1214.825	5774.000
1214.968	6073.000
1215.110	5817.000
1215.253	5985.000
1215.396	5830.000
1215.538	6001.000
1215.681	5847.000
1215.824	5942.000
1215.966	5798.000
1216.109	6014.000
1216.251	5794.000
1216.394	5975.000
1216.536	5828.000
1216.679	5977.000
1216.822	5882.000
1216.964	6021.000
1217.107	5880.000
1217.249	5970.000
1217.392	5788.000
1217.534	6041.000
1217.677	5592.000
1217.819	6034.000
1217.962	5887.000
1218.104	5957.000
1218.247	5896.000
1218.389	5949.000
1218.531	5762.000
1218.674	5923.000
1218.816	5863.000
1218.959	6057.000
1219.101	5808.000
1219.243	5992.000
1219.386	5784.000
1219.528	6008.000
1219.671	5871.000
1219.813	5975.000
1219.955	5786.000
1220.098	6000.000
1220.240	5880.000
1220.382	5994.000
1220.525	5797.000
1220.667	6021.000
1220.809	5789.000
1220.951	6025.000
1221.094	5886.000
1221.236	5935.000
1221.378	5756.000
1221.520	5955.000
1221.663	5822.000
1221.805	6111.000
1221.947	5789.000
1222.089	6036.000
1222.232	5853.000
1222.374	5997.000
1222.516	5875.000
1222.658	6026.000
1222.800	5850.000
1222.942	6036.000
1223.084	5859.000
1223.227	6017.000
1223.369	5878.000
1223.511	6061.000
1223.653	5868.000
1223.795	6033.000
1223.937	5822.000
1224.079	5942.000
1224.221	5809.000
1224.363	6048.000
1224.505	5806.000
1224.647	5942.000
1224.789	5826.000
1224.932	5954.000
1225.074	5805.000
1225.216	5984.000
1225.358	5864.000
1225.500	5994.000
1225.641	5832.000
1225.783	6032.000
1225.925	5907.000
1226.067	5964.000
1226.209	5810.000
1226.351	6023.000
1226.493	5917.000
1226.635	6008.000
1226.777	5827.000
1226.919	6045.000
1227.061	5859.000
1227.203	5965.000
1227.345	5810.000
1227.486	6006.000
1227.628	5844.000
1227.770	6024.000
1227.912	5798.000
1228.054	5991.000
1228.196	5792.000
1228.337	5957.000
1228.479	5896.000
1228.621	5975.000
1228.763	5804.000
1228.904	5961.000
1229.046	5784.000
1229.188	6043.000
1229.330	5901.000
1229.471	5963.000
1229.613	5832.000
1229.755	5929.000
1229.897	5909.000
1230.038	5989.000
1230.180	5878.000
1230.322	6052.000
1230.463	5820.000
1230.605	5979.000
1230.747	5855.000
1230.888	6008.000
1231.030	5846.000
1231.171	6027.000
1231.313	5918.000
1231.455	6064.000
1231.596	5893.000
1231.738	5892.000
1231.879	5791.000
1232.021	6034.000
1232.163	5785.000
1232.304	5979.000
1232.446	5819.000
1232.587	5960.000
1232.729	5816.000
1232.870	5959.000
1233.012	5828.000
1233.153	6037.000
1233.295	5705.000
1233.436	6046.000
1233.578	5817.000
1233.719	5972.000
1233.860	5842.000
1234.002	5990.000
1234.143	5785.000
1234.285	5973.000
1234.426	5778.000
1234.568	5965.000
1234.709	5833.000
1234.850	5991.000
1234.992	5760.000
1235.133	5976.000
1235.274	5937.000
1235.416	5985.000
1235.557	5827.000
1235.698	6023.000
1235.840	5794.000
1235.981	5976.000
1236.122	5794.000
1236.264	5990.000
1236.405	5747.000
1236.546	6112.000
1236.687	5854.000
1236.829	6043.000
1236.970	5791.000
1237.111	6014.000
1237.252	5835.000
1237.394	6001.000
1237.535	5778.000
1237.676	5960.000
1237.817	5773.000
1237.958	5983.000
1238.100	5863.000
1238.241	5986.000
1238.382	5754.000
1238.523	5984.000
1238.664	5834.000
1238.805	5967.000
1238.946	5831.000
1239.088	6012.000
1239.229	5754.000
1239.370	5978.000
1239.511	5734.000
1239.652	6009.000
1239.793	5830.000
1239.934	6087.000
1240.075	5806.000
1240.216	5966.000
1240.357	5778.000
1240.498	5922.000
1240.639	5820.000
1240.780	6030.000
1240.921	5796.000
1241.062	5997.000
1241.203	5672.000
1241.344	5994.000
1241.485	5828.000
1241.626	5997.000
1241.767	5762.000
1241.908	5944.000
1242.049	5877.000
1242.190	5906.000
1242.330	5824.000
1242.471	6011.000
1242.612	5777.000
1242.753	5988.000
1242.894	5741.000
1243.035	6023.000
1243.176	5792.000
1243.316	5925.000
1243.457	5753.000
1243.598	5959.000
1243.739	5801.000
1243.880	5880.000
1244.020	5699.000
1244.161	5952.000
1244.302	5858.000
1244.443	5968.000
1244.584	5826.000
1244.724	6011.000
1244.865	5789.000
1245.006	5986.000
1245.146	5741.000
1245.287	5931.000
1245.428	5674.000
1245.568	5909.000
1245.709	5810.000
1245.850	5969.000
1245.990	5742.000
1246.131	5947.000
1246.272	5732.000
1246.412	5948.000
1246.553	5662.000
1246.694	5930.000
1246.834	5745.000
1246.975	5848.000
1247.115	5682.000
1247.256	5873.000
1247.397	5807.000
1247.537	5859.000
1247.678	5717.000
1247.818	5892.000
1247.959	5757.000
1248.099	5906.000
1248.240	5721.000
1248.380	5938.000
1248.521	5725.000
1248.661	5876.000
1248.802	5696.000
1248.942	5943.000
1249.083	5733.000
1249.223	5846.000
1249.364	5716.000
1249.504	5849.000
1249.644	5691.000
1249.785	5812.000
1249.925	5660.000
1250.066	5934.000
1250.206	5766.000
1250.346	5869.000
1250.487	5684.000
1250.627	5886.000
1250.767	5698.000
1250.908	5841.000
1251.048	5671.000
1251.188	5859.000
1251.329	5647.000
1251.469	5834.000
1251.609	5706.000
1251.750	5848.000
1251.890	5713.000
1252.030	5793.000
1252.170	5644.000
1252.311	5892.000
1252.451	5697.000
1252.591	5840.000
1252.731	5722.000
1252.871	5883.000
1253.012	5625.000
1253.152	5804.000
1253.292	5759.000
1253.432	5913.000
1253.572	5703.000
1253.712	5821.000
1253.853	5736.000
1253.993	5826.000
1254.133	5641.000
1254.273	5866.000
1254.413	5688.000
1254.553	5845.000
1254.693	5669.000
1254.833	5811.000
1254.973	5670.000
1255.114	5918.000
1255.254	5711.000
1255.394	5873.000
1255.534	5620.000
1255.674	5884.000
1255.814	5695.000
1255.954	5887.000
1256.094	5699.000
1256.234	5920.000
1256.374	5660.000
1256.514	5861.000
1256.654	5697.000
1256.794	5870.000
1256.933	5665.000
1257.073	5931.000
1257.213	5683.000
1257.353	5837.000
1257.493	5745.000
1257.633	5823.000
1257.773	5737.000
1257.913	5908.000
1258.053	5726.000
1258.193	5832.000
1258.332	5703.000
1258.472	5877.000
1258.612	5738.000
1258.752	5829.000
1258.892	5721.000
1259.031	5837.000
1259.171	5760.000
1259.311	5947.000
1259.451	5709.000
1259.591	5845.000
1259.730	5791.000
1259.870	5916.000
1260.010	5722.000
1260.150	5953.000
1260.289	5761.000
1260.429	5906.000
1260.569	5787.000
1260.708	5935.000
1260.848	5755.000
1260.988	5865.000
1261.127	5729.000
1261.267	5936.000
1261.407	5753.000
1261.546	5855.000
1261.686	5807.000
1261.826	5931.000
1261.965	5749.000
1262.105	5856.000
1262.244	5710.000
1262.384	5971.000
1262.524	5727.000
1262.663	5873.000
1262.803	5768.000
1262.942	5999.000
1263.082	6123.000
1263.221	5929.000
1263.361	5752.000
1263.500	5876.000
1263.640	5717.000
1263.779	5950.000
1263.919	5716.000
1264.058	5978.000
1264.198	5744.000
1264.337	5834.000
1264.477	5830.000
1264.616	5880.000
1264.756	5747.000
1264.895	5870.000
1265.034	5746.000
1265.174	5958.000
1265.313	5753.000
1265.453	5844.000
1265.592	5720.000
1265.731	5859.000
1265.871	5716.000
1266.010	5898.000
1266.149	5711.000
1266.289	5852.000
1266.428	5788.000
1266.567	5851.000
1266.707	5683.000
1266.846	5970.000
1266.985	5695.000
1267.124	5857.000
1267.264	5741.000
1267.403	5811.000
1267.542	5732.000
1267.681	5851.000
1267.821	5736.000
1267.960	5782.000
1268.099	5756.000
1268.238	5783.000
1268.377	5751.000
1268.517	5864.000
1268.656	5719.000
1268.795	5873.000
1268.934	5734.000
1269.073	5912.000
1269.212	5726.000
1269.352	5827.000
1269.491	5762.000
1269.630	5843.000
1269.769	5739.000
1269.908	5862.000
1270.047	5723.000
1270.186	5822.000
1270.325	5770.000
1270.464	5883.000
1270.603	5767.000
1270.742	5866.000
1270.881	5734.000
1271.020	5824.000
1271.159	5731.000
1271.298	5862.000
1271.437	5715.000
1271.576	5921.000
1271.715	5712.000
1271.854	5894.000
1271.993	5708.000
1272.132	5848.000
1272.271	5725.000
1272.410	5846.000
1272.549	5665.000
1272.688	5925.000
1272.827	5709.000
1272.966	5935.000
1273.104	5789.000
1273.243	5937.000
1273.382	5698.000
1273.521	5933.000
1273.660	5715.000
1273.799	5876.000
1273.938	5710.000
1274.076	5960.000
1274.215	5724.000
1274.354	5951.000
1274.493	5746.000
1274.632	5958.000
1274.770	5717.000
1274.909	5887.000
1275.048	5764.000
1275.187	5940.000
1275.325	5799.000
1275.464	5944.000
1275.603	5846.000
1275.741	5984.000
1275.880	5827.000
1276.019	5917.000
1276.157	5813.000
1276.296	5966.000
1276.435	5776.000
1276.573	5906.000
1276.712	5782.000
1276.851	5980.000
1276.989	5772.000
1277.128	6010.000
1277.267	5782.000
1277.405	6040.000
1277.544	5899.000
1277.682	5981.000
1277.821	5779.000
1277.959	5945.000
1278.098	5804.000
1278.236	5933.000
1278.375	5813.000
1278.514	5974.000
1278.652	5849.000
1278.791	5946.000
1278.929	5823.000
1279.068	5975.000
1279.206	5844.000
1279.344	5961.000
1279.483	5791.000
1279.621	6038.000
1279.760	5799.000
1279.898	5927.000
1280.037	5785.000
1280.175	5948.000
1280.313	5739.000
1280.452	6003.000
1280.590	5867.000
1280.729	5908.000
1280.867	5845.000
1281.005	6039.000
1281.144	5811.000
1281.282	6002.000
1281.420	5836.000
1281.559	5949.000
1281.697	5794.000
1281.835	5895.000
1281.974	5786.000
1282.112	5930.000
1282.250	5831.000
1282.388	5963.000
1282.527	5807.000
1282.665	5946.000
1282.803	5767.000
1282.941	6031.000
1283.080	5871.000
1283.218	5938.000
1283.356	5874.000
1283.494	5981.000
1283.632	5839.000
1283.771	5985.000
1283.909	5061.000
1284.047	5920.000
1284.185	5802.000
1284.323	5906.000
1284.461	5714.000
1284.599	5950.000
1284.737	5751.000
1284.876	5945.000
1285.014	5859.000
1285.152	5931.000
1285.290	5819.000
1285.428	5920.000
1285.566	5769.000
1285.704	5984.000
1285.842	5815.000
1285.980	5965.000
1286.118	5735.000
1286.256	5971.000
1286.394	5723.000
1286.532	5882.000
1286.670	5817.000
1286.808	5879.000
1286.946	5763.000
1287.084	5919.000
1287.222	5744.000
1287.360	5959.000
1287.498	5696.000
1287.636	6002.000
1287.774	5781.000
1287.911	5880.000
1288.049	5785.000
1288.187	5861.000
1288.325	5722.000
1288.463	5826.000
1288.601	5687.000
1288.739	5822.000
1288.876	5715.000
1289.014	5929.000
1289.152	5728.000
1289.290	5895.000
1289.428	5681.000
1289.565	5835.000
1289.703	5685.000
1289.841	5845.000
1289.979	5591.000
1290.117	5832.000
1290.254	5622.000
1290.392	5804.000
1290.530	5645.000
1290.667	5826.000
1290.805	5754.000
1290.943	5842.000
1291.080	5696.000
1291.218	5926.000
1291.356	5656.000
1291.493	5827.000
1291.631	5714.000
1291.769	5874.000
1291.906	5666.000
1292.044	5959.000
1292.182	8751.000
1292.319	5914.000
1292.457	5698.000
1292.594	5880.000
1292.732	5750.000
1292.870	5885.000
1293.007	5636.000
1293.145	5829.000
1293.282	5812.000
1293.420	5965.000
1293.557	5760.000
1293.695	5885.000
1293.832	5729.000
1293.970	5891.000
1294.107	5809.000
1294.245	5966.000
1294.382	5739.000
1294.520	5923.000
1294.657	5698.000
1294.795	5945.000
1294.932	5776.000
1295.069	5950.000
1295.207	5781.000
1295.344	5928.000
1295.482	5792.000
1295.619	5919.000
1295.756	5750.000
1295.894	5847.000
1296.031	5736.000
1296.168	5973.000
1296.306	5757.000
1296.443	5906.000
1296.580	5740.000
1296.718	5974.000
1296.855	5780.000
1296.992	5933.000
1297.130	5744.000
1297.267	5943.000
1297.404	5651.000
1297.541	5921.000
1297.679	5690.000
1297.816	5944.000
1297.953	5699.000
1298.090	5961.000
1298.228	5764.000
1298.365	5933.000
1298.502	5762.000
1298.639	5992.000
1298.776	5691.000
1298.913	5939.000
1299.051	5806.000
1299.188	5837.000
1299.325	5737.000
1299.462	5938.000
1299.599	5771.000
1299.736	5901.000
1299.873	5759.000
1300.010	5908.000
1300.147	5810.000
1300.285	5921.000
1300.422	5811.000
1300.559	5930.000
1300.696	5801.000
1300.833	5989.000
1300.970	5737.000
1301.107	5952.000
1301.244	5702.000
1301.381	5896.000
1301.518	5849.000
1301.655	6018.000
1301.792	5792.000
1301.929	5915.000
1302.066	5819.000
1302.203	5997.000
1302.340	5807.000
1302.476	6028.000
1302.613	5815.000
1302.750	6048.000
1302.887	5801.000
1303.024	5900.000
1303.161	5812.000
1303.298	5993.000
1303.435	5810.000
1303.572	5856.000
1303.708	5814.000
1303.845	6042.000
1303.982	5883.000
1304.119	5961.000
1304.256	5820.000
1304.392	5878.000
1304.529	5846.000
1304.666	6009.000
