1159.948	7781.000
1160.095	7632.000
1160.241	7759.000
1160.387	7723.000
1160.533	7704.000
1160.679	7692.000
1160.825	7674.000
1160.971	7650.000
1161.117	7704.000
1161.263	7650.000
1161.410	7620.000
1161.556	7673.000
1161.702	7692.000
1161.848	7556.000
1161.994	7649.000
1162.140	7671.000
1162.286	7590.000
1162.432	7648.000
1162.578	7604.000
1162.724	7656.000
1162.870	7579.000
1163.016	7516.000
1163.162	7707.000
1163.308	7562.000
1163.454	7644.000
1163.599	7507.000
1163.745	7586.000
1163.891	7495.000
1164.037	7572.000
1164.183	7483.000
1164.329	7574.000
1164.475	7578.000
1164.621	7551.000
1164.767	7515.000
1164.912	7495.000
1165.058	7498.000
1165.204	7571.000
1165.350	7443.000
1165.496	7572.000
1165.642	7524.000
1165.787	7516.000
1165.933	7515.000
1166.079	7477.000
1166.225	7538.000
1166.370	7451.000
1166.516	7471.000
1166.662	7510.000
1166.808	7432.000
1166.953	7474.000
1167.099	7444.000
1167.245	7432.000
1167.390	7419.000
1167.536	7534.000
1167.682	7508.000
1167.827	7449.000
1167.973	7482.000
1168.119	7441.000
1168.264	7464.000
1168.410	7423.000
1168.556	7420.000
1168.701	7498.000
1168.847	7434.000
1168.992	7436.000
1169.138	7425.000
1169.284	7398.000
1169.429	7476.000
1169.575	7471.000
1169.720	7408.000
1169.866	7451.000
1170.011	7427.000
1170.157	7419.000
1170.302	7420.000
1170.448	7469.000
1170.593	7442.000
1170.739	7403.000
1170.884	7394.000
1171.030	7388.000
1171.175	7395.000
1171.321	7415.000
1171.466	7488.000
1171.611	7378.000
1171.757	7445.000
1171.902	7436.000
1172.048	7450.000
1172.193	7382.000
1172.338	7403.000
1172.484	7376.000
1172.629	7430.000
1172.775	7419.000
1172.920	7391.000
1173.065	7400.000
1173.211	7441.000
1173.356	7445.000
1173.501	7415.000
1173.646	7447.000
1173.792	7389.000
1173.937	7396.000
1174.082	7427.000
1174.228	7470.000
1174.373	7473.000
1174.518	7397.000
1174.663	7378.000
1174.809	7396.000
1174.954	7372.000
1175.099	7441.000
1175.244	7506.000
1175.389	7437.000
1175.535	7435.000
1175.680	7433.000
1175.825	7421.000
1175.970	7462.000
1176.115	7484.000
1176.260	7322.000
1176.405	7523.000
1176.550	7435.000
1176.696	7412.000
1176.841	7496.000
1176.986	7515.000
1177.131	7497.000
1177.276	7498.000
1177.421	7475.000
1177.566	7527.000
1177.711	7483.000
1177.856	7580.000
1178.001	7496.000
1178.146	7555.000
1178.291	7425.000
1178.436	7441.000
1178.581	7599.000
1178.726	7573.000
1178.871	7547.000
1179.016	7575.000
1179.161	7579.000
1179.306	7542.000
1179.451	7555.000
1179.596	7554.000
1179.741	7625.000
1179.886	7623.000
1180.030	7578.000
1180.175	7640.000
1180.320	7634.000
1180.465	7644.000
1180.610	7599.000
1180.755	7554.000
1180.900	7591.000
1181.044	7703.000
1181.189	7677.000
1181.334	7638.000
1181.479	7608.000
1181.624	7687.000
1181.768	7670.000
1181.913	7667.000
1182.058	7597.000
1182.203	7660.000
1182.348	7593.000
1182.492	7734.000
1182.637	7679.000
1182.782	7735.000
1182.926	7677.000
1183.071	7696.000
1183.216	7689.000
1183.360	7643.000
1183.505	7659.000
1183.650	7734.000
1183.794	7642.000
1183.939	7728.000
1184.084	7745.000
1184.228	7707.000
1184.373	7722.000
1184.518	7779.000
1184.662	7655.000
1184.807	7736.000
1184.951	7709.000
1185.096	7706.000
1185.241	7748.000
1185.385	7802.000
1185.530	7680.000
1185.674	7773.000
1185.819	7658.000
1185.963	7686.000
1186.108	7723.000
1186.252	7819.000
1186.397	7759.000
1186.541	7781.000
1186.686	7644.000
1186.830	7711.000
1186.975	7740.000
1187.119	7771.000
1187.263	7777.000
1187.408	7859.000
1187.552	7726.000
1187.697	7779.000
1187.841	7682.000
1187.985	7800.000
1188.130	7745.000
1188.274	7872.000
1188.419	7725.000
1188.563	7750.000
1188.707	7635.000
1188.852	7880.000
1188.996	7867.000
1189.140	7766.000
1189.285	7806.000
1189.429	7788.000
1189.573	7716.000
1189.717	7813.000
1189.862	7742.000
1190.006	7906.000
1190.150	7705.000
1190.294	7868.000
1190.439	7743.000
1190.583	7809.000
1190.727	7721.000
1190.871	7919.000
1191.016	7779.000
1191.160	7836.000
1191.304	7725.000
1191.448	7797.000
1191.592	7701.000
1191.736	7838.000
1191.881	7804.000
1192.025	7890.000
1192.169	7780.000
1192.313	7877.000
1192.457	7652.000
1192.601	7878.000
1192.745	7739.000
1192.889	7849.000
1193.033	7764.000
1193.177	7964.000
1193.321	7809.000
1193.465	7855.000
1193.610	7787.000
1193.754	7889.000
1193.898	7757.000
1194.042	7834.000
1194.186	7807.000
1194.330	7871.000
1194.474	7726.000
1194.617	7813.000
1194.761	7774.000
1194.905	7825.000
1195.049	7764.000
1195.193	7873.000
1195.337	7739.000
1195.481	7894.000
1195.625	7757.000
1195.769	7875.000
1195.913	7841.000
1196.057	7896.000
1196.201	7805.000
1196.344	7767.000
1196.488	7706.000
1196.632	7815.000
1196.776	7675.000
1196.920	7820.000
1197.064	7815.000
1197.207	7845.000
1197.351	7711.000
1197.495	7870.000
1197.639	7800.000
1197.782	7756.000
1197.926	7661.000
1198.070	7810.000
1198.214	7702.000
1198.357	7770.000
1198.501	7635.000
1198.645	7796.000
1198.789	7624.000
1198.932	7736.000
1199.076	7650.000
1199.220	7739.000
1199.363	7624.000
1199.507	7739.000
1199.651	7618.000
1199.794	7711.000
1199.938	7574.000
1200.081	7761.000
1200.225	7621.000
1200.369	7611.000
1200.512	7591.000
1200.656	7667.000
1200.799	7496.000
1200.943	7665.000
1201.087	7572.000
1201.230	7647.000
1201.374	7473.000
1201.517	7545.000
1201.661	7437.000
1201.804	7542.000
1201.948	7484.000
1202.091	7551.000
1202.235	7430.000
1202.378	7518.000
1202.522	7385.000
1202.665	7498.000
1202.808	7244.000
1202.952	7529.000
1203.095	7329.000
1203.239	7428.000
1203.382	7294.000
1203.526	7460.000
1203.669	7265.000
1203.812	7375.000
1203.956	7380.000
1204.099	7263.000
1204.242	7199.000
1204.386	7340.000
1204.529	7216.000
1204.672	7331.000
1204.816	7170.000
1204.959	7386.000
1205.102	7270.000
1205.246	7345.000
1205.389	7155.000
1205.532	7315.000
1205.675	7202.000
1205.819	7323.000
1205.962	7096.000
1206.105	7314.000
1206.248	7128.000
1206.392	7190.000
1206.535	7177.000
1206.678	7235.000
1206.821	7135.000
1206.964	7369.000
1207.108	7097.000
1207.251	7116.000
1207.394	7129.000
1207.537	7311.000
1207.680	7181.000
1207.823	7175.000
1207.966	7062.000
1208.109	7253.000
1208.253	7092.000
1208.396	7235.000
1208.539	7090.000
1208.682	7233.000
1208.825	7099.000
1208.968	7195.000
1209.111	7132.000
1209.254	7242.000
1209.397	7074.000
1209.540	7249.000
1209.683	7017.000
1209.826	7128.000
1209.969	7090.000
1210.112	7185.000
1210.255	6960.000
1210.398	7197.000
1210.541	6929.000
1210.684	7084.000
1210.827	6988.000
1210.970	7194.000
1211.113	7029.000
1211.255	7121.000
1211.398	7010.000
1211.541	7064.000
1211.684	6990.000
1211.827	7092.000
1211.970	7082.000
1212.113	7062.000
1212.256	6946.000
1212.398	7049.000
1212.541	7011.000
1212.684	7091.000
1212.827	6946.000
1212.970	7051.000
1213.112	6990.000
1213.255	7081.000
1213.398	6968.000
1213.541	7074.000
1213.683	6909.000
1213.826	7123.000
1213.969	6910.000
1214.112	7096.000
1214.254	6928.000
1214.397	7143.000
1214.540	6958.000
1214.682	7206.000
1214.825	6895.000
1214.968	7202.000
1215.110	6953.000
1215.253	7102.000
1215.396	6961.000
1215.538	7131.000
1215.681	6984.000
1215.824	7074.000
1215.966	6958.000
1216.109	7130.000
1216.251	6937.000
1216.394	7060.000
1216.536	6974.000
1216.679	7090.000
1216.822	7033.000
1216.964	7115.000
1217.107	6998.000
1217.249	7095.000
1217.392	6895.000
1217.534	7123.000
1217.677	6747.000
1217.819	7153.000
1217.962	7002.000
1218.104	7073.000
1218.247	7042.000
1218.389	7032.000
1218.531	6878.000
1218.674	7048.000
1218.816	7007.000
1218.959	7168.000
1219.101	6975.000
1219.243	7076.000
1219.386	6924.000
1219.528	7159.000
1219.671	6980.000
1219.813	7093.000
1219.955	6916.000
1220.098	7120.000
1220.240	7002.000
1220.382	7097.000
1220.525	6921.000
1220.667	7147.000
1220.809	6951.000
1220.951	7110.000
1221.094	6991.000
1221.236	7062.000
1221.378	6884.000
1221.520	7082.000
1221.663	6984.000
1221.805	7235.000
1221.947	6948.000
1222.089	7142.000
1222.232	6975.000
1222.374	7131.000
1222.516	6975.000
1222.658	7114.000
1222.800	6968.000
1222.942	7138.000
1223.084	7034.000
1223.227	7126.000
1223.369	7008.000
1223.511	7167.000
1223.653	7026.000
1223.795	7176.000
1223.937	6974.000
1224.079	7073.000
1224.221	6963.000
1224.363	7174.000
1224.505	6938.000
1224.647	7092.000
1224.789	6936.000
1224.932	7046.000
1225.074	6933.000
1225.216	7094.000
1225.358	7012.000
1225.500	7126.000
1225.641	6962.000
1225.783	7167.000
1225.925	7006.000
1226.067	7097.000
1226.209	6947.000
1226.351	7150.000
1226.493	7041.000
1226.635	7141.000
1226.777	6959.000
1226.919	7163.000
1227.061	6977.000
1227.203	7078.000
1227.345	6956.000
1227.486	7133.000
1227.628	7004.000
1227.770	7108.000
1227.912	6947.000
1228.054	7109.000
1228.196	6954.000
1228.337	7101.000
1228.479	7057.000
1228.621	7111.000
1228.763	6970.000
1228.904	7103.000
1229.046	6894.000
1229.188	7173.000
1229.330	7042.000
1229.471	7075.000
1229.613	6967.000
1229.755	7041.000
1229.897	6996.000
1230.038	7094.000
1230.180	7044.000
1230.322	7175.000
1230.463	6923.000
1230.605	7124.000
1230.747	6994.000
1230.888	7160.000
1231.030	6995.000
1231.171	7124.000
1231.313	7030.000
1231.455	7180.000
1231.596	6973.000
1231.738	6998.000
1231.879	6920.000
1232.021	7141.000
1232.163	6896.000
1232.304	7064.000
1232.446	6930.000
1232.587	7089.000
1232.729	6964.000
1232.870	7087.000
1233.012	6942.000
1233.153	7143.000
1233.295	6834.000
1233.436	7141.000
1233.578	6924.000
1233.719	7100.000
1233.860	6979.000
1234.002	7127.000
1234.143	6928.000
1234.285	7075.000
1234.426	6895.000
1234.568	7065.000
1234.709	6953.000
1234.850	7080.000
1234.992	6881.000
1235.133	7068.000
1235.274	7063.000
1235.416	7107.000
1235.557	6953.000
1235.698	7129.000
1235.840	6899.000
1235.981	7127.000
1236.122	6895.000
1236.264	7116.000
1236.405	6874.000
1236.546	7192.000
1236.687	6932.000
1236.829	7144.000
1236.970	6906.000
1237.111	7116.000
1237.252	6979.000
1237.394	7105.000
1237.535	6878.000
1237.676	7063.000
1237.817	6911.000
1237.958	7112.000
1238.100	6981.000
1238.241	7083.000
1238.382	6845.000
1238.523	7060.000
1238.664	6939.000
1238.805	7046.000
1238.946	6916.000
1239.088	7085.000
1239.229	6856.000
1239.370	7054.000
1239.511	6843.000
1239.652	7096.000
1239.793	6948.000
1239.934	7154.000
1240.075	6939.000
1240.216	7030.000
1240.357	6881.000
1240.498	7006.000
1240.639	6906.000
1240.780	7116.000
1240.921	6882.000
1241.062	7089.000
1241.203	6764.000
1241.344	7026.000
1241.485	6924.000
1241.626	7056.000
1241.767	6872.000
1241.908	7048.000
1242.049	6990.000
1242.190	6982.000
1242.330	6906.000
1242.471	7096.000
1242.612	6884.000
1242.753	7056.000
1242.894	6842.000
1243.035	7086.000
1243.176	6861.000
1243.316	6980.000
1243.457	6866.000
1243.598	7033.000
1243.739	6849.000
1243.880	6956.000
1244.020	6789.000
1244.161	6997.000
1244.302	6938.000
1244.443	7029.000
1244.584	6919.000
1244.724	7060.000
1244.865	6877.000
1245.006	7018.000
1245.146	6821.000
1245.287	7018.000
1245.428	6753.000
1245.568	6975.000
1245.709	6892.000
1245.850	7037.000
1245.990	6844.000
1246.131	7057.000
1246.272	6813.000
1246.412	7000.000
1246.553	6766.000
1246.694	6970.000
1246.834	6811.000
1246.975	6877.000
1247.115	6766.000
1247.256	6945.000
1247.397	6887.000
1247.537	6898.000
1247.678	6792.000
1247.818	6972.000
1247.959	6835.000
1248.099	6959.000
1248.240	6790.000
1248.380	6952.000
1248.521	6812.000
1248.661	6928.000
1248.802	6776.000
1248.942	7002.000
1249.083	6774.000
1249.223	6875.000
1249.364	6775.000
1249.504	6893.000
1249.644	6720.000
1249.785	6869.000
1249.925	6699.000
1250.066	6961.000
1250.206	6821.000
1250.346	6883.000
1250.487	6768.000
1250.627	6923.000
1250.767	6730.000
1250.908	6862.000
1251.048	6716.000
1251.188	6881.000
1251.329	6725.000
1251.469	6866.000
1251.609	6716.000
1251.750	6911.000
1251.890	6770.000
1252.030	6857.000
1252.170	6677.000
1252.311	6914.000
1252.451	6751.000
1252.591	6870.000
1252.731	6776.000
1252.871	6888.000
1253.012	6665.000
1253.152	6858.000
1253.292	6804.000
1253.432	6961.000
1253.572	6736.000
1253.712	6881.000
1253.853	6761.000
1253.993	6841.000
1254.133	6707.000
1254.273	6872.000
1254.413	6710.000
1254.553	6867.000
1254.693	6694.000
1254.833	6850.000
1254.973	6704.000
1255.114	6929.000
1255.254	6743.000
1255.394	6910.000
1255.534	6676.000
1255.674	6900.000
1255.814	6717.000
1255.954	6916.000
1256.094	6715.000
1256.234	6935.000
1256.374	6702.000
1256.514	6855.000
1256.654	6723.000
1256.794	6835.000
1256.933	6676.000
1257.073	6943.000
1257.213	6764.000
1257.353	6848.000
1257.493	6778.000
1257.633	6832.000
1257.773	6771.000
1257.913	6920.000
1258.053	6778.000
1258.193	6830.000
1258.332	6706.000
1258.472	6875.000
1258.612	6769.000
1258.752	6829.000
1258.892	6749.000
1259.031	6874.000
1259.171	6766.000
1259.311	6955.000
1259.451	6734.000
1259.591	6839.000
1259.730	6796.000
1259.870	6881.000
1260.010	6721.000
1260.150	6962.000
1260.289	6780.000
1260.429	6900.000
1260.569	6817.000
1260.708	6903.000
1260.848	6789.000
1260.988	6890.000
1261.127	6762.000
1261.267	6940.000
1261.407	6764.000
1261.546	6871.000
1261.686	6806.000
1261.826	6925.000
1261.965	6735.000
1262.105	6835.000
1262.244	6732.000
1262.384	6947.000
1262.524	6749.000
1262.663	6882.000
1262.803	6759.000
1262.942	6959.000
1263.082	7185.000
1263.221	6883.000
1263.361	6763.000
1263.500	6870.000
1263.640	6722.000
1263.779	6957.000
1263.919	6702.000
1264.058	6959.000
1264.198	6701.000
1264.337	6792.000
1264.477	6784.000
1264.616	6876.000
1264.756	6729.000
1264.895	6888.000
1265.034	6739.000
1265.174	6915.000
1265.313	6721.000
1265.453	6853.000
1265.592	6710.000
1265.731	6785.000
1265.871	6730.000
1266.010	6849.000
1266.149	6728.000
1266.289	6831.000
1266.428	6776.000
1266.567	6836.000
1266.707	6682.000
1266.846	6955.000
1266.985	6698.000
1267.124	6812.000
1267.264	6707.000
1267.403	6783.000
1267.542	6706.000
1267.681	6820.000
1267.821	6717.000
1267.960	6732.000
1268.099	6710.000
1268.238	6768.000
1268.377	6720.000
1268.517	6833.000
1268.656	6693.000
1268.795	6820.000
1268.934	6687.000
1269.073	6878.000
1269.212	6709.000
1269.352	6805.000
1269.491	6720.000
1269.630	6790.000
1269.769	6703.000
1269.908	6815.000
1270.047	6699.000
1270.186	6789.000
1270.325	6718.000
1270.464	6788.000
1270.603	6770.000
1270.742	6791.000
1270.881	6669.000
1271.020	6770.000
1271.159	6655.000
1271.298	6797.000
1271.437	6664.000
1271.576	6841.000
1271.715	6674.000
1271.854	6834.000
1271.993	6646.000
1272.132	6792.000
1272.271	6702.000
1272.410	6775.000
1272.549	6605.000
1272.688	6846.000
1272.827	6678.000
1272.966	6841.000
1273.104	6725.000
1273.243	6847.000
1273.382	6680.000
1273.521	6829.000
1273.660	6683.000
1273.799	6785.000
1273.938	6609.000
1274.076	6844.000
1274.215	6644.000
1274.354	6865.000
1274.493	6689.000
1274.632	6841.000
1274.770	6634.000
1274.909	6811.000
1275.048	6662.000
1275.187	6854.000
1275.325	6724.000
1275.464	6839.000
1275.603	6744.000
1275.741	6853.000
1275.880	6742.000
1276.019	6813.000
1276.157	6753.000
1276.296	6898.000
1276.435	6708.000
1276.573	6838.000
1276.712	6672.000
1276.851	6891.000
1276.989	6672.000
1277.128	6879.000
1277.267	6659.000
1277.405	6959.000
1277.544	6806.000
1277.682	6864.000
1277.821	6651.000
1277.959	6823.000
1278.098	6701.000
1278.236	6809.000
1278.375	6708.000
1278.514	6827.000
1278.652	6747.000
1278.791	6794.000
1278.929	6691.000
1279.068	6861.000
1279.206	6751.000
1279.344	6841.000
1279.483	6698.000
1279.621	6904.000
1279.760	6667.000
1279.898	6810.000
1280.037	6665.000
1280.175	6799.000
1280.313	6606.000
1280.452	6863.000
1280.590	6753.000
1280.729	6749.000
1280.867	6707.000
1281.005	6873.000
1281.144	6665.000
1281.282	6835.000
1281.420	6693.000
1281.559	6774.000
1281.697	6638.000
1281.835	6738.000
1281.974	6607.000
1282.112	6765.000
1282.250	6673.000
1282.388	6785.000
1282.527	6662.000
1282.665	6774.000
1282.803	6616.000
1282.941	6821.000
1283.080	6713.000
1283.218	6786.000
1283.356	6713.000
1283.494	6799.000
1283.632	6667.000
1283.771	6788.000
1283.909	5861.000
1284.047	6762.000
1284.185	6653.000
1284.323	6716.000
1284.461	6562.000
1284.599	6767.000
1284.737	6588.000
1284.876	6760.000
1285.014	6674.000
1285.152	6762.000
1285.290	6612.000
1285.428	6728.000
1285.566	6574.000
1285.704	6761.000
1285.842	6625.000
1285.980	6731.000
1286.118	6537.000
1286.256	6737.000
1286.394	6552.000
1286.532	6673.000
1286.670	6584.000
1286.808	6653.000
1286.946	6543.000
1287.084	6682.000
1287.222	6516.000
1287.360	6729.000
1287.498	6475.000
1287.636	6797.000
1287.774	6569.000
1287.911	6660.000
1288.049	6605.000
1288.187	6634.000
1288.325	6507.000
1288.463	6596.000
1288.601	6461.000
1288.739	6602.000
1288.876	6501.000
1289.014	6702.000
1289.152	6516.000
1289.290	6660.000
1289.428	6475.000
1289.565	6576.000
1289.703	6467.000
1289.841	6595.000
1289.979	6418.000
1290.117	6597.000
1290.254	6382.000
1290.392	6562.000
1290.530	6395.000
1290.667	6592.000
1290.805	6515.000
1290.943	6589.000
1291.080	6431.000
1291.218	6671.000
1291.356	6382.000
1291.493	6563.000
1291.631	6465.000
1291.769	6659.000
1291.906	6422.000
1292.044	6683.000
1292.182	9443.000
1292.319	6670.000
1292.457	6458.000
1292.594	6574.000
1292.732	6473.000
1292.870	6615.000
1293.007	6418.000
1293.145	6575.000
1293.282	6553.000
1293.420	6688.000
1293.557	6516.000
1293.695	6581.000
1293.832	6435.000
1293.970	6585.000
1294.107	6551.000
1294.245	6681.000
1294.382	6457.000
1294.520	6617.000
1294.657	6446.000
1294.795	6654.000
1294.932	6516.000
1295.069	6658.000
1295.207	6511.000
1295.344	6651.000
1295.482	6516.000
1295.619	6576.000
1295.756	6467.000
1295.894	6572.000
1296.031	6437.000
1296.168	6640.000
1296.306	6431.000
1296.443	6602.000
1296.580	6438.000
1296.718	6642.000
1296.855	6470.000
1296.992	6660.000
1297.130	6422.000
1297.267	6609.000
1297.404	6345.000
1297.541	6605.000
1297.679	6356.000
1297.816	6629.000
1297.953	6377.000
1298.090	6621.000
1298.228	6414.000
1298.365	6595.000
1298.502	6421.000
1298.639	6639.000
1298.776	6345.000
1298.913	6615.000
1299.051	6471.000
1299.188	6511.000
1299.325	6398.000
1299.462	6609.000
1299.599	6386.000
1299.736	6548.000
1299.873	6413.000
1300.010	6554.000
1300.147	6441.000
1300.285	6555.000
1300.422	6454.000
1300.559	6573.000
1300.696	6442.000
1300.833	6603.000
1300.970	6377.000
1301.107	6606.000
1301.244	6312.000
1301.381	6540.000
1301.518	6441.000
1301.655	6631.000
1301.792	6379.000
1301.929	6539.000
1302.066	6420.000
1302.203	6639.000
1302.340	6425.000
1302.476	6633.000
1302.613	6401.000
1302.750	6627.000
1302.887	6409.000
1303.024	6511.000
1303.161	6357.000
1303.298	6586.000
1303.435	6383.000
1303.572	6467.000
1303.708	6441.000
1303.845	6650.000
1303.982	6435.000
1304.119	6531.000
1304.256	6381.000
1304.392	6473.000
1304.529	6438.000
1304.666	6583.000
