1129.938	9296.000
1130.084	9151.000
1130.229	9169.000
1130.375	9191.000
1130.521	9130.000
1130.667	9228.000
1130.813	9123.000
1130.958	9154.000
1131.104	9158.000
1131.250	9186.000
1131.396	9145.000
1131.542	9223.000
1131.687	9180.000
1131.833	9125.000
1131.979	9146.000
1132.124	9258.000
1132.270	9124.000
1132.416	9314.000
1132.561	9374.000
1132.707	9564.000
1132.853	9739.000
1132.998	9886.000
1133.144	10379.000
1133.290	10306.000
1133.435	10579.000
1133.581	10354.000
1133.727	10363.000
1133.872	9959.000
1134.018	9805.000
1134.163	9493.000
1134.309	9404.000
1134.455	9282.000
1134.600	9199.000
1134.746	9104.000
1134.891	8993.000
1135.037	9019.000
1135.182	9044.000
1135.328	8960.000
1135.473	9009.000
1135.619	8994.000
1135.764	8931.000
1135.910	8971.000
1136.055	8877.000
1136.201	8993.000
1136.346	8814.000
1136.492	8894.000
1136.637	8934.000
1136.783	8846.000
1136.928	8868.000
1137.074	8881.000
1137.219	8813.000
1137.364	8786.000
1137.510	8847.000
1137.655	8887.000
1137.801	8795.000
1137.946	8824.000
1138.091	8767.000
1138.237	8818.000
1138.382	8720.000
1138.527	8765.000
1138.673	8784.000
1138.818	8779.000
1138.963	8702.000
1139.109	8720.000
1139.254	8671.000
1139.399	8812.000
1139.544	8712.000
1139.690	8657.000
1139.835	8709.000
1139.980	8727.000
1140.125	8647.000
1140.271	8678.000
1140.416	8715.000
1140.561	8718.000
1140.706	8606.000
1140.851	8699.000
1140.997	8623.000
1141.142	8631.000
1141.287	8584.000
1141.432	8745.000
1141.577	8589.000
1141.723	8660.000
1141.868	8649.000
1142.013	8658.000
1142.158	8543.000
1142.303	8624.000
1142.448	8523.000
1142.593	8594.000
1142.738	8557.000
1142.883	8624.000
1143.028	8538.000
1143.174	8613.000
1143.319	8592.000
1143.464	8600.000
1143.609	8599.000
1143.754	8593.000
1143.899	8515.000
1144.044	8601.000
1144.189	8573.000
1144.334	8585.000
1144.479	8544.000
1144.624	8534.000
1144.769	8485.000
1144.914	8480.000
1145.059	8514.000
1145.204	8598.000
1145.348	8494.000
1145.493	8529.000
1145.638	8483.000
1145.783	8528.000
1145.928	8509.000
1146.073	8572.000
1146.218	8387.000
1146.363	8604.000
1146.508	8457.000
1146.653	8489.000
1146.797	8533.000
1146.942	8548.000
1147.087	8559.000
1147.232	8510.000
1147.377	8521.000
1147.522	8523.000
1147.666	8480.000
1147.811	8598.000
1147.956	8442.000
1148.101	8586.000
1148.245	8380.000
1148.390	8469.000
1148.535	8577.000
1148.680	8576.000
1148.824	8488.000
1148.969	8569.000
1149.114	8522.000
1149.259	8514.000
1149.403	8467.000
1149.548	8544.000
1149.693	8535.000
1149.837	8613.000
1149.982	8479.000
1150.127	8564.000
1150.271	8507.000
1150.416	8566.000
1150.561	8512.000
1150.705	8460.000
1150.850	8507.000
1150.994	8585.000
1151.139	8575.000
1151.284	8535.000
1151.428	8453.000
1151.573	8560.000
1151.717	8502.000
1151.862	8500.000
1152.006	8441.000
1152.151	8518.000
1152.295	8406.000
1152.440	8606.000
1152.584	8533.000
1152.729	8572.000
1152.873	8503.000
1153.018	8547.000
1153.162	8527.000
1153.307	8481.000
1153.451	8459.000
1153.596	8577.000
1153.740	8404.000
1153.885	8559.000
1154.029	8511.000
1154.174	8497.000
1154.318	8484.000
1154.462	8573.000
1154.607	8391.000
1154.751	8531.000
1154.896	8439.000
1155.040	8438.000
1155.184	8490.000
1155.329	8540.000
1155.473	8360.000
1155.617	8533.000
1155.762	8337.000
1155.906	8472.000
1156.050	8430.000
1156.194	8546.000
1156.339	8448.000
1156.483	8510.000
1156.627	8341.000
1156.772	8408.000
1156.916	8403.000
1157.060	8468.000
1157.204	8450.000
1157.349	8493.000
1157.493	8354.000
1157.637	8417.000
1157.781	8327.000
1157.925	8450.000
1158.070	8369.000
1158.214	8482.000
1158.358	8320.000
1158.502	8425.000
1158.646	8242.000
1158.790	8468.000
1158.935	8470.000
1159.079	8395.000
1159.223	8383.000
1159.367	8406.000
1159.511	8302.000
1159.655	8419.000
1159.799	8334.000
1159.943	8489.000
1160.087	8299.000
1160.231	8435.000
1160.375	8298.000
1160.519	8430.000
1160.664	8243.000
1160.808	8475.000
1160.952	8325.000
1161.096	8396.000
1161.240	8287.000
1161.384	8376.000
1161.528	8254.000
1161.672	8375.000
1161.815	8333.000
1161.959	8459.000
1162.103	8336.000
1162.247	8448.000
1162.391	8181.000
1162.535	8460.000
1162.679	8275.000
1162.823	8401.000
1162.967	8285.000
1163.111	8478.000
1163.255	8355.000
1163.399	8397.000
1163.542	8305.000
1163.686	8449.000
1163.830	8259.000
1163.974	8367.000
1164.118	8300.000
1164.262	8433.000
1164.405	8247.000
1164.549	8361.000
1164.693	8288.000
1164.837	8381.000
1164.981	8296.000
1165.124	8396.000
1165.268	8259.000
1165.412	8452.000
1165.556	8296.000
1165.699	8459.000
1165.843	8397.000
1165.987	8463.000
1166.131	8337.000
1166.274	8359.000
1166.418	8228.000
1166.562	8413.000
1166.705	8254.000
1166.849	8420.000
1166.993	8431.000
1167.136	8495.000
1167.280	8282.000
1167.424	8470.000
1167.567	8450.000
1167.711	8395.000
1167.854	8299.000
1167.998	8465.000
1168.142	8331.000
1168.285	8396.000
1168.429	8338.000
1168.572	8499.000
1168.716	8336.000
1168.859	8454.000
1169.003	8389.000
1169.147	8474.000
1169.290	8403.000
1169.434	8472.000
1169.577	8381.000
1169.721	8485.000
1169.864	8339.000
1170.008	8558.000
1170.151	8381.000
1170.294	8412.000
1170.438	8392.000
1170.581	8486.000
1170.725	8311.000
1170.868	8492.000
1171.012	8475.000
1171.155	8510.000
1171.298	8329.000
1171.442	8416.000
1171.585	8339.000
1171.729	8418.000
1171.872	8299.000
1172.015	8404.000
1172.159	8397.000
1172.302	8484.000
1172.445	8341.000
1172.589	8420.000
1172.732	8211.000
1172.875	8503.000
1173.019	8322.000
1173.162	8375.000
1173.305	8312.000
1173.449	8448.000
1173.592	8279.000
1173.735	8398.000
1173.878	8400.000
1174.022	8319.000
1174.165	8248.000
1174.308	8437.000
1174.451	8324.000
1174.594	8409.000
1174.738	8263.000
1174.881	8486.000
1175.024	8404.000
1175.167	8443.000
1175.310	8319.000
1175.454	8433.000
1175.597	8383.000
1175.740	8461.000
1175.883	8248.000
1176.026	8453.000
1176.169	8289.000
1176.312	8309.000
1176.455	8325.000
1176.598	8380.000
1176.742	8262.000
1176.885	8531.000
1177.028	8256.000
1177.171	8267.000
1177.314	8265.000
1177.457	8453.000
1177.600	8320.000
1177.743	8337.000
1177.886	8192.000
1178.029	8469.000
1178.172	8243.000
1178.315	8367.000
1178.458	8260.000
1178.601	8426.000
1178.744	8295.000
1178.887	8396.000
1179.030	8321.000
1179.173	8419.000
1179.316	8271.000
1179.458	8414.000
1179.601	8235.000
1179.744	8373.000
1179.887	8309.000
1180.030	8378.000
1180.173	8205.000
1180.316	8465.000
1180.459	8191.000
1180.602	8335.000
1180.744	8270.000
1180.887	8394.000
1181.030	8285.000
1181.173	8368.000
1181.316	8307.000
1181.458	8322.000
1181.601	8220.000
1181.744	8334.000
1181.887	8348.000
1182.030	8311.000
1182.172	8259.000
1182.315	8333.000
1182.458	8284.000
1182.601	8380.000
1182.743	8211.000
1182.886	8298.000
1183.029	8267.000
1183.171	8327.000
1183.314	8267.000
1183.457	8349.000
1183.599	8204.000
1183.742	8401.000
1183.885	8211.000
1184.027	8369.000
1184.170	8245.000
1184.313	8427.000
1184.455	8238.000
1184.598	8458.000
1184.741	8175.000
1184.883	8494.000
1185.026	8207.000
1185.168	8375.000
1185.311	8244.000
1185.453	8424.000
1185.596	8275.000
1185.739	8331.000
1185.881	8275.000
1186.024	8413.000
1186.166	8251.000
1186.309	8381.000
1186.451	8272.000
1186.594	8383.000
1186.736	8355.000
1186.879	8391.000
1187.021	8305.000
1187.164	8368.000
1187.306	8221.000
1187.448	8428.000
1187.591	7948.000
1187.733	8454.000
1187.876	8335.000
1188.018	8385.000
1188.160	8372.000
1188.303	8363.000
1188.445	8225.000
1188.588	8362.000
1188.730	8346.000
1188.872	8538.000
1189.015	8302.000
1189.157	8408.000
1189.299	8227.000
1189.442	8450.000
1189.584	8302.000
1189.726	8371.000
1189.869	8277.000
1190.011	8424.000
1190.153	8341.000
1190.295	8434.000
1190.438	8299.000
1190.580	8467.000
1190.722	8300.000
1190.864	8473.000
1191.007	8377.000
1191.149	8391.000
1191.291	8246.000
1191.433	8397.000
1191.576	8342.000
1191.718	8599.000
1191.860	8280.000
1192.002	8480.000
1192.144	8349.000
1192.286	8472.000
1192.429	8339.000
1192.571	8493.000
1192.713	8389.000
1192.855	8512.000
1192.997	8362.000
1193.139	8492.000
1193.281	8365.000
1193.423	8533.000
1193.565	8391.000
1193.707	8564.000
1193.850	8364.000
1193.992	8447.000
1194.134	8322.000
1194.276	8555.000
1194.418	8318.000
1194.560	8465.000
1194.702	8341.000
1194.844	8461.000
1194.986	8352.000
1195.128	8486.000
1195.270	8410.000
1195.412	8496.000
1195.554	8350.000
1195.696	8572.000
1195.837	8445.000
1195.979	8491.000
1196.121	8340.000
1196.263	8525.000
1196.405	8454.000
1196.547	8506.000
1196.689	8329.000
1196.831	8526.000
1196.973	8405.000
1197.115	8460.000
1197.256	8363.000
1197.398	8513.000
1197.540	8423.000
1197.682	8491.000
1197.824	8351.000
1197.966	8538.000
1198.107	8398.000
1198.249	8487.000
1198.391	8460.000
1198.533	8505.000
1198.675	8410.000
1198.816	8490.000
1198.958	8364.000
1199.100	8545.000
1199.242	8469.000
1199.383	8493.000
1199.525	8382.000
1199.667	8431.000
1199.808	8419.000
1199.950	8474.000
1200.092	8481.000
1200.233	8542.000
1200.375	8382.000
1200.517	8504.000
1200.658	8373.000
1200.800	8552.000
1200.942	8362.000
1201.083	8525.000
1201.225	8439.000
1201.367	8530.000
1201.508	8412.000
1201.650	8356.000
1201.791	8312.000
1201.933	8528.000
1202.074	8266.000
1202.216	8417.000
1202.358	8309.000
1202.499	8400.000
1202.641	8293.000
1202.782	8416.000
1202.924	8307.000
1203.065	8485.000
1203.207	8204.000
1203.348	8464.000
1203.490	8311.000
1203.631	8433.000
1203.773	8327.000
1203.914	8415.000
1204.056	8298.000
1204.197	8431.000
1204.338	8268.000
1204.480	8394.000
1204.621	8307.000
1204.763	8400.000
1204.904	8241.000
1205.045	8422.000
1205.187	8423.000
1205.328	8450.000
1205.470	8333.000
1205.611	8463.000
1205.752	8289.000
1205.894	8427.000
1206.035	8319.000
1206.176	8471.000
1206.318	8256.000
1206.459	8561.000
1206.600	8372.000
1206.741	8516.000
1206.883	8325.000
1207.024	8471.000
1207.165	8363.000
1207.306	8478.000
1207.448	8280.000
1207.589	8456.000
1207.730	8296.000
1207.871	8500.000
1208.013	8347.000
1208.154	8461.000
1208.295	8262.000
1208.436	8440.000
1208.577	8336.000
1208.719	8404.000
1208.860	8359.000
1209.001	8430.000
1209.142	8271.000
1209.283	8473.000
1209.424	8231.000
1209.565	8483.000
1209.706	8331.000
1209.848	8560.000
1209.989	8303.000
1210.130	8425.000
1210.271	8285.000
1210.412	8371.000
1210.553	8329.000
1210.694	8510.000
1210.835	8290.000
1210.976	8487.000
1211.117	8201.000
1211.258	8443.000
1211.399	8341.000
1211.540	8456.000
1211.681	8289.000
1211.822	8434.000
1211.963	8411.000
1212.104	8408.000
1212.245	8335.000
1212.386	8491.000
1212.527	8311.000
1212.668	8459.000
1212.809	8245.000
1212.950	8507.000
1213.090	8340.000
1213.231	8399.000
1213.372	8267.000
1213.513	8451.000
1213.654	8326.000
1213.795	8414.000
1213.936	8197.000
1214.077	8442.000
1214.217	8365.000
1214.358	8519.000
1214.499	8375.000
1214.640	8492.000
1214.781	8304.000
1214.921	8463.000
1215.062	8297.000
1215.203	8411.000
1215.344	8261.000
1215.485	8399.000
1215.625	8356.000
1215.766	8468.000
1215.907	8312.000
1216.047	8457.000
1216.188	8259.000
1216.329	8426.000
1216.470	8210.000
1216.610	8423.000
1216.751	8288.000
1216.892	8358.000
1217.032	8208.000
1217.173	8376.000
1217.314	8368.000
1217.454	8355.000
1217.595	8278.000
1217.735	8391.000
1217.876	8297.000
1218.017	8437.000
1218.157	8248.000
1218.298	8421.000
1218.438	8239.000
1218.579	8389.000
1218.720	8234.000
1218.860	8491.000
1219.001	8300.000
1219.141	8370.000
1219.282	8301.000
1219.422	8382.000
1219.563	8240.000
1219.703	8319.000
1219.844	8232.000
1219.984	8454.000
1220.125	8318.000
1220.265	8414.000
1220.406	8269.000
1220.546	8433.000
1220.687	8302.000
1220.827	8348.000
1220.967	8252.000
1221.108	8404.000
1221.248	8231.000
1221.389	8390.000
1221.529	8280.000
1221.669	8390.000
1221.810	8270.000
1221.950	8353.000
1222.091	8227.000
1222.231	8435.000
1222.371	8292.000
1222.512	8387.000
1222.652	8323.000
1222.792	8446.000
1222.933	8223.000
1223.073	8375.000
1223.213	8367.000
1223.353	8512.000
1223.494	8318.000
1223.634	8364.000
1223.774	8333.000
1223.914	8367.000
1224.055	8288.000
1224.195	8445.000
1224.335	8303.000
1224.475	8442.000
1224.616	8268.000
1224.756	8410.000
1224.896	8270.000
1225.036	8522.000
1225.176	8316.000
1225.316	8481.000
1225.457	8288.000
1225.597	8514.000
1225.737	8328.000
1225.877	8488.000
1226.017	8333.000
1226.157	8521.000
1226.297	8323.000
1226.437	8447.000
1226.578	8329.000
1226.718	8491.000
1226.858	8316.000
1226.998	8535.000
1227.138	8346.000
1227.278	8454.000
1227.418	8400.000
1227.558	8424.000
1227.698	8415.000
1227.838	8536.000
1227.978	8395.000
1228.118	8446.000
1228.258	8323.000
1228.398	8511.000
1228.538	8403.000
1228.678	8452.000
1228.818	8413.000
1228.958	8496.000
1229.098	8431.000
1229.238	8573.000
1229.377	8376.000
1229.517	8482.000
1229.657	8472.000
1229.797	8563.000
1229.937	8410.000
1230.077	8592.000
1230.217	8466.000
1230.357	8577.000
1230.496	8459.000
1230.636	8596.000
1230.776	8458.000
1230.916	8528.000
1231.056	8472.000
1231.196	8607.000
1231.335	8429.000
1231.475	8501.000
1231.615	8511.000
1231.755	8585.000
1231.894	8443.000
1232.034	8504.000
1232.174	8415.000
1232.314	8678.000
1232.453	8419.000
1232.593	8575.000
1232.733	8487.000
1232.873	8671.000
1233.012	8998.000
1233.152	8593.000
1233.292	8474.000
1233.431	8611.000
1233.571	8416.000
1233.711	8638.000
1233.850	8422.000
1233.990	8643.000
1234.129	8428.000
1234.269	8487.000
1234.409	8501.000
1234.548	8577.000
1234.688	8451.000
1234.828	8552.000
1234.967	8480.000
1235.107	8652.000
1235.246	8436.000
1235.386	8542.000
1235.525	8459.000
1235.665	8522.000
1235.804	8428.000
1235.944	8527.000
1236.083	8448.000
1236.223	8545.000
1236.362	8521.000
1236.502	8539.000
1236.641	8357.000
1236.781	8630.000
1236.920	8414.000
1237.060	8531.000
1237.199	8418.000
1237.339	8475.000
1237.478	8412.000
1237.617	8525.000
1237.757	8404.000
1237.896	8404.000
1238.036	8430.000
1238.175	8474.000
1238.314	8426.000
1238.454	8507.000
1238.593	8369.000
1238.732	8527.000
1238.872	8424.000
1239.011	8590.000
1239.150	8403.000
1239.290	8480.000
1239.429	8414.000
1239.568	8488.000
1239.708	8455.000
1239.847	8499.000
1239.986	8415.000
1240.125	8509.000
1240.265	8476.000
1240.404	8526.000
1240.543	8478.000
1240.682	8491.000
1240.822	8419.000
1240.961	8452.000
1241.100	8428.000
1241.239	8508.000
1241.378	8425.000
1241.518	8597.000
1241.657	8446.000
1241.796	8531.000
1241.935	8415.000
1242.074	8501.000
1242.213	8395.000
1242.352	8510.000
1242.492	8365.000
1242.631	8567.000
1242.770	8423.000
1242.909	8580.000
1243.048	8473.000
1243.187	8588.000
1243.326	8439.000
1243.465	8590.000
1243.604	8433.000
1243.743	8528.000
1243.882	8403.000
1244.021	8598.000
1244.160	8392.000
1244.299	8606.000
1244.438	8426.000
1244.577	8627.000
1244.716	8422.000
1244.855	8534.000
1244.994	8473.000
1245.133	8611.000
1245.272	8484.000
1245.411	8575.000
1245.550	8543.000
1245.689	8643.000
1245.828	8542.000
1245.967	8563.000
1246.106	8507.000
1246.244	8676.000
1246.383	8476.000
1246.522	8603.000
1246.661	8494.000
1246.800	8642.000
1246.939	8425.000
1247.078	8648.000
1247.216	8487.000
1247.355	8726.000
1247.494	8600.000
1247.633	8611.000
1247.772	8465.000
1247.910	8606.000
1248.049	8480.000
1248.188	8569.000
1248.327	8508.000
1248.465	8627.000
1248.604	8515.000
1248.743	8583.000
1248.882	8521.000
1249.020	8635.000
1249.159	8556.000
1249.298	8583.000
1249.436	8494.000
1249.575	8668.000
1249.714	8470.000
1249.852	8595.000
1249.991	8412.000
1250.130	8592.000
1250.268	8371.000
1250.407	8614.000
1250.546	8536.000
1250.684	8506.000
1250.823	8486.000
1250.961	8630.000
1251.100	8442.000
1251.239	8617.000
1251.377	8468.000
1251.516	8531.000
1251.654	8391.000
1251.793	8545.000
1251.931	8425.000
1252.070	8483.000
1252.208	8449.000
1252.347	8535.000
1252.485	8472.000
1252.624	8558.000
1252.762	8394.000
1252.901	8596.000
1253.039	8484.000
1253.178	8514.000
1253.316	8515.000
1253.455	8552.000
1253.593	8440.000
1253.732	8563.000
1253.870	7290.000
1254.008	8485.000
1254.147	8385.000
1254.285	8458.000
1254.424	8290.000
1254.562	8546.000
1254.700	8348.000
1254.839	8519.000
1254.977	8423.000
1255.115	8537.000
1255.254	8391.000
1255.392	8491.000
1255.530	8386.000
1255.669	8540.000
1255.807	8376.000
1255.945	8494.000
1256.084	8322.000
1256.222	8534.000
1256.360	8322.000
1256.498	8415.000
1256.637	8375.000
1256.775	8430.000
1256.913	8329.000
1257.051	8431.000
1257.189	8296.000
1257.328	8503.000
1257.466	8274.000
1257.604	8548.000
1257.742	8344.000
1257.880	8400.000
1258.019	8347.000
1258.157	8347.000
1258.295	8241.000
1258.433	8312.000
1258.571	8228.000
1258.709	8325.000
1258.847	8253.000
1258.986	8426.000
1259.124	8285.000
1259.262	8428.000
1259.400	8203.000
1259.538	8347.000
1259.676	8191.000
1259.814	8302.000
1259.952	8146.000
1260.090	8338.000
1260.228	8155.000
1260.366	8270.000
1260.504	8138.000
1260.642	8331.000
1260.780	8275.000
1260.918	8317.000
1261.056	8202.000
1261.194	8417.000
1261.332	8164.000
1261.470	8288.000
1261.608	8246.000
1261.746	8389.000
1261.884	8186.000
1262.022	8450.000
1262.160	12769.000
1262.297	8413.000
1262.435	8242.000
1262.573	8362.000
1262.711	8264.000
1262.849	8376.000
1262.987	8185.000
1263.125	8309.000
1263.262	8353.000
1263.400	8476.000
1263.538	8338.000
1263.676	8363.000
1263.814	8231.000
1263.952	8370.000
1264.089	8352.000
1264.227	8453.000
1264.365	8286.000
1264.503	8426.000
1264.640	8257.000
1264.778	8437.000
1264.916	8336.000
1265.054	8464.000
1265.191	8348.000
1265.329	8436.000
1265.467	8354.000
1265.604	8418.000
1265.742	8309.000
1265.880	8383.000
1266.017	8291.000
1266.155	8481.000
1266.293	8298.000
1266.430	8462.000
1266.568	8261.000
1266.706	8498.000
1266.843	8299.000
1266.981	8469.000
1267.119	8293.000
1267.256	8468.000
1267.394	8210.000
1267.531	8416.000
1267.669	8221.000
1267.806	8429.000
1267.944	8236.000
1268.081	8461.000
1268.219	8312.000
1268.357	8452.000
1268.494	8273.000
1268.632	8504.000
1268.769	8206.000
1268.907	8495.000
1269.044	8375.000
1269.182	8363.000
1269.319	8284.000
1269.456	8483.000
1269.594	8318.000
1269.731	8423.000
1269.869	8291.000
1270.006	8416.000
1270.144	8348.000
1270.281	8412.000
1270.418	8360.000
1270.556	8471.000
1270.693	8369.000
1270.831	8520.000
1270.968	8306.000
1271.105	8515.000
1271.243	8280.000
1271.380	8451.000
1271.517	8422.000
1271.655	8568.000
1271.792	8367.000
1271.929	8453.000
1272.066	8408.000
1272.204	8586.000
1272.341	8385.000
1272.478	8546.000
1272.616	8379.000
1272.753	8569.000
1272.890	8388.000
1273.027	8488.000
1273.165	8411.000
1273.302	8543.000
1273.439	8391.000
1273.576	8437.000
1273.713	8441.000
1273.851	8608.000
1273.988	8472.000
1274.125	8469.000
1274.262	8410.000
1274.399	8465.000
1274.536	8485.000
1274.673	8578.000
