929.762	8645.000
929.906	8635.000
930.049	8627.000
930.193	8724.000
930.337	8621.000
930.481	8743.000
930.625	8604.000
930.769	8703.000
930.913	8613.000
931.057	8676.000
931.201	8562.000
931.345	8723.000
931.488	8581.000
931.632	8613.000
931.776	8594.000
931.920	8747.000
932.064	8509.000
932.208	8733.000
932.352	8571.000
932.495	8694.000
932.639	8535.000
932.783	8622.000
932.927	8707.000
933.071	8692.000
933.215	8602.000
933.359	8644.000
933.502	8633.000
933.646	8628.000
933.790	8580.000
933.934	8622.000
934.078	8603.000
934.221	8667.000
934.365	8613.000
934.509	8670.000
934.653	8517.000
934.797	8630.000
934.940	8661.000
935.084	8579.000
935.228	8599.000
935.372	8659.000
935.515	8568.000
935.659	8639.000
935.803	8546.000
935.947	8688.000
936.090	8519.000
936.234	8628.000
936.378	8611.000
936.522	8559.000
936.665	8540.000
936.809	8619.000
936.953	8539.000
937.097	8558.000
937.240	8617.000
937.384	8647.000
937.528	8547.000
937.671	8583.000
937.815	8500.000
937.959	8595.000
938.102	8499.000
938.246	8516.000
938.390	8554.000
938.534	8520.000
938.677	8510.000
938.821	8513.000
938.965	8460.000
939.108	8587.000
939.252	8503.000
939.396	8434.000
939.539	8495.000
939.683	8527.000
939.826	8458.000
939.970	8457.000
940.114	8477.000
940.257	8542.000
940.401	8396.000
940.545	8441.000
940.688	8375.000
940.832	8443.000
940.975	8420.000
941.119	8520.000
941.263	8363.000
941.406	8450.000
941.550	8391.000
941.693	8435.000
941.837	8298.000
941.981	8392.000
942.124	8313.000
942.268	8357.000
942.411	8354.000
942.555	8374.000
942.698	8354.000
942.842	8407.000
942.986	8374.000
943.129	8400.000
943.273	8391.000
943.416	8370.000
943.560	8327.000
943.703	8363.000
943.847	8368.000
943.990	8395.000
944.134	8283.000
944.277	8330.000
944.421	8264.000
944.564	8251.000
944.708	8312.000
944.851	8390.000
944.995	8297.000
945.138	8340.000
945.282	8261.000
945.425	8332.000
945.569	8293.000
945.712	8372.000
945.856	8182.000
945.999	8413.000
946.143	8246.000
946.286	8250.000
946.430	8301.000
946.573	8336.000
946.716	8307.000
946.860	8320.000
947.003	8264.000
947.147	8331.000
947.290	8258.000
947.434	8406.000
947.577	8247.000
947.720	8338.000
947.864	8169.000
948.007	8258.000
948.151	8358.000
948.294	8360.000
948.437	8268.000
948.581	8357.000
948.724	8311.000
948.868	8313.000
949.011	8288.000
949.154	8305.000
949.298	8347.000
949.441	8403.000
949.584	8259.000
949.728	8329.000
949.871	8283.000
950.015	8377.000
950.158	8293.000
950.301	8249.000
950.445	8282.000
950.588	8391.000
950.731	8308.000
950.875	8327.000
951.018	8275.000
951.161	8366.000
951.304	8276.000
951.448	8303.000
951.591	8191.000
951.734	8271.000
951.878	8201.000
952.021	8379.000
952.164	8314.000
952.308	8379.000
952.451	8273.000
952.594	8349.000
952.737	8256.000
952.881	8266.000
953.024	8217.000
953.167	8352.000
953.310	8189.000
953.454	8322.000
953.597	8268.000
953.740	8294.000
953.883	8249.000
954.027	8364.000
954.170	8139.000
954.313	8304.000
954.456	8206.000
954.600	8228.000
954.743	8282.000
954.886	8307.000
955.029	8163.000
955.172	8264.000
955.316	8067.000
955.459	8216.000
955.602	8176.000
955.745	8334.000
955.888	8200.000
956.032	8315.000
956.175	8100.000
956.318	8164.000
956.461	8167.000
956.604	8218.000
956.747	8224.000
956.890	8315.000
957.034	8120.000
957.177	8220.000
957.320	8069.000
957.463	8207.000
957.606	8145.000
957.749	8283.000
957.892	8095.000
958.036	8207.000
958.179	8041.000
958.322	8281.000
958.465	8217.000
958.608	8163.000
958.751	8187.000
958.894	8174.000
959.037	8073.000
959.180	8209.000
959.323	8127.000
959.467	8242.000
959.610	8081.000
959.753	8240.000
959.896	8107.000
960.039	8207.000
960.182	8064.000
960.325	8263.000
960.468	8103.000
960.611	8175.000
960.754	8063.000
960.897	8177.000
961.040	7992.000
961.183	8167.000
961.326	8120.000
961.469	8222.000
961.612	8078.000
961.755	8222.000
961.898	7928.000
962.041	8223.000
962.184	8043.000
962.327	8181.000
962.470	8083.000
962.613	8277.000
962.756	8117.000
962.899	8151.000
963.042	8080.000
963.185	8251.000
963.328	8067.000
963.471	8167.000
963.614	8092.000
963.757	8254.000
963.900	8029.000
964.043	8145.000
964.186	8072.000
964.329	8176.000
964.472	8067.000
964.615	8201.000
964.758	8067.000
964.900	8261.000
965.043	8070.000
965.186	8231.000
965.329	8173.000
965.472	8276.000
965.615	8151.000
965.758	8145.000
965.901	8058.000
966.044	8177.000
966.187	8034.000
966.329	8208.000
966.472	8222.000
966.615	8259.000
966.758	8070.000
966.901	8270.000
967.044	8213.000
967.187	8169.000
967.330	8076.000
967.472	8238.000
967.615	8123.000
967.758	8202.000
967.901	8120.000
968.044	8266.000
968.187	8070.000
968.329	8206.000
968.472	8134.000
968.615	8224.000
968.758	8105.000
968.901	8247.000
969.043	8153.000
969.186	8222.000
969.329	8110.000
969.472	8349.000
969.615	8111.000
969.757	8162.000
969.900	8145.000
970.043	8250.000
970.186	8061.000
970.328	8253.000
970.471	8208.000
970.614	8267.000
970.757	8144.000
970.899	8209.000
971.042	8139.000
971.185	8207.000
971.328	8093.000
971.470	8199.000
971.613	8149.000
971.756	8263.000
971.899	8122.000
972.041	8206.000
972.184	8005.000
972.327	8296.000
972.469	8080.000
972.612	8177.000
972.755	8065.000
972.898	8255.000
973.040	8077.000
973.183	8180.000
973.326	8187.000
973.468	8112.000
973.611	8052.000
973.754	8235.000
973.896	8092.000
974.039	8190.000
974.182	8042.000
974.324	8285.000
974.467	8181.000
974.610	8204.000
974.752	8079.000
974.895	8204.000
975.037	8116.000
975.180	8213.000
975.323	8039.000
975.465	8222.000
975.608	8056.000
975.751	8073.000
975.893	8102.000
976.036	8179.000
976.178	8038.000
976.321	8276.000
976.464	8006.000
976.606	8068.000
976.749	8060.000
976.891	8244.000
977.034	8099.000
977.176	8131.000
977.319	8000.000
977.462	8230.000
977.604	8007.000
977.747	8178.000
977.889	8049.000
978.032	8182.000
978.174	8029.000
978.317	8187.000
978.459	8104.000
978.602	8211.000
978.744	8030.000
978.887	8211.000
979.029	7983.000
979.172	8095.000
979.314	8093.000
979.457	8144.000
979.599	7964.000
979.742	8226.000
979.884	7965.000
980.027	8119.000
980.169	8033.000
980.312	8171.000
980.454	8052.000
980.597	8170.000
980.739	8066.000
980.882	8080.000
981.024	8000.000
981.167	8131.000
981.309	8136.000
981.452	8080.000
981.594	8015.000
981.736	8075.000
981.879	8032.000
982.021	8135.000
982.164	8009.000
982.306	8103.000
982.449	8028.000
982.591	8117.000
982.733	8027.000
982.876	8135.000
983.018	7952.000
983.161	8164.000
983.303	7945.000
983.445	8117.000
983.588	7985.000
983.730	8202.000
983.873	7992.000
984.015	8253.000
984.157	7919.000
984.300	8245.000
984.442	8006.000
984.584	8176.000
984.727	8010.000
984.869	8161.000
985.011	8016.000
985.154	8056.000
985.296	8000.000
985.438	8156.000
985.581	7948.000
985.723	8124.000
985.865	8039.000
986.008	8125.000
986.150	8062.000
986.292	8132.000
986.435	8041.000
986.577	8143.000
986.719	7981.000
986.861	8168.000
987.004	7674.000
987.146	8205.000
987.288	8043.000
987.431	8134.000
987.573	8127.000
987.715	8077.000
987.857	7961.000
988.000	8069.000
988.142	8043.000
988.284	8231.000
988.426	7997.000
988.569	8144.000
988.711	7981.000
988.853	8173.000
988.995	8000.000
989.138	8138.000
989.280	7955.000
989.422	8173.000
989.564	8068.000
989.706	8151.000
989.849	7958.000
989.991	8184.000
990.133	8032.000
990.275	8170.000
990.417	8055.000
990.560	8129.000
990.702	7955.000
990.844	8106.000
990.986	8021.000
991.128	8267.000
991.270	7990.000
991.413	8163.000
991.555	8030.000
991.697	8131.000
991.839	8025.000
991.981	8193.000
992.123	8055.000
992.265	8194.000
992.408	8044.000
992.550	8140.000
992.692	8049.000
992.834	8181.000
992.976	8043.000
993.118	8198.000
993.260	8020.000
993.402	8094.000
993.544	7968.000
993.687	8196.000
993.829	7969.000
993.971	8117.000
994.113	7994.000
994.255	8112.000
994.397	8034.000
994.539	8143.000
994.681	8069.000
994.823	8162.000
994.965	8012.000
995.107	8210.000
995.249	8061.000
995.391	8106.000
995.533	7984.000
995.675	8159.000
995.817	8094.000
995.959	8211.000
996.101	7951.000
996.243	8204.000
996.385	8035.000
996.527	8125.000
996.669	8004.000
996.811	8101.000
996.953	8056.000
997.095	8137.000
997.237	7959.000
997.379	8146.000
997.521	7992.000
997.663	8133.000
997.805	8101.000
997.947	8133.000
998.089	8004.000
998.231	8108.000
998.373	7957.000
998.515	8206.000
998.657	8078.000
998.799	8120.000
998.941	8029.000
999.083	8051.000
999.225	8052.000
999.367	8147.000
999.509	8094.000
999.651	8233.000
999.793	8000.000
999.934	8163.000
1000.076	8009.000
1000.218	8160.000
1000.360	8013.000
1000.502	8196.000
1000.644	8083.000
1000.786	8189.000
1000.928	8050.000
1001.070	8043.000
1001.212	7929.000
1001.353	8182.000
1001.495	7934.000
1001.637	8090.000
1001.779	7989.000
1001.921	8091.000
1002.063	8004.000
1002.205	8095.000
1002.346	7990.000
1002.488	8198.000
1002.630	7907.000
1002.772	8179.000
1002.914	7999.000
1003.055	8113.000
1003.197	8003.000
1003.339	8111.000
1003.481	8012.000
1003.623	8131.000
1003.765	7929.000
1003.906	8113.000
1004.048	8006.000
1004.190	8163.000
1004.332	7935.000
1004.473	8081.000
1004.615	8135.000
1004.757	8135.000
1004.899	8019.000
1005.041	8143.000
1005.182	8009.000
1005.324	8139.000
1005.466	7984.000
1005.608	8159.000
1005.749	7943.000
1005.891	8261.000
1006.033	8037.000
1006.175	8204.000
1006.316	7986.000
1006.458	8148.000
1006.600	8044.000
1006.741	8138.000
1006.883	7960.000
1007.025	8117.000
1007.167	7975.000
1007.308	8166.000
1007.450	8029.000
1007.592	8133.000
1007.733	7898.000
1007.875	8127.000
1008.017	7970.000
1008.158	8103.000
1008.300	8047.000
1008.442	8116.000
1008.583	7933.000
1008.725	8133.000
1008.867	7929.000
1009.008	8151.000
1009.150	8020.000
1009.292	8218.000
1009.433	8009.000
1009.575	8122.000
1009.716	7949.000
1009.858	8057.000
1010.000	8008.000
1010.141	8173.000
1010.283	7951.000
1010.425	8133.000
1010.566	7873.000
1010.708	8108.000
1010.849	7983.000
1010.991	8139.000
1011.132	7912.000
1011.274	8122.000
1011.416	8090.000
1011.557	8048.000
1011.699	7999.000
1011.840	8153.000
1011.982	7933.000
1012.123	8128.000
1012.265	7913.000
1012.407	8183.000
1012.548	7963.000
1012.690	8056.000
1012.831	7927.000
1012.973	8095.000
1013.114	7956.000
1013.256	8127.000
1013.397	8016.000
1013.539	8235.000
1013.680	8228.000
1013.822	8356.000
1013.963	8240.000
1014.105	8407.000
1014.246	8235.000
1014.388	8432.000
1014.529	8254.000
1014.671	8342.000
1014.812	7998.000
1014.954	8154.000
1015.095	8032.000
1015.237	8137.000
1015.378	7940.000
1015.520	8111.000
1015.661	7883.000
1015.803	8069.000
1015.944	7847.000
1016.085	8063.000
1016.227	7851.000
1016.368	7985.000
1016.510	7799.000
1016.651	8012.000
1016.793	7969.000
1016.934	7963.000
1017.075	7871.000
1017.217	8018.000
1017.358	7904.000
1017.500	8006.000
1017.641	7856.000
1017.782	8045.000
1017.924	7877.000
1018.065	7966.000
1018.207	7806.000
1018.348	8056.000
1018.489	7870.000
1018.631	7967.000
1018.772	7872.000
1018.913	7949.000
1019.055	7813.000
1019.196	7886.000
1019.337	7820.000
1019.479	8015.000
1019.620	7887.000
1019.761	7964.000
1019.903	7841.000
1020.044	8003.000
1020.185	7835.000
1020.327	7919.000
1020.468	7794.000
1020.609	7969.000
1020.751	7761.000
1020.892	7930.000
1021.033	7816.000
1021.175	7962.000
1021.316	7810.000
1021.457	7879.000
1021.598	7761.000
1021.740	7998.000
1021.881	7835.000
1022.022	7906.000
1022.164	7854.000
1022.305	7973.000
1022.446	7726.000
1022.587	7928.000
1022.729	7910.000
1022.870	8024.000
1023.011	7824.000
1023.152	7916.000
1023.294	7856.000
1023.435	7929.000
1023.576	7783.000
1023.717	7941.000
1023.858	7791.000
1024.000	7957.000
1024.141	7799.000
1024.282	7904.000
1024.423	7796.000
1024.564	8020.000
1024.706	7834.000
1024.847	7979.000
1024.988	7769.000
1025.129	8013.000
1025.270	7798.000
1025.412	7989.000
1025.553	7786.000
1025.694	8029.000
1025.835	7801.000
1025.976	7975.000
1026.117	7787.000
1026.258	7997.000
1026.400	7798.000
1026.541	8023.000
1026.682	7837.000
1026.823	7930.000
1026.964	7899.000
1027.105	7942.000
1027.246	7877.000
1027.388	8015.000
1027.529	7861.000
1027.670	7942.000
1027.811	7812.000
1027.952	8002.000
1028.093	7826.000
1028.234	7914.000
1028.375	7851.000
1028.516	7978.000
1028.657	7836.000
1028.798	8043.000
1028.939	7851.000
1029.081	7985.000
1029.222	7913.000
1029.363	8023.000
1029.504	7855.000
1029.645	8087.000
1029.786	7949.000
1029.927	8028.000
1030.068	7920.000
1030.209	8033.000
1030.350	7911.000
1030.491	8008.000
1030.632	7886.000
1030.773	8056.000
1030.914	7913.000
1031.055	7999.000
1031.196	7986.000
1031.337	8002.000
1031.478	7897.000
1031.619	7977.000
1031.760	7878.000
1031.901	8126.000
1032.042	7888.000
1032.183	7997.000
1032.324	7950.000
1032.465	8102.000
1032.606	8448.000
1032.747	8022.000
1032.888	7904.000
1033.029	8048.000
1033.170	7875.000
1033.311	8075.000
1033.452	7859.000
1033.592	8104.000
1033.733	7908.000
1033.874	7945.000
1034.015	7971.000
1034.156	8032.000
1034.297	7912.000
1034.438	8017.000
1034.579	7898.000
1034.720	8068.000
1034.861	7882.000
1035.002	7937.000
1035.142	7871.000
1035.283	7954.000
1035.424	7870.000
1035.565	8032.000
1035.706	7870.000
1035.847	7967.000
1035.988	7950.000
1036.129	7971.000
1036.269	7823.000
1036.410	8112.000
1036.551	7869.000
1036.692	7964.000
1036.833	7869.000
1036.974	7885.000
1037.114	7880.000
1037.255	7941.000
1037.396	7868.000
1037.537	7890.000
1037.678	7879.000
1037.819	7901.000
1037.959	7854.000
1038.100	7949.000
1038.241	7840.000
1038.382	7978.000
1038.523	7857.000
1038.663	8011.000
1038.804	7868.000
1038.945	7942.000
1039.086	7891.000
1039.226	7943.000
1039.367	7855.000
1039.508	7953.000
1039.649	7853.000
1039.789	7936.000
1039.930	7892.000
1040.071	7977.000
1040.212	7943.000
1040.352	7945.000
1040.493	7843.000
1040.634	7918.000
1040.775	7881.000
1040.915	7971.000
1041.056	7841.000
1041.197	8010.000
1041.337	7898.000
1041.478	8034.000
1041.619	7863.000
1041.760	7971.000
1041.900	7886.000
1042.041	7966.000
1042.182	7813.000
1042.322	8036.000
1042.463	7872.000
1042.604	8028.000
1042.744	7943.000
1042.885	8084.000
1043.026	7904.000
1043.166	8045.000
1043.307	7877.000
1043.448	7961.000
1043.588	7871.000
1043.729	8068.000
1043.869	7887.000
1044.010	8067.000
1044.151	7923.000
1044.291	8051.000
1044.432	7914.000
1044.573	8055.000
1044.713	7897.000
1044.854	8119.000
1044.994	7976.000
1045.135	8048.000
1045.276	8026.000
1045.416	8151.000
1045.557	8007.000
1045.697	8050.000
1045.838	7968.000
1045.978	8154.000
1046.119	7975.000
1046.260	8098.000
1046.400	8001.000
1046.541	8158.000
1046.681	7955.000
1046.822	8166.000
1046.962	7942.000
1047.103	8234.000
1047.243	8084.000
1047.384	8136.000
1047.524	7962.000
1047.665	8093.000
1047.805	7937.000
1047.946	8073.000
1048.087	8001.000
1048.227	8133.000
1048.368	8029.000
1048.508	8112.000
1048.649	8043.000
1048.789	8151.000
1048.929	8052.000
1049.070	8128.000
1049.210	8004.000
1049.351	8193.000
1049.491	7992.000
1049.632	8117.000
1049.772	7955.000
1049.913	8126.000
1050.053	7911.000
1050.194	8165.000
1050.334	8040.000
1050.475	8048.000
1050.615	8034.000
1050.755	8207.000
1050.896	7999.000
1051.036	8136.000
1051.177	8039.000
1051.317	8085.000
1051.458	7975.000
1051.598	8081.000
1051.738	7976.000
1051.879	8025.000
1052.019	8000.000
1052.160	8087.000
1052.300	8022.000
1052.440	8099.000
1052.581	7959.000
1052.721	8192.000
1052.861	8069.000
1053.002	8104.000
1053.142	8092.000
1053.282	8142.000
1053.423	8006.000
1053.563	8136.000
1053.704	6887.000
1053.844	8113.000
1053.984	8003.000
1054.125	8057.000
1054.265	7917.000
1054.405	8137.000
1054.546	7965.000
1054.686	8127.000
1054.826	8015.000
1054.966	8112.000
1055.107	8012.000
1055.247	8089.000
1055.387	7965.000
1055.528	8169.000
1055.668	8037.000
1055.808	8083.000
1055.948	7896.000
1056.089	8084.000
1056.229	7876.000
1056.369	7999.000
1056.510	7998.000
1056.650	8020.000
1056.790	7927.000
1056.930	8050.000
1057.071	7873.000
1057.211	8130.000
1057.351	7870.000
1057.491	8132.000
1057.632	7944.000
1057.772	8028.000
1057.912	7994.000
1058.052	8000.000
1058.192	7885.000
1058.333	7915.000
1058.473	7812.000
1058.613	7924.000
1058.753	7880.000
1058.893	8058.000
1059.034	7887.000
1059.174	8017.000
1059.314	7847.000
1059.454	7973.000
1059.594	7840.000
1059.734	7952.000
1059.875	7761.000
1060.015	7930.000
1060.155	7798.000
1060.295	7929.000
1060.435	7796.000
1060.575	7956.000
1060.716	7923.000
1060.856	7951.000
1060.996	7846.000
1061.136	8084.000
1061.276	7754.000
1061.416	7927.000
1061.556	7875.000
1061.696	8008.000
1061.837	7793.000
1061.977	8056.000
1062.117	12580.000
1062.257	8071.000
1062.397	7860.000
1062.537	7970.000
1062.677	7892.000
1062.817	8015.000
1062.957	7827.000
1063.097	8010.000
1063.237	8013.000
1063.377	8113.000
1063.517	8052.000
1063.658	8172.000
1063.798	8134.000
1063.938	8304.000
1064.078	8285.000
1064.218	8421.000
1064.358	8272.000
1064.498	8445.000
1064.638	8324.000
1064.778	8538.000
1064.918	8551.000
1065.058	8778.000
1065.198	8561.000
1065.338	8424.000
1065.478	8145.000
1065.618	8150.000
1065.758	7954.000
1065.898	8047.000
1066.038	7924.000
1066.178	8117.000
1066.318	7947.000
1066.458	8096.000
1066.598	7909.000
1066.738	8154.000
1066.878	7971.000
1067.018	8137.000
1067.158	7921.000
1067.297	8105.000
1067.437	7858.000
1067.577	8092.000
1067.717	7872.000
1067.857	8102.000
1067.997	7867.000
1068.137	8104.000
1068.277	7952.000
1068.417	8090.000
1068.557	7914.000
1068.697	8121.000
1068.837	7893.000
1068.977	8146.000
1069.116	8013.000
1069.256	8003.000
1069.396	7930.000
1069.536	8138.000
1069.676	7992.000
1069.816	8083.000
1069.956	7971.000
1070.096	8078.000
1070.235	8029.000
1070.375	8091.000
1070.515	8005.000
1070.655	8115.000
1070.795	8032.000
1070.935	8163.000
1071.074	7940.000
1071.214	8133.000
1071.354	7947.000
1071.494	8112.000
1071.634	8053.000
1071.774	8220.000
1071.913	7977.000
1072.053	8081.000
1072.193	8040.000
1072.333	8194.000
1072.473	8043.000
1072.612	8214.000
1072.752	8020.000
1072.892	8188.000
1073.032	8040.000
1073.172	8135.000
1073.311	8040.000
1073.451	8201.000
1073.591	8047.000
1073.731	8055.000
1073.870	8049.000
1074.010	8247.000
1074.150	8109.000
1074.290	8138.000
1074.429	8076.000
1074.569	8089.000
1074.709	8111.000
1074.848	8236.000
