1229.956	8875.000
1230.103	8846.000
1230.250	8831.000
1230.397	8922.000
1230.544	8851.000
1230.691	8940.000
1230.838	8861.000
1230.985	8877.000
1231.132	8830.000
1231.278	8883.000
1231.425	8775.000
1231.572	8913.000
1231.719	8840.000
1231.866	8815.000
1232.013	8834.000
1232.159	8935.000
1232.306	8746.000
1232.453	8928.000
1232.600	8796.000
1232.746	8920.000
1232.893	8778.000
1233.040	8806.000
1233.186	8940.000
1233.333	8882.000
1233.480	8847.000
1233.627	8849.000
1233.773	8861.000
1233.920	8795.000
1234.066	8806.000
1234.213	8815.000
1234.360	8873.000
1234.506	8870.000
1234.653	8876.000
1234.800	8853.000
1234.946	8759.000
1235.093	8814.000
1235.239	8860.000
1235.386	8787.000
1235.532	8870.000
1235.679	8887.000
1235.825	8803.000
1235.972	8868.000
1236.118	8800.000
1236.265	8899.000
1236.411	8741.000
1236.558	8836.000
1236.704	8849.000
1236.851	8783.000
1236.997	8810.000
1237.143	8834.000
1237.290	8801.000
1237.436	8765.000
1237.583	8861.000
1237.729	8850.000
1237.875	8787.000
1238.022	8822.000
1238.168	8751.000
1238.314	8814.000
1238.461	8743.000
1238.607	8748.000
1238.753	8818.000
1238.900	8754.000
1239.046	8747.000
1239.192	8752.000
1239.338	8694.000
1239.485	8779.000
1239.631	8745.000
1239.777	8666.000
1239.923	8698.000
1240.070	8762.000
1240.216	8718.000
1240.362	8686.000
1240.508	8721.000
1240.654	8768.000
1240.800	8617.000
1240.947	8669.000
1241.093	8644.000
1241.239	8656.000
1241.385	8683.000
1241.531	8772.000
1241.677	8614.000
1241.823	8716.000
1241.969	8660.000
1242.115	8682.000
1242.261	8606.000
1242.407	8626.000
1242.553	8576.000
1242.699	8603.000
1242.845	8641.000
1242.991	8612.000
1243.137	8602.000
1243.283	8663.000
1243.429	8625.000
1243.575	8628.000
1243.721	8644.000
1243.867	8602.000
1244.013	8574.000
1244.159	8611.000
1244.305	8621.000
1244.451	8663.000
1244.596	8539.000
1244.742	8578.000
1244.888	8513.000
1245.034	8520.000
1245.180	8555.000
1245.326	8676.000
1245.471	8574.000
1245.617	8579.000
1245.763	8536.000
1245.909	8600.000
1246.055	8573.000
1246.200	8594.000
1246.346	8432.000
1246.492	8673.000
1246.638	8527.000
1246.783	8521.000
1246.929	8578.000
1247.075	8591.000
1247.220	8586.000
1247.366	8555.000
1247.512	8551.000
1247.657	8556.000
1247.803	8556.000
1247.949	8620.000
1248.094	8520.000
1248.240	8617.000
1248.385	8479.000
1248.531	8522.000
1248.676	8651.000
1248.822	8610.000
1248.968	8552.000
1249.113	8616.000
1249.259	8555.000
1249.404	8566.000
1249.550	8509.000
1249.695	8588.000
1249.841	8580.000
1249.986	8649.000
1250.132	8551.000
1250.277	8626.000
1250.422	8587.000
1250.568	8639.000
1250.713	8561.000
1250.859	8514.000
1251.004	8591.000
1251.150	8652.000
1251.295	8628.000
1251.440	8564.000
1251.586	8555.000
1251.731	8626.000
1251.876	8563.000
1252.022	8559.000
1252.167	8493.000
1252.312	8571.000
1252.458	8491.000
1252.603	8648.000
1252.748	8551.000
1252.893	8637.000
1253.039	8588.000
1253.184	8592.000
1253.329	8554.000
1253.474	8514.000
1253.619	8519.000
1253.765	8569.000
1253.910	8484.000
1254.055	8563.000
1254.200	8561.000
1254.345	8540.000
1254.490	8546.000
1254.636	8623.000
1254.781	8439.000
1254.926	8581.000
1255.071	8483.000
1255.216	8544.000
1255.361	8573.000
1255.506	8608.000
1255.651	8473.000
1255.796	8581.000
1255.941	8377.000
1256.086	8471.000
1256.231	8490.000
1256.376	8592.000
1256.521	8500.000
1256.666	8581.000
1256.811	8398.000
1256.956	8482.000
1257.101	8466.000
1257.246	8494.000
1257.391	8514.000
1257.536	8567.000
1257.681	8426.000
1257.826	8495.000
1257.971	8407.000
1258.116	8540.000
1258.260	8437.000
1258.405	8576.000
1258.550	8429.000
1258.695	8497.000
1258.840	8336.000
1258.985	8550.000
1259.129	8536.000
1259.274	8462.000
1259.419	8475.000
1259.564	8449.000
1259.708	8366.000
1259.853	8476.000
1259.998	8409.000
1260.143	8535.000
1260.287	8360.000
1260.432	8510.000
1260.577	8389.000
1260.721	8490.000
1260.866	8354.000
1261.011	8587.000
1261.155	8390.000
1261.300	8487.000
1261.445	8350.000
1261.589	8455.000
1261.734	8313.000
1261.878	8467.000
1262.023	8410.000
1262.168	8555.000
1262.312	8387.000
1262.457	8499.000
1262.601	8263.000
1262.746	8521.000
1262.890	8345.000
1263.035	8462.000
1263.179	8385.000
1263.324	8561.000
1263.468	8424.000
1263.613	8469.000
1263.757	8392.000
1263.902	8541.000
1264.046	8345.000
1264.191	8451.000
1264.335	8385.000
1264.479	8545.000
1264.624	8337.000
1264.768	8413.000
1264.912	8343.000
1265.057	8422.000
1265.201	8362.000
1265.346	8458.000
1265.490	8334.000
1265.634	8516.000
1265.778	8379.000
1265.923	8508.000
1266.067	8459.000
1266.211	8549.000
1266.356	8431.000
1266.500	8419.000
1266.644	8363.000
1266.788	8451.000
1266.933	8322.000
1267.077	8474.000
1267.221	8511.000
1267.365	8516.000
1267.509	8369.000
1267.653	8527.000
1267.798	8467.000
1267.942	8444.000
1268.086	8346.000
1268.230	8494.000
1268.374	8365.000
1268.518	8479.000
1268.662	8323.000
1268.806	8513.000
1268.950	8342.000
1269.095	8416.000
1269.239	8398.000
1269.383	8469.000
1269.527	8394.000
1269.671	8526.000
1269.815	8419.000
1269.959	8468.000
1270.103	8335.000
1270.247	8577.000
1270.391	8410.000
1270.535	8379.000
1270.679	8409.000
1270.822	8515.000
1270.966	8313.000
1271.110	8485.000
1271.254	8453.000
1271.398	8509.000
1271.542	8359.000
1271.686	8437.000
1271.830	8378.000
1271.973	8462.000
1272.117	8361.000
1272.261	8453.000
1272.405	8367.000
1272.549	8512.000
1272.693	8363.000
1272.836	8447.000
1272.980	8218.000
1273.124	8502.000
1273.268	8320.000
1273.411	8395.000
1273.555	8329.000
1273.699	8481.000
1273.843	8296.000
1273.986	8417.000
1274.130	8402.000
1274.274	8339.000
1274.417	8299.000
1274.561	8420.000
1274.705	8303.000
1274.848	8378.000
1274.992	8244.000
1275.135	8463.000
1275.279	8380.000
1275.423	8398.000
1275.566	8284.000
1275.710	8377.000
1275.853	8332.000
1275.997	8427.000
1276.140	8240.000
1276.284	8390.000
1276.427	8272.000
1276.571	8280.000
1276.714	8249.000
1276.858	8321.000
1277.001	8249.000
1277.145	8456.000
1277.288	8183.000
1277.432	8203.000
1277.575	8237.000
1277.719	8419.000
1277.862	8293.000
1278.005	8294.000
1278.149	8163.000
1278.292	8407.000
1278.435	8176.000
1278.579	8367.000
1278.722	8209.000
1278.865	8353.000
1279.009	8250.000
1279.152	8322.000
1279.295	8251.000
1279.439	8372.000
1279.582	8209.000
1279.725	8383.000
1279.868	8173.000
1280.012	8254.000
1280.155	8256.000
1280.298	8318.000
1280.441	8109.000
1280.585	8363.000
1280.728	8130.000
1280.871	8218.000
1281.014	8167.000
1281.157	8334.000
1281.300	8184.000
1281.444	8318.000
1281.587	8201.000
1281.730	8221.000
1281.873	8148.000
1282.016	8249.000
1282.159	8262.000
1282.302	8220.000
1282.445	8152.000
1282.588	8208.000
1282.731	8204.000
1282.874	8253.000
1283.017	8132.000
1283.160	8195.000
1283.303	8163.000
1283.446	8232.000
1283.589	8161.000
1283.732	8260.000
1283.875	8082.000
1284.018	8303.000
1284.161	8115.000
1284.304	8268.000
1284.447	8122.000
1284.590	8300.000
1284.733	8136.000
1284.876	8350.000
1285.019	8070.000
1285.161	8353.000
1285.304	8132.000
1285.447	8280.000
1285.590	8125.000
1285.733	8306.000
1285.876	8181.000
1286.018	8221.000
1286.161	8148.000
1286.304	8278.000
1286.447	8097.000
1286.589	8208.000
1286.732	8150.000
1286.875	8248.000
1287.018	8239.000
1287.160	8297.000
1287.303	8201.000
1287.446	8256.000
1287.588	8109.000
1287.731	8284.000
1287.874	7795.000
1288.016	8292.000
1288.159	8207.000
1288.302	8239.000
1288.444	8223.000
1288.587	8179.000
1288.729	8068.000
1288.872	8200.000
1289.015	8181.000
1289.157	8344.000
1289.300	8113.000
1289.442	8205.000
1289.585	8122.000
1289.727	8287.000
1289.870	8157.000
1290.012	8217.000
1290.155	8070.000
1290.297	8293.000
1290.440	8184.000
1290.582	8257.000
1290.725	8082.000
1290.867	8303.000
1291.009	8172.000
1291.152	8280.000
1291.294	8173.000
1291.437	8227.000
1291.579	8063.000
1291.721	8237.000
1291.864	8136.000
1292.006	8408.000
1292.148	8092.000
1292.291	8272.000
1292.433	8172.000
1292.575	8289.000
1292.718	8173.000
1292.860	8266.000
1293.002	8153.000
1293.145	8293.000
1293.287	8167.000
1293.429	8262.000
1293.571	8203.000
1293.713	8315.000
1293.856	8211.000
1293.998	8293.000
1294.140	8154.000
1294.282	8227.000
1294.424	8116.000
1294.567	8320.000
1294.709	8142.000
1294.851	8258.000
1294.993	8132.000
1295.135	8240.000
1295.277	8135.000
1295.419	8263.000
1295.561	8174.000
1295.703	8299.000
1295.845	8176.000
1295.987	8324.000
1296.129	8197.000
1296.272	8253.000
1296.414	8131.000
1296.556	8285.000
1296.698	8212.000
1296.840	8307.000
1296.981	8117.000
1297.123	8297.000
1297.265	8165.000
1297.407	8242.000
1297.549	8148.000
1297.691	8272.000
1297.833	8149.000
1297.975	8248.000
1298.117	8135.000
1298.259	8291.000
1298.401	8133.000
1298.542	8257.000
1298.684	8229.000
1298.826	8220.000
1298.968	8142.000
1299.110	8212.000
1299.252	8100.000
1299.393	8313.000
1299.535	8230.000
1299.677	8240.000
1299.819	8137.000
1299.960	8179.000
1300.102	8141.000
1300.244	8278.000
1300.386	8232.000
1300.527	8334.000
1300.669	8154.000
1300.811	8295.000
1300.952	8165.000
1301.094	8293.000
1301.236	8134.000
1301.377	8315.000
1301.519	8221.000
1301.661	8330.000
1301.802	8197.000
1301.944	8167.000
1302.085	8115.000
1302.227	8322.000
1302.368	8098.000
1302.510	8212.000
1302.652	8129.000
1302.793	8241.000
1302.935	8103.000
1303.076	8213.000
1303.218	8116.000
1303.359	8297.000
1303.501	8010.000
1303.642	8283.000
1303.783	8100.000
1303.925	8239.000
1304.066	8149.000
1304.208	8264.000
1304.349	8138.000
1304.491	8257.000
1304.632	8103.000
1304.773	8244.000
1304.915	8149.000
1305.056	8264.000
1305.197	8084.000
1305.339	8246.000
1305.480	8247.000
1305.621	8248.000
1305.763	8150.000
1305.904	8285.000
1306.045	8102.000
1306.187	8267.000
1306.328	8107.000
1306.469	8256.000
1306.610	8055.000
1306.752	8376.000
1306.893	8193.000
1307.034	8342.000
1307.175	8105.000
1307.316	8279.000
1307.458	8191.000
1307.599	8319.000
1307.740	8094.000
1307.881	8265.000
1308.022	8092.000
1308.163	8274.000
1308.304	8185.000
1308.446	8270.000
1308.587	8072.000
1308.728	8251.000
1308.869	8159.000
1309.010	8233.000
1309.151	8149.000
1309.292	8274.000
1309.433	8079.000
1309.574	8306.000
1309.715	8043.000
1309.856	8261.000
1309.997	8125.000
1310.138	8340.000
1310.279	8158.000
1310.420	8225.000
1310.561	8123.000
1310.702	8223.000
1310.843	8142.000
1310.984	8302.000
1311.124	8087.000
1311.265	8272.000
1311.406	8007.000
1311.547	8212.000
1311.688	8142.000
1311.829	8272.000
1311.970	8091.000
1312.110	8223.000
1312.251	8218.000
1312.392	8181.000
1312.533	8117.000
1312.674	8273.000
1312.814	8114.000
1312.955	8268.000
1313.096	8053.000
1313.237	8275.000
1313.377	8118.000
1313.518	8186.000
1313.659	8058.000
1313.800	8205.000
1313.940	8095.000
1314.081	8143.000
1314.222	7986.000
1314.362	8216.000
1314.503	8142.000
1314.644	8251.000
1314.784	8126.000
1314.925	8284.000
1315.065	8042.000
1315.206	8243.000
1315.347	8016.000
1315.487	8151.000
1315.628	7983.000
1315.768	8192.000
1315.909	8104.000
1316.049	8235.000
1316.190	8072.000
1316.330	8196.000
1316.471	8029.000
1316.611	8187.000
1316.752	7948.000
1316.892	8186.000
1317.033	7988.000
1317.173	8062.000
1317.313	7935.000
1317.454	8119.000
1317.594	8068.000
1317.735	8088.000
1317.875	8000.000
1318.015	8151.000
1318.156	8038.000
1318.296	8141.000
1318.437	8001.000
1318.577	8154.000
1318.717	7993.000
1318.857	8102.000
1318.998	7938.000
1319.138	8179.000
1319.278	7983.000
1319.419	8067.000
1319.559	7988.000
1319.699	8074.000
1319.839	7956.000
1319.980	8035.000
1320.120	7924.000
1320.260	8128.000
1320.400	7977.000
1320.540	8049.000
1320.681	7927.000
1320.821	8102.000
1320.961	7958.000
1321.101	8012.000
1321.241	7919.000
1321.381	8073.000
1321.521	7887.000
1321.661	8041.000
1321.802	7933.000
1321.942	8067.000
1322.082	7936.000
1322.222	8009.000
1322.362	7904.000
1322.502	8104.000
1322.642	7947.000
1322.782	8058.000
1322.922	7968.000
1323.062	8105.000
1323.202	7885.000
1323.342	8011.000
1323.482	8003.000
1323.622	8117.000
1323.762	7952.000
1323.902	8016.000
1324.041	7942.000
1324.181	8010.000
1324.321	7904.000
1324.461	8036.000
1324.601	7938.000
1324.741	8061.000
1324.881	7933.000
1325.021	8004.000
1325.160	7885.000
1325.300	8116.000
1325.440	7932.000
1325.580	8097.000
1325.720	7851.000
1325.859	8107.000
1325.999	7929.000
1326.139	8088.000
1326.279	7912.000
1326.418	8139.000
1326.558	7899.000
1326.698	8043.000
1326.838	7901.000
1326.977	8112.000
1327.117	7920.000
1327.257	8096.000
1327.396	7960.000
1327.536	8046.000
1327.675	7981.000
1327.815	8034.000
1327.955	7969.000
1328.094	8128.000
1328.234	7968.000
1328.374	8047.000
1328.513	7926.000
1328.653	8104.000
1328.792	7969.000
1328.932	8032.000
1329.071	7986.000
1329.211	8067.000
1329.350	7967.000
1329.490	8147.000
1329.629	7954.000
1329.769	8056.000
1329.908	8014.000
1330.048	8096.000
1330.187	7967.000
1330.327	8155.000
1330.466	8008.000
1330.605	8115.000
1330.745	8029.000
1330.884	8140.000
1331.024	7997.000
1331.163	8073.000
1331.302	8007.000
1331.442	8164.000
1331.581	7977.000
1331.720	8073.000
1331.860	8066.000
1331.999	8149.000
1332.138	7976.000
1332.277	8048.000
1332.417	7981.000
1332.556	8212.000
1332.695	7964.000
1332.834	8135.000
1332.974	8019.000
1333.113	8250.000
1333.252	8594.000
1333.391	8104.000
1333.531	8022.000
1333.670	8108.000
1333.809	7922.000
1333.948	8171.000
1334.087	7962.000
1334.226	8183.000
1334.365	7963.000
1334.505	8045.000
1334.644	8060.000
1334.783	8126.000
1334.922	7997.000
1335.061	8088.000
1335.200	8006.000
1335.339	8174.000
1335.478	7979.000
1335.617	8036.000
1335.756	7961.000
1335.895	8047.000
1336.034	7952.000
1336.173	8076.000
1336.312	7984.000
1336.451	8043.000
1336.590	8015.000
1336.729	8058.000
1336.868	7911.000
1337.007	8172.000
1337.146	7970.000
1337.285	8047.000
1337.423	7959.000
1337.562	7990.000
1337.701	7932.000
1337.840	8011.000
1337.979	7934.000
1338.118	7933.000
1338.256	7958.000
1338.395	7978.000
1338.534	7947.000
1338.673	8035.000
1338.812	7902.000
1338.950	8061.000
1339.089	7931.000
1339.228	8112.000
1339.367	7961.000
1339.505	8024.000
1339.644	7975.000
1339.783	8001.000
1339.922	7976.000
1340.060	8016.000
1340.199	7945.000
1340.338	8002.000
1340.476	7991.000
1340.615	8067.000
1340.753	8017.000
1340.892	8037.000
1341.031	7951.000
1341.169	7977.000
1341.308	7939.000
1341.446	8035.000
1341.585	7923.000
1341.724	8113.000
1341.862	7964.000
1342.001	8086.000
1342.139	7937.000
1342.278	8041.000
1342.416	7934.000
1342.555	8039.000
1342.693	7883.000
1342.832	8135.000
1342.970	7959.000
1343.109	8124.000
1343.247	7999.000
1343.385	8118.000
1343.524	7957.000
1343.662	8140.000
1343.801	7965.000
1343.939	8087.000
1344.077	7938.000
1344.216	8167.000
1344.354	7929.000
1344.492	8150.000
1344.631	7961.000
1344.769	8161.000
1344.907	7973.000
1345.046	8116.000
1345.184	8002.000
1345.322	8166.000
1345.460	8048.000
1345.599	8152.000
1345.737	8089.000
1345.875	8194.000
1346.013	8099.000
1346.152	8132.000
1346.290	8098.000
1346.428	8208.000
1346.566	8063.000
1346.704	8157.000
1346.843	8058.000
1346.981	8232.000
1347.119	8005.000
1347.257	8224.000
1347.395	8039.000
1347.533	8271.000
1347.671	8158.000
1347.809	8225.000
1347.947	8046.000
1348.085	8173.000
1348.224	8090.000
1348.362	8155.000
1348.500	8114.000
1348.638	8229.000
1348.776	8115.000
1348.914	8159.000
1349.052	8075.000
1349.190	8196.000
1349.328	8128.000
1349.466	8172.000
1349.603	8058.000
1349.741	8288.000
1349.879	8021.000
1350.017	8172.000
1350.155	8075.000
1350.293	8183.000
1350.431	7970.000
1350.569	8244.000
1350.707	8122.000
1350.844	8111.000
1350.982	8080.000
1351.120	8248.000
1351.258	8054.000
1351.396	8191.000
1351.534	8097.000
1351.671	8137.000
1351.809	8027.000
1351.947	8151.000
1352.085	8034.000
1352.222	8113.000
1352.360	8084.000
1352.498	8134.000
1352.636	8075.000
1352.773	8142.000
1352.911	8033.000
1353.049	8224.000
1353.186	8134.000
1353.324	8166.000
1353.462	8137.000
1353.599	8189.000
1353.737	8078.000
1353.874	8210.000
1354.012	6935.000
1354.150	8163.000
1354.287	8073.000
1354.425	8090.000
1354.562	8000.000
1354.700	8135.000
1354.837	8019.000
1354.975	8143.000
1355.112	8082.000
1355.250	8189.000
1355.387	8049.000
1355.525	8148.000
1355.662	8012.000
1355.800	8208.000
1355.937	8072.000
1356.075	8155.000
1356.212	7976.000
1356.350	8143.000
1356.487	7950.000
1356.624	8082.000
1356.762	8039.000
1356.899	8059.000
1357.037	8005.000
1357.174	8095.000
1357.311	7978.000
1357.449	8154.000
1357.586	7943.000
1357.723	8191.000
1357.860	7994.000
1357.998	8057.000
1358.135	8015.000
1358.272	8052.000
1358.410	7926.000
1358.547	8001.000
1358.684	7902.000
1358.821	7974.000
1358.959	7935.000
1359.096	8122.000
1359.233	7936.000
1359.370	8086.000
1359.507	7898.000
1359.644	8021.000
1359.782	7884.000
1359.919	7963.000
1360.056	7821.000
1360.193	7985.000
1360.330	7824.000
1360.467	7988.000
1360.604	7865.000
1360.741	8012.000
1360.878	7954.000
1361.015	8023.000
1361.152	7894.000
1361.290	8119.000
1361.427	7845.000
1361.564	7998.000
1361.701	7886.000
1361.838	8063.000
1361.975	7877.000
1362.112	8124.000
1362.248	12416.000
1362.385	8112.000
1362.522	7937.000
1362.659	8048.000
1362.796	7944.000
1362.933	8014.000
1363.070	7862.000
1363.207	8028.000
1363.344	8035.000
1363.481	8172.000
1363.617	8032.000
1363.754	8055.000
1363.891	7964.000
1364.028	8051.000
1364.165	8057.000
1364.302	8149.000
1364.438	7971.000
1364.575	8120.000
1364.712	7928.000
1364.849	8120.000
1364.985	8030.000
1365.122	8162.000
1365.259	8037.000
1365.396	8144.000
1365.532	8029.000
1365.669	8098.000
1365.806	7963.000
1365.942	8084.000
1366.079	7981.000
1366.216	8171.000
1366.352	7998.000
1366.489	8124.000
1366.625	8002.000
1366.762	8213.000
1366.899	8001.000
1367.035	8153.000
1367.172	7959.000
1367.308	8144.000
1367.445	7890.000
1367.581	8145.000
1367.718	7950.000
1367.855	8150.000
1367.991	7950.000
1368.128	8150.000
1368.264	8049.000
1368.401	8112.000
1368.537	8005.000
1368.673	8164.000
1368.810	7905.000
1368.946	8185.000
1369.083	8072.000
1369.219	8041.000
1369.356	7988.000
1369.492	8181.000
1369.628	8012.000
1369.765	8118.000
1369.901	8023.000
1370.037	8137.000
1370.174	8086.000
1370.310	8134.000
1370.446	8055.000
1370.583	8166.000
1370.719	8058.000
1370.855	8205.000
1370.992	7978.000
1371.128	8194.000
1371.264	7974.000
1371.400	8112.000
1371.537	8112.000
1371.673	8270.000
1371.809	8043.000
1371.945	8128.000
1372.081	8099.000
1372.218	8228.000
1372.354	8116.000
1372.490	8255.000
1372.626	8100.000
1372.762	8260.000
1372.898	8082.000
1373.034	8174.000
1373.170	8087.000
1373.307	8232.000
1373.443	8090.000
1373.579	8078.000
1373.715	8106.000
1373.851	8272.000
1373.987	8165.000
1374.123	8175.000
1374.259	8093.000
1374.395	8149.000
1374.531	8192.000
1374.667	8266.000
