1029.870	9657.000
1030.015	9607.000
1030.160	9623.000
1030.305	9674.000
1030.449	9578.000
1030.594	9664.000
1030.739	9575.000
1030.884	9587.000
1031.029	9547.000
1031.173	9574.000
1031.318	9483.000
1031.463	9606.000
1031.608	9540.000
1031.752	9495.000
1031.897	9519.000
1032.042	9617.000
1032.187	9451.000
1032.331	9594.000
1032.476	9486.000
1032.621	9577.000
1032.765	9451.000
1032.910	9471.000
1033.055	9608.000
1033.200	9514.000
1033.344	9510.000
1033.489	9494.000
1033.634	9477.000
1033.778	9447.000
1033.923	9437.000
1034.068	9483.000
1034.212	9459.000
1034.357	9508.000
1034.502	9507.000
1034.646	9463.000
1034.791	9386.000
1034.935	9407.000
1035.080	9485.000
1035.225	9392.000
1035.369	9438.000
1035.514	9440.000
1035.658	9383.000
1035.803	9464.000
1035.947	9355.000
1036.092	9471.000
1036.237	9331.000
1036.381	9411.000
1036.526	9434.000
1036.670	9360.000
1036.815	9344.000
1036.959	9409.000
1037.104	9335.000
1037.248	9299.000
1037.393	9384.000
1037.537	9404.000
1037.682	9317.000
1037.826	9310.000
1037.971	9276.000
1038.115	9343.000
1038.260	9280.000
1038.404	9260.000
1038.549	9325.000
1038.693	9260.000
1038.838	9268.000
1038.982	9262.000
1039.126	9223.000
1039.271	9285.000
1039.415	9244.000
1039.560	9167.000
1039.704	9206.000
1039.848	9236.000
1039.993	9192.000
1040.137	9146.000
1040.282	9212.000
1040.426	9227.000
1040.570	9134.000
1040.715	9150.000
1040.859	9133.000
1041.003	9127.000
1041.148	9163.000
1041.292	9227.000
1041.436	9104.000
1041.581	9173.000
1041.725	9135.000
1041.869	9131.000
1042.014	9060.000
1042.158	9082.000
1042.302	9009.000
1042.447	9069.000
1042.591	9111.000
1042.735	9063.000
1042.879	9010.000
1043.024	9066.000
1043.168	9059.000
1043.312	9070.000
1043.456	9086.000
1043.601	9014.000
1043.745	8964.000
1043.889	9052.000
1044.033	9056.000
1044.178	9045.000
1044.322	8987.000
1044.466	8982.000
1044.610	8945.000
1044.754	8938.000
1044.899	8922.000
1045.043	9069.000
1045.187	8936.000
1045.331	8983.000
1045.475	8940.000
1045.619	8929.000
1045.763	8971.000
1045.908	8988.000
1046.052	8835.000
1046.196	9045.000
1046.340	8919.000
1046.484	8923.000
1046.628	8963.000
1046.772	8977.000
1046.916	8994.000
1047.060	8932.000
1047.205	8895.000
1047.349	8974.000
1047.493	8938.000
1047.637	9005.000
1047.781	8882.000
1047.925	9021.000
1048.069	8855.000
1048.213	8865.000
1048.357	8999.000
1048.501	9012.000
1048.645	8923.000
1048.789	8962.000
1048.933	8958.000
1049.077	8912.000
1049.221	8918.000
1049.365	8944.000
1049.509	8956.000
1049.653	8990.000
1049.797	8902.000
1049.941	8980.000
1050.085	8967.000
1050.229	9004.000
1050.373	8915.000
1050.517	8879.000
1050.660	8937.000
1050.804	9016.000
1050.948	8971.000
1051.092	8949.000
1051.236	8922.000
1051.380	9031.000
1051.524	8933.000
1051.668	8917.000
1051.812	8884.000
1051.956	8921.000
1052.099	8878.000
1052.243	8979.000
1052.387	8941.000
1052.531	8993.000
1052.675	8930.000
1052.819	8962.000
1052.962	8952.000
1053.106	8922.000
1053.250	8878.000
1053.394	8971.000
1053.538	8816.000
1053.681	8947.000
1053.825	8949.000
1053.969	8939.000
1054.113	8897.000
1054.257	8990.000
1054.400	8819.000
1054.544	8927.000
1054.688	8883.000
1054.832	8919.000
1054.975	8925.000
1055.119	8933.000
1055.263	8851.000
1055.407	8953.000
1055.550	8780.000
1055.694	8865.000
1055.838	8826.000
1055.981	8955.000
1056.125	8868.000
1056.269	8942.000
1056.412	8773.000
1056.556	8845.000
1056.700	8840.000
1056.843	8857.000
1056.987	8879.000
1057.131	8960.000
1057.274	8760.000
1057.418	8834.000
1057.562	8755.000
1057.705	8878.000
1057.849	8804.000
1057.992	8918.000
1058.136	8763.000
1058.280	8845.000
1058.423	8696.000
1058.567	8921.000
1058.710	8914.000
1058.854	8811.000
1058.997	8832.000
1059.141	8828.000
1059.285	8734.000
1059.428	8839.000
1059.572	8813.000
1059.715	8903.000
1059.859	8729.000
1060.002	8896.000
1060.146	8773.000
1060.289	8837.000
1060.433	8709.000
1060.576	8916.000
1060.720	8810.000
1060.863	8817.000
1061.007	8736.000
1061.150	8816.000
1061.294	8703.000
1061.437	8830.000
1061.580	8796.000
1061.724	8897.000
1061.867	8773.000
1062.011	8875.000
1062.154	8661.000
1062.298	8915.000
1062.441	8734.000
1062.584	8877.000
1062.728	8731.000
1062.871	8960.000
1063.015	8821.000
1063.158	8876.000
1063.301	8853.000
1063.445	9051.000
1063.588	8991.000
1063.731	9119.000
1063.875	9087.000
1064.018	9241.000
1064.161	9069.000
1064.305	9165.000
1064.448	9085.000
1064.591	9105.000
1064.735	8982.000
1064.878	8993.000
1065.021	8837.000
1065.165	8902.000
1065.308	8836.000
1065.451	8889.000
1065.594	8884.000
1065.738	8952.000
1065.881	8838.000
1066.024	8826.000
1066.167	8773.000
1066.311	8881.000
1066.454	8792.000
1066.597	8928.000
1066.740	8895.000
1066.884	8976.000
1067.027	8792.000
1067.170	8952.000
1067.313	8927.000
1067.456	8895.000
1067.599	8801.000
1067.743	8957.000
1067.886	8839.000
1068.029	8970.000
1068.172	8824.000
1068.315	8972.000
1068.458	8824.000
1068.602	8935.000
1068.745	8874.000
1068.888	8952.000
1069.031	8889.000
1069.174	8958.000
1069.317	8920.000
1069.460	8977.000
1069.603	8886.000
1069.746	9057.000
1069.890	8919.000
1070.033	8934.000
1070.176	8938.000
1070.319	9056.000
1070.462	8871.000
1070.605	9024.000
1070.748	9018.000
1070.891	9075.000
1071.034	8913.000
1071.177	8999.000
1071.320	8948.000
1071.463	9015.000
1071.606	8930.000
1071.749	9003.000
1071.892	8989.000
1072.035	9067.000
1072.178	8962.000
1072.321	9045.000
1072.464	8812.000
1072.607	9081.000
1072.750	8931.000
1072.893	9026.000
1073.036	8941.000
1073.179	9103.000
1073.322	8932.000
1073.465	9039.000
1073.607	9087.000
1073.750	8983.000
1073.893	8922.000
1074.036	9107.000
1074.179	8995.000
1074.322	9041.000
1074.465	8951.000
1074.608	9169.000
1074.751	9082.000
1074.893	9132.000
1075.036	9002.000
1075.179	9142.000
1075.322	9049.000
1075.465	9140.000
1075.608	8969.000
1075.750	9170.000
1075.893	8982.000
1076.036	9033.000
1076.179	9092.000
1076.322	9120.000
1076.464	9020.000
1076.607	9244.000
1076.750	8986.000
1076.893	9044.000
1077.036	9069.000
1077.178	9223.000
1077.321	9135.000
1077.464	9096.000
1077.607	9013.000
1077.749	9230.000
1077.892	9068.000
1078.035	9188.000
1078.177	9087.000
1078.320	9235.000
1078.463	9127.000
1078.606	9251.000
1078.748	9259.000
1078.891	9343.000
1079.034	9204.000
1079.176	9336.000
1079.319	9170.000
1079.462	9273.000
1079.604	9315.000
1079.747	9345.000
1079.890	9175.000
1080.032	9434.000
1080.175	9255.000
1080.317	9315.000
1080.460	9285.000
1080.603	9414.000
1080.745	9321.000
1080.888	9431.000
1081.030	9348.000
1081.173	9342.000
1081.316	9293.000
1081.458	9402.000
1081.601	9419.000
1081.743	9403.000
1081.886	9362.000
1082.028	9398.000
1082.171	9368.000
1082.313	9455.000
1082.456	9357.000
1082.598	9394.000
1082.741	9395.000
1082.883	9461.000
1083.026	9406.000
1083.168	9479.000
1083.311	9376.000
1083.453	9555.000
1083.596	9355.000
1083.738	9554.000
1083.881	9413.000
1084.023	9642.000
1084.166	9454.000
1084.308	9681.000
1084.451	9427.000
1084.593	9733.000
1084.736	9524.000
1084.878	9623.000
1085.020	9557.000
1085.163	9716.000
1085.305	9611.000
1085.448	9631.000
1085.590	9627.000
1085.732	9741.000
1085.875	9594.000
1086.017	9733.000
1086.159	9657.000
1086.302	9791.000
1086.444	9791.000
1086.586	9841.000
1086.729	9801.000
1086.871	9871.000
1087.013	9752.000
1087.156	9912.000
1087.298	9592.000
1087.440	9983.000
1087.583	9896.000
1087.725	9926.000
1087.867	9915.000
1088.010	9875.000
1088.152	9777.000
1088.294	9923.000
1088.436	9926.000
1088.579	10061.000
1088.721	9857.000
1088.863	9969.000
1089.005	9842.000
1089.148	9991.000
1089.290	9849.000
1089.432	9905.000
1089.574	9838.000
1089.716	9993.000
1089.859	9914.000
1090.001	9965.000
1090.143	9814.000
1090.285	10011.000
1090.427	9858.000
1090.569	9992.000
1090.712	9925.000
1090.854	9925.000
1090.996	9802.000
1091.138	9968.000
1091.280	9874.000
1091.422	10115.000
1091.564	9866.000
1091.707	10028.000
1091.849	9901.000
1091.991	9977.000
1092.133	9877.000
1092.275	9947.000
1092.417	9836.000
1092.559	9952.000
1092.701	9868.000
1092.843	9915.000
1092.985	9830.000
1093.127	9973.000
1093.269	9835.000
1093.411	9961.000
1093.554	9798.000
1093.696	9813.000
1093.838	9733.000
1093.980	9885.000
1094.122	9711.000
1094.264	9820.000
1094.406	9735.000
1094.548	9781.000
1094.690	9706.000
1094.832	9834.000
1094.973	9767.000
1095.115	9842.000
1095.257	9745.000
1095.399	9911.000
1095.541	9814.000
1095.683	9857.000
1095.825	9762.000
1095.967	9941.000
1096.109	9869.000
1096.251	9933.000
1096.393	9809.000
1096.535	10032.000
1096.677	9896.000
1096.819	9980.000
1096.960	9907.000
1097.102	10107.000
1097.244	9987.000
1097.386	10116.000
1097.528	9971.000
1097.670	10164.000
1097.812	10039.000
1097.953	10119.000
1098.095	10157.000
1098.237	10180.000
1098.379	10095.000
1098.521	10178.000
1098.662	10073.000
1098.804	10312.000
1098.946	10226.000
1099.088	10205.000
1099.230	10157.000
1099.371	10205.000
1099.513	10233.000
1099.655	10281.000
1099.797	10285.000
1099.938	10391.000
1100.080	10231.000
1100.222	10355.000
1100.364	10316.000
1100.505	10431.000
1100.647	10298.000
1100.789	10466.000
1100.931	10397.000
1101.072	10513.000
1101.214	10404.000
1101.356	10411.000
1101.497	10358.000
1101.639	10573.000
1101.781	10397.000
1101.922	10516.000
1102.064	10502.000
1102.206	10579.000
1102.347	10552.000
1102.489	10644.000
1102.631	10573.000
1102.772	10777.000
1102.914	10551.000
1103.055	10812.000
1103.197	10662.000
1103.339	10830.000
1103.480	10778.000
1103.622	10893.000
1103.763	10818.000
1103.905	10910.000
1104.046	10842.000
1104.188	11002.000
1104.330	10945.000
1104.471	11094.000
1104.613	10982.000
1104.754	11130.000
1104.896	11250.000
1105.037	11258.000
1105.179	11175.000
1105.320	11340.000
1105.462	11235.000
1105.603	11409.000
1105.745	11313.000
1105.886	11478.000
1106.028	11346.000
1106.169	11668.000
1106.311	11530.000
1106.452	11687.000
1106.594	11588.000
1106.735	11746.000
1106.876	11706.000
1107.018	11826.000
1107.159	11708.000
1107.301	11901.000
1107.442	11830.000
1107.584	12021.000
1107.725	12000.000
1107.866	12144.000
1108.008	11982.000
1108.149	12168.000
1108.291	12181.000
1108.432	12307.000
1108.573	12308.000
1108.715	12425.000
1108.856	12362.000
1108.997	12565.000
1109.139	12462.000
1109.280	12693.000
1109.421	12634.000
1109.563	12864.000
1109.704	12801.000
1109.845	12882.000
1109.987	12870.000
1110.128	12987.000
1110.269	13066.000
1110.410	13252.000
1110.552	13197.000
1110.693	13340.000
1110.834	13195.000
1110.975	13447.000
1111.117	13459.000
1111.258	13617.000
1111.399	13546.000
1111.540	13734.000
1111.682	13858.000
1111.823	13890.000
1111.964	13917.000
1112.105	14139.000
1112.247	14091.000
1112.388	14302.000
1112.529	14226.000
1112.670	14457.000
1112.811	14424.000
1112.952	14563.000
1113.094	14565.000
1113.235	14791.000
1113.376	14783.000
1113.517	14882.000
1113.658	14880.000
1113.799	15104.000
1113.940	15213.000
1114.082	15398.000
1114.223	15411.000
1114.364	15599.000
1114.505	15602.000
1114.646	15787.000
1114.787	15763.000
1114.928	15904.000
1115.069	15935.000
1115.210	16131.000
1115.351	16222.000
1115.492	16344.000
1115.633	16401.000
1115.774	16579.000
1115.916	16669.000
1116.057	16798.000
1116.198	16807.000
1116.339	16998.000
1116.480	17072.000
1116.621	17106.000
1116.762	17148.000
1116.903	17348.000
1117.044	17578.000
1117.185	17623.000
1117.326	17709.000
1117.466	17919.000
1117.607	18008.000
1117.748	18192.000
1117.889	18278.000
1118.030	18500.000
1118.171	18557.000
1118.312	18766.000
1118.453	18731.000
1118.594	18975.000
1118.735	19000.000
1118.876	19144.000
1119.017	19402.000
1119.158	19381.000
1119.298	19528.000
1119.439	19573.000
1119.580	19791.000
1119.721	20091.000
1119.862	20223.000
1120.003	20357.000
1120.144	20514.000
1120.284	20584.000
1120.425	20711.000
1120.566	20723.000
1120.707	20881.000
1120.848	21124.000
1120.989	21281.000
1121.129	21554.000
1121.270	21761.000
1121.411	21847.000
1121.552	21887.000
1121.693	22016.000
1121.833	22206.000
1121.974	22361.000
1122.115	22428.000
1122.256	22498.000
1122.396	22634.000
1122.537	22801.000
1122.678	22858.000
1122.819	23035.000
1122.959	23242.000
1123.100	23509.000
1123.241	23842.000
1123.381	23968.000
1123.522	24359.000
1123.663	24386.000
1123.803	24448.000
1123.944	24384.000
1124.085	24519.000
1124.225	24707.000
1124.366	25028.000
1124.507	25396.000
1124.647	25710.000
1124.788	25859.000
1124.929	26049.000
1125.069	26145.000
1125.210	26238.000
1125.351	26388.000
1125.491	26384.000
1125.632	26228.000
1125.772	26249.000
1125.913	26465.000
1126.054	26797.000
1126.194	27067.000
1126.335	27377.000
1126.475	27435.000
1126.616	27657.000
1126.756	27787.000
1126.897	28164.000
1127.037	28152.000
1127.178	28471.000
1127.318	28318.000
1127.459	28624.000
1127.600	28573.000
1127.740	28642.000
1127.881	28563.000
1128.021	28533.000
1128.162	28577.000
1128.302	28821.000
1128.442	28877.000
1128.583	29198.000
1128.723	29110.000
1128.864	29287.000
1129.004	29263.000
1129.145	29156.000
1129.285	29210.000
1129.426	29331.000
1129.566	29177.000
1129.706	29226.000
1129.847	28906.000
1129.987	28819.000
1130.128	28572.000
1130.268	28608.000
1130.408	28586.000
1130.549	28567.000
1130.689	28286.000
1130.830	28337.000
1130.970	28073.000
1131.110	27867.000
1131.251	27486.000
1131.391	27439.000
1131.531	26903.000
1131.672	26678.000
1131.812	26194.000
1131.952	25910.000
1132.093	25568.000
1132.233	25127.000
1132.373	24667.000
1132.513	24309.000
1132.654	23871.000
1132.794	23659.000
1132.934	22962.000
1133.075	22616.000
1133.215	22192.000
1133.355	21693.000
1133.495	21342.000
1133.636	20873.000
1133.776	20533.000
1133.916	20136.000
1134.056	19737.000
1134.196	19523.000
1134.337	19158.000
1134.477	18798.000
1134.617	18512.000
1134.757	18164.000
1134.897	17879.000
1135.038	17372.000
1135.178	17184.000
1135.318	17110.000
1135.458	17140.000
1135.598	17105.000
1135.738	17101.000
1135.879	17049.000
1136.019	16958.000
1136.159	16853.000
1136.299	16611.000
1136.439	16536.000
1136.579	16710.000
1136.719	16650.000
1136.859	16670.000
1136.999	16607.000
1137.140	16548.000
1137.280	16487.000
1137.420	16360.000
1137.560	16232.000
1137.700	16032.000
1137.840	15924.000
1137.980	15750.000
1138.120	15570.000
1138.260	15451.000
1138.400	15198.000
1138.540	15064.000
1138.680	14827.000
1138.820	14720.000
1138.960	14428.000
1139.100	14288.000
1139.240	14217.000
1139.380	14005.000
1139.520	13899.000
1139.660	13756.000
1139.800	13576.000
1139.940	13433.000
1140.080	13334.000
1140.220	13215.000
1140.360	13091.000
1140.500	12920.000
1140.640	12823.000
1140.780	12705.000
1140.919	12571.000
1141.059	12498.000
1141.199	12327.000
1141.339	12384.000
1141.479	12232.000
1141.619	12255.000
1141.759	12055.000
1141.899	12064.000
1142.039	11985.000
1142.178	11939.000
1142.318	11774.000
1142.458	11897.000
1142.598	11729.000
1142.738	11802.000
1142.878	11702.000
1143.017	11740.000
1143.157	11543.000
1143.297	11600.000
1143.437	11455.000
1143.577	11490.000
1143.716	11410.000
1143.856	11510.000
1143.996	11318.000
1144.136	11427.000
1144.275	11302.000
1144.415	11360.000
1144.555	11157.000
1144.695	11250.000
1144.834	11183.000
1144.974	11317.000
1145.114	11226.000
1145.254	11273.000
1145.393	11252.000
1145.533	11273.000
1145.673	11160.000
1145.812	11162.000
1145.952	11131.000
1146.092	11234.000
1146.231	11079.000
1146.371	11163.000
1146.511	11052.000
1146.650	11193.000
1146.790	10969.000
1146.930	11102.000
1147.069	10903.000
1147.209	11109.000
1147.349	11015.000
1147.488	11027.000
1147.628	10908.000
1147.767	10931.000
1147.907	10839.000
1148.047	10911.000
1148.186	10839.000
1148.326	10987.000
1148.465	10870.000
1148.605	10887.000
1148.744	10818.000
1148.884	10913.000
1149.024	10795.000
1149.163	10892.000
1149.303	10740.000
1149.442	10919.000
1149.582	10755.000
1149.721	10831.000
1149.861	10698.000
1150.000	10806.000
1150.140	10605.000
1150.279	10840.000
1150.419	10726.000
1150.558	10751.000
1150.698	10768.000
1150.837	10895.000
1150.977	10699.000
1151.116	10801.000
1151.255	10728.000
1151.395	10768.000
1151.534	10680.000
1151.674	10735.000
1151.813	10706.000
1151.953	10770.000
1152.092	10722.000
1152.231	10777.000
1152.371	10729.000
1152.510	10759.000
1152.650	10667.000
1152.789	10842.000
1152.928	10752.000
1153.068	10768.000
1153.207	10791.000
1153.346	10829.000
1153.486	10760.000
1153.625	10840.000
1153.764	9947.000
1153.904	10823.000
1154.043	10731.000
1154.182	10758.000
1154.322	10675.000
1154.461	10809.000
1154.600	10698.000
1154.740	10842.000
1154.879	10766.000
1155.018	10844.000
1155.157	10689.000
1155.297	10756.000
1155.436	10655.000
1155.575	10847.000
1155.714	10751.000
1155.854	10806.000
1155.993	10637.000
1156.132	10832.000
1156.271	10641.000
1156.411	10721.000
1156.550	10701.000
1156.689	10740.000
1156.828	10720.000
1156.967	10807.000
1157.107	10685.000
1157.246	10880.000
1157.385	10659.000
1157.524	10896.000
1157.663	10733.000
1157.802	10787.000
1157.941	10793.000
1158.081	10766.000
1158.220	10715.000
1158.359	10782.000
1158.498	10703.000
1158.637	10762.000
1158.776	10750.000
1158.915	10890.000
1159.054	10709.000
1159.193	10856.000
1159.333	10696.000
1159.472	10826.000
1159.611	10695.000
1159.750	10791.000
1159.889	10652.000
1160.028	10782.000
1160.167	10611.000
1160.306	10734.000
1160.445	10628.000
1160.584	10765.000
1160.723	10763.000
1160.862	10768.000
1161.001	10648.000
1161.140	10831.000
1161.279	10610.000
1161.418	10735.000
1161.557	10663.000
1161.696	10782.000
1161.835	10600.000
1161.974	10840.000
1162.113	13164.000
1162.252	10797.000
1162.391	10634.000
1162.530	10676.000
1162.669	10634.000
1162.808	10716.000
1162.946	10540.000
1163.085	10654.000
1163.224	10655.000
1163.363	10741.000
1163.502	10659.000
1163.641	10631.000
1163.780	10541.000
1163.919	10664.000
1164.058	10613.000
1164.196	10682.000
1164.335	10570.000
1164.474	10587.000
1164.613	10438.000
1164.752	10603.000
1164.891	10499.000
1165.029	10622.000
1165.168	10492.000
1165.307	10583.000
1165.446	10468.000
1165.585	10507.000
1165.723	10397.000
1165.862	10416.000
1166.001	10387.000
1166.140	10521.000
1166.279	10346.000
1166.417	10442.000
1166.556	10351.000
1166.695	10511.000
1166.834	10333.000
1166.972	10435.000
1167.111	10294.000
1167.250	10419.000
1167.388	10218.000
1167.527	10416.000
1167.666	10219.000
1167.805	10426.000
1167.943	10231.000
1168.082	10437.000
1168.221	10281.000
1168.359	10368.000
1168.498	10252.000
1168.637	10404.000
1168.775	10183.000
1168.914	10419.000
1169.052	10333.000
1169.191	10287.000
1169.330	10273.000
1169.468	10414.000
1169.607	10281.000
1169.746	10347.000
1169.884	10239.000
1170.023	10361.000
1170.161	10304.000
1170.300	10374.000
1170.439	10341.000
1170.577	10391.000
1170.716	10329.000
1170.854	10452.000
1170.993	10248.000
1171.131	10403.000
1171.270	10225.000
1171.408	10406.000
1171.547	10355.000
1171.685	10520.000
1171.824	10299.000
1171.962	10422.000
1172.101	10395.000
1172.239	10483.000
1172.378	10311.000
1172.516	10478.000
1172.655	10390.000
1172.793	10558.000
1172.932	10368.000
1173.070	10450.000
1173.209	10380.000
1173.347	10493.000
1173.486	10368.000
1173.624	10383.000
1173.762	10423.000
1173.901	10597.000
1174.039	10478.000
1174.178	10459.000
1174.316	10414.000
1174.454	10417.000
1174.593	10508.000
1174.731	10565.000
