1109.929	9534.000
1110.074	9461.000
1110.220	9524.000
1110.366	9546.000
1110.511	9559.000
1110.657	9625.000
1110.802	9582.000
1110.948	9552.000
1111.094	9593.000
1111.239	9576.000
1111.385	9590.000
1111.530	9616.000
1111.676	9670.000
1111.821	9543.000
1111.967	9678.000
1112.112	9724.000
1112.258	9627.000
1112.403	9707.000
1112.549	9703.000
1112.694	9737.000
1112.840	9753.000
1112.985	9665.000
1113.131	9940.000
1113.276	9767.000
1113.421	9871.000
1113.567	9779.000
1113.712	9909.000
1113.858	9767.000
1114.003	9919.000
1114.149	9852.000
1114.294	9982.000
1114.439	9912.000
1114.585	10048.000
1114.730	9913.000
1114.875	9987.000
1115.021	9929.000
1115.166	10120.000
1115.311	9927.000
1115.457	10180.000
1115.602	10046.000
1115.747	10192.000
1115.893	10103.000
1116.038	10181.000
1116.183	10159.000
1116.329	10198.000
1116.474	10168.000
1116.619	10327.000
1116.764	10136.000
1116.910	10368.000
1117.055	10249.000
1117.200	10458.000
1117.345	10258.000
1117.490	10510.000
1117.636	10359.000
1117.781	10486.000
1117.926	10408.000
1118.071	10537.000
1118.216	10458.000
1118.362	10557.000
1118.507	10458.000
1118.652	10702.000
1118.797	10457.000
1118.942	10691.000
1119.087	10515.000
1119.232	10705.000
1119.377	10625.000
1119.523	10868.000
1119.668	10618.000
1119.813	10879.000
1119.958	10731.000
1120.103	10932.000
1120.248	10747.000
1120.393	11017.000
1120.538	10840.000
1120.683	10979.000
1120.828	10836.000
1120.973	11010.000
1121.118	10876.000
1121.263	11127.000
1121.408	11014.000
1121.553	11175.000
1121.698	11092.000
1121.843	11369.000
1121.988	11126.000
1122.133	11371.000
1122.278	11160.000
1122.423	11366.000
1122.568	11167.000
1122.713	11484.000
1122.858	11317.000
1123.002	11631.000
1123.147	11453.000
1123.292	11722.000
1123.437	11494.000
1123.582	11874.000
1123.727	11554.000
1123.872	11849.000
1124.017	11609.000
1124.161	11930.000
1124.306	11646.000
1124.451	11946.000
1124.596	11718.000
1124.741	12067.000
1124.885	11793.000
1125.030	12171.000
1125.175	12028.000
1125.320	12274.000
1125.465	12089.000
1125.609	12376.000
1125.754	12143.000
1125.899	12460.000
1126.044	12222.000
1126.188	12395.000
1126.333	12318.000
1126.478	12500.000
1126.622	12248.000
1126.767	12626.000
1126.912	12315.000
1127.056	12704.000
1127.201	12444.000
1127.346	12755.000
1127.490	12486.000
1127.635	12716.000
1127.780	12518.000
1127.924	12748.000
1128.069	12528.000
1128.214	12654.000
1128.358	12412.000
1128.503	12709.000
1128.647	12310.000
1128.792	12478.000
1128.937	12208.000
1129.081	12418.000
1129.226	12079.000
1129.370	12281.000
1129.515	11934.000
1129.659	12131.000
1129.804	11811.000
1129.948	11820.000
1130.093	11554.000
1130.237	11601.000
1130.382	11340.000
1130.526	11318.000
1130.671	10995.000
1130.815	11094.000
1130.960	10910.000
1131.104	10924.000
1131.249	10637.000
1131.393	10614.000
1131.537	10470.000
1131.682	10485.000
1131.826	10259.000
1131.971	10250.000
1132.115	10143.000
1132.260	10117.000
1132.404	10146.000
1132.548	10166.000
1132.693	10090.000
1132.837	10076.000
1132.981	10029.000
1133.126	10062.000
1133.270	9959.000
1133.414	10000.000
1133.559	10037.000
1133.703	9952.000
1133.847	9985.000
1133.992	10093.000
1134.136	10104.000
1134.280	10299.000
1134.424	10396.000
1134.569	10471.000
1134.713	10592.000
1134.857	10704.000
1135.001	10585.000
1135.146	10711.000
1135.290	10569.000
1135.434	10511.000
1135.578	10484.000
1135.722	10275.000
1135.867	10191.000
1136.011	10199.000
1136.155	10130.000
1136.299	10042.000
1136.443	9960.000
1136.587	9804.000
1136.732	9738.000
1136.876	9732.000
1137.020	9679.000
1137.164	9679.000
1137.308	9705.000
1137.452	9600.000
1137.596	9558.000
1137.740	9492.000
1137.884	9495.000
1138.028	9484.000
1138.172	9543.000
1138.316	9431.000
1138.461	9459.000
1138.605	9317.000
1138.749	9474.000
1138.893	9500.000
1139.037	9331.000
1139.181	9408.000
1139.325	9311.000
1139.469	9291.000
1139.613	9390.000
1139.757	9330.000
1139.900	9401.000
1140.044	9255.000
1140.188	9375.000
1140.332	9289.000
1140.476	9343.000
1140.620	9262.000
1140.764	9410.000
1140.908	9329.000
1141.052	9322.000
1141.196	9252.000
1141.340	9309.000
1141.484	9232.000
1141.627	9310.000
1141.771	9321.000
1141.915	9400.000
1142.059	9304.000
1142.203	9395.000
1142.347	9198.000
1142.490	9425.000
1142.634	9275.000
1142.778	9359.000
1142.922	9279.000
1143.066	9463.000
1143.209	9351.000
1143.353	9377.000
1143.497	9343.000
1143.641	9405.000
1143.784	9287.000
1143.928	9399.000
1144.072	9355.000
1144.216	9473.000
1144.359	9326.000
1144.503	9336.000
1144.647	9308.000
1144.790	9350.000
1144.934	9326.000
1145.078	9373.000
1145.221	9289.000
1145.365	9455.000
1145.509	9337.000
1145.652	9407.000
1145.796	9450.000
1145.940	9409.000
1146.083	9356.000
1146.227	9270.000
1146.370	9257.000
1146.514	9360.000
1146.657	9268.000
1146.801	9371.000
1146.945	9431.000
1147.088	9441.000
1147.232	9304.000
1147.375	9445.000
1147.519	9457.000
1147.662	9364.000
1147.806	9322.000
1147.949	9480.000
1148.093	9380.000
1148.236	9425.000
1148.380	9349.000
1148.523	9476.000
1148.667	9354.000
1148.810	9424.000
1148.954	9399.000
1149.097	9419.000
1149.241	9375.000
1149.384	9456.000
1149.527	9445.000
1149.671	9432.000
1149.814	9363.000
1149.958	9555.000
1150.101	9424.000
1150.244	9436.000
1150.388	9446.000
1150.531	9498.000
1150.674	9389.000
1150.818	9488.000
1150.961	9505.000
1151.104	9527.000
1151.248	9408.000
1151.391	9454.000
1151.534	9448.000
1151.678	9486.000
1151.821	9447.000
1151.964	9497.000
1152.108	9453.000
1152.251	9512.000
1152.394	9418.000
1152.537	9506.000
1152.681	9297.000
1152.824	9603.000
1152.967	9439.000
1153.110	9472.000
1153.253	9424.000
1153.397	9566.000
1153.540	9426.000
1153.683	9470.000
1153.826	9515.000
1153.969	9410.000
1154.113	9433.000
1154.256	9570.000
1154.399	9439.000
1154.542	9521.000
1154.685	9397.000
1154.828	9616.000
1154.971	9537.000
1155.114	9540.000
1155.258	9427.000
1155.401	9550.000
1155.544	9505.000
1155.687	9566.000
1155.830	9400.000
1155.973	9565.000
1156.116	9461.000
1156.259	9439.000
1156.402	9488.000
1156.545	9522.000
1156.688	9488.000
1156.831	9672.000
1156.974	9426.000
1157.117	9433.000
1157.260	9456.000
1157.403	9615.000
1157.546	9532.000
1157.689	9484.000
1157.832	9388.000
1157.975	9601.000
1158.118	9457.000
1158.261	9560.000
1158.404	9467.000
1158.547	9579.000
1158.689	9491.000
1158.832	9574.000
1158.975	9561.000
1159.118	9609.000
1159.261	9493.000
1159.404	9625.000
1159.547	9442.000
1159.690	9548.000
1159.832	9531.000
1159.975	9590.000
1160.118	9406.000
1160.261	9639.000
1160.404	9404.000
1160.546	9514.000
1160.689	9453.000
1160.832	9597.000
1160.975	9499.000
1161.118	9558.000
1161.260	9502.000
1161.403	9491.000
1161.546	9414.000
1161.689	9509.000
1161.831	9556.000
1161.974	9475.000
1162.117	9427.000
1162.259	9451.000
1162.402	9466.000
1162.545	9489.000
1162.687	9402.000
1162.830	9428.000
1162.973	9388.000
1163.115	9471.000
1163.258	9346.000
1163.401	9425.000
1163.543	9304.000
1163.686	9466.000
1163.829	9271.000
1163.971	9408.000
1164.114	9301.000
1164.256	9440.000
1164.399	9289.000
1164.541	9459.000
1164.684	9236.000
1164.827	9504.000
1164.969	9269.000
1165.112	9391.000
1165.254	9262.000
1165.397	9417.000
1165.539	9292.000
1165.682	9306.000
1165.824	9262.000
1165.967	9378.000
1166.109	9252.000
1166.252	9324.000
1166.394	9248.000
1166.537	9353.000
1166.679	9337.000
1166.822	9367.000
1166.964	9328.000
1167.106	9365.000
1167.249	9210.000
1167.391	9399.000
1167.534	8889.000
1167.676	9391.000
1167.818	9310.000
1167.961	9352.000
1168.103	9344.000
1168.246	9330.000
1168.388	9206.000
1168.530	9336.000
1168.673	9319.000
1168.815	9456.000
1168.957	9248.000
1169.100	9378.000
1169.242	9279.000
1169.384	9465.000
1169.526	9321.000
1169.669	9410.000
1169.811	9298.000
1169.953	9477.000
1170.095	9385.000
1170.238	9428.000
1170.380	9328.000
1170.522	9501.000
1170.664	9353.000
1170.807	9514.000
1170.949	9468.000
1171.091	9446.000
1171.233	9304.000
1171.375	9463.000
1171.518	9437.000
1171.660	9669.000
1171.802	9430.000
1171.944	9596.000
1172.086	9473.000
1172.228	9554.000
1172.371	9458.000
1172.513	9575.000
1172.655	9487.000
1172.797	9619.000
1172.939	9529.000
1173.081	9621.000
1173.223	9541.000
1173.365	9669.000
1173.507	9580.000
1173.649	9664.000
1173.791	9534.000
1173.933	9632.000
1174.075	9520.000
1174.217	9724.000
1174.359	9534.000
1174.501	9638.000
1174.643	9547.000
1174.785	9643.000
1174.927	9581.000
1175.069	9686.000
1175.211	9674.000
1175.353	9756.000
1175.495	9618.000
1175.637	9816.000
1175.779	9726.000
1175.921	9747.000
1176.063	9678.000
1176.205	9806.000
1176.347	9753.000
1176.489	9789.000
1176.631	9687.000
1176.772	9866.000
1176.914	9770.000
1177.056	9820.000
1177.198	9722.000
1177.340	9870.000
1177.482	9763.000
1177.624	9876.000
1177.765	9765.000
1177.907	9916.000
1178.049	9783.000
1178.191	9873.000
1178.333	9872.000
1178.474	9894.000
1178.616	9819.000
1178.758	9884.000
1178.900	9808.000
1179.041	10019.000
1179.183	9956.000
1179.325	9922.000
1179.467	9874.000
1179.608	9885.000
1179.750	9922.000
1179.892	10011.000
1180.033	9984.000
1180.175	10059.000
1180.317	9907.000
1180.458	10033.000
1180.600	9959.000
1180.742	10064.000
1180.883	9970.000
1181.025	10069.000
1181.167	10015.000
1181.308	10136.000
1181.450	10006.000
1181.591	9987.000
1181.733	9917.000
1181.875	10094.000
1182.016	9886.000
1182.158	10057.000
1182.299	9953.000
1182.441	10040.000
1182.582	9976.000
1182.724	10073.000
1182.866	9984.000
1183.007	10168.000
1183.149	9925.000
1183.290	10148.000
1183.432	9993.000
1183.573	10110.000
1183.715	10035.000
1183.856	10118.000
1183.998	10039.000
1184.139	10144.000
1184.280	9990.000
1184.422	10093.000
1184.563	10035.000
1184.705	10134.000
1184.846	9989.000
1184.988	10147.000
1185.129	10176.000
1185.270	10151.000
1185.412	10042.000
1185.553	10181.000
1185.694	9954.000
1185.836	10147.000
1185.977	9984.000
1186.119	10156.000
1186.260	9941.000
1186.401	10246.000
1186.543	10058.000
1186.684	10204.000
1186.825	9989.000
1186.966	10157.000
1187.108	10069.000
1187.249	10159.000
1187.390	10024.000
1187.532	10110.000
1187.673	9996.000
1187.814	10155.000
1187.955	10077.000
1188.097	10092.000
1188.238	9912.000
1188.379	10087.000
1188.520	10003.000
1188.661	10122.000
1188.803	10003.000
1188.944	10109.000
1189.085	9915.000
1189.226	10120.000
1189.367	9917.000
1189.508	10134.000
1189.650	9983.000
1189.791	10158.000
1189.932	9970.000
1190.073	10045.000
1190.214	9953.000
1190.355	9995.000
1190.496	9945.000
1190.637	10103.000
1190.778	9925.000
1190.919	10070.000
1191.061	9832.000
1191.202	10011.000
1191.343	9947.000
1191.484	10014.000
1191.625	9900.000
1191.766	10011.000
1191.907	9999.000
1192.048	9934.000
1192.189	9918.000
1192.330	10040.000
1192.471	9866.000
1192.612	10011.000
1192.753	9822.000
1192.894	10031.000
1193.035	9840.000
1193.175	9925.000
1193.316	9771.000
1193.457	9904.000
1193.598	9822.000
1193.739	9838.000
1193.880	9671.000
1194.021	9886.000
1194.162	9847.000
1194.303	9924.000
1194.444	9799.000
1194.584	9940.000
1194.725	9751.000
1194.866	9871.000
1195.007	9655.000
1195.148	9811.000
1195.289	9612.000
1195.429	9777.000
1195.570	9734.000
1195.711	9847.000
1195.852	9661.000
1195.993	9817.000
1196.133	9601.000
1196.274	9738.000
1196.415	9530.000
1196.556	9708.000
1196.696	9592.000
1196.837	9584.000
1196.978	9465.000
1197.119	9627.000
1197.259	9599.000
1197.400	9567.000
1197.541	9477.000
1197.681	9603.000
1197.822	9480.000
1197.963	9547.000
1198.103	9407.000
1198.244	9605.000
1198.385	9404.000
1198.525	9493.000
1198.666	9340.000
1198.807	9561.000
1198.947	9365.000
1199.088	9434.000
1199.228	9349.000
1199.369	9380.000
1199.509	9265.000
1199.650	9318.000
1199.791	9217.000
1199.931	9449.000
1200.072	9293.000
1200.212	9339.000
1200.353	9212.000
1200.493	9346.000
1200.634	9196.000
1200.774	9247.000
1200.915	9139.000
1201.055	9253.000
1201.196	9074.000
1201.336	9239.000
1201.477	9122.000
1201.617	9249.000
1201.758	9104.000
1201.898	9142.000
1202.039	9035.000
1202.179	9184.000
1202.319	9055.000
1202.460	9111.000
1202.600	9044.000
1202.741	9161.000
1202.881	8922.000
1203.021	9082.000
1203.162	9063.000
1203.302	9178.000
1203.442	8959.000
1203.583	9045.000
1203.723	8965.000
1203.863	9005.000
1204.004	8906.000
1204.144	9061.000
1204.284	8919.000
1204.425	9015.000
1204.565	8877.000
1204.705	8964.000
1204.845	8849.000
1204.986	9074.000
1205.126	8901.000
1205.266	9066.000
1205.406	8814.000
1205.547	9052.000
1205.687	8857.000
1205.827	9016.000
1205.967	8828.000
1206.108	9083.000
1206.248	8809.000
1206.388	8986.000
1206.528	8841.000
1206.668	9028.000
1206.808	8848.000
1206.949	9019.000
1207.089	8850.000
1207.229	8981.000
1207.369	8916.000
1207.509	8920.000
1207.649	8909.000
1207.789	9064.000
1207.929	8917.000
1208.070	8954.000
1208.210	8843.000
1208.350	8994.000
1208.490	8895.000
1208.630	8935.000
1208.770	8892.000
1208.910	8960.000
1209.050	8856.000
1209.190	9035.000
1209.330	8844.000
1209.470	8982.000
1209.610	8929.000
1209.750	8997.000
1209.890	8840.000
1210.030	9056.000
1210.170	8926.000
1210.310	9011.000
1210.450	8955.000
1210.590	9024.000
1210.730	8907.000
1210.870	8966.000
1211.009	8885.000
1211.149	9027.000
1211.289	8905.000
1211.429	8970.000
1211.569	8983.000
1211.709	9052.000
1211.849	8897.000
1211.989	8956.000
1212.128	8859.000
1212.268	9086.000
1212.408	8880.000
1212.548	9011.000
1212.688	8914.000
1212.828	9132.000
1212.967	9472.000
1213.107	8987.000
1213.247	8928.000
1213.387	9020.000
1213.527	8866.000
1213.666	9087.000
1213.806	8865.000
1213.946	9090.000
1214.086	8888.000
1214.225	8947.000
1214.365	8975.000
1214.505	8987.000
1214.644	8909.000
1214.784	9026.000
1214.924	8889.000
1215.064	9073.000
1215.203	8872.000
1215.343	8962.000
1215.483	8869.000
1215.622	8968.000
1215.762	8882.000
1215.901	8981.000
1216.041	8894.000
1216.181	8959.000
1216.320	8952.000
1216.460	9001.000
1216.599	8842.000
1216.739	9103.000
1216.879	8887.000
1217.018	8953.000
1217.158	8890.000
1217.297	8928.000
1217.437	8888.000
1217.576	8953.000
1217.716	8896.000
1217.855	8895.000
1217.995	8896.000
1218.134	8931.000
1218.274	8898.000
1218.413	8976.000
1218.553	8901.000
1218.692	8990.000
1218.832	8907.000
1218.971	9061.000
1219.111	8917.000
1219.250	8962.000
1219.390	8939.000
1219.529	8966.000
1219.669	8963.000
1219.808	8985.000
1219.947	8889.000
1220.087	8947.000
1220.226	8953.000
1220.365	9023.000
1220.505	9013.000
1220.644	9010.000
1220.784	8924.000
1220.923	8935.000
1221.062	8913.000
1221.202	9010.000
1221.341	8901.000
1221.480	9059.000
1221.619	8964.000
1221.759	9068.000
1221.898	8934.000
1222.037	9001.000
1222.177	8956.000
1222.316	8997.000
1222.455	8901.000
1222.594	9083.000
1222.734	8957.000
1222.873	9124.000
1223.012	9005.000
1223.151	9133.000
1223.290	8957.000
1223.430	9105.000
1223.569	8973.000
1223.708	9057.000
1223.847	8947.000
1223.986	9182.000
1224.126	8955.000
1224.265	9131.000
1224.404	8987.000
1224.543	9168.000
1224.682	8978.000
1224.821	9112.000
1224.960	9021.000
1225.099	9156.000
1225.239	9094.000
1225.378	9149.000
1225.517	9126.000
1225.656	9207.000
1225.795	9105.000
1225.934	9149.000
1226.073	9099.000
1226.212	9249.000
1226.351	9082.000
1226.490	9156.000
1226.629	9081.000
1226.768	9249.000
1226.907	9047.000
1227.046	9200.000
1227.185	9064.000
1227.324	9307.000
1227.463	9196.000
1227.602	9232.000
1227.741	9056.000
1227.880	9200.000
1228.019	9108.000
1228.158	9228.000
1228.297	9117.000
1228.435	9225.000
1228.574	9139.000
1228.713	9205.000
1228.852	9135.000
1228.991	9244.000
1229.130	9155.000
1229.269	9251.000
1229.408	9117.000
1229.546	9280.000
1229.685	9119.000
1229.824	9202.000
1229.963	9087.000
1230.102	9229.000
1230.241	9047.000
1230.379	9274.000
1230.518	9162.000
1230.657	9157.000
1230.796	9142.000
1230.934	9277.000
1231.073	9095.000
1231.212	9244.000
1231.351	9204.000
1231.489	9197.000
1231.628	9085.000
1231.767	9190.000
1231.906	9098.000
1232.044	9193.000
1232.183	9121.000
1232.322	9221.000
1232.460	9137.000
1232.599	9171.000
1232.738	9099.000
1232.876	9306.000
1233.015	9208.000
1233.154	9225.000
1233.292	9231.000
1233.431	9261.000
1233.569	9167.000
1233.708	9234.000
1233.847	7991.000
1233.985	9199.000
1234.124	9102.000
1234.262	9173.000
1234.401	9045.000
1234.539	9247.000
1234.678	9055.000
1234.816	9227.000
1234.955	9148.000
1235.094	9225.000
1235.232	9084.000
1235.371	9175.000
1235.509	9052.000
1235.648	9274.000
1235.786	9132.000
1235.924	9245.000
1236.063	9038.000
1236.201	9245.000
1236.340	9029.000
1236.478	9105.000
1236.617	9091.000
1236.755	9121.000
1236.894	9060.000
1237.032	9159.000
1237.170	9048.000
1237.309	9233.000
1237.447	9018.000
1237.586	9260.000
1237.724	9102.000
1237.862	9140.000
1238.001	9108.000
1238.139	9109.000
1238.277	9024.000
1238.416	9085.000
1238.554	8971.000
1238.692	9048.000
1238.831	9010.000
1238.969	9151.000
1239.107	9001.000
1239.245	9191.000
1239.384	8959.000
1239.522	9110.000
1239.660	8963.000
1239.798	9075.000
1239.937	8912.000
1240.075	9067.000
1240.213	8921.000
1240.351	9039.000
1240.490	8911.000
1240.628	9087.000
1240.766	9022.000
1240.904	9071.000
1241.042	8981.000
1241.180	9198.000
1241.319	8922.000
1241.457	9054.000
1241.595	8986.000
1241.733	9153.000
1241.871	8944.000
1242.009	9189.000
1242.147	13694.000
1242.285	9187.000
1242.424	9018.000
1242.562	9158.000
1242.700	9053.000
1242.838	9146.000
1242.976	8949.000
1243.114	9077.000
1243.252	9112.000
1243.390	9228.000
1243.528	9126.000
1243.666	9151.000
1243.804	9063.000
1243.942	9188.000
1244.080	9162.000
1244.218	9234.000
1244.356	9088.000
1244.494	9160.000
1244.632	9054.000
1244.770	9229.000
1244.908	9129.000
1245.046	9237.000
1245.184	9113.000
1245.322	9237.000
1245.460	9118.000
1245.597	9170.000
1245.735	9086.000
1245.873	9168.000
1246.011	9074.000
1246.149	9235.000
1246.287	9090.000
1246.425	9193.000
1246.563	9064.000
1246.700	9287.000
1246.838	9105.000
1246.976	9240.000
1247.114	9081.000
1247.252	9226.000
1247.390	9000.000
1247.527	9190.000
1247.665	9022.000
1247.803	9241.000
1247.941	9036.000
1248.078	9245.000
1248.216	9110.000
1248.354	9219.000
1248.492	9057.000
1248.629	9268.000
1248.767	9021.000
1248.905	9246.000
1249.042	9169.000
1249.180	9102.000
1249.318	9081.000
1249.456	9254.000
1249.593	9132.000
1249.731	9206.000
1249.869	9088.000
1250.006	9203.000
1250.144	9146.000
1250.281	9192.000
1250.419	9184.000
1250.557	9240.000
1250.694	9156.000
1250.832	9308.000
1250.970	9119.000
1251.107	9290.000
1251.245	9083.000
1251.382	9247.000
1251.520	9209.000
1251.657	9335.000
1251.795	9134.000
1251.932	9252.000
1252.070	9218.000
1252.207	9362.000
1252.345	9168.000
1252.483	9329.000
1252.620	9194.000
1252.757	9362.000
1252.895	9154.000
1253.032	9241.000
1253.170	9171.000
1253.307	9332.000
1253.445	9221.000
1253.582	9191.000
1253.720	9217.000
1253.857	9387.000
1253.995	9254.000
1254.132	9309.000
1254.269	9224.000
1254.407	9254.000
1254.544	9320.000
1254.681	9368.000
