929.762	8960.000
929.906	8928.000
930.049	8935.000
930.193	8983.000
930.337	8889.000
930.481	9038.000
930.625	8892.000
930.769	8994.000
930.913	8918.000
931.057	8956.000
931.201	8863.000
931.345	8972.000
931.488	8906.000
931.632	8894.000
931.776	8885.000
931.920	9031.000
932.064	8813.000
932.208	8959.000
932.352	8831.000
932.495	8982.000
932.639	8853.000
932.783	8885.000
932.927	9006.000
933.071	8959.000
933.215	8907.000
933.359	8914.000
933.502	8920.000
933.646	8882.000
933.790	8859.000
933.934	8899.000
934.078	8918.000
934.221	8976.000
934.365	8933.000
934.509	8902.000
934.653	8807.000
934.797	8872.000
934.940	8942.000
935.084	8848.000
935.228	8915.000
935.372	8936.000
935.515	8858.000
935.659	8928.000
935.803	8841.000
935.947	8938.000
936.090	8786.000
936.234	8895.000
936.378	8872.000
936.522	8843.000
936.665	8872.000
936.809	8866.000
936.953	8840.000
937.097	8810.000
937.240	8856.000
937.384	8915.000
937.528	8822.000
937.671	8863.000
937.815	8798.000
937.959	8869.000
938.102	8762.000
938.246	8790.000
938.390	8839.000
938.534	8794.000
938.677	8744.000
938.821	8779.000
938.965	8723.000
939.108	8846.000
939.252	8816.000
939.396	8714.000
939.539	8728.000
939.683	8770.000
939.826	8732.000
939.970	8707.000
940.114	8725.000
940.257	8795.000
940.401	8666.000
940.545	8723.000
940.688	8653.000
940.832	8687.000
940.975	8685.000
941.119	8839.000
941.263	8642.000
941.406	8711.000
941.550	8702.000
941.693	8693.000
941.837	8610.000
941.981	8679.000
942.124	8619.000
942.268	8626.000
942.411	8650.000
942.555	8669.000
942.698	8614.000
942.842	8667.000
942.986	8635.000
943.129	8646.000
943.273	8670.000
943.416	8602.000
943.560	8590.000
943.703	8674.000
943.847	8609.000
943.990	8672.000
944.134	8610.000
944.277	8598.000
944.421	8547.000
944.564	8560.000
944.708	8546.000
944.851	8665.000
944.995	8536.000
945.138	8592.000
945.282	8548.000
945.425	8590.000
945.569	8579.000
945.712	8638.000
945.856	8469.000
945.999	8685.000
946.143	8519.000
946.286	8526.000
946.430	8599.000
946.573	8595.000
946.716	8577.000
946.860	8581.000
947.003	8562.000
947.147	8591.000
947.290	8545.000
947.434	8644.000
947.577	8526.000
947.720	8611.000
947.864	8459.000
948.007	8524.000
948.151	8624.000
948.294	8641.000
948.437	8519.000
948.581	8619.000
948.724	8577.000
948.868	8594.000
949.011	8525.000
949.154	8589.000
949.298	8588.000
949.441	8650.000
949.584	8523.000
949.728	8621.000
949.871	8558.000
950.015	8648.000
950.158	8550.000
950.301	8503.000
950.445	8585.000
950.588	8635.000
950.731	8586.000
950.875	8589.000
951.018	8517.000
951.161	8629.000
951.304	8547.000
951.448	8552.000
951.591	8476.000
951.734	8547.000
951.878	8450.000
952.021	8653.000
952.164	8568.000
952.308	8617.000
952.451	8575.000
952.594	8578.000
952.737	8526.000
952.881	8531.000
953.024	8502.000
953.167	8620.000
953.310	8452.000
953.454	8560.000
953.597	8527.000
953.740	8539.000
953.883	8523.000
954.027	8582.000
954.170	8455.000
954.313	8613.000
954.456	8471.000
954.600	8499.000
954.743	8522.000
954.886	8575.000
955.029	8460.000
955.172	8535.000
955.316	8354.000
955.459	8475.000
955.602	8467.000
955.745	8585.000
955.888	8473.000
956.032	8546.000
956.175	8370.000
956.318	8440.000
956.461	8442.000
956.604	8465.000
956.747	8474.000
956.890	8552.000
957.034	8382.000
957.177	8436.000
957.320	8349.000
957.463	8491.000
957.606	8422.000
957.749	8566.000
957.892	8379.000
958.036	8460.000
958.179	8323.000
958.322	8518.000
958.465	8478.000
958.608	8423.000
958.751	8447.000
958.894	8422.000
959.037	8357.000
959.180	8440.000
959.323	8375.000
959.467	8523.000
959.610	8335.000
959.753	8474.000
959.896	8386.000
960.039	8463.000
960.182	8295.000
960.325	8508.000
960.468	8416.000
960.611	8432.000
960.754	8330.000
960.897	8404.000
961.040	8269.000
961.183	8424.000
961.326	8384.000
961.469	8508.000
961.612	8349.000
961.755	8491.000
961.898	8229.000
962.041	8467.000
962.184	8313.000
962.327	8455.000
962.470	8321.000
962.613	8530.000
962.756	8393.000
962.899	8480.000
963.042	8350.000
963.185	8501.000
963.328	8343.000
963.471	8431.000
963.614	8370.000
963.757	8502.000
963.900	8320.000
964.043	8354.000
964.186	8333.000
964.329	8425.000
964.472	8359.000
964.615	8461.000
964.758	8322.000
964.900	8503.000
965.043	8362.000
965.186	8456.000
965.329	8437.000
965.472	8531.000
965.615	8432.000
965.758	8394.000
965.901	8321.000
966.044	8459.000
966.187	8315.000
966.329	8484.000
966.472	8465.000
966.615	8526.000
966.758	8323.000
966.901	8552.000
967.044	8459.000
967.187	8441.000
967.330	8356.000
967.472	8499.000
967.615	8390.000
967.758	8518.000
967.901	8338.000
968.044	8507.000
968.187	8362.000
968.329	8478.000
968.472	8399.000
968.615	8479.000
968.758	8406.000
968.901	8497.000
969.043	8418.000
969.186	8495.000
969.329	8379.000
969.472	8618.000
969.615	8421.000
969.757	8444.000
969.900	8457.000
970.043	8531.000
970.186	8338.000
970.328	8509.000
970.471	8488.000
970.614	8543.000
970.757	8419.000
970.899	8457.000
971.042	8402.000
971.185	8487.000
971.328	8376.000
971.470	8491.000
971.613	8427.000
971.756	8491.000
971.899	8416.000
972.041	8481.000
972.184	8251.000
972.327	8589.000
972.469	8369.000
972.612	8451.000
972.755	8374.000
972.898	8516.000
973.040	8380.000
973.183	8474.000
973.326	8445.000
973.468	8364.000
973.611	8352.000
973.754	8484.000
973.896	8348.000
974.039	8456.000
974.182	8355.000
974.324	8545.000
974.467	8427.000
974.610	8471.000
974.752	8330.000
974.895	8475.000
975.037	8349.000
975.180	8523.000
975.323	8307.000
975.465	8504.000
975.608	8331.000
975.751	8352.000
975.893	8392.000
976.036	8439.000
976.178	8322.000
976.321	8532.000
976.464	8315.000
976.606	8312.000
976.749	8330.000
976.891	8538.000
977.034	8354.000
977.176	8377.000
977.319	8240.000
977.462	8462.000
977.604	8286.000
977.747	8434.000
977.889	8298.000
978.032	8464.000
978.174	8331.000
978.317	8437.000
978.459	8385.000
978.602	8506.000
978.744	8323.000
978.887	8498.000
979.029	8290.000
979.172	8365.000
979.314	8358.000
979.457	8414.000
979.599	8253.000
979.742	8489.000
979.884	8217.000
980.027	8339.000
980.169	8300.000
980.312	8453.000
980.454	8295.000
980.597	8428.000
980.739	8343.000
980.882	8337.000
981.024	8236.000
981.167	8368.000
981.309	8371.000
981.452	8352.000
981.594	8308.000
981.736	8361.000
981.879	8312.000
982.021	8380.000
982.164	8262.000
982.306	8343.000
982.449	8304.000
982.591	8362.000
982.733	8277.000
982.876	8401.000
983.018	8221.000
983.161	8409.000
983.303	8233.000
983.445	8411.000
983.588	8270.000
983.730	8446.000
983.873	8292.000
984.015	8521.000
984.157	8221.000
984.300	8501.000
984.442	8251.000
984.584	8422.000
984.727	8264.000
984.869	8411.000
985.011	8314.000
985.154	8354.000
985.296	8273.000
985.438	8420.000
985.581	8251.000
985.723	8362.000
985.865	8286.000
986.008	8404.000
986.150	8332.000
986.292	8414.000
986.435	8318.000
986.577	8411.000
986.719	8243.000
986.861	8407.000
987.004	7959.000
987.146	8455.000
987.288	8327.000
987.431	8396.000
987.573	8369.000
987.715	8354.000
987.857	8219.000
988.000	8327.000
988.142	8318.000
988.284	8470.000
988.426	8235.000
988.569	8364.000
988.711	8219.000
988.853	8454.000
988.995	8299.000
989.138	8351.000
989.280	8214.000
989.422	8438.000
989.564	8331.000
989.706	8388.000
989.849	8259.000
989.991	8439.000
990.133	8253.000
990.275	8432.000
990.417	8342.000
990.560	8364.000
990.702	8193.000
990.844	8379.000
990.986	8293.000
991.128	8533.000
991.270	8255.000
991.413	8431.000
991.555	8283.000
991.697	8404.000
991.839	8300.000
991.981	8437.000
992.123	8290.000
992.265	8455.000
992.408	8305.000
992.550	8413.000
992.692	8319.000
992.834	8466.000
992.976	8338.000
993.118	8464.000
993.260	8295.000
993.402	8368.000
993.544	8281.000
993.687	8469.000
993.829	8258.000
993.971	8370.000
994.113	8264.000
994.255	8355.000
994.397	8263.000
994.539	8403.000
994.681	8326.000
994.823	8424.000
994.965	8263.000
995.107	8460.000
995.249	8341.000
995.391	8362.000
995.533	8254.000
995.675	8421.000
995.817	8343.000
995.959	8410.000
996.101	8201.000
996.243	8442.000
996.385	8266.000
996.527	8356.000
996.669	8284.000
996.811	8395.000
996.953	8298.000
997.095	8390.000
997.237	8224.000
997.379	8406.000
997.521	8245.000
997.663	8360.000
997.805	8389.000
997.947	8374.000
998.089	8266.000
998.231	8346.000
998.373	8220.000
998.515	8440.000
998.657	8360.000
998.799	8379.000
998.941	8302.000
999.083	8297.000
999.225	8350.000
999.367	8405.000
999.509	8379.000
999.651	8490.000
999.793	8270.000
999.934	8440.000
1000.076	8300.000
1000.218	8428.000
1000.360	8284.000
1000.502	8420.000
1000.644	8336.000
1000.786	8450.000
1000.928	8341.000
1001.070	8273.000
1001.212	8215.000
1001.353	8458.000
1001.495	8205.000
1001.637	8345.000
1001.779	8262.000
1001.921	8338.000
1002.063	8250.000
1002.205	8387.000
1002.346	8249.000
1002.488	8450.000
1002.630	8176.000
1002.772	8426.000
1002.914	8250.000
1003.055	8380.000
1003.197	8277.000
1003.339	8397.000
1003.481	8273.000
1003.623	8392.000
1003.765	8177.000
1003.906	8333.000
1004.048	8232.000
1004.190	8391.000
1004.332	8194.000
1004.473	8355.000
1004.615	8373.000
1004.757	8420.000
1004.899	8284.000
1005.041	8423.000
1005.182	8235.000
1005.324	8383.000
1005.466	8244.000
1005.608	8399.000
1005.749	8215.000
1005.891	8515.000
1006.033	8307.000
1006.175	8440.000
1006.316	8242.000
1006.458	8428.000
1006.600	8310.000
1006.741	8383.000
1006.883	8231.000
1007.025	8364.000
1007.167	8228.000
1007.308	8404.000
1007.450	8308.000
1007.592	8383.000
1007.733	8169.000
1007.875	8336.000
1008.017	8277.000
1008.158	8365.000
1008.300	8303.000
1008.442	8395.000
1008.583	8190.000
1008.725	8387.000
1008.867	8182.000
1009.008	8415.000
1009.150	8248.000
1009.292	8485.000
1009.433	8256.000
1009.575	8366.000
1009.716	8194.000
1009.858	8331.000
1010.000	8287.000
1010.141	8421.000
1010.283	8224.000
1010.425	8415.000
1010.566	8136.000
1010.708	8370.000
1010.849	8219.000
1010.991	8367.000
1011.132	8230.000
1011.274	8339.000
1011.416	8328.000
1011.557	8323.000
1011.699	8258.000
1011.840	8425.000
1011.982	8253.000
1012.123	8400.000
1012.265	8171.000
1012.407	8411.000
1012.548	8222.000
1012.690	8332.000
1012.831	8180.000
1012.973	8373.000
1013.114	8230.000
1013.256	8400.000
1013.397	8307.000
1013.539	8588.000
1013.680	8562.000
1013.822	8758.000
1013.963	8608.000
1014.105	8827.000
1014.246	8643.000
1014.388	8972.000
1014.529	8975.000
1014.671	9203.000
1014.812	8707.000
1014.954	8619.000
1015.095	8444.000
1015.237	8449.000
1015.378	8240.000
1015.520	8386.000
1015.661	8157.000
1015.803	8326.000
1015.944	8105.000
1016.085	8304.000
1016.227	8141.000
1016.368	8218.000
1016.510	8075.000
1016.651	8256.000
1016.793	8220.000
1016.934	8267.000
1017.075	8137.000
1017.217	8274.000
1017.358	8160.000
1017.500	8275.000
1017.641	8100.000
1017.782	8297.000
1017.924	8105.000
1018.065	8242.000
1018.207	8076.000
1018.348	8354.000
1018.489	8143.000
1018.631	8202.000
1018.772	8128.000
1018.913	8225.000
1019.055	8052.000
1019.196	8134.000
1019.337	8082.000
1019.479	8263.000
1019.620	8136.000
1019.761	8177.000
1019.903	8101.000
1020.044	8248.000
1020.185	8098.000
1020.327	8152.000
1020.468	8052.000
1020.609	8227.000
1020.751	8032.000
1020.892	8193.000
1021.033	8051.000
1021.175	8218.000
1021.316	8090.000
1021.457	8121.000
1021.598	8017.000
1021.740	8250.000
1021.881	8096.000
1022.022	8190.000
1022.164	8101.000
1022.305	8249.000
1022.446	8012.000
1022.587	8174.000
1022.729	8137.000
1022.870	8285.000
1023.011	8071.000
1023.152	8170.000
1023.294	8126.000
1023.435	8161.000
1023.576	8063.000
1023.717	8221.000
1023.858	8061.000
1024.000	8187.000
1024.141	8058.000
1024.282	8169.000
1024.423	8047.000
1024.564	8279.000
1024.706	8106.000
1024.847	8255.000
1024.988	8048.000
1025.129	8267.000
1025.270	8061.000
1025.412	8226.000
1025.553	8071.000
1025.694	8264.000
1025.835	8082.000
1025.976	8207.000
1026.117	8092.000
1026.258	8220.000
1026.400	8031.000
1026.541	8275.000
1026.682	8091.000
1026.823	8228.000
1026.964	8162.000
1027.105	8167.000
1027.246	8113.000
1027.388	8309.000
1027.529	8126.000
1027.670	8217.000
1027.811	8053.000
1027.952	8247.000
1028.093	8109.000
1028.234	8181.000
1028.375	8121.000
1028.516	8222.000
1028.657	8116.000
1028.798	8313.000
1028.939	8112.000
1029.081	8254.000
1029.222	8195.000
1029.363	8259.000
1029.504	8135.000
1029.645	8314.000
1029.786	8205.000
1029.927	8270.000
1030.068	8195.000
1030.209	8310.000
1030.350	8198.000
1030.491	8249.000
1030.632	8188.000
1030.773	8320.000
1030.914	8144.000
1031.055	8231.000
1031.196	8245.000
1031.337	8305.000
1031.478	8184.000
1031.619	8222.000
1031.760	8113.000
1031.901	8355.000
1032.042	8141.000
1032.183	8261.000
1032.324	8192.000
1032.465	8344.000
1032.606	8717.000
1032.747	8298.000
1032.888	8189.000
1033.029	8302.000
1033.170	8098.000
1033.311	8374.000
1033.452	8112.000
1033.592	8316.000
1033.733	8138.000
1033.874	8189.000
1034.015	8240.000
1034.156	8276.000
1034.297	8136.000
1034.438	8263.000
1034.579	8187.000
1034.720	8343.000
1034.861	8134.000
1035.002	8238.000
1035.142	8129.000
1035.283	8217.000
1035.424	8115.000
1035.565	8245.000
1035.706	8165.000
1035.847	8226.000
1035.988	8216.000
1036.129	8199.000
1036.269	8104.000
1036.410	8363.000
1036.551	8143.000
1036.692	8235.000
1036.833	8121.000
1036.974	8171.000
1037.114	8105.000
1037.255	8222.000
1037.396	8135.000
1037.537	8137.000
1037.678	8119.000
1037.819	8162.000
1037.959	8103.000
1038.100	8248.000
1038.241	8090.000
1038.382	8240.000
1038.523	8123.000
1038.663	8279.000
1038.804	8130.000
1038.945	8181.000
1039.086	8150.000
1039.226	8196.000
1039.367	8159.000
1039.508	8199.000
1039.649	8146.000
1039.789	8183.000
1039.930	8183.000
1040.071	8241.000
1040.212	8230.000
1040.352	8194.000
1040.493	8132.000
1040.634	8167.000
1040.775	8147.000
1040.915	8212.000
1041.056	8100.000
1041.197	8283.000
1041.337	8134.000
1041.478	8289.000
1041.619	8124.000
1041.760	8225.000
1041.900	8135.000
1042.041	8207.000
1042.182	8090.000
1042.322	8279.000
1042.463	8136.000
1042.604	8286.000
1042.744	8213.000
1042.885	8342.000
1043.026	8151.000
1043.166	8306.000
1043.307	8136.000
1043.448	8259.000
1043.588	8141.000
1043.729	8334.000
1043.869	8134.000
1044.010	8316.000
1044.151	8205.000
1044.291	8348.000
1044.432	8149.000
1044.573	8304.000
1044.713	8226.000
1044.854	8352.000
1044.994	8258.000
1045.135	8332.000
1045.276	8284.000
1045.416	8370.000
1045.557	8261.000
1045.697	8313.000
1045.838	8292.000
1045.978	8430.000
1046.119	8237.000
1046.260	8354.000
1046.400	8248.000
1046.541	8400.000
1046.681	8188.000
1046.822	8407.000
1046.962	8231.000
1047.103	8482.000
1047.243	8333.000
1047.384	8386.000
1047.524	8205.000
1047.665	8368.000
1047.805	8253.000
1047.946	8356.000
1048.087	8260.000
1048.227	8396.000
1048.368	8296.000
1048.508	8367.000
1048.649	8262.000
1048.789	8428.000
1048.929	8317.000
1049.070	8383.000
1049.210	8256.000
1049.351	8458.000
1049.491	8240.000
1049.632	8378.000
1049.772	8256.000
1049.913	8402.000
1050.053	8188.000
1050.194	8420.000
1050.334	8313.000
1050.475	8314.000
1050.615	8320.000
1050.755	8470.000
1050.896	8251.000
1051.036	8381.000
1051.177	8307.000
1051.317	8372.000
1051.458	8228.000
1051.598	8328.000
1051.738	8256.000
1051.879	8301.000
1052.019	8255.000
1052.160	8375.000
1052.300	8293.000
1052.440	8379.000
1052.581	8240.000
1052.721	8437.000
1052.861	8326.000
1053.002	8378.000
1053.142	8350.000
1053.282	8400.000
1053.423	8254.000
1053.563	8416.000
1053.704	7140.000
1053.844	8355.000
1053.984	8270.000
1054.125	8319.000
1054.265	8171.000
1054.405	8400.000
1054.546	8244.000
1054.686	8370.000
1054.826	8277.000
1054.966	8373.000
1055.107	8245.000
1055.247	8370.000
1055.387	8220.000
1055.528	8408.000
1055.668	8274.000
1055.808	8374.000
1055.948	8182.000
1056.089	8351.000
1056.229	8201.000
1056.369	8276.000
1056.510	8240.000
1056.650	8273.000
1056.790	8207.000
1056.930	8335.000
1057.071	8146.000
1057.211	8365.000
1057.351	8150.000
1057.491	8388.000
1057.632	8206.000
1057.772	8255.000
1057.912	8234.000
1058.052	8261.000
1058.192	8131.000
1058.333	8198.000
1058.473	8106.000
1058.613	8174.000
1058.753	8148.000
1058.893	8314.000
1059.034	8131.000
1059.174	8266.000
1059.314	8107.000
1059.454	8238.000
1059.594	8102.000
1059.734	8227.000
1059.875	8034.000
1060.015	8243.000
1060.155	8029.000
1060.295	8197.000
1060.435	8019.000
1060.575	8194.000
1060.716	8170.000
1060.856	8242.000
1060.996	8104.000
1061.136	8322.000
1061.276	8067.000
1061.416	8191.000
1061.556	8153.000
1061.696	8269.000
1061.837	8078.000
1061.977	8340.000
1062.117	12523.000
1062.257	8328.000
1062.397	8174.000
1062.537	8249.000
1062.677	8171.000
1062.817	8250.000
1062.957	8080.000
1063.097	8224.000
1063.237	8271.000
1063.377	8388.000
1063.517	8295.000
1063.658	8439.000
1063.798	8356.000
1063.938	8542.000
1064.078	8529.000
1064.218	8692.000
1064.358	8541.000
1064.498	8718.000
1064.638	8584.000
1064.778	8818.000
1064.918	8832.000
1065.058	9016.000
1065.198	8846.000
1065.338	8708.000
1065.478	8455.000
1065.618	8415.000
1065.758	8226.000
1065.898	8293.000
1066.038	8205.000
1066.178	8400.000
1066.318	8197.000
1066.458	8306.000
1066.598	8188.000
1066.738	8411.000
1066.878	8211.000
1067.018	8377.000
1067.158	8184.000
1067.297	8355.000
1067.437	8079.000
1067.577	8375.000
1067.717	8148.000
1067.857	8382.000
1067.997	8124.000
1068.137	8372.000
1068.277	8220.000
1068.417	8322.000
1068.557	8195.000
1068.697	8417.000
1068.837	8115.000
1068.977	8422.000
1069.116	8272.000
1069.256	8287.000
1069.396	8210.000
1069.536	8384.000
1069.676	8227.000
1069.816	8330.000
1069.956	8218.000
1070.096	8332.000
1070.235	8301.000
1070.375	8344.000
1070.515	8293.000
1070.655	8376.000
1070.795	8279.000
1070.935	8401.000
1071.074	8227.000
1071.214	8369.000
1071.354	8184.000
1071.494	8367.000
1071.634	8308.000
1071.774	8448.000
1071.913	8274.000
1072.053	8366.000
1072.193	8314.000
1072.333	8435.000
1072.473	8299.000
1072.612	8494.000
1072.752	8288.000
1072.892	8432.000
1073.032	8273.000
1073.172	8374.000
1073.311	8302.000
1073.451	8478.000
1073.591	8299.000
1073.731	8323.000
1073.870	8330.000
1074.010	8509.000
1074.150	8345.000
1074.290	8394.000
1074.429	8332.000
1074.569	8367.000
1074.709	8403.000
1074.848	8474.000
