1029.870	5909.000
1030.015	5677.000
1030.160	5871.000
1030.305	5806.000
1030.449	5929.000
1030.594	5836.000
1030.739	5903.000
1030.884	5808.000
1031.029	5947.000
1031.173	5840.000
1031.318	5927.000
1031.463	5904.000
1031.608	6002.000
1031.752	5821.000
1031.897	6011.000
1032.042	5986.000
1032.187	5998.000
1032.331	5983.000
1032.476	6028.000
1032.621	5994.000
1032.765	6053.000
1032.910	5949.000
1033.055	6238.000
1033.200	6017.000
1033.344	6193.000
1033.489	5993.000
1033.634	6195.000
1033.778	6024.000
1033.923	6211.000
1034.068	6042.000
1034.212	6237.000
1034.357	6127.000
1034.502	6307.000
1034.646	6123.000
1034.791	6255.000
1034.935	6107.000
1035.080	6352.000
1035.225	6139.000
1035.369	6335.000
1035.514	6231.000
1035.658	6345.000
1035.803	6262.000
1035.947	6360.000
1036.092	6301.000
1036.237	6389.000
1036.381	6248.000
1036.526	6437.000
1036.670	6250.000
1036.815	6494.000
1036.959	6301.000
1037.104	6499.000
1037.248	6306.000
1037.393	6516.000
1037.537	6401.000
1037.682	6480.000
1037.826	6371.000
1037.971	6531.000
1038.115	6394.000
1038.260	6539.000
1038.404	6375.000
1038.549	6624.000
1038.693	6413.000
1038.838	6583.000
1038.982	6424.000
1039.126	6586.000
1039.271	6520.000
1039.415	6682.000
1039.560	6471.000
1039.704	6656.000
1039.848	6510.000
1039.993	6704.000
1040.137	6544.000
1040.282	6743.000
1040.426	6535.000
1040.570	6692.000
1040.715	6586.000
1040.859	6741.000
1041.003	6554.000
1041.148	6794.000
1041.292	6722.000
1041.436	6781.000
1041.581	6656.000
1041.725	6836.000
1041.869	6650.000
1042.014	6812.000
1042.158	6672.000
1042.302	6840.000
1042.447	6696.000
1042.591	6913.000
1042.735	6699.000
1042.879	6904.000
1043.024	6770.000
1043.168	6962.000
1043.312	6780.000
1043.456	6966.000
1043.601	6783.000
1043.745	6958.000
1043.889	6801.000
1044.033	7027.000
1044.178	6858.000
1044.322	7001.000
1044.466	6783.000
1044.610	7001.000
1044.754	6814.000
1044.899	7069.000
1045.043	6932.000
1045.187	7104.000
1045.331	6909.000
1045.475	7080.000
1045.619	6923.000
1045.763	7159.000
1045.908	6964.000
1046.052	7047.000
1046.196	7043.000
1046.340	7176.000
1046.484	6950.000
1046.628	7204.000
1046.772	7089.000
1046.916	7245.000
1047.060	7043.000
1047.205	7230.000
1047.349	7081.000
1047.493	7282.000
1047.637	7196.000
1047.781	7254.000
1047.925	7168.000
1048.069	7288.000
1048.213	7092.000
1048.357	7426.000
1048.501	7231.000
1048.645	7399.000
1048.789	7253.000
1048.933	7405.000
1049.077	7197.000
1049.221	7390.000
1049.365	7278.000
1049.509	7513.000
1049.653	7324.000
1049.797	7431.000
1049.941	7316.000
1050.085	7533.000
1050.229	7380.000
1050.373	7491.000
1050.517	7318.000
1050.660	7529.000
1050.804	7431.000
1050.948	7607.000
1051.092	7388.000
1051.236	7588.000
1051.380	7476.000
1051.524	7667.000
1051.668	7457.000
1051.812	7612.000
1051.956	7475.000
1052.099	7629.000
1052.243	7558.000
1052.387	7687.000
1052.531	7583.000
1052.675	7710.000
1052.819	7582.000
1052.962	7750.000
1053.106	7578.000
1053.250	7737.000
1053.394	7637.000
1053.538	7685.000
1053.681	7637.000
1053.825	7827.000
1053.969	7622.000
1054.113	7802.000
1054.257	7703.000
1054.400	7765.000
1054.544	7723.000
1054.688	7835.000
1054.832	7647.000
1054.975	7888.000
1055.119	7758.000
1055.263	7803.000
1055.407	7772.000
1055.550	7782.000
1055.694	7694.000
1055.838	7897.000
1055.981	7808.000
1056.125	7927.000
1056.269	7806.000
1056.412	7837.000
1056.556	7749.000
1056.700	7945.000
1056.843	7842.000
1056.987	8004.000
1057.131	7888.000
1057.274	7925.000
1057.418	7862.000
1057.562	7923.000
1057.705	7903.000
1057.849	7993.000
1057.992	7982.000
1058.136	8002.000
1058.280	7884.000
1058.423	7953.000
1058.567	8006.000
1058.710	8140.000
1058.854	7911.000
1058.997	8109.000
1059.141	7939.000
1059.285	8028.000
1059.428	8001.000
1059.572	8103.000
1059.715	8068.000
1059.859	8085.000
1060.002	8049.000
1060.146	8116.000
1060.289	8032.000
1060.433	8115.000
1060.576	8116.000
1060.720	8178.000
1060.863	8057.000
1061.007	8145.000
1061.150	8081.000
1061.294	8160.000
1061.437	8122.000
1061.580	8231.000
1061.724	8164.000
1061.867	8239.000
1062.011	8209.000
1062.154	8162.000
1062.298	8222.000
1062.441	8221.000
1062.584	8226.000
1062.728	8295.000
1062.871	8320.000
1063.015	8369.000
1063.158	8339.000
1063.301	8459.000
1063.445	8447.000
1063.588	8526.000
1063.731	8467.000
1063.875	8565.000
1064.018	8514.000
1064.161	8520.000
1064.305	8439.000
1064.448	8528.000
1064.591	8446.000
1064.735	8483.000
1064.878	8413.000
1065.021	8426.000
1065.165	8433.000
1065.308	8492.000
1065.451	8468.000
1065.594	8603.000
1065.738	8492.000
1065.881	8559.000
1066.024	8448.000
1066.167	8518.000
1066.311	8523.000
1066.454	8519.000
1066.597	8549.000
1066.740	8684.000
1066.884	8581.000
1067.027	8588.000
1067.170	8602.000
1067.313	8772.000
1067.456	8561.000
1067.599	8614.000
1067.743	8655.000
1067.886	8704.000
1068.029	8626.000
1068.172	8725.000
1068.315	8723.000
1068.458	8717.000
1068.602	8677.000
1068.745	8757.000
1068.888	8726.000
1069.031	8791.000
1069.174	8728.000
1069.317	8780.000
1069.460	8803.000
1069.603	8802.000
1069.746	8879.000
1069.890	8876.000
1070.033	8763.000
1070.176	8878.000
1070.319	8837.000
1070.462	8827.000
1070.605	8845.000
1070.748	8951.000
1070.891	8903.000
1071.034	8898.000
1071.177	8843.000
1071.320	8927.000
1071.463	8875.000
1071.606	8928.000
1071.749	8936.000
1071.892	8964.000
1072.035	8981.000
1072.178	9010.000
1072.321	8964.000
1072.464	8846.000
1072.607	9049.000
1072.750	8986.000
1072.893	8977.000
1073.036	9003.000
1073.179	9083.000
1073.322	9036.000
1073.465	9044.000
1073.607	9178.000
1073.750	8986.000
1073.893	9019.000
1074.036	9153.000
1074.179	9108.000
1074.322	9084.000
1074.465	9069.000
1074.608	9197.000
1074.751	9213.000
1074.893	9188.000
1075.036	9164.000
1075.179	9227.000
1075.322	9240.000
1075.465	9241.000
1075.608	9194.000
1075.750	9278.000
1075.893	9243.000
1076.036	9181.000
1076.179	9298.000
1076.322	9219.000
1076.464	9265.000
1076.607	9393.000
1076.750	9261.000
1076.893	9220.000
1077.036	9322.000
1077.178	9387.000
1077.321	9402.000
1077.464	9316.000
1077.607	9302.000
1077.749	9440.000
1077.892	9363.000
1078.035	9392.000
1078.177	9393.000
1078.320	9431.000
1078.463	9457.000
1078.606	9487.000
1078.748	9509.000
1078.891	9517.000
1079.034	9493.000
1079.176	9570.000
1079.319	9461.000
1079.462	9489.000
1079.604	9581.000
1079.747	9546.000
1079.890	9450.000
1080.032	9595.000
1080.175	9453.000
1080.317	9544.000
1080.460	9572.000
1080.603	9635.000
1080.745	9612.000
1080.888	9614.000
1081.030	9633.000
1081.173	9556.000
1081.316	9604.000
1081.458	9665.000
1081.601	9748.000
1081.743	9633.000
1081.886	9678.000
1082.028	9684.000
1082.171	9708.000
1082.313	9739.000
1082.456	9675.000
1082.598	9724.000
1082.741	9765.000
1082.883	9784.000
1083.026	9725.000
1083.168	9810.000
1083.311	9702.000
1083.453	9846.000
1083.596	9695.000
1083.738	9858.000
1083.881	9751.000
1084.023	9878.000
1084.166	9788.000
1084.308	9970.000
1084.451	9730.000
1084.593	9968.000
1084.736	9815.000
1084.878	9905.000
1085.020	9861.000
1085.163	9931.000
1085.305	9878.000
1085.448	9890.000
1085.590	9904.000
1085.732	9986.000
1085.875	9867.000
1086.017	9967.000
1086.159	9905.000
1086.302	9992.000
1086.444	10046.000
1086.586	10023.000
1086.729	10009.000
1086.871	9993.000
1087.013	9920.000
1087.156	10091.000
1087.298	9881.000
1087.440	10091.000
1087.583	10025.000
1087.725	10067.000
1087.867	10103.000
1088.010	10013.000
1088.152	9945.000
1088.294	10069.000
1088.436	10055.000
1088.579	10183.000
1088.721	10015.000
1088.863	10108.000
1089.005	10049.000
1089.148	10144.000
1089.290	10104.000
1089.432	10141.000
1089.574	10064.000
1089.716	10204.000
1089.859	10162.000
1090.001	10188.000
1090.143	10114.000
1090.285	10216.000
1090.427	10118.000
1090.569	10230.000
1090.712	10223.000
1090.854	10165.000
1090.996	10091.000
1091.138	10258.000
1091.280	10194.000
1091.422	10356.000
1091.564	10162.000
1091.707	10335.000
1091.849	10214.000
1091.991	10303.000
1092.133	10235.000
1092.275	10339.000
1092.417	10260.000
1092.559	10384.000
1092.701	10272.000
1092.843	10365.000
1092.985	10285.000
1093.127	10427.000
1093.269	10317.000
1093.411	10435.000
1093.554	10307.000
1093.696	10360.000
1093.838	10317.000
1093.980	10483.000
1094.122	10277.000
1094.264	10408.000
1094.406	10348.000
1094.548	10454.000
1094.690	10378.000
1094.832	10452.000
1094.973	10383.000
1095.115	10507.000
1095.257	10381.000
1095.399	10515.000
1095.541	10467.000
1095.683	10535.000
1095.825	10423.000
1095.967	10572.000
1096.109	10497.000
1096.251	10549.000
1096.393	10453.000
1096.535	10639.000
1096.677	10479.000
1096.819	10512.000
1096.960	10475.000
1097.102	10602.000
1097.244	10492.000
1097.386	10613.000
1097.528	10485.000
1097.670	10629.000
1097.812	10479.000
1097.953	10620.000
1098.095	10626.000
1098.237	10613.000
1098.379	10519.000
1098.521	10659.000
1098.662	10510.000
1098.804	10751.000
1098.946	10635.000
1099.088	10644.000
1099.230	10566.000
1099.371	10576.000
1099.513	10614.000
1099.655	10714.000
1099.797	10625.000
1099.938	10746.000
1100.080	10585.000
1100.222	10764.000
1100.364	10588.000
1100.505	10749.000
1100.647	10615.000
1100.789	10763.000
1100.931	10694.000
1101.072	10745.000
1101.214	10675.000
1101.356	10662.000
1101.497	10595.000
1101.639	10755.000
1101.781	10560.000
1101.922	10742.000
1102.064	10644.000
1102.206	10755.000
1102.347	10649.000
1102.489	10753.000
1102.631	10682.000
1102.772	10832.000
1102.914	10576.000
1103.055	10823.000
1103.197	10665.000
1103.339	10797.000
1103.480	10723.000
1103.622	10838.000
1103.763	10682.000
1103.905	10799.000
1104.046	10669.000
1104.188	10813.000
1104.330	10709.000
1104.471	10841.000
1104.613	10649.000
1104.754	10812.000
1104.896	10861.000
1105.037	10856.000
1105.179	10729.000
1105.320	10864.000
1105.462	10727.000
1105.603	10861.000
1105.745	10721.000
1105.886	10886.000
1106.028	10707.000
1106.169	10971.000
1106.311	10788.000
1106.452	10951.000
1106.594	10767.000
1106.735	10900.000
1106.876	10817.000
1107.018	10918.000
1107.159	10724.000
1107.301	10839.000
1107.442	10781.000
1107.584	10907.000
1107.725	10814.000
1107.866	10941.000
1108.008	10766.000
1108.149	10925.000
1108.291	10842.000
1108.432	10945.000
1108.573	10825.000
1108.715	10958.000
1108.856	10773.000
1108.997	10957.000
1109.139	10774.000
1109.280	10955.000
1109.421	10824.000
1109.563	11039.000
1109.704	10866.000
1109.845	10970.000
1109.987	10816.000
1110.128	10915.000
1110.269	10883.000
1110.410	11098.000
1110.552	10859.000
1110.693	11025.000
1110.834	10804.000
1110.975	11008.000
1111.117	10906.000
1111.258	11003.000
1111.399	10861.000
1111.540	11038.000
1111.682	11020.000
1111.823	11012.000
1111.964	10894.000
1112.105	11080.000
1112.247	10875.000
1112.388	11071.000
1112.529	10831.000
1112.670	11077.000
1112.811	10916.000
1112.952	10984.000
1113.094	10874.000
1113.235	11054.000
1113.376	10909.000
1113.517	10955.000
1113.658	10814.000
1113.799	11029.000
1113.940	11010.000
1114.082	11082.000
1114.223	10972.000
1114.364	11140.000
1114.505	10900.000
1114.646	11026.000
1114.787	10876.000
1114.928	11043.000
1115.069	10863.000
1115.210	11041.000
1115.351	11004.000
1115.492	11119.000
1115.633	10946.000
1115.774	11060.000
1115.916	10922.000
1116.057	11024.000
1116.198	10769.000
1116.339	10992.000
1116.480	10852.000
1116.621	10933.000
1116.762	10834.000
1116.903	10987.000
1117.044	10981.000
1117.185	10996.000
1117.326	10920.000
1117.466	11046.000
1117.607	10962.000
1117.748	11033.000
1117.889	10867.000
1118.030	11041.000
1118.171	10891.000
1118.312	10979.000
1118.453	10837.000
1118.594	10999.000
1118.735	10826.000
1118.876	10942.000
1119.017	10889.000
1119.158	10945.000
1119.298	10846.000
1119.439	10931.000
1119.580	10795.000
1119.721	10991.000
1119.862	10821.000
1120.003	10867.000
1120.144	10837.000
1120.284	10965.000
1120.425	10863.000
1120.566	10958.000
1120.707	10785.000
1120.848	10975.000
1120.989	10740.000
1121.129	10914.000
1121.270	10793.000
1121.411	10907.000
1121.552	10725.000
1121.693	10814.000
1121.833	10634.000
1121.974	10845.000
1122.115	10648.000
1122.256	10794.000
1122.396	10679.000
1122.537	10860.000
1122.678	10695.000
1122.819	10910.000
1122.959	10887.000
1123.100	10978.000
1123.241	10698.000
1123.381	10782.000
1123.522	10737.000
1123.663	10844.000
1123.803	10779.000
1123.944	10988.000
1124.085	10847.000
1124.225	10943.000
1124.366	10782.000
1124.507	10952.000
1124.647	10771.000
1124.788	10894.000
1124.929	10693.000
1125.069	10766.000
1125.210	10548.000
1125.351	10798.000
1125.491	10711.000
1125.632	10892.000
1125.772	10710.000
1125.913	10941.000
1126.054	10754.000
1126.194	10916.000
1126.335	10799.000
1126.475	10931.000
1126.616	10818.000
1126.756	11003.000
1126.897	10827.000
1127.037	10849.000
1127.178	10778.000
1127.318	10766.000
1127.459	10702.000
1127.600	10876.000
1127.740	10708.000
1127.881	10833.000
1128.021	10742.000
1128.162	10903.000
1128.302	10822.000
1128.442	10867.000
1128.583	10764.000
1128.723	10882.000
1128.864	10825.000
1129.004	10968.000
1129.145	10685.000
1129.285	10783.000
1129.426	10725.000
1129.566	10854.000
1129.706	10712.000
1129.847	10926.000
1129.987	10841.000
1130.128	10919.000
1130.268	10873.000
1130.408	10977.000
1130.549	10848.000
1130.689	10931.000
1130.830	10806.000
1130.970	10960.000
1131.110	10829.000
1131.251	10883.000
1131.391	10898.000
1131.531	10915.000
1131.672	10797.000
1131.812	10874.000
1131.952	10704.000
1132.093	10940.000
1132.233	10735.000
1132.373	10863.000
1132.513	10763.000
1132.654	10895.000
1132.794	10868.000
1132.934	10807.000
1133.075	10667.000
1133.215	10785.000
1133.355	10541.000
1133.495	10775.000
1133.636	10591.000
1133.776	10751.000
1133.916	10497.000
1134.056	10494.000
1134.196	10404.000
1134.337	10410.000
1134.477	10240.000
1134.617	10416.000
1134.757	10368.000
1134.897	10651.000
1135.038	10544.000
1135.178	10673.000
1135.318	10511.000
1135.458	10552.000
1135.598	10410.000
1135.738	10548.000
1135.879	10435.000
1136.019	10545.000
1136.159	10543.000
1136.299	10662.000
1136.439	10526.000
1136.579	10782.000
1136.719	10549.000
1136.859	10613.000
1136.999	10472.000
1137.140	10564.000
1137.280	10482.000
1137.420	10562.000
1137.560	10494.000
1137.700	10508.000
1137.840	10453.000
1137.980	10497.000
1138.120	10408.000
1138.260	10483.000
1138.400	10383.000
1138.540	10526.000
1138.680	10423.000
1138.820	10589.000
1138.960	10421.000
1139.100	10502.000
1139.240	10436.000
1139.380	10405.000
1139.520	10384.000
1139.660	10473.000
1139.800	10349.000
1139.940	10399.000
1140.080	10357.000
1140.220	10426.000
1140.360	10339.000
1140.500	10345.000
1140.640	10242.000
1140.780	10300.000
1140.919	10260.000
1141.059	10297.000
1141.199	10227.000
1141.339	10388.000
1141.479	10210.000
1141.619	10358.000
1141.759	10220.000
1141.899	10327.000
1142.039	10261.000
1142.178	10287.000
1142.318	10155.000
1142.458	10340.000
1142.598	10195.000
1142.738	10342.000
1142.878	10215.000
1143.017	10334.000
1143.157	10103.000
1143.297	10274.000
1143.437	10142.000
1143.577	10199.000
1143.716	9981.000
1143.856	10139.000
1143.996	9962.000
1144.136	10145.000
1144.275	10016.000
1144.415	10146.000
1144.555	9950.000
1144.695	10126.000
1144.834	10001.000
1144.974	10143.000
1145.114	10005.000
1145.254	10096.000
1145.393	10030.000
1145.533	10149.000
1145.673	10002.000
1145.812	10071.000
1145.952	9946.000
1146.092	10086.000
1146.231	9827.000
1146.371	10051.000
1146.511	9842.000
1146.650	10019.000
1146.790	9801.000
1146.930	10002.000
1147.069	9819.000
1147.209	10021.000
1147.349	9934.000
1147.488	10022.000
1147.628	9806.000
1147.767	9983.000
1147.907	9847.000
1148.047	9976.000
1148.186	9850.000
1148.326	9955.000
1148.465	9798.000
1148.605	9885.000
1148.744	9759.000
1148.884	9912.000
1149.024	9757.000
1149.163	9840.000
1149.303	9647.000
1149.442	9817.000
1149.582	9631.000
1149.721	9786.000
1149.861	9623.000
1150.000	9777.000
1150.140	9584.000
1150.279	9792.000
1150.419	9661.000
1150.558	9668.000
1150.698	9614.000
1150.837	9817.000
1150.977	9540.000
1151.116	9690.000
1151.255	9561.000
1151.395	9628.000
1151.534	9468.000
1151.674	9534.000
1151.813	9415.000
1151.953	9503.000
1152.092	9389.000
1152.231	9467.000
1152.371	9359.000
1152.510	9443.000
1152.650	9321.000
1152.789	9561.000
1152.928	9440.000
1153.068	9484.000
1153.207	9462.000
1153.346	9450.000
1153.486	9324.000
1153.625	9357.000
1153.764	8830.000
1153.904	9323.000
1154.043	9197.000
1154.182	9288.000
1154.322	9111.000
1154.461	9318.000
1154.600	9113.000
1154.740	9309.000
1154.879	9180.000
1155.018	9262.000
1155.157	9110.000
1155.297	9179.000
1155.436	9018.000
1155.575	9241.000
1155.714	9035.000
1155.854	9117.000
1155.993	8875.000
1156.132	9078.000
1156.271	8845.000
1156.411	8933.000
1156.550	8830.000
1156.689	8911.000
1156.828	8783.000
1156.967	8922.000
1157.107	8695.000
1157.246	8905.000
1157.385	8634.000
1157.524	8887.000
1157.663	8673.000
1157.802	8730.000
1157.941	8640.000
1158.081	8720.000
1158.220	8576.000
1158.359	8651.000
1158.498	8527.000
1158.637	8661.000
1158.776	8536.000
1158.915	8735.000
1159.054	8572.000
1159.193	8732.000
1159.333	8523.000
1159.472	8600.000
1159.611	8464.000
1159.750	8603.000
1159.889	8372.000
1160.028	8541.000
1160.167	8303.000
1160.306	8495.000
1160.445	8296.000
1160.584	8482.000
1160.723	8412.000
1160.862	8443.000
1161.001	8243.000
1161.140	8487.000
1161.279	8157.000
1161.418	8334.000
1161.557	8194.000
1161.696	8352.000
1161.835	8096.000
1161.974	8381.000
1162.113	9650.000
1162.252	8310.000
1162.391	8107.000
1162.530	8207.000
1162.669	8048.000
1162.808	8177.000
1162.946	7936.000
1163.085	8087.000
1163.224	8037.000
1163.363	8147.000
1163.502	7938.000
1163.641	8021.000
1163.780	7820.000
1163.919	7994.000
1164.058	7875.000
1164.196	8006.000
1164.335	7757.000
1164.474	7896.000
1164.613	7703.000
1164.752	7911.000
1164.891	7687.000
1165.029	7879.000
1165.168	7671.000
1165.307	7811.000
1165.446	7630.000
1165.585	7725.000
1165.723	7505.000
1165.862	7652.000
1166.001	7427.000
1166.140	7708.000
1166.279	7426.000
1166.417	7594.000
1166.556	7346.000
1166.695	7607.000
1166.834	7335.000
1166.972	7523.000
1167.111	7271.000
1167.250	7479.000
1167.388	7111.000
1167.527	7383.000
1167.666	7122.000
1167.805	7377.000
1167.943	7053.000
1168.082	7363.000
1168.221	7052.000
1168.359	7252.000
1168.498	6996.000
1168.637	7289.000
1168.775	6862.000
1168.914	7194.000
1169.052	6930.000
1169.191	7012.000
1169.330	6827.000
1169.468	7093.000
1169.607	6734.000
1169.746	6969.000
1169.884	6685.000
1170.023	6920.000
1170.161	6689.000
1170.300	6851.000
1170.439	6631.000
1170.577	6826.000
1170.716	6575.000
1170.854	6856.000
1170.993	6447.000
1171.131	6732.000
1171.270	6335.000
1171.408	6650.000
1171.547	6446.000
1171.685	6691.000
1171.824	6290.000
1171.962	6517.000
1172.101	6283.000
1172.239	6590.000
1172.378	6225.000
1172.516	6516.000
1172.655	6187.000
1172.793	6486.000
1172.932	6058.000
1173.070	6309.000
1173.209	6016.000
1173.347	6332.000
1173.486	5963.000
1173.624	6136.000
1173.762	5965.000
1173.901	6261.000
1174.039	5959.000
1174.178	6133.000
1174.316	5809.000
1174.454	6008.000
1174.593	5800.000
1174.731	6055.000
