829.593	3296.000
829.736	3411.000
829.879	3256.000
830.022	3523.000
830.166	3240.000
830.309	3523.000
830.452	3263.000
830.595	3465.000
830.738	3271.000
830.881	3453.000
831.024	3237.000
831.167	3497.000
831.310	3262.000
831.453	3414.000
831.597	3235.000
831.740	3528.000
831.883	3196.000
832.026	3501.000
832.169	3208.000
832.312	3513.000
832.455	3194.000
832.598	3401.000
832.741	3351.000
832.884	3468.000
833.027	3311.000
833.170	3449.000
833.314	3280.000
833.457	3455.000
833.600	3270.000
833.743	3435.000
833.886	3276.000
834.029	3499.000
834.172	3294.000
834.315	3462.000
834.458	3244.000
834.601	3458.000
834.744	3323.000
834.887	3438.000
835.030	3313.000
835.173	3503.000
835.316	3261.000
835.459	3506.000
835.602	3233.000
835.745	3516.000
835.889	3218.000
836.032	3481.000
836.175	3300.000
836.318	3408.000
836.461	3263.000
836.604	3499.000
836.747	3237.000
836.890	3437.000
837.033	3278.000
837.176	3500.000
837.319	3239.000
837.462	3479.000
837.605	3223.000
837.748	3461.000
837.891	3213.000
838.034	3393.000
838.177	3317.000
838.320	3433.000
838.463	3226.000
838.606	3399.000
838.749	3211.000
838.892	3478.000
839.035	3261.000
839.178	3385.000
839.321	3208.000
839.464	3447.000
839.607	3232.000
839.750	3427.000
839.893	3262.000
840.036	3442.000
840.179	3172.000
840.322	3393.000
840.465	3203.000
840.608	3370.000
840.751	3223.000
840.894	3484.000
841.037	3227.000
841.180	3397.000
841.323	3217.000
841.465	3439.000
841.608	3201.000
841.751	3405.000
841.894	3170.000
842.037	3393.000
842.180	3243.000
842.323	3387.000
842.466	3182.000
842.609	3425.000
842.752	3251.000
842.895	3446.000
843.038	3248.000
843.181	3410.000
843.324	3166.000
843.467	3391.000
843.610	3191.000
843.753	3423.000
843.896	3187.000
844.039	3324.000
844.181	3166.000
844.324	3326.000
844.467	3190.000
844.610	3431.000
844.753	3156.000
844.896	3387.000
845.039	3194.000
845.182	3347.000
845.325	3209.000
845.468	3368.000
845.611	3083.000
845.753	3426.000
845.896	3159.000
846.039	3330.000
846.182	3185.000
846.325	3404.000
846.468	3197.000
846.611	3369.000
846.754	3183.000
846.897	3333.000
847.040	3213.000
847.182	3410.000
847.325	3144.000
847.468	3387.000
847.611	3137.000
847.754	3287.000
847.897	3243.000
848.040	3415.000
848.183	3213.000
848.325	3390.000
848.468	3161.000
848.611	3318.000
848.754	3153.000
848.897	3355.000
849.040	3240.000
849.183	3400.000
849.326	3138.000
849.468	3362.000
849.611	3204.000
849.754	3404.000
849.897	3181.000
850.040	3335.000
850.183	3174.000
850.325	3406.000
850.468	3218.000
850.611	3334.000
850.754	3190.000
850.897	3395.000
851.040	3179.000
851.183	3372.000
851.325	3157.000
851.468	3361.000
851.611	3181.000
851.754	3387.000
851.897	3224.000
852.039	3390.000
852.182	3191.000
852.325	3406.000
852.468	3202.000
852.611	3335.000
852.754	3188.000
852.896	3409.000
853.039	3122.000
853.182	3366.000
853.325	3212.000
853.468	3333.000
853.610	3194.000
853.753	3401.000
853.896	3083.000
854.039	3383.000
854.182	3161.000
854.324	3314.000
854.467	3166.000
854.610	3396.000
854.753	3145.000
854.895	3391.000
855.038	3098.000
855.181	3307.000
855.324	3162.000
855.467	3353.000
855.609	3186.000
855.752	3420.000
855.895	3108.000
856.038	3299.000
856.180	3172.000
856.323	3339.000
856.466	3180.000
856.609	3419.000
856.752	3131.000
856.894	3342.000
857.037	3119.000
857.180	3365.000
857.323	3160.000
857.465	3425.000
857.608	3116.000
857.751	3337.000
857.894	3086.000
858.036	3430.000
858.179	3260.000
858.322	3310.000
858.464	3232.000
858.607	3329.000
858.750	3148.000
858.893	3344.000
859.035	3174.000
859.178	3418.000
859.321	3095.000
859.464	3379.000
859.606	3152.000
859.749	3357.000
859.892	3127.000
860.034	3431.000
860.177	3162.000
860.320	3367.000
860.463	3107.000
860.605	3330.000
860.748	3120.000
860.891	3334.000
861.033	3171.000
861.176	3376.000
861.319	3154.000
861.461	3390.000
861.604	3061.000
861.747	3391.000
861.890	3106.000
862.032	3357.000
862.175	3126.000
862.318	3410.000
862.460	3181.000
862.603	3350.000
862.746	3146.000
862.888	3387.000
863.031	3128.000
863.174	3315.000
863.316	3165.000
863.459	3374.000
863.602	3100.000
863.744	3309.000
863.887	3134.000
864.030	3354.000
864.172	3135.000
864.315	3329.000
864.458	3062.000
864.600	3358.000
864.743	3154.000
864.886	3357.000
865.028	3213.000
865.171	3415.000
865.314	3196.000
865.456	3291.000
865.599	3115.000
865.741	3329.000
865.884	3104.000
866.027	3385.000
866.169	3244.000
866.312	3394.000
866.455	3136.000
866.597	3428.000
866.740	3234.000
866.882	3325.000
867.025	3114.000
867.168	3396.000
867.310	3147.000
867.453	3347.000
867.596	3142.000
867.738	3403.000
867.881	3138.000
868.023	3322.000
868.166	3143.000
868.309	3347.000
868.451	3160.000
868.594	3353.000
868.736	3184.000
868.879	3375.000
869.022	3140.000
869.164	3457.000
869.307	3187.000
869.449	3328.000
869.592	3180.000
869.735	3388.000
869.877	3114.000
870.020	3350.000
870.162	3235.000
870.305	3374.000
870.447	3160.000
870.590	3334.000
870.733	3151.000
870.875	3349.000
871.018	3155.000
871.160	3366.000
871.303	3194.000
871.445	3375.000
871.588	3168.000
871.731	3373.000
871.873	3016.000
872.016	3407.000
872.158	3153.000
872.301	3358.000
872.443	3121.000
872.586	3386.000
872.728	3149.000
872.871	3355.000
873.013	3248.000
873.156	3280.000
873.299	3119.000
873.441	3374.000
873.584	3154.000
873.726	3346.000
873.869	3119.000
874.011	3416.000
874.154	3219.000
874.296	3363.000
874.439	3134.000
874.581	3384.000
874.724	3215.000
874.866	3366.000
875.009	3124.000
875.151	3420.000
875.294	3154.000
875.436	3295.000
875.579	3199.000
875.721	3339.000
875.864	3183.000
876.006	3462.000
876.149	3116.000
876.291	3246.000
876.434	3162.000
876.576	3381.000
876.719	3208.000
876.861	3336.000
877.004	3081.000
877.146	3386.000
877.289	3149.000
877.431	3343.000
877.574	3162.000
877.716	3397.000
877.859	3167.000
878.001	3345.000
878.144	3206.000
878.286	3379.000
878.429	3185.000
878.571	3408.000
878.714	3127.000
878.856	3337.000
878.998	3213.000
879.141	3365.000
879.283	3080.000
879.426	3395.000
879.568	3089.000
879.711	3299.000
879.853	3138.000
879.996	3371.000
880.138	3155.000
880.281	3343.000
880.423	3165.000
880.565	3287.000
880.708	3123.000
880.850	3338.000
880.993	3250.000
881.135	3294.000
881.278	3183.000
881.420	3309.000
881.562	3202.000
881.705	3371.000
881.847	3132.000
881.990	3288.000
882.132	3147.000
882.275	3342.000
882.417	3173.000
882.559	3345.000
882.702	3088.000
882.844	3396.000
882.987	3081.000
883.129	3343.000
883.271	3094.000
883.414	3402.000
883.556	3141.000
883.699	3453.000
883.841	3113.000
883.983	3431.000
884.126	3168.000
884.268	3337.000
884.411	3160.000
884.553	3366.000
884.695	3171.000
884.838	3306.000
884.980	3173.000
885.122	3375.000
885.265	3105.000
885.407	3348.000
885.550	3144.000
885.692	3363.000
885.834	3248.000
885.977	3395.000
886.119	3208.000
886.261	3357.000
886.404	3109.000
886.546	3389.000
886.689	3043.000
886.831	3378.000
886.973	3193.000
887.116	3347.000
887.258	3237.000
887.400	3265.000
887.543	3058.000
887.685	3294.000
887.827	3193.000
887.970	3436.000
888.112	3158.000
888.254	3364.000
888.397	3097.000
888.539	3377.000
888.681	3179.000
888.824	3336.000
888.966	3102.000
889.108	3394.000
889.251	3194.000
889.393	3339.000
889.535	3126.000
889.678	3372.000
889.820	3124.000
889.962	3397.000
890.105	3203.000
890.247	3289.000
890.389	3088.000
890.531	3370.000
890.674	3175.000
890.816	3433.000
890.958	3117.000
891.101	3402.000
891.243	3149.000
891.385	3360.000
891.528	3183.000
891.670	3373.000
891.812	3160.000
891.954	3395.000
892.097	3158.000
892.239	3340.000
892.381	3174.000
892.524	3413.000
892.666	3187.000
892.808	3410.000
892.950	3169.000
893.093	3331.000
893.235	3112.000
893.377	3383.000
893.519	3130.000
893.662	3323.000
893.804	3143.000
893.946	3326.000
894.088	3139.000
894.231	3313.000
894.373	3200.000
894.515	3345.000
894.657	3182.000
894.800	3406.000
894.942	3202.000
895.084	3365.000
895.226	3162.000
895.369	3387.000
895.511	3226.000
895.653	3359.000
895.795	3144.000
895.938	3427.000
896.080	3176.000
896.222	3339.000
896.364	3142.000
896.507	3345.000
896.649	3181.000
896.791	3386.000
896.933	3128.000
897.075	3361.000
897.218	3136.000
897.360	3286.000
897.502	3221.000
897.644	3333.000
897.787	3126.000
897.929	3345.000
898.071	3109.000
898.213	3392.000
898.355	3225.000
898.498	3291.000
898.640	3151.000
898.782	3313.000
898.924	3210.000
899.066	3392.000
899.208	3199.000
899.351	3391.000
899.493	3141.000
899.635	3384.000
899.777	3183.000
899.919	3397.000
900.062	3159.000
900.204	3445.000
900.346	3217.000
900.488	3411.000
900.630	3195.000
900.772	3241.000
900.915	3110.000
901.057	3411.000
901.199	3097.000
901.341	3376.000
901.483	3168.000
901.625	3358.000
901.768	3139.000
901.910	3361.000
902.052	3168.000
902.194	3422.000
902.336	3047.000
902.478	3427.000
902.620	3164.000
902.763	3371.000
902.905	3184.000
903.047	3390.000
903.189	3186.000
903.331	3354.000
903.473	3144.000
903.615	3333.000
903.758	3186.000
903.900	3363.000
904.042	3101.000
904.184	3354.000
904.326	3309.000
904.468	3378.000
904.610	3174.000
904.752	3419.000
904.895	3122.000
905.037	3352.000
905.179	3127.000
905.321	3388.000
905.463	3095.000
905.605	3485.000
905.747	3195.000
905.889	3426.000
906.031	3172.000
906.173	3387.000
906.316	3205.000
906.458	3411.000
906.600	3121.000
906.742	3385.000
906.884	3164.000
907.026	3408.000
907.168	3208.000
907.310	3384.000
907.452	3083.000
907.594	3381.000
907.736	3186.000
907.878	3336.000
908.021	3199.000
908.163	3393.000
908.305	3132.000
908.447	3375.000
908.589	3129.000
908.731	3428.000
908.873	3187.000
909.015	3474.000
909.157	3180.000
909.299	3363.000
909.441	3121.000
909.583	3347.000
909.725	3212.000
909.867	3481.000
910.009	3151.000
910.151	3407.000
910.293	3117.000
910.435	3391.000
910.577	3206.000
910.719	3408.000
910.862	3158.000
911.004	3362.000
911.146	3272.000
911.288	3337.000
911.430	3203.000
911.572	3416.000
911.714	3151.000
911.856	3392.000
911.998	3170.000
912.140	3446.000
912.282	3235.000
912.424	3328.000
912.566	3186.000
912.708	3400.000
912.850	3187.000
912.992	3317.000
913.134	3090.000
913.276	3375.000
913.418	3268.000
913.560	3384.000
913.702	3216.000
913.844	3430.000
913.986	3195.000
914.128	3397.000
914.270	3175.000
914.412	3368.000
914.554	3108.000
914.696	3352.000
914.838	3252.000
914.980	3400.000
915.122	3147.000
915.264	3399.000
915.406	3197.000
915.548	3410.000
915.690	3124.000
915.831	3388.000
915.973	3159.000
916.115	3327.000
916.257	3143.000
916.399	3353.000
916.541	3236.000
916.683	3381.000
916.825	3178.000
916.967	3380.000
917.109	3195.000
917.251	3411.000
917.393	3169.000
917.535	3443.000
917.677	3180.000
917.819	3359.000
917.961	3186.000
918.103	3410.000
918.245	3184.000
918.387	3346.000
918.528	3171.000
918.670	3371.000
918.812	3155.000
918.954	3339.000
919.096	3113.000
919.238	3418.000
919.380	3222.000
919.522	3361.000
919.664	3179.000
919.806	3404.000
919.948	3197.000
920.090	3344.000
920.231	3160.000
920.373	3386.000
920.515	3141.000
920.657	3358.000
920.799	3192.000
920.941	3383.000
921.083	3151.000
921.225	3348.000
921.367	3130.000
921.509	3393.000
921.650	3187.000
921.792	3364.000
921.934	3196.000
922.076	3378.000
922.218	3108.000
922.360	3354.000
922.502	3247.000
922.644	3432.000
922.785	3196.000
922.927	3357.000
923.069	3203.000
923.211	3342.000
923.353	3134.000
923.495	3381.000
923.637	3202.000
923.779	3363.000
923.920	3156.000
924.062	3349.000
924.204	3128.000
924.346	3402.000
924.488	3208.000
924.630	3412.000
924.771	3122.000
924.913	3424.000
925.055	3165.000
925.197	3416.000
925.339	3164.000
925.481	3472.000
925.623	3147.000
925.764	3377.000
925.906	3177.000
926.048	3365.000
926.190	3158.000
926.332	3460.000
926.473	3175.000
926.615	3371.000
926.757	3206.000
926.899	3379.000
927.041	3193.000
927.183	3429.000
927.324	3208.000
927.466	3340.000
927.608	3188.000
927.750	3388.000
927.892	3254.000
928.033	3402.000
928.175	3239.000
928.317	3385.000
928.459	3222.000
928.601	3472.000
928.742	3198.000
928.884	3355.000
929.026	3268.000
929.168	3427.000
929.310	3204.000
929.451	3492.000
929.593	3259.000
929.735	3439.000
929.877	3259.000
930.018	3431.000
930.160	3248.000
930.302	3419.000
930.444	3218.000
930.585	3480.000
930.727	3269.000
930.869	3394.000
931.011	3297.000
931.153	3464.000
931.294	3223.000
931.436	3368.000
931.578	3194.000
931.720	3490.000
931.861	3256.000
932.003	3423.000
932.145	3268.000
932.287	3514.000
932.428	3449.000
932.570	3443.000
932.712	3247.000
932.854	3420.000
932.995	3195.000
933.137	3511.000
933.279	3244.000
933.420	3500.000
933.562	3239.000
933.704	3392.000
933.846	3305.000
933.987	3453.000
934.129	3218.000
934.271	3461.000
934.412	3259.000
934.554	3505.000
934.696	3257.000
934.838	3431.000
934.979	3229.000
935.121	3411.000
935.263	3224.000
935.404	3465.000
935.546	3258.000
935.688	3441.000
935.830	3325.000
935.971	3452.000
936.113	3249.000
936.255	3571.000
936.396	3276.000
936.538	3468.000
936.680	3270.000
936.821	3410.000
936.963	3296.000
937.105	3427.000
937.246	3279.000
937.388	3406.000
937.530	3295.000
937.671	3426.000
937.813	3316.000
937.955	3461.000
938.096	3276.000
938.238	3492.000
938.380	3286.000
938.521	3533.000
938.663	3301.000
938.805	3453.000
938.946	3309.000
939.088	3463.000
939.230	3333.000
939.371	3484.000
939.513	3323.000
939.655	3438.000
939.796	3347.000
939.938	3510.000
940.080	3355.000
940.221	3490.000
940.363	3305.000
940.504	3422.000
940.646	3303.000
940.788	3466.000
940.929	3306.000
941.071	3563.000
941.213	3323.000
941.354	3522.000
941.496	3301.000
941.637	3465.000
941.779	3308.000
941.921	3458.000
942.062	3258.000
942.204	3544.000
942.346	3297.000
942.487	3556.000
942.629	3351.000
942.770	3578.000
942.912	3295.000
943.054	3566.000
943.195	3308.000
943.337	3499.000
943.478	3300.000
943.620	3558.000
943.761	3286.000
943.903	3594.000
944.045	3367.000
944.186	3564.000
944.328	3311.000
944.469	3531.000
944.611	3340.000
944.753	3578.000
944.894	3355.000
945.036	3579.000
945.177	3417.000
945.319	3601.000
945.460	3426.000
945.602	3532.000
945.744	3409.000
945.885	3625.000
946.027	3358.000
946.168	3600.000
946.310	3362.000
946.451	3608.000
946.593	3377.000
946.734	3637.000
946.876	3373.000
947.018	3665.000
947.159	3455.000
947.301	3616.000
947.442	3366.000
947.584	3608.000
947.725	3399.000
947.867	3564.000
948.008	3419.000
948.150	3615.000
948.291	3471.000
948.433	3595.000
948.574	3455.000
948.716	3646.000
948.857	3475.000
948.999	3611.000
949.140	3411.000
949.282	3663.000
949.424	3418.000
949.565	3624.000
949.707	3435.000
949.848	3610.000
949.990	3373.000
950.131	3687.000
950.273	3491.000
950.414	3577.000
950.556	3517.000
950.697	3732.000
950.839	3429.000
950.980	3677.000
951.122	3488.000
951.263	3644.000
951.404	3416.000
951.546	3571.000
951.687	3463.000
951.829	3611.000
951.970	3464.000
952.112	3683.000
952.253	3501.000
952.395	3664.000
952.536	3474.000
952.678	3736.000
952.819	3550.000
952.961	3688.000
953.102	3576.000
953.244	3713.000
953.385	3528.000
953.527	3687.000
953.668	3108.000
953.809	3669.000
953.951	3496.000
954.092	3655.000
954.234	3441.000
954.375	3704.000
954.517	3466.000
954.658	3719.000
954.800	3558.000
954.941	3693.000
955.082	3542.000
955.224	3667.000
955.365	3543.000
955.507	3754.000
955.648	3587.000
955.790	3715.000
955.931	3445.000
956.072	3742.000
956.214	3492.000
956.355	3701.000
956.497	3527.000
956.638	3685.000
956.780	3536.000
956.921	3751.000
957.062	3505.000
957.204	3771.000
957.345	3500.000
957.487	3817.000
957.628	3553.000
957.769	3690.000
957.911	3591.000
958.052	3696.000
958.194	3523.000
958.335	3663.000
958.476	3481.000
958.618	3679.000
958.759	3530.000
958.901	3793.000
959.042	3551.000
959.183	3769.000
959.325	3519.000
959.466	3717.000
959.607	3524.000
959.749	3740.000
959.890	3495.000
960.032	3739.000
960.173	3471.000
960.314	3728.000
960.456	3509.000
960.597	3751.000
960.738	3635.000
960.880	3743.000
961.021	3538.000
961.162	3860.000
961.304	3511.000
961.445	3755.000
961.586	3617.000
961.728	3812.000
961.869	3562.000
962.011	3875.000
962.152	5266.000
962.293	3847.000
962.435	3635.000
962.576	3797.000
962.717	3633.000
962.859	3813.000
963.000	3545.000
963.141	3767.000
963.283	3731.000
963.424	3878.000
963.565	3703.000
963.706	3787.000
963.848	3631.000
963.989	3829.000
964.130	3705.000
964.272	3929.000
964.413	3702.000
964.554	3811.000
964.696	3641.000
964.837	3897.000
964.978	3694.000
965.120	3897.000
965.261	3716.000
965.402	3903.000
965.543	3703.000
965.685	3896.000
965.826	3663.000
965.967	3846.000
966.109	3672.000
966.250	3980.000
966.391	3699.000
966.532	3897.000
966.674	3725.000
966.815	3942.000
966.956	3732.000
967.098	3985.000
967.239	3744.000
967.380	3939.000
967.521	3662.000
967.663	3939.000
967.804	3689.000
967.945	3989.000
968.086	3717.000
968.228	3995.000
968.369	3770.000
968.510	3966.000
968.651	3780.000
968.793	4029.000
968.934	3689.000
969.075	3996.000
969.216	3834.000
969.358	3936.000
969.499	3790.000
969.640	4007.000
969.781	3772.000
969.923	3987.000
970.064	3789.000
970.205	3956.000
970.346	3810.000
970.488	4005.000
970.629	3861.000
970.770	4022.000
970.911	3872.000
971.053	4095.000
971.194	3801.000
971.335	4035.000
971.476	3806.000
971.617	4043.000
971.759	3921.000
971.900	4097.000
972.041	3876.000
972.182	4057.000
972.323	3932.000
972.465	4128.000
972.606	3905.000
972.747	4149.000
972.888	3926.000
973.029	4142.000
973.171	3955.000
973.312	4094.000
973.453	3909.000
973.594	4161.000
973.735	3951.000
973.877	4023.000
974.018	3997.000
974.159	4168.000
974.300	4025.000
974.441	4128.000
974.582	3947.000
974.724	4073.000
974.865	4030.000
975.006	4215.000
