929.762	3398.000
929.906	3514.000
930.049	3351.000
930.193	3632.000
930.337	3340.000
930.481	3600.000
930.625	3348.000
930.769	3601.000
930.913	3367.000
931.057	3551.000
931.201	3327.000
931.345	3614.000
931.488	3380.000
931.632	3511.000
931.776	3349.000
931.920	3606.000
932.064	3299.000
932.208	3599.000
932.352	3314.000
932.495	3620.000
932.639	3325.000
932.783	3541.000
932.927	3456.000
933.071	3581.000
933.215	3408.000
933.359	3557.000
933.502	3398.000
933.646	3568.000
933.790	3386.000
933.934	3546.000
934.078	3397.000
934.221	3629.000
934.365	3414.000
934.509	3590.000
934.653	3357.000
934.797	3575.000
934.940	3442.000
935.084	3567.000
935.228	3429.000
935.372	3662.000
935.515	3404.000
935.659	3609.000
935.803	3377.000
935.947	3647.000
936.090	3357.000
936.234	3575.000
936.378	3428.000
936.522	3555.000
936.665	3400.000
936.809	3610.000
936.953	3383.000
937.097	3570.000
937.240	3431.000
937.384	3628.000
937.528	3400.000
937.671	3622.000
937.815	3378.000
937.959	3599.000
938.102	3351.000
938.246	3578.000
938.390	3450.000
938.534	3600.000
938.677	3382.000
938.821	3531.000
938.965	3344.000
939.108	3630.000
939.252	3412.000
939.396	3587.000
939.539	3396.000
939.683	3589.000
939.826	3386.000
939.970	3576.000
940.114	3420.000
940.257	3589.000
940.401	3351.000
940.545	3583.000
940.688	3368.000
940.832	3546.000
940.975	3417.000
941.119	3639.000
941.263	3398.000
941.406	3569.000
941.550	3420.000
941.693	3566.000
941.837	3376.000
941.981	3549.000
942.124	3354.000
942.268	3561.000
942.411	3426.000
942.555	3544.000
942.698	3387.000
942.842	3611.000
942.986	3454.000
943.129	3572.000
943.273	3430.000
943.416	3567.000
943.560	3370.000
943.703	3581.000
943.847	3431.000
943.990	3591.000
944.134	3400.000
944.277	3496.000
944.421	3363.000
944.564	3511.000
944.708	3382.000
944.851	3616.000
944.995	3386.000
945.138	3578.000
945.282	3384.000
945.425	3540.000
945.569	3416.000
945.712	3603.000
945.856	3297.000
945.999	3625.000
946.143	3408.000
946.286	3552.000
946.430	3419.000
946.573	3627.000
946.716	3455.000
946.860	3580.000
947.003	3426.000
947.147	3566.000
947.290	3440.000
947.434	3655.000
947.577	3381.000
947.720	3647.000
947.864	3395.000
948.007	3536.000
948.151	3543.000
948.294	3641.000
948.437	3453.000
948.581	3638.000
948.724	3439.000
948.868	3560.000
949.011	3426.000
949.154	3599.000
949.298	3483.000
949.441	3655.000
949.584	3422.000
949.728	3611.000
949.871	3491.000
950.015	3622.000
950.158	3451.000
950.301	3591.000
950.445	3476.000
950.588	3665.000
950.731	3530.000
950.875	3601.000
951.018	3474.000
951.161	3706.000
951.304	3484.000
951.448	3652.000
951.591	3450.000
951.734	3623.000
951.878	3463.000
952.021	3696.000
952.164	3500.000
952.308	3711.000
952.451	3507.000
952.594	3702.000
952.737	3531.000
952.881	3653.000
953.024	3501.000
953.167	3685.000
953.310	3467.000
953.454	3671.000
953.597	3555.000
953.740	3669.000
953.883	3528.000
954.027	3720.000
954.170	3433.000
954.313	3733.000
954.456	3520.000
954.600	3622.000
954.743	3535.000
954.886	3711.000
955.029	3491.000
955.172	3697.000
955.316	3441.000
955.459	3668.000
955.602	3535.000
955.745	3744.000
955.888	3544.000
956.032	3722.000
956.175	3457.000
956.318	3619.000
956.461	3551.000
956.604	3690.000
956.747	3584.000
956.890	3763.000
957.034	3549.000
957.177	3701.000
957.320	3527.000
957.463	3752.000
957.606	3551.000
957.749	3791.000
957.892	3512.000
958.036	3701.000
958.179	3487.000
958.322	3797.000
958.465	3675.000
958.608	3708.000
958.751	3610.000
958.894	3708.000
959.037	3541.000
959.180	3755.000
959.323	3587.000
959.467	3825.000
959.610	3542.000
959.753	3781.000
959.896	3580.000
960.039	3769.000
960.182	3558.000
960.325	3838.000
960.468	3618.000
960.611	3752.000
960.754	3579.000
960.897	3737.000
961.040	3578.000
961.183	3792.000
961.326	3635.000
961.469	3812.000
961.612	3619.000
961.755	3837.000
961.898	3533.000
962.041	3822.000
962.184	3608.000
962.327	3835.000
962.470	3613.000
962.613	3854.000
962.756	3686.000
962.899	3820.000
963.042	3625.000
963.185	3862.000
963.328	3659.000
963.471	3830.000
963.614	3674.000
963.757	3853.000
963.900	3630.000
964.043	3790.000
964.186	3674.000
964.329	3854.000
964.472	3699.000
964.615	3865.000
964.758	3651.000
964.900	3900.000
965.043	3749.000
965.186	3900.000
965.329	3763.000
965.472	3938.000
965.615	3735.000
965.758	3858.000
965.901	3690.000
966.044	3871.000
966.187	3715.000
966.329	3974.000
966.472	3832.000
966.615	3972.000
966.758	3738.000
966.901	3986.000
967.044	3867.000
967.187	3913.000
967.330	3747.000
967.472	3996.000
967.615	3799.000
967.758	3949.000
967.901	3774.000
968.044	4007.000
968.187	3768.000
968.329	3950.000
968.472	3792.000
968.615	3974.000
968.758	3795.000
968.901	3999.000
969.043	3844.000
969.186	4029.000
969.329	3832.000
969.472	4114.000
969.615	3878.000
969.757	3984.000
969.900	3869.000
970.043	4056.000
970.186	3819.000
970.328	4054.000
970.471	3965.000
970.614	4079.000
970.757	3865.000
970.899	4012.000
971.042	3871.000
971.185	4027.000
971.328	3905.000
971.470	4067.000
971.613	3960.000
971.756	4106.000
971.899	3916.000
972.041	4062.000
972.184	3789.000
972.327	4139.000
972.469	3920.000
972.612	4088.000
972.755	3911.000
972.898	4148.000
973.040	3925.000
973.183	4099.000
973.326	4053.000
973.468	4030.000
973.611	3881.000
973.754	4141.000
973.896	3953.000
974.039	4111.000
974.182	3948.000
974.324	4174.000
974.467	4056.000
974.610	4165.000
974.752	3996.000
974.895	4162.000
975.037	4030.000
975.180	4188.000
975.323	3971.000
975.465	4243.000
975.608	4007.000
975.751	4118.000
975.893	4064.000
976.036	4176.000
976.178	4027.000
976.321	4286.000
976.464	4003.000
976.606	4136.000
976.749	4061.000
976.891	4251.000
977.034	4094.000
977.176	4174.000
977.319	3990.000
977.462	4293.000
977.604	4064.000
977.747	4276.000
977.889	4077.000
978.032	4275.000
978.174	4089.000
978.317	4280.000
978.459	4166.000
978.602	4309.000
978.744	4104.000
978.887	4337.000
979.029	4104.000
979.172	4256.000
979.314	4198.000
979.457	4310.000
979.599	4058.000
979.742	4343.000
979.884	4075.000
980.027	4285.000
980.169	4187.000
980.312	4330.000
980.454	4187.000
980.597	4354.000
980.739	4200.000
980.882	4285.000
981.024	4178.000
981.167	4381.000
981.309	4300.000
981.452	4338.000
981.594	4215.000
981.736	4348.000
981.879	4245.000
982.021	4407.000
982.164	4211.000
982.306	4327.000
982.449	4229.000
982.591	4397.000
982.733	4276.000
982.876	4446.000
983.018	4223.000
983.161	4475.000
983.303	4222.000
983.445	4476.000
983.588	4244.000
983.730	4518.000
983.873	4330.000
984.015	4586.000
984.157	4282.000
984.300	4602.000
984.442	4325.000
984.584	4478.000
984.727	4366.000
984.869	4532.000
985.011	4350.000
985.154	4468.000
985.296	4385.000
985.438	4567.000
985.581	4362.000
985.723	4521.000
985.865	4399.000
986.008	4588.000
986.150	4474.000
986.292	4625.000
986.435	4482.000
986.577	4596.000
986.719	4369.000
986.861	4656.000
987.004	4360.000
987.146	4659.000
987.288	4499.000
987.431	4621.000
987.573	4534.000
987.715	4585.000
987.857	4424.000
988.000	4612.000
988.142	4532.000
988.284	4748.000
988.426	4501.000
988.569	4688.000
988.711	4442.000
988.853	4732.000
988.995	4557.000
989.138	4659.000
989.280	4485.000
989.422	4751.000
989.564	4618.000
989.706	4728.000
989.849	4539.000
989.991	4767.000
990.133	4559.000
990.275	4790.000
990.417	4654.000
990.560	4697.000
990.702	4527.000
990.844	4769.000
990.986	4631.000
991.128	4864.000
991.270	4614.000
991.413	4834.000
991.555	4639.000
991.697	4828.000
991.839	4673.000
991.981	4863.000
992.123	4674.000
992.265	4889.000
992.408	4713.000
992.550	4870.000
992.692	4766.000
992.834	4952.000
992.976	4760.000
993.118	4963.000
993.260	4726.000
993.402	4851.000
993.544	4702.000
993.687	4964.000
993.829	4715.000
993.971	4907.000
994.113	4763.000
994.255	4929.000
994.397	4749.000
994.539	4969.000
994.681	4811.000
994.823	4967.000
994.965	4839.000
995.107	5018.000
995.249	4887.000
995.391	5010.000
995.533	4821.000
995.675	5055.000
995.817	4944.000
995.959	5036.000
996.101	4869.000
996.243	5104.000
996.385	4906.000
996.527	5038.000
996.669	4878.000
996.811	5091.000
996.953	4930.000
997.095	5140.000
997.237	4918.000
997.379	5118.000
997.521	4911.000
997.663	5107.000
997.805	5050.000
997.947	5115.000
998.089	4970.000
998.231	5164.000
998.373	4939.000
998.515	5195.000
998.657	5078.000
998.799	5147.000
998.941	5034.000
999.083	5152.000
999.225	5063.000
999.367	5220.000
999.509	5113.000
999.651	5277.000
999.793	5087.000
999.934	5269.000
1000.076	5120.000
1000.218	5293.000
1000.360	5111.000
1000.502	5319.000
1000.644	5167.000
1000.786	5354.000
1000.928	5146.000
1001.070	5200.000
1001.212	5107.000
1001.353	5365.000
1001.495	5107.000
1001.637	5325.000
1001.779	5175.000
1001.921	5343.000
1002.063	5179.000
1002.205	5349.000
1002.346	5195.000
1002.488	5453.000
1002.630	5103.000
1002.772	5457.000
1002.914	5232.000
1003.055	5406.000
1003.197	5287.000
1003.339	5477.000
1003.481	5267.000
1003.623	5434.000
1003.765	5245.000
1003.906	5445.000
1004.048	5317.000
1004.190	5485.000
1004.332	5264.000
1004.473	5487.000
1004.615	5455.000
1004.757	5528.000
1004.899	5395.000
1005.041	5560.000
1005.182	5375.000
1005.324	5546.000
1005.466	5379.000
1005.608	5590.000
1005.749	5357.000
1005.891	5682.000
1006.033	5445.000
1006.175	5646.000
1006.316	5447.000
1006.458	5633.000
1006.600	5492.000
1006.741	5649.000
1006.883	5425.000
1007.025	5615.000
1007.167	5471.000
1007.308	5705.000
1007.450	5539.000
1007.592	5706.000
1007.733	5464.000
1007.875	5712.000
1008.017	5530.000
1008.158	5716.000
1008.300	5561.000
1008.442	5747.000
1008.583	5535.000
1008.725	5757.000
1008.867	5560.000
1009.008	5821.000
1009.150	5629.000
1009.292	5893.000
1009.433	5648.000
1009.575	5798.000
1009.716	5622.000
1009.858	5804.000
1010.000	5663.000
1010.141	5948.000
1010.283	5686.000
1010.425	5901.000
1010.566	5615.000
1010.708	5872.000
1010.849	5736.000
1010.991	5902.000
1011.132	5715.000
1011.274	5905.000
1011.416	5865.000
1011.557	5898.000
1011.699	5767.000
1011.840	5995.000
1011.982	5747.000
1012.123	5960.000
1012.265	5748.000
1012.407	6053.000
1012.548	5817.000
1012.690	5956.000
1012.831	5809.000
1012.973	6008.000
1013.114	5853.000
1013.256	5985.000
1013.397	5859.000
1013.539	6081.000
1013.680	6015.000
1013.822	6157.000
1013.963	6006.000
1014.105	6214.000
1014.246	5959.000
1014.388	6176.000
1014.529	5997.000
1014.671	6137.000
1014.812	5901.000
1014.954	6102.000
1015.095	6040.000
1015.237	6209.000
1015.378	5984.000
1015.520	6206.000
1015.661	6004.000
1015.803	6204.000
1015.944	5965.000
1016.085	6225.000
1016.227	5993.000
1016.368	6137.000
1016.510	6019.000
1016.651	6220.000
1016.793	6160.000
1016.934	6223.000
1017.075	6094.000
1017.217	6260.000
1017.358	6125.000
1017.500	6294.000
1017.641	6090.000
1017.782	6319.000
1017.924	6155.000
1018.065	6310.000
1018.207	6144.000
1018.348	6389.000
1018.489	6173.000
1018.631	6327.000
1018.772	6200.000
1018.913	6337.000
1019.055	6173.000
1019.196	6334.000
1019.337	6208.000
1019.479	6472.000
1019.620	6296.000
1019.761	6410.000
1019.903	6241.000
1020.044	6442.000
1020.185	6281.000
1020.327	6422.000
1020.468	6254.000
1020.609	6464.000
1020.751	6253.000
1020.892	6493.000
1021.033	6351.000
1021.175	6524.000
1021.316	6359.000
1021.457	6524.000
1021.598	6343.000
1021.740	6551.000
1021.881	6413.000
1022.022	6571.000
1022.164	6431.000
1022.305	6599.000
1022.446	6362.000
1022.587	6587.000
1022.729	6536.000
1022.870	6672.000
1023.011	6475.000
1023.152	6611.000
1023.294	6543.000
1023.435	6622.000
1023.576	6465.000
1023.717	6703.000
1023.858	6530.000
1024.000	6697.000
1024.141	6506.000
1024.282	6704.000
1024.423	6506.000
1024.564	6738.000
1024.706	6625.000
1024.847	6789.000
1024.988	6531.000
1025.129	6798.000
1025.270	6578.000
1025.412	6824.000
1025.553	6626.000
1025.694	6858.000
1025.835	6612.000
1025.976	6815.000
1026.117	6697.000
1026.258	6831.000
1026.400	6672.000
1026.541	6912.000
1026.682	6735.000
1026.823	6863.000
1026.964	6744.000
1027.105	6903.000
1027.246	6776.000
1027.388	6966.000
1027.529	6778.000
1027.670	6891.000
1027.811	6778.000
1027.952	6995.000
1028.093	6846.000
1028.234	6970.000
1028.375	6855.000
1028.516	6999.000
1028.657	6877.000
1028.798	7087.000
1028.939	6856.000
1029.081	7010.000
1029.222	6937.000
1029.363	7065.000
1029.504	6944.000
1029.645	7117.000
1029.786	6977.000
1029.927	7132.000
1030.068	7005.000
1030.209	7146.000
1030.350	6990.000
1030.491	7144.000
1030.632	6997.000
1030.773	7212.000
1030.914	7006.000
1031.055	7138.000
1031.196	7113.000
1031.337	7226.000
1031.478	7072.000
1031.619	7173.000
1031.760	7043.000
1031.901	7309.000
1032.042	7086.000
1032.183	7236.000
1032.324	7141.000
1032.465	7352.000
1032.606	7315.000
1032.747	7304.000
1032.888	7154.000
1033.029	7305.000
1033.170	7138.000
1033.311	7373.000
1033.452	7189.000
1033.592	7393.000
1033.733	7208.000
1033.874	7303.000
1034.015	7277.000
1034.156	7378.000
1034.297	7239.000
1034.438	7382.000
1034.579	7260.000
1034.720	7492.000
1034.861	7286.000
1035.002	7444.000
1035.142	7279.000
1035.283	7422.000
1035.424	7288.000
1035.565	7492.000
1035.706	7324.000
1035.847	7458.000
1035.988	7414.000
1036.129	7476.000
1036.269	7343.000
1036.410	7632.000
1036.551	7383.000
1036.692	7546.000
1036.833	7387.000
1036.974	7507.000
1037.114	7429.000
1037.255	7517.000
1037.396	7458.000
1037.537	7504.000
1037.678	7462.000
1037.819	7550.000
1037.959	7510.000
1038.100	7607.000
1038.241	7480.000
1038.382	7672.000
1038.523	7519.000
1038.663	7725.000
1038.804	7514.000
1038.945	7678.000
1039.086	7596.000
1039.226	7636.000
1039.367	7575.000
1039.508	7639.000
1039.649	7584.000
1039.789	7658.000
1039.930	7586.000
1040.071	7760.000
1040.212	7683.000
1040.352	7710.000
1040.493	7606.000
1040.634	7728.000
1040.775	7630.000
1040.915	7723.000
1041.056	7631.000
1041.197	7869.000
1041.337	7676.000
1041.478	7774.000
1041.619	7636.000
1041.760	7776.000
1041.900	7699.000
1042.041	7781.000
1042.182	7610.000
1042.322	7860.000
1042.463	7700.000
1042.604	7897.000
1042.744	7766.000
1042.885	7946.000
1043.026	7731.000
1043.166	7914.000
1043.307	7746.000
1043.448	7901.000
1043.588	7746.000
1043.729	7948.000
1043.869	7722.000
1044.010	8004.000
1044.151	7820.000
1044.291	7960.000
1044.432	7738.000
1044.573	7937.000
1044.713	7806.000
1044.854	7998.000
1044.994	7857.000
1045.135	8037.000
1045.276	7923.000
1045.416	8043.000
1045.557	7873.000
1045.697	7983.000
1045.838	7913.000
1045.978	8085.000
1046.119	7871.000
1046.260	8065.000
1046.400	7906.000
1046.541	8104.000
1046.681	7902.000
1046.822	8127.000
1046.962	7926.000
1047.103	8178.000
1047.243	8064.000
1047.384	8149.000
1047.524	7972.000
1047.665	8107.000
1047.805	7975.000
1047.946	8157.000
1048.087	8019.000
1048.227	8178.000
1048.368	8047.000
1048.508	8150.000
1048.649	8059.000
1048.789	8198.000
1048.929	8110.000
1049.070	8226.000
1049.210	8064.000
1049.351	8291.000
1049.491	8137.000
1049.632	8264.000
1049.772	8092.000
1049.913	8265.000
1050.053	8050.000
1050.194	8291.000
1050.334	8177.000
1050.475	8212.000
1050.615	8164.000
1050.755	8415.000
1050.896	8146.000
1051.036	8293.000
1051.177	8210.000
1051.317	8308.000
1051.458	8190.000
1051.598	8277.000
1051.738	8206.000
1051.879	8331.000
1052.019	8227.000
1052.160	8333.000
1052.300	8251.000
1052.440	8364.000
1052.581	8187.000
1052.721	8422.000
1052.861	8322.000
1053.002	8396.000
1053.142	8338.000
1053.282	8409.000
1053.423	8265.000
1053.563	8436.000
1053.704	7836.000
1053.844	8399.000
1053.984	8272.000
1054.125	8388.000
1054.265	8202.000
1054.405	8437.000
1054.546	8256.000
1054.686	8453.000
1054.826	8347.000
1054.966	8457.000
1055.107	8313.000
1055.247	8433.000
1055.387	8301.000
1055.528	8475.000
1055.668	8337.000
1055.808	8443.000
1055.948	8230.000
1056.089	8463.000
1056.229	8215.000
1056.369	8411.000
1056.510	8266.000
1056.650	8379.000
1056.790	8274.000
1056.930	8441.000
1057.071	8231.000
1057.211	8453.000
1057.351	8167.000
1057.491	8489.000
1057.632	8253.000
1057.772	8331.000
1057.912	8257.000
1058.052	8341.000
1058.192	8247.000
1058.333	8348.000
1058.473	8234.000
1058.613	8377.000
1058.753	8330.000
1058.893	8535.000
1059.034	8350.000
1059.174	8552.000
1059.314	8344.000
1059.454	8488.000
1059.594	8338.000
1059.734	8534.000
1059.875	8315.000
1060.015	8525.000
1060.155	8315.000
1060.295	8513.000
1060.435	8353.000
1060.575	8520.000
1060.716	8493.000
1060.856	8541.000
1060.996	8362.000
1061.136	8644.000
1061.276	8346.000
1061.416	8553.000
1061.556	8442.000
1061.696	8617.000
1061.837	8428.000
1061.977	8678.000
1062.117	9978.000
1062.257	8631.000
1062.397	8470.000
1062.537	8607.000
1062.677	8493.000
1062.817	8613.000
1062.957	8418.000
1063.097	8620.000
1063.237	8582.000
1063.377	8726.000
1063.517	8640.000
1063.658	8729.000
1063.798	8598.000
1063.938	8789.000
1064.078	8712.000
1064.218	8852.000
1064.358	8732.000
1064.498	8820.000
1064.638	8673.000
1064.778	8874.000
1064.918	8674.000
1065.058	8833.000
1065.198	8651.000
1065.338	8743.000
1065.478	8624.000
1065.618	8740.000
1065.758	8575.000
1065.898	8669.000
1066.038	8601.000
1066.178	8800.000
1066.318	8599.000
1066.458	8759.000
1066.598	8632.000
1066.738	8828.000
1066.878	8641.000
1067.018	8845.000
1067.158	8666.000
1067.297	8798.000
1067.437	8556.000
1067.577	8807.000
1067.717	8605.000
1067.857	8861.000
1067.997	8633.000
1068.137	8875.000
1068.277	8691.000
1068.417	8868.000
1068.557	8674.000
1068.697	8920.000
1068.837	8604.000
1068.977	8890.000
1069.116	8769.000
1069.256	8808.000
1069.396	8653.000
1069.536	8884.000
1069.676	8688.000
1069.816	8867.000
1069.956	8697.000
1070.096	8835.000
1070.235	8731.000
1070.375	8876.000
1070.515	8760.000
1070.655	8883.000
1070.795	8757.000
1070.935	8983.000
1071.074	8692.000
1071.214	8939.000
1071.354	8645.000
1071.494	8918.000
1071.634	8826.000
1071.774	9007.000
1071.913	8739.000
1072.053	8905.000
1072.193	8799.000
1072.333	9031.000
1072.473	8794.000
1072.612	9056.000
1072.752	8820.000
1072.892	9053.000
1073.032	8778.000
1073.172	8973.000
1073.311	8815.000
1073.451	9041.000
1073.591	8794.000
1073.731	8901.000
1073.870	8865.000
1074.010	9125.000
1074.150	8867.000
1074.290	9007.000
1074.429	8829.000
1074.569	8973.000
1074.709	8888.000
1074.848	9080.000
