1429.840	3334.000
1429.989	3458.000
1430.138	3299.000
1430.288	3539.000
1430.437	3285.000
1430.587	3550.000
1430.736	3303.000
1430.885	3520.000
1431.035	3310.000
1431.184	3497.000
1431.333	3263.000
1431.482	3539.000
1431.632	3292.000
1431.781	3457.000
1431.930	3289.000
1432.079	3559.000
1432.229	3234.000
1432.378	3547.000
1432.527	3235.000
1432.676	3559.000
1432.825	3236.000
1432.974	3482.000
1433.123	3395.000
1433.273	3526.000
1433.422	3323.000
1433.571	3466.000
1433.720	3299.000
1433.869	3462.000
1434.018	3285.000
1434.167	3481.000
1434.316	3308.000
1434.465	3550.000
1434.614	3353.000
1434.763	3501.000
1434.911	3253.000
1435.060	3489.000
1435.209	3382.000
1435.358	3453.000
1435.507	3339.000
1435.656	3525.000
1435.805	3271.000
1435.954	3532.000
1436.102	3269.000
1436.251	3555.000
1436.400	3271.000
1436.549	3506.000
1436.697	3311.000
1436.846	3462.000
1436.995	3283.000
1437.144	3519.000
1437.292	3260.000
1437.441	3451.000
1437.590	3299.000
1437.738	3551.000
1437.887	3227.000
1438.035	3479.000
1438.184	3258.000
1438.333	3486.000
1438.481	3230.000
1438.630	3463.000
1438.778	3313.000
1438.927	3446.000
1439.075	3250.000
1439.224	3431.000
1439.372	3217.000
1439.521	3509.000
1439.669	3302.000
1439.818	3445.000
1439.966	3241.000
1440.114	3472.000
1440.263	3269.000
1440.411	3447.000
1440.559	3278.000
1440.708	3482.000
1440.856	3203.000
1441.004	3450.000
1441.153	3229.000
1441.301	3433.000
1441.449	3255.000
1441.597	3508.000
1441.746	3218.000
1441.894	3439.000
1442.042	3259.000
1442.190	3439.000
1442.338	3222.000
1442.487	3434.000
1442.635	3227.000
1442.783	3453.000
1442.931	3278.000
1443.079	3415.000
1443.227	3236.000
1443.375	3485.000
1443.523	3284.000
1443.671	3413.000
1443.819	3261.000
1443.967	3422.000
1444.115	3217.000
1444.263	3432.000
1444.411	3252.000
1444.559	3475.000
1444.707	3230.000
1444.855	3351.000
1445.003	3188.000
1445.151	3367.000
1445.299	3224.000
1445.447	3448.000
1445.594	3205.000
1445.742	3417.000
1445.890	3204.000
1446.038	3378.000
1446.186	3231.000
1446.333	3405.000
1446.481	3095.000
1446.629	3418.000
1446.776	3205.000
1446.924	3365.000
1447.072	3228.000
1447.220	3438.000
1447.367	3235.000
1447.515	3389.000
1447.662	3226.000
1447.810	3374.000
1447.958	3222.000
1448.105	3467.000
1448.253	3185.000
1448.400	3428.000
1448.548	3128.000
1448.695	3331.000
1448.843	3278.000
1448.990	3425.000
1449.138	3209.000
1449.285	3416.000
1449.433	3198.000
1449.580	3353.000
1449.728	3199.000
1449.875	3389.000
1450.022	3232.000
1450.170	3419.000
1450.317	3189.000
1450.464	3416.000
1450.612	3269.000
1450.759	3436.000
1450.906	3177.000
1451.054	3345.000
1451.201	3223.000
1451.348	3472.000
1451.495	3265.000
1451.643	3381.000
1451.790	3223.000
1451.937	3452.000
1452.084	3217.000
1452.231	3404.000
1452.378	3213.000
1452.526	3359.000
1452.673	3191.000
1452.820	3412.000
1452.967	3225.000
1453.114	3428.000
1453.261	3185.000
1453.408	3450.000
1453.555	3235.000
1453.702	3366.000
1453.849	3205.000
1453.996	3412.000
1454.143	3152.000
1454.290	3392.000
1454.437	3204.000
1454.584	3392.000
1454.731	3186.000
1454.878	3415.000
1455.024	3121.000
1455.171	3419.000
1455.318	3213.000
1455.465	3371.000
1455.612	3230.000
1455.759	3398.000
1455.905	3151.000
1456.052	3402.000
1456.199	3118.000
1456.346	3332.000
1456.492	3207.000
1456.639	3413.000
1456.786	3239.000
1456.932	3406.000
1457.079	3121.000
1457.226	3303.000
1457.372	3202.000
1457.519	3353.000
1457.665	3206.000
1457.812	3427.000
1457.959	3168.000
1458.105	3353.000
1458.252	3123.000
1458.398	3391.000
1458.545	3176.000
1458.691	3447.000
1458.838	3133.000
1458.984	3345.000
1459.131	3098.000
1459.277	3448.000
1459.423	3298.000
1459.570	3354.000
1459.716	3227.000
1459.863	3359.000
1460.009	3150.000
1460.155	3393.000
1460.302	3170.000
1460.448	3438.000
1460.594	3141.000
1460.741	3400.000
1460.887	3170.000
1461.033	3373.000
1461.179	3137.000
1461.326	3461.000
1461.472	3180.000
1461.618	3368.000
1461.764	3121.000
1461.910	3353.000
1462.056	3124.000
1462.203	3339.000
1462.349	3189.000
1462.495	3394.000
1462.641	3151.000
1462.787	3381.000
1462.933	3061.000
1463.079	3364.000
1463.225	3136.000
1463.371	3340.000
1463.517	3166.000
1463.663	3406.000
1463.809	3197.000
1463.955	3369.000
1464.101	3150.000
1464.247	3394.000
1464.393	3140.000
1464.539	3355.000
1464.684	3155.000
1464.830	3386.000
1464.976	3141.000
1465.122	3347.000
1465.268	3149.000
1465.414	3361.000
1465.559	3164.000
1465.705	3352.000
1465.851	3123.000
1465.997	3402.000
1466.142	3171.000
1466.288	3394.000
1466.434	3205.000
1466.579	3460.000
1466.725	3189.000
1466.871	3338.000
1467.016	3159.000
1467.162	3355.000
1467.308	3144.000
1467.453	3397.000
1467.599	3260.000
1467.744	3408.000
1467.890	3144.000
1468.035	3431.000
1468.181	3277.000
1468.326	3381.000
1468.472	3140.000
1468.617	3415.000
1468.763	3174.000
1468.908	3372.000
1469.054	3148.000
1469.199	3410.000
1469.344	3162.000
1469.490	3376.000
1469.635	3177.000
1469.780	3369.000
1469.926	3190.000
1470.071	3372.000
1470.216	3185.000
1470.362	3396.000
1470.507	3187.000
1470.652	3456.000
1470.797	3194.000
1470.943	3345.000
1471.088	3215.000
1471.233	3384.000
1471.378	3115.000
1471.523	3403.000
1471.668	3266.000
1471.814	3399.000
1471.959	3178.000
1472.104	3342.000
1472.249	3189.000
1472.394	3374.000
1472.539	3184.000
1472.684	3386.000
1472.829	3233.000
1472.974	3404.000
1473.119	3172.000
1473.264	3408.000
1473.409	3041.000
1473.554	3399.000
1473.699	3144.000
1473.844	3364.000
1473.989	3154.000
1474.134	3400.000
1474.279	3176.000
1474.423	3360.000
1474.568	3250.000
1474.713	3308.000
1474.858	3139.000
1475.003	3370.000
1475.147	3162.000
1475.292	3332.000
1475.437	3124.000
1475.582	3437.000
1475.726	3251.000
1475.871	3379.000
1476.016	3145.000
1476.161	3379.000
1476.305	3200.000
1476.450	3388.000
1476.594	3117.000
1476.739	3407.000
1476.884	3157.000
1477.028	3313.000
1477.173	3179.000
1477.317	3337.000
1477.462	3172.000
1477.606	3452.000
1477.751	3152.000
1477.895	3255.000
1478.040	3159.000
1478.184	3388.000
1478.329	3200.000
1478.473	3287.000
1478.618	3099.000
1478.762	3399.000
1478.907	3143.000
1479.051	3345.000
1479.195	3119.000
1479.340	3379.000
1479.484	3171.000
1479.628	3375.000
1479.773	3209.000
1479.917	3391.000
1480.061	3165.000
1480.205	3391.000
1480.350	3122.000
1480.494	3306.000
1480.638	3210.000
1480.782	3366.000
1480.926	3067.000
1481.071	3395.000
1481.215	3074.000
1481.359	3292.000
1481.503	3144.000
1481.647	3377.000
1481.791	3170.000
1481.935	3330.000
1482.079	3161.000
1482.223	3270.000
1482.367	3128.000
1482.511	3356.000
1482.655	3234.000
1482.799	3266.000
1482.943	3176.000
1483.087	3322.000
1483.231	3182.000
1483.375	3348.000
1483.519	3120.000
1483.663	3309.000
1483.807	3148.000
1483.951	3311.000
1484.095	3143.000
1484.238	3369.000
1484.382	3107.000
1484.526	3378.000
1484.670	3084.000
1484.814	3345.000
1484.957	3127.000
1485.101	3391.000
1485.245	3164.000
1485.389	3429.000
1485.532	3110.000
1485.676	3444.000
1485.820	3136.000
1485.963	3350.000
1486.107	3153.000
1486.250	3351.000
1486.394	3155.000
1486.538	3295.000
1486.681	3177.000
1486.825	3383.000
1486.968	3126.000
1487.112	3369.000
1487.255	3153.000
1487.399	3378.000
1487.542	3233.000
1487.686	3408.000
1487.829	3198.000
1487.973	3332.000
1488.116	3095.000
1488.260	3399.000
1488.403	3032.000
1488.546	3376.000
1488.690	3187.000
1488.833	3363.000
1488.976	3229.000
1489.120	3271.000
1489.263	3057.000
1489.406	3279.000
1489.550	3173.000
1489.693	3433.000
1489.836	3157.000
1489.979	3363.000
1490.123	3129.000
1490.266	3386.000
1490.409	3169.000
1490.552	3316.000
1490.695	3087.000
1490.838	3382.000
1490.981	3199.000
1491.125	3351.000
1491.268	3146.000
1491.411	3385.000
1491.554	3138.000
1491.697	3370.000
1491.840	3190.000
1491.983	3269.000
1492.126	3095.000
1492.269	3371.000
1492.412	3166.000
1492.555	3451.000
1492.698	3122.000
1492.841	3395.000
1492.984	3148.000
1493.126	3355.000
1493.269	3175.000
1493.412	3370.000
1493.555	3166.000
1493.698	3349.000
1493.841	3187.000
1493.984	3364.000
1494.126	3174.000
1494.269	3399.000
1494.412	3174.000
1494.555	3425.000
1494.697	3178.000
1494.840	3318.000
1494.983	3126.000
1495.125	3389.000
1495.268	3122.000
1495.411	3323.000
1495.553	3102.000
1495.696	3320.000
1495.839	3127.000
1495.981	3321.000
1496.124	3182.000
1496.266	3360.000
1496.409	3143.000
1496.551	3378.000
1496.694	3195.000
1496.836	3325.000
1496.979	3121.000
1497.121	3382.000
1497.264	3207.000
1497.406	3365.000
1497.549	3158.000
1497.691	3394.000
1497.834	3170.000
1497.976	3336.000
1498.118	3138.000
1498.261	3347.000
1498.403	3163.000
1498.545	3377.000
1498.688	3135.000
1498.830	3363.000
1498.972	3130.000
1499.114	3303.000
1499.257	3242.000
1499.399	3323.000
1499.541	3102.000
1499.683	3355.000
1499.826	3089.000
1499.968	3392.000
1500.110	3225.000
1500.252	3318.000
1500.394	3154.000
1500.536	3294.000
1500.678	3204.000
1500.820	3364.000
1500.962	3180.000
1501.104	3387.000
1501.247	3167.000
1501.389	3370.000
1501.531	3157.000
1501.673	3382.000
1501.815	3176.000
1501.956	3385.000
1502.098	3196.000
1502.240	3393.000
1502.382	3167.000
1502.524	3271.000
1502.666	3078.000
1502.808	3351.000
1502.950	3087.000
1503.092	3343.000
1503.233	3152.000
1503.375	3335.000
1503.517	3152.000
1503.659	3319.000
1503.801	3158.000
1503.942	3393.000
1504.084	3037.000
1504.226	3405.000
1504.367	3154.000
1504.509	3330.000
1504.651	3176.000
1504.792	3378.000
1504.934	3148.000
1505.076	3328.000
1505.217	3127.000
1505.359	3323.000
1505.501	3163.000
1505.642	3341.000
1505.784	3083.000
1505.925	3324.000
1506.067	3271.000
1506.208	3353.000
1506.350	3146.000
1506.491	3405.000
1506.633	3087.000
1506.774	3326.000
1506.915	3097.000
1507.057	3362.000
1507.198	3113.000
1507.340	3450.000
1507.481	3159.000
1507.622	3405.000
1507.764	3157.000
1507.905	3365.000
1508.046	3146.000
1508.188	3361.000
1508.329	3082.000
1508.470	3322.000
1508.611	3139.000
1508.753	3371.000
1508.894	3178.000
1509.035	3362.000
1509.176	3062.000
1509.317	3352.000
1509.459	3134.000
1509.600	3325.000
1509.741	3145.000
1509.882	3328.000
1510.023	3107.000
1510.164	3352.000
1510.305	3079.000
1510.446	3384.000
1510.587	3146.000
1510.728	3408.000
1510.869	3151.000
1511.010	3333.000
1511.151	3104.000
1511.292	3280.000
1511.433	3154.000
1511.574	3434.000
1511.715	3145.000
1511.856	3372.000
1511.997	3057.000
1512.138	3359.000
1512.279	3157.000
1512.419	3366.000
1512.560	3106.000
1512.701	3325.000
1512.842	3221.000
1512.983	3289.000
1513.123	3140.000
1513.264	3370.000
1513.405	3076.000
1513.546	3343.000
1513.686	3082.000
1513.827	3405.000
1513.968	3170.000
1514.108	3261.000
1514.249	3137.000
1514.390	3339.000
1514.530	3156.000
1514.671	3266.000
1514.811	3035.000
1514.952	3331.000
1515.093	3205.000
1515.233	3353.000
1515.374	3148.000
1515.514	3392.000
1515.655	3128.000
1515.795	3331.000
1515.936	3116.000
1516.076	3306.000
1516.216	3028.000
1516.357	3284.000
1516.497	3193.000
1516.638	3343.000
1516.778	3132.000
1516.918	3335.000
1517.059	3090.000
1517.199	3355.000
1517.339	3036.000
1517.480	3343.000
1517.620	3083.000
1517.760	3259.000
1517.900	3037.000
1518.041	3282.000
1518.181	3172.000
1518.321	3297.000
1518.461	3082.000
1518.601	3298.000
1518.742	3131.000
1518.882	3305.000
1519.022	3099.000
1519.162	3349.000
1519.302	3128.000
1519.442	3286.000
1519.582	3090.000
1519.722	3346.000
1519.862	3101.000
1520.002	3278.000
1520.142	3095.000
1520.282	3303.000
1520.422	3082.000
1520.562	3239.000
1520.702	3074.000
1520.842	3359.000
1520.982	3144.000
1521.122	3263.000
1521.262	3097.000
1521.402	3292.000
1521.542	3087.000
1521.682	3266.000
1521.821	3059.000
1521.961	3283.000
1522.101	3055.000
1522.241	3277.000
1522.380	3090.000
1522.520	3299.000
1522.660	3060.000
1522.800	3268.000
1522.939	3036.000
1523.079	3301.000
1523.219	3104.000
1523.358	3241.000
1523.498	3109.000
1523.638	3311.000
1523.777	3026.000
1523.917	3242.000
1524.057	3159.000
1524.196	3343.000
1524.336	3109.000
1524.475	3249.000
1524.615	3123.000
1524.754	3255.000
1524.894	3063.000
1525.033	3299.000
1525.173	3111.000
1525.312	3253.000
1525.452	3061.000
1525.591	3294.000
1525.730	3059.000
1525.870	3324.000
1526.009	3114.000
1526.148	3347.000
1526.288	3015.000
1526.427	3297.000
1526.566	3065.000
1526.706	3318.000
1526.845	3067.000
1526.984	3343.000
1527.124	3052.000
1527.263	3282.000
1527.402	3087.000
1527.541	3246.000
1527.680	3067.000
1527.820	3347.000
1527.959	3100.000
1528.098	3255.000
1528.237	3104.000
1528.376	3264.000
1528.515	3115.000
1528.654	3298.000
1528.793	3089.000
1528.933	3247.000
1529.072	3067.000
1529.211	3306.000
1529.350	3144.000
1529.489	3262.000
1529.628	3114.000
1529.767	3243.000
1529.905	3118.000
1530.044	3354.000
1530.183	3095.000
1530.322	3264.000
1530.461	3156.000
1530.600	3299.000
1530.739	3099.000
1530.878	3341.000
1531.017	3138.000
1531.155	3319.000
1531.294	3165.000
1531.433	3333.000
1531.572	3130.000
1531.710	3304.000
1531.849	3106.000
1531.988	3387.000
1532.127	3139.000
1532.265	3270.000
1532.404	3176.000
1532.543	3336.000
1532.681	3137.000
1532.820	3270.000
1532.959	3087.000
1533.097	3353.000
1533.236	3120.000
1533.374	3313.000
1533.513	3138.000
1533.651	3370.000
1533.790	3341.000
1533.929	3330.000
1534.067	3116.000
1534.205	3305.000
1534.344	3088.000
1534.482	3351.000
1534.621	3072.000
1534.759	3376.000
1534.898	3092.000
1535.036	3237.000
1535.174	3151.000
1535.313	3283.000
1535.451	3094.000
1535.589	3275.000
1535.728	3143.000
1535.866	3362.000
1536.004	3117.000
1536.143	3257.000
1536.281	3082.000
1536.419	3243.000
1536.557	3093.000
1536.696	3316.000
1536.834	3130.000
1536.972	3272.000
1537.110	3168.000
1537.248	3280.000
1537.386	3086.000
1537.525	3368.000
1537.663	3138.000
1537.801	3336.000
1537.939	3124.000
1538.077	3229.000
1538.215	3126.000
1538.353	3265.000
1538.491	3124.000
1538.629	3208.000
1538.767	3105.000
1538.905	3236.000
1539.043	3120.000
1539.181	3280.000
1539.319	3130.000
1539.457	3291.000
1539.595	3127.000
1539.732	3321.000
1539.870	3102.000
1540.008	3258.000
1540.146	3146.000
1540.284	3290.000
1540.422	3156.000
1540.559	3279.000
1540.697	3133.000
1540.835	3239.000
1540.973	3146.000
1541.110	3318.000
1541.248	3174.000
1541.386	3293.000
1541.523	3090.000
1541.661	3238.000
1541.799	3089.000
1541.936	3254.000
1542.074	3096.000
1542.212	3331.000
1542.349	3127.000
1542.487	3312.000
1542.624	3089.000
1542.762	3253.000
1542.899	3083.000
1543.037	3244.000
1543.174	3047.000
1543.312	3303.000
1543.449	3090.000
1543.587	3346.000
1543.724	3148.000
1543.862	3354.000
1543.999	3072.000
1544.137	3324.000
1544.274	3100.000
1544.411	3260.000
1544.549	3107.000
1544.686	3312.000
1544.823	3050.000
1544.961	3319.000
1545.098	3123.000
1545.235	3350.000
1545.372	3090.000
1545.510	3308.000
1545.647	3087.000
1545.784	3336.000
1545.921	3123.000
1546.058	3349.000
1546.196	3159.000
1546.333	3354.000
1546.470	3150.000
1546.607	3265.000
1546.744	3127.000
1546.881	3333.000
1547.018	3100.000
1547.155	3338.000
1547.292	3095.000
1547.429	3349.000
1547.567	3091.000
1547.704	3322.000
1547.841	3081.000
1547.977	3365.000
1548.114	3219.000
1548.251	3342.000
1548.388	3076.000
1548.525	3332.000
1548.662	3123.000
1548.799	3286.000
1548.936	3143.000
1549.073	3320.000
1549.210	3175.000
1549.346	3296.000
1549.483	3157.000
1549.620	3342.000
1549.757	3174.000
1549.893	3329.000
1550.030	3139.000
1550.167	3358.000
1550.304	3122.000
1550.440	3314.000
1550.577	3119.000
1550.714	3312.000
1550.850	3075.000
1550.987	3358.000
1551.124	3161.000
1551.260	3265.000
1551.397	3179.000
1551.533	3434.000
1551.670	3107.000
1551.807	3357.000
1551.943	3173.000
1552.080	3330.000
1552.216	3114.000
1552.353	3253.000
1552.489	3119.000
1552.626	3294.000
1552.762	3136.000
1552.898	3320.000
1553.035	3136.000
1553.171	3308.000
1553.308	3146.000
1553.444	3386.000
1553.580	3200.000
1553.717	3332.000
1553.853	3227.000
1553.989	3324.000
1554.126	3150.000
1554.262	3325.000
1554.398	2759.000
1554.534	3311.000
1554.671	3143.000
1554.807	3264.000
1554.943	3052.000
1555.079	3312.000
1555.215	3092.000
1555.352	3344.000
1555.488	3181.000
1555.624	3339.000
1555.760	3171.000
1555.896	3291.000
1556.032	3144.000
1556.168	3333.000
1556.304	3164.000
1556.440	3331.000
1556.576	3066.000
1556.712	3344.000
1556.848	3095.000
1556.984	3291.000
1557.120	3120.000
1557.256	3256.000
1557.392	3125.000
1557.528	3324.000
1557.664	3093.000
1557.800	3347.000
1557.936	3077.000
1558.071	3389.000
1558.207	3142.000
1558.343	3251.000
1558.479	3177.000
1558.615	3280.000
1558.751	3112.000
1558.886	3241.000
1559.022	3063.000
1559.158	3251.000
1559.293	3080.000
1559.429	3343.000
1559.565	3111.000
1559.701	3336.000
1559.836	3088.000
1559.972	3243.000
1560.107	3077.000
1560.243	3231.000
1560.379	2999.000
1560.514	3256.000
1560.650	3019.000
1560.785	3260.000
1560.921	3032.000
1561.056	3233.000
1561.192	3173.000
1561.327	3278.000
1561.463	3046.000
1561.598	3349.000
1561.734	3039.000
1561.869	3252.000
1562.005	3099.000
1562.140	3311.000
1562.275	3087.000
1562.411	3353.000
1562.546	4697.000
1562.682	3308.000
1562.817	3115.000
1562.952	3274.000
1563.087	3134.000
1563.223	3276.000
1563.358	3002.000
1563.493	3233.000
1563.628	3179.000
1563.764	3353.000
1563.899	3162.000
1564.034	3244.000
1564.169	3073.000
1564.304	3278.000
1564.440	3172.000
1564.575	3351.000
1564.710	3142.000
1564.845	3255.000
1564.980	3043.000
1565.115	3321.000
1565.250	3129.000
1565.385	3330.000
1565.520	3150.000
1565.655	3318.000
1565.790	3132.000
1565.925	3304.000
1566.060	3062.000
1566.195	3240.000
1566.330	3059.000
1566.465	3351.000
1566.600	3095.000
1566.735	3312.000
1566.870	3066.000
1567.004	3342.000
1567.139	3133.000
1567.274	3375.000
1567.409	3122.000
1567.544	3332.000
1567.678	3019.000
1567.813	3299.000
1567.948	3040.000
1568.083	3322.000
1568.217	3097.000
1568.352	3345.000
1568.487	3123.000
1568.622	3288.000
1568.756	3119.000
1568.891	3365.000
1569.025	3046.000
1569.160	3316.000
1569.295	3127.000
1569.429	3249.000
1569.564	3084.000
1569.698	3329.000
1569.833	3080.000
1569.967	3285.000
1570.102	3109.000
1570.236	3279.000
1570.371	3131.000
1570.505	3287.000
1570.640	3117.000
1570.774	3310.000
1570.909	3144.000
1571.043	3364.000
1571.177	3052.000
1571.312	3305.000
1571.446	3048.000
1571.581	3288.000
1571.715	3175.000
1571.849	3353.000
1571.983	3127.000
1572.118	3311.000
1572.252	3154.000
1572.386	3352.000
1572.521	3143.000
1572.655	3390.000
1572.789	3158.000
1572.923	3356.000
1573.057	3108.000
1573.191	3316.000
1573.326	3132.000
1573.460	3324.000
1573.594	3112.000
1573.728	3218.000
1573.862	3175.000
1573.996	3385.000
1574.130	3203.000
1574.264	3281.000
1574.398	3102.000
1574.532	3214.000
1574.666	3188.000
1574.800	3383.000
