1129.938	9234.000
1130.084	8695.000
1130.229	9213.000
1130.375	8769.000
1130.521	9232.000
1130.667	8843.000
1130.813	9225.000
1130.958	8748.000
1131.104	9194.000
1131.250	8750.000
1131.396	9127.000
1131.542	8841.000
1131.687	9193.000
1131.833	8734.000
1131.979	9231.000
1132.124	8842.000
1132.270	9010.000
1132.416	8690.000
1132.561	8936.000
1132.707	8647.000
1132.853	9037.000
1132.998	8676.000
1133.144	9290.000
1133.290	8866.000
1133.435	9343.000
1133.581	8892.000
1133.727	9259.000
1133.872	8758.000
1134.018	9222.000
1134.163	8871.000
1134.309	9325.000
1134.455	8986.000
1134.600	9428.000
1134.746	8983.000
1134.891	9358.000
1135.037	8991.000
1135.182	9472.000
1135.328	8963.000
1135.473	9401.000
1135.619	9032.000
1135.764	9392.000
1135.910	9005.000
1136.055	9367.000
1136.201	9044.000
1136.346	9357.000
1136.492	8975.000
1136.637	9390.000
1136.783	8970.000
1136.928	9392.000
1137.074	9056.000
1137.219	9403.000
1137.364	9037.000
1137.510	9462.000
1137.655	9077.000
1137.801	9391.000
1137.946	9067.000
1138.091	9363.000
1138.237	9060.000
1138.382	9362.000
1138.527	9041.000
1138.673	9462.000
1138.818	8993.000
1138.963	9363.000
1139.109	9000.000
1139.254	9334.000
1139.399	9061.000
1139.544	9419.000
1139.690	9025.000
1139.835	9413.000
1139.980	9060.000
1140.125	9416.000
1140.271	9053.000
1140.416	9455.000
1140.561	9097.000
1140.706	9405.000
1140.851	9091.000
1140.997	9427.000
1141.142	9061.000
1141.287	9450.000
1141.432	9204.000
1141.577	9430.000
1141.723	9104.000
1141.868	9439.000
1142.013	9098.000
1142.158	9326.000
1142.303	8998.000
1142.448	9281.000
1142.593	9033.000
1142.738	9332.000
1142.883	9059.000
1143.028	9365.000
1143.174	9137.000
1143.319	9386.000
1143.464	9095.000
1143.609	9412.000
1143.754	9062.000
1143.899	9327.000
1144.044	9104.000
1144.189	9426.000
1144.334	9163.000
1144.479	9402.000
1144.624	9044.000
1144.769	9292.000
1144.914	8929.000
1145.059	9294.000
1145.204	9118.000
1145.348	9316.000
1145.493	9028.000
1145.638	9339.000
1145.783	9029.000
1145.928	9347.000
1146.073	9092.000
1146.218	9271.000
1146.363	9153.000
1146.508	9383.000
1146.653	9110.000
1146.797	9407.000
1146.942	9120.000
1147.087	9367.000
1147.232	9110.000
1147.377	9341.000
1147.522	9067.000
1147.666	9326.000
1147.811	9125.000
1147.956	9235.000
1148.101	9035.000
1148.245	9191.000
1148.390	8965.000
1148.535	9369.000
1148.680	9136.000
1148.824	9319.000
1148.969	9097.000
1149.114	9279.000
1149.259	9004.000
1149.403	9257.000
1149.548	9019.000
1149.693	9320.000
1149.837	9063.000
1149.982	9200.000
1150.127	9032.000
1150.271	9241.000
1150.416	9023.000
1150.561	9181.000
1150.705	8922.000
1150.850	9141.000
1150.994	8960.000
1151.139	9144.000
1151.284	8932.000
1151.428	9088.000
1151.573	9002.000
1151.717	9185.000
1151.862	8961.000
1152.006	9134.000
1152.151	8968.000
1152.295	9073.000
1152.440	8968.000
1152.584	9128.000
1152.729	8956.000
1152.873	9094.000
1153.018	8909.000
1153.162	9107.000
1153.307	8890.000
1153.451	9023.000
1153.596	8922.000
1153.740	9005.000
1153.885	8873.000
1154.029	9032.000
1154.174	8816.000
1154.318	8980.000
1154.462	8840.000
1154.607	8883.000
1154.751	8834.000
1154.896	8955.000
1155.040	8730.000
1155.184	8935.000
1155.329	8797.000
1155.473	8834.000
1155.617	8752.000
1155.762	8786.000
1155.906	8700.000
1156.050	8846.000
1156.194	8751.000
1156.339	8810.000
1156.483	8742.000
1156.627	8669.000
1156.772	8588.000
1156.916	8739.000
1157.060	8613.000
1157.204	8772.000
1157.349	8646.000
1157.493	8685.000
1157.637	8567.000
1157.781	8634.000
1157.925	8583.000
1158.070	8621.000
1158.214	8616.000
1158.358	8594.000
1158.502	8502.000
1158.646	8475.000
1158.790	8541.000
1158.935	8663.000
1159.079	8442.000
1159.223	8567.000
1159.367	8401.000
1159.511	8452.000
1159.655	8443.000
1159.799	8473.000
1159.943	8444.000
1160.087	8401.000
1160.231	8406.000
1160.375	8374.000
1160.519	8330.000
1160.664	8322.000
1160.808	8368.000
1160.952	8356.000
1161.096	8273.000
1161.240	8258.000
1161.384	8255.000
1161.528	8213.000
1161.672	8212.000
1161.815	8266.000
1161.959	8203.000
1162.103	8188.000
1162.247	8212.000
1162.391	8051.000
1162.535	8122.000
1162.679	8072.000
1162.823	8086.000
1162.967	8083.000
1163.111	8138.000
1163.255	8060.000
1163.399	8038.000
1163.542	8028.000
1163.686	8024.000
1163.830	7956.000
1163.974	7945.000
1164.118	7937.000
1164.262	7981.000
1164.405	7847.000
1164.549	7865.000
1164.693	7845.000
1164.837	7848.000
1164.981	7827.000
1165.124	7792.000
1165.268	7740.000
1165.412	7809.000
1165.556	7749.000
1165.699	7755.000
1165.843	7784.000
1165.987	7765.000
1166.131	7712.000
1166.274	7667.000
1166.418	7603.000
1166.562	7627.000
1166.705	7524.000
1166.849	7628.000
1166.993	7611.000
1167.136	7605.000
1167.280	7463.000
1167.424	7575.000
1167.567	7527.000
1167.711	7447.000
1167.854	7403.000
1167.998	7490.000
1168.142	7393.000
1168.285	7395.000
1168.429	7319.000
1168.572	7411.000
1168.716	7255.000
1168.859	7296.000
1169.003	7239.000
1169.147	7278.000
1169.290	7214.000
1169.434	7216.000
1169.577	7134.000
1169.721	7194.000
1169.864	7088.000
1170.008	7222.000
1170.151	7062.000
1170.294	7063.000
1170.438	7030.000
1170.581	7097.000
1170.725	6890.000
1170.868	7023.000
1171.012	6953.000
1171.155	6969.000
1171.298	6831.000
1171.442	6876.000
1171.585	6796.000
1171.729	6836.000
1171.872	6742.000
1172.015	6805.000
1172.159	6736.000
1172.302	6757.000
1172.445	6661.000
1172.589	6712.000
1172.732	6434.000
1172.875	6707.000
1173.019	6476.000
1173.162	6603.000
1173.305	6441.000
1173.449	6611.000
1173.592	6435.000
1173.735	6537.000
1173.878	6445.000
1174.022	6403.000
1174.165	6238.000
1174.308	6456.000
1174.451	6264.000
1174.594	6351.000
1174.738	6153.000
1174.881	6380.000
1175.024	6261.000
1175.167	6292.000
1175.310	6076.000
1175.454	6261.000
1175.597	6099.000
1175.740	6223.000
1175.883	5975.000
1176.026	6182.000
1176.169	5953.000
1176.312	6004.000
1176.455	5927.000
1176.598	5984.000
1176.742	5861.000
1176.885	6090.000
1177.028	5773.000
1177.171	5826.000
1177.314	5778.000
1177.457	5941.000
1177.600	5779.000
1177.743	5819.000
1177.886	5602.000
1178.029	5858.000
1178.172	5620.000
1178.315	5783.000
1178.458	5593.000
1178.601	5751.000
1178.744	5562.000
1178.887	5665.000
1179.030	5525.000
1179.173	5655.000
1179.316	5458.000
1179.458	5623.000
1179.601	5397.000
1179.744	5509.000
1179.887	5404.000
1180.030	5522.000
1180.173	5248.000
1180.316	5527.000
1180.459	5211.000
1180.602	5405.000
1180.744	5279.000
1180.887	5411.000
1181.030	5231.000
1181.173	5349.000
1181.316	5218.000
1181.458	5260.000
1181.601	5131.000
1181.744	5296.000
1181.887	5228.000
1182.030	5201.000
1182.172	5094.000
1182.315	5215.000
1182.458	5081.000
1182.601	5192.000
1182.743	4995.000
1182.886	5125.000
1183.029	5003.000
1183.171	5130.000
1183.314	4966.000
1183.457	5149.000
1183.599	4864.000
1183.742	5123.000
1183.885	4835.000
1184.027	5085.000
1184.170	4843.000
1184.313	5077.000
1184.455	4875.000
1184.598	5103.000
1184.741	4776.000
1184.883	5101.000
1185.026	4802.000
1185.168	4975.000
1185.311	4791.000
1185.453	4971.000
1185.596	4769.000
1185.739	4904.000
1185.881	4731.000
1186.024	4950.000
1186.166	4693.000
1186.309	4874.000
1186.451	4715.000
1186.594	4884.000
1186.736	4769.000
1186.879	4887.000
1187.021	4721.000
1187.164	4820.000
1187.306	4593.000
1187.448	4885.000
1187.591	4522.000
1187.733	4825.000
1187.876	4659.000
1188.018	4770.000
1188.160	4679.000
1188.303	4695.000
1188.445	4488.000
1188.588	4693.000
1188.730	4597.000
1188.872	4793.000
1189.015	4528.000
1189.157	4696.000
1189.299	4463.000
1189.442	4732.000
1189.584	4497.000
1189.726	4662.000
1189.869	4395.000
1190.011	4694.000
1190.153	4520.000
1190.295	4604.000
1190.438	4419.000
1190.580	4646.000
1190.722	4407.000
1190.864	4642.000
1191.007	4447.000
1191.149	4561.000
1191.291	4344.000
1191.433	4586.000
1191.576	4389.000
1191.718	4651.000
1191.860	4342.000
1192.002	4603.000
1192.144	4358.000
1192.286	4530.000
1192.429	4355.000
1192.571	4597.000
1192.713	4342.000
1192.855	4551.000
1192.997	4340.000
1193.139	4513.000
1193.281	4338.000
1193.423	4535.000
1193.565	4322.000
1193.707	4548.000
1193.850	4263.000
1193.992	4456.000
1194.134	4250.000
1194.276	4548.000
1194.418	4194.000
1194.560	4422.000
1194.702	4246.000
1194.844	4410.000
1194.986	4220.000
1195.128	4407.000
1195.270	4270.000
1195.412	4440.000
1195.554	4232.000
1195.696	4466.000
1195.837	4272.000
1195.979	4392.000
1196.121	4200.000
1196.263	4417.000
1196.405	4274.000
1196.547	4394.000
1196.689	4200.000
1196.831	4440.000
1196.973	4179.000
1197.115	4355.000
1197.256	4176.000
1197.398	4358.000
1197.540	4195.000
1197.682	4372.000
1197.824	4153.000
1197.966	4347.000
1198.107	4151.000
1198.249	4311.000
1198.391	4216.000
1198.533	4332.000
1198.675	4077.000
1198.816	4341.000
1198.958	4078.000
1199.100	4350.000
1199.242	4196.000
1199.383	4265.000
1199.525	4095.000
1199.667	4240.000
1199.808	4155.000
1199.950	4321.000
1200.092	4147.000
1200.233	4342.000
1200.375	4084.000
1200.517	4299.000
1200.658	4112.000
1200.800	4297.000
1200.942	4096.000
1201.083	4320.000
1201.225	4137.000
1201.367	4324.000
1201.508	4085.000
1201.650	4193.000
1201.791	4012.000
1201.933	4301.000
1202.074	4002.000
1202.216	4235.000
1202.358	4035.000
1202.499	4235.000
1202.641	4033.000
1202.782	4195.000
1202.924	4050.000
1203.065	4285.000
1203.207	3913.000
1203.348	4291.000
1203.490	4037.000
1203.631	4205.000
1203.773	4036.000
1203.914	4231.000
1204.056	3994.000
1204.197	4189.000
1204.338	3961.000
1204.480	4182.000
1204.621	4027.000
1204.763	4185.000
1204.904	3939.000
1205.045	4183.000
1205.187	4133.000
1205.328	4183.000
1205.470	3978.000
1205.611	4226.000
1205.752	3939.000
1205.894	4151.000
1206.035	3947.000
1206.176	4197.000
1206.318	3911.000
1206.459	4264.000
1206.600	3957.000
1206.741	4193.000
1206.883	3952.000
1207.024	4186.000
1207.165	3989.000
1207.306	4192.000
1207.448	3879.000
1207.589	4114.000
1207.730	3901.000
1207.871	4150.000
1208.013	3973.000
1208.154	4104.000
1208.295	3842.000
1208.436	4122.000
1208.577	3941.000
1208.719	4093.000
1208.860	3910.000
1209.001	4115.000
1209.142	3853.000
1209.283	4099.000
1209.424	3852.000
1209.565	4143.000
1209.706	3921.000
1209.848	4152.000
1209.989	3893.000
1210.130	4077.000
1210.271	3853.000
1210.412	4036.000
1210.553	3881.000
1210.694	4184.000
1210.835	3865.000
1210.976	4111.000
1211.117	3771.000
1211.258	4080.000
1211.399	3877.000
1211.540	4079.000
1211.681	3869.000
1211.822	4038.000
1211.963	3943.000
1212.104	4026.000
1212.245	3863.000
1212.386	4115.000
1212.527	3800.000
1212.668	4053.000
1212.809	3812.000
1212.950	4115.000
1213.090	3883.000
1213.231	3968.000
1213.372	3814.000
1213.513	4029.000
1213.654	3820.000
1213.795	3962.000
1213.936	3726.000
1214.077	3980.000
1214.217	3889.000
1214.358	4024.000
1214.499	3840.000
1214.640	4078.000
1214.781	3818.000
1214.921	3992.000
1215.062	3784.000
1215.203	3991.000
1215.344	3699.000
1215.485	3952.000
1215.625	3835.000
1215.766	4023.000
1215.907	3736.000
1216.047	4001.000
1216.188	3753.000
1216.329	3983.000
1216.470	3688.000
1216.610	3978.000
1216.751	3735.000
1216.892	3901.000
1217.032	3687.000
1217.173	3918.000
1217.314	3828.000
1217.454	3935.000
1217.595	3725.000
1217.735	3910.000
1217.876	3734.000
1218.017	3911.000
1218.157	3716.000
1218.298	3956.000
1218.438	3733.000
1218.579	3892.000
1218.720	3730.000
1218.860	3954.000
1219.001	3747.000
1219.141	3903.000
1219.282	3693.000
1219.422	3864.000
1219.563	3679.000
1219.703	3854.000
1219.844	3634.000
1219.984	3941.000
1220.125	3767.000
1220.265	3881.000
1220.406	3693.000
1220.546	3875.000
1220.687	3704.000
1220.827	3851.000
1220.967	3658.000
1221.108	3854.000
1221.248	3633.000
1221.389	3863.000
1221.529	3663.000
1221.669	3878.000
1221.810	3651.000
1221.950	3832.000
1222.091	3643.000
1222.231	3896.000
1222.371	3664.000
1222.512	3853.000
1222.652	3692.000
1222.792	3868.000
1222.933	3592.000
1223.073	3828.000
1223.213	3710.000
1223.353	3916.000
1223.494	3633.000
1223.634	3811.000
1223.774	3685.000
1223.914	3801.000
1224.055	3581.000
1224.195	3839.000
1224.335	3639.000
1224.475	3803.000
1224.616	3624.000
1224.756	3802.000
1224.896	3573.000
1225.036	3858.000
1225.176	3649.000
1225.316	3864.000
1225.457	3561.000
1225.597	3844.000
1225.737	3599.000
1225.877	3829.000
1226.017	3588.000
1226.157	3868.000
1226.297	3581.000
1226.437	3778.000
1226.578	3610.000
1226.718	3766.000
1226.858	3590.000
1226.998	3842.000
1227.138	3584.000
1227.278	3769.000
1227.418	3594.000
1227.558	3770.000
1227.698	3595.000
1227.838	3827.000
1227.978	3616.000
1228.118	3741.000
1228.258	3584.000
1228.398	3795.000
1228.538	3604.000
1228.678	3726.000
1228.818	3593.000
1228.958	3752.000
1229.098	3617.000
1229.238	3839.000
1229.377	3556.000
1229.517	3752.000
1229.657	3633.000
1229.797	3788.000
1229.937	3593.000
1230.077	3838.000
1230.217	3589.000
1230.357	3781.000
1230.496	3608.000
1230.636	3819.000
1230.776	3589.000
1230.916	3766.000
1231.056	3571.000
1231.196	3796.000
1231.335	3604.000
1231.475	3713.000
1231.615	3636.000
1231.755	3785.000
1231.894	3546.000
1232.034	3731.000
1232.174	3532.000
1232.314	3808.000
1232.453	3548.000
1232.593	3739.000
1232.733	3550.000
1232.873	3819.000
1233.012	3760.000
1233.152	3773.000
1233.292	3543.000
1233.431	3726.000
1233.571	3507.000
1233.711	3783.000
1233.850	3524.000
1233.990	3770.000
1234.129	3518.000
1234.269	3675.000
1234.409	3553.000
1234.548	3700.000
1234.688	3541.000
1234.828	3709.000
1234.967	3511.000
1235.107	3764.000
1235.246	3520.000
1235.386	3700.000
1235.525	3494.000
1235.665	3634.000
1235.804	3484.000
1235.944	3723.000
1236.083	3495.000
1236.223	3678.000
1236.362	3576.000
1236.502	3681.000
1236.641	3475.000
1236.781	3775.000
1236.920	3495.000
1237.060	3703.000
1237.199	3460.000
1237.339	3624.000
1237.478	3490.000
1237.617	3629.000
1237.757	3491.000
1237.896	3581.000
1238.036	3498.000
1238.175	3593.000
1238.314	3495.000
1238.454	3682.000
1238.593	3488.000
1238.732	3683.000
1238.872	3479.000
1239.011	3718.000
1239.150	3458.000
1239.290	3623.000
1239.429	3475.000
1239.568	3635.000
1239.708	3483.000
1239.847	3626.000
1239.986	3478.000
1240.125	3586.000
1240.265	3474.000
1240.404	3677.000
1240.543	3513.000
1240.682	3632.000
1240.822	3447.000
1240.961	3571.000
1241.100	3421.000
1241.239	3580.000
1241.378	3450.000
1241.518	3682.000
1241.657	3463.000
1241.796	3653.000
1241.935	3429.000
1242.074	3571.000
1242.213	3416.000
1242.352	3566.000
1242.492	3367.000
1242.631	3624.000
1242.770	3400.000
1242.909	3644.000
1243.048	3457.000
1243.187	3671.000
1243.326	3391.000
1243.465	3645.000
1243.604	3378.000
1243.743	3607.000
1243.882	3367.000
1244.021	3652.000
1244.160	3340.000
1244.299	3644.000
1244.438	3402.000
1244.577	3657.000
1244.716	3370.000
1244.855	3603.000
1244.994	3386.000
1245.133	3623.000
1245.272	3407.000
1245.411	3632.000
1245.550	3457.000
1245.689	3643.000
1245.828	3419.000
1245.967	3556.000
1246.106	3398.000
1246.244	3636.000
1246.383	3388.000
1246.522	3634.000
1246.661	3358.000
1246.800	3587.000
1246.939	3360.000
1247.078	3631.000
1247.216	3354.000
1247.355	3659.000
1247.494	3445.000
1247.633	3618.000
1247.772	3356.000
1247.910	3575.000
1248.049	3389.000
1248.188	3575.000
1248.327	3379.000
1248.465	3599.000
1248.604	3413.000
1248.743	3579.000
1248.882	3399.000
1249.020	3585.000
1249.159	3403.000
1249.298	3545.000
1249.436	3365.000
1249.575	3620.000
1249.714	3383.000
1249.852	3562.000
1249.991	3372.000
1250.130	3537.000
1250.268	3293.000
1250.407	3581.000
1250.546	3380.000
1250.684	3534.000
1250.823	3427.000
1250.961	3654.000
1251.100	3307.000
1251.239	3576.000
1251.377	3404.000
1251.516	3539.000
1251.654	3334.000
1251.793	3483.000
1251.931	3357.000
1252.070	3481.000
1252.208	3379.000
1252.347	3546.000
1252.485	3347.000
1252.624	3507.000
1252.762	3315.000
1252.901	3600.000
1253.039	3390.000
1253.178	3550.000
1253.316	3421.000
1253.455	3532.000
1253.593	3357.000
1253.732	3555.000
1253.870	2920.000
1254.008	3498.000
1254.147	3336.000
1254.285	3471.000
1254.424	3253.000
1254.562	3502.000
1254.700	3290.000
1254.839	3530.000
1254.977	3372.000
1255.115	3516.000
1255.254	3357.000
1255.392	3462.000
1255.530	3287.000
1255.669	3520.000
1255.807	3364.000
1255.945	3515.000
1256.084	3251.000
1256.222	3534.000
1256.360	3267.000
1256.498	3465.000
1256.637	3317.000
1256.775	3448.000
1256.913	3303.000
1257.051	3500.000
1257.189	3248.000
1257.328	3540.000
1257.466	3223.000
1257.604	3586.000
1257.742	3320.000
1257.880	3435.000
1258.019	3301.000
1258.157	3421.000
1258.295	3276.000
1258.433	3406.000
1258.571	3196.000
1258.709	3423.000
1258.847	3246.000
1258.986	3504.000
1259.124	3259.000
1259.262	3502.000
1259.400	3219.000
1259.538	3406.000
1259.676	3213.000
1259.814	3412.000
1259.952	3148.000
1260.090	3438.000
1260.228	3146.000
1260.366	3383.000
1260.504	3185.000
1260.642	3430.000
1260.780	3288.000
1260.918	3444.000
1261.056	3183.000
1261.194	3499.000
1261.332	3156.000
1261.470	3408.000
1261.608	3240.000
1261.746	3472.000
1261.884	3216.000
1262.022	3516.000
1262.160	4849.000
1262.297	3478.000
1262.435	3233.000
1262.573	3433.000
1262.711	3262.000
1262.849	3397.000
1262.987	3135.000
1263.125	3374.000
1263.262	3322.000
1263.400	3506.000
1263.538	3279.000
1263.676	3428.000
1263.814	3219.000
1263.952	3422.000
1264.089	3301.000
1264.227	3502.000
1264.365	3235.000
1264.503	3431.000
1264.640	3171.000
1264.778	3474.000
1264.916	3283.000
1265.054	3448.000
1265.191	3261.000
1265.329	3441.000
1265.467	3251.000
1265.604	3413.000
1265.742	3186.000
1265.880	3387.000
1266.017	3206.000
1266.155	3480.000
1266.293	3231.000
1266.430	3427.000
1266.568	3207.000
1266.706	3479.000
1266.843	3234.000
1266.981	3490.000
1267.119	3218.000
1267.256	3455.000
1267.394	3143.000
1267.531	3438.000
1267.669	3183.000
1267.806	3453.000
1267.944	3180.000
1268.081	3453.000
1268.219	3225.000
1268.357	3425.000
1268.494	3211.000
1268.632	3503.000
1268.769	3147.000
1268.907	3456.000
1269.044	3249.000
1269.182	3360.000
1269.319	3211.000
1269.456	3464.000
1269.594	3188.000
1269.731	3419.000
1269.869	3205.000
1270.006	3367.000
1270.144	3250.000
1270.281	3388.000
1270.418	3244.000
1270.556	3406.000
1270.693	3248.000
1270.831	3506.000
1270.968	3144.000
1271.105	3428.000
1271.243	3161.000
1271.380	3375.000
1271.517	3282.000
1271.655	3463.000
1271.792	3227.000
1271.929	3406.000
1272.066	3236.000
1272.204	3431.000
1272.341	3246.000
1272.478	3489.000
1272.616	3247.000
1272.753	3470.000
1272.890	3226.000
1273.027	3403.000
1273.165	3204.000
1273.302	3456.000
1273.439	3222.000
1273.576	3296.000
1273.713	3257.000
1273.851	3445.000
1273.988	3282.000
1274.125	3415.000
1274.262	3198.000
1274.399	3343.000
1274.536	3263.000
1274.673	3482.000
