1229.956	9084.000
1230.103	9034.000
1230.250	9038.000
1230.397	9114.000
1230.544	9021.000
1230.691	9111.000
1230.838	9008.000
1230.985	9092.000
1231.132	9040.000
1231.278	9050.000
1231.425	8971.000
1231.572	9109.000
1231.719	9038.000
1231.866	8973.000
1232.013	9018.000
1232.159	9131.000
1232.306	8928.000
1232.453	9102.000
1232.600	8988.000
1232.746	9095.000
1232.893	8971.000
1233.040	9009.000
1233.186	9130.000
1233.333	9076.000
1233.480	9026.000
1233.627	9014.000
1233.773	9048.000
1233.920	8996.000
1234.066	8987.000
1234.213	8982.000
1234.360	9045.000
1234.506	9040.000
1234.653	9049.000
1234.800	9032.000
1234.946	8929.000
1235.093	9015.000
1235.239	9044.000
1235.386	8955.000
1235.532	9045.000
1235.679	9038.000
1235.825	9006.000
1235.972	9069.000
1236.118	8972.000
1236.265	9075.000
1236.411	8925.000
1236.558	9037.000
1236.704	9002.000
1236.851	8963.000
1236.997	8970.000
1237.143	8992.000
1237.290	8962.000
1237.436	8969.000
1237.583	8989.000
1237.729	9021.000
1237.875	8923.000
1238.022	8938.000
1238.168	8934.000
1238.314	8989.000
1238.461	8951.000
1238.607	8893.000
1238.753	8993.000
1238.900	8917.000
1239.046	8891.000
1239.192	8888.000
1239.338	8864.000
1239.485	8979.000
1239.631	8936.000
1239.777	8863.000
1239.923	8883.000
1240.070	8896.000
1240.216	8879.000
1240.362	8860.000
1240.508	8883.000
1240.654	8902.000
1240.800	8822.000
1240.947	8844.000
1241.093	8825.000
1241.239	8835.000
1241.385	8843.000
1241.531	8941.000
1241.677	8792.000
1241.823	8868.000
1241.969	8846.000
1242.115	8836.000
1242.261	8760.000
1242.407	8807.000
1242.553	8754.000
1242.699	8797.000
1242.845	8794.000
1242.991	8774.000
1243.137	8796.000
1243.283	8819.000
1243.429	8779.000
1243.575	8799.000
1243.721	8830.000
1243.867	8769.000
1244.013	8725.000
1244.159	8792.000
1244.305	8790.000
1244.451	8817.000
1244.596	8732.000
1244.742	8737.000
1244.888	8709.000
1245.034	8653.000
1245.180	8731.000
1245.326	8831.000
1245.471	8695.000
1245.617	8783.000
1245.763	8707.000
1245.909	8758.000
1246.055	8748.000
1246.200	8782.000
1246.346	8585.000
1246.492	8805.000
1246.638	8685.000
1246.783	8679.000
1246.929	8723.000
1247.075	8781.000
1247.220	8742.000
1247.366	8765.000
1247.512	8708.000
1247.657	8743.000
1247.803	8726.000
1247.949	8802.000
1248.094	8705.000
1248.240	8817.000
1248.385	8635.000
1248.531	8687.000
1248.676	8805.000
1248.822	8791.000
1248.968	8764.000
1249.113	8771.000
1249.259	8746.000
1249.404	8746.000
1249.550	8711.000
1249.695	8761.000
1249.841	8797.000
1249.986	8809.000
1250.132	8728.000
1250.277	8788.000
1250.422	8767.000
1250.568	8821.000
1250.713	8756.000
1250.859	8711.000
1251.004	8730.000
1251.150	8835.000
1251.295	8777.000
1251.440	8740.000
1251.586	8726.000
1251.731	8844.000
1251.876	8758.000
1252.022	8729.000
1252.167	8692.000
1252.312	8765.000
1252.458	8696.000
1252.603	8827.000
1252.748	8763.000
1252.893	8806.000
1253.039	8734.000
1253.184	8779.000
1253.329	8735.000
1253.474	8715.000
1253.619	8717.000
1253.765	8795.000
1253.910	8640.000
1254.055	8730.000
1254.200	8758.000
1254.345	8758.000
1254.490	8749.000
1254.636	8812.000
1254.781	8659.000
1254.926	8809.000
1255.071	8669.000
1255.216	8693.000
1255.361	8761.000
1255.506	8786.000
1255.651	8670.000
1255.796	8769.000
1255.941	8594.000
1256.086	8680.000
1256.231	8697.000
1256.376	8791.000
1256.521	8675.000
1256.666	8750.000
1256.811	8577.000
1256.956	8658.000
1257.101	8655.000
1257.246	8695.000
1257.391	8707.000
1257.536	8792.000
1257.681	8607.000
1257.826	8672.000
1257.971	8585.000
1258.116	8701.000
1258.260	8626.000
1258.405	8756.000
1258.550	8620.000
1258.695	8684.000
1258.840	8541.000
1258.985	8734.000
1259.129	8719.000
1259.274	8607.000
1259.419	8644.000
1259.564	8672.000
1259.708	8581.000
1259.853	8688.000
1259.998	8610.000
1260.143	8727.000
1260.287	8581.000
1260.432	8702.000
1260.577	8588.000
1260.721	8704.000
1260.866	8540.000
1261.011	8787.000
1261.155	8611.000
1261.300	8654.000
1261.445	8583.000
1261.589	8653.000
1261.734	8547.000
1261.878	8678.000
1262.023	8643.000
1262.168	8734.000
1262.312	8623.000
1262.457	8722.000
1262.601	8482.000
1262.746	8728.000
1262.890	8564.000
1263.035	8679.000
1263.179	8580.000
1263.324	8775.000
1263.468	8637.000
1263.613	8712.000
1263.757	8611.000
1263.902	8715.000
1264.046	8573.000
1264.191	8683.000
1264.335	8578.000
1264.479	8721.000
1264.624	8573.000
1264.768	8636.000
1264.912	8568.000
1265.057	8666.000
1265.201	8566.000
1265.346	8700.000
1265.490	8540.000
1265.634	8720.000
1265.778	8584.000
1265.923	8723.000
1266.067	8702.000
1266.211	8770.000
1266.356	8645.000
1266.500	8634.000
1266.644	8542.000
1266.788	8670.000
1266.933	8533.000
1267.077	8698.000
1267.221	8733.000
1267.365	8729.000
1267.509	8600.000
1267.653	8748.000
1267.798	8696.000
1267.942	8668.000
1268.086	8570.000
1268.230	8723.000
1268.374	8607.000
1268.518	8715.000
1268.662	8568.000
1268.806	8714.000
1268.950	8597.000
1269.095	8668.000
1269.239	8621.000
1269.383	8692.000
1269.527	8623.000
1269.671	8695.000
1269.815	8626.000
1269.959	8712.000
1270.103	8627.000
1270.247	8819.000
1270.391	8620.000
1270.535	8654.000
1270.679	8631.000
1270.822	8724.000
1270.966	8539.000
1271.110	8723.000
1271.254	8719.000
1271.398	8742.000
1271.542	8637.000
1271.686	8655.000
1271.830	8601.000
1271.973	8690.000
1272.117	8571.000
1272.261	8664.000
1272.405	8616.000
1272.549	8720.000
1272.693	8597.000
1272.836	8656.000
1272.980	8439.000
1273.124	8756.000
1273.268	8547.000
1273.411	8621.000
1273.555	8550.000
1273.699	8700.000
1273.843	8560.000
1273.986	8611.000
1274.130	8641.000
1274.274	8558.000
1274.417	8526.000
1274.561	8649.000
1274.705	8529.000
1274.848	8627.000
1274.992	8483.000
1275.135	8701.000
1275.279	8617.000
1275.423	8613.000
1275.566	8492.000
1275.710	8650.000
1275.853	8551.000
1275.997	8680.000
1276.140	8444.000
1276.284	8629.000
1276.427	8498.000
1276.571	8523.000
1276.714	8541.000
1276.858	8558.000
1277.001	8465.000
1277.145	8671.000
1277.288	8439.000
1277.432	8489.000
1277.575	8474.000
1277.719	8635.000
1277.862	8512.000
1278.005	8493.000
1278.149	8351.000
1278.292	8630.000
1278.435	8422.000
1278.579	8560.000
1278.722	8439.000
1278.865	8620.000
1279.009	8450.000
1279.152	8540.000
1279.295	8522.000
1279.439	8607.000
1279.582	8465.000
1279.725	8606.000
1279.868	8402.000
1280.012	8491.000
1280.155	8484.000
1280.298	8568.000
1280.441	8365.000
1280.585	8592.000
1280.728	8353.000
1280.871	8454.000
1281.014	8416.000
1281.157	8547.000
1281.300	8424.000
1281.444	8509.000
1281.587	8462.000
1281.730	8439.000
1281.873	8388.000
1282.016	8499.000
1282.159	8514.000
1282.302	8478.000
1282.445	8390.000
1282.588	8428.000
1282.731	8439.000
1282.874	8510.000
1283.017	8383.000
1283.160	8412.000
1283.303	8375.000
1283.446	8442.000
1283.589	8384.000
1283.732	8480.000
1283.875	8320.000
1284.018	8516.000
1284.161	8335.000
1284.304	8464.000
1284.447	8353.000
1284.590	8526.000
1284.733	8379.000
1284.876	8605.000
1285.019	8300.000
1285.161	8588.000
1285.304	8359.000
1285.447	8503.000
1285.590	8367.000
1285.733	8520.000
1285.876	8417.000
1286.018	8462.000
1286.161	8366.000
1286.304	8543.000
1286.447	8383.000
1286.589	8461.000
1286.732	8405.000
1286.875	8478.000
1287.018	8461.000
1287.160	8514.000
1287.303	8402.000
1287.446	8514.000
1287.588	8331.000
1287.731	8499.000
1287.874	8035.000
1288.016	8549.000
1288.159	8416.000
1288.302	8467.000
1288.444	8459.000
1288.587	8442.000
1288.729	8322.000
1288.872	8409.000
1289.015	8402.000
1289.157	8585.000
1289.300	8331.000
1289.442	8470.000
1289.585	8340.000
1289.727	8539.000
1289.870	8387.000
1290.012	8433.000
1290.155	8335.000
1290.297	8543.000
1290.440	8432.000
1290.582	8500.000
1290.725	8359.000
1290.867	8514.000
1291.009	8363.000
1291.152	8533.000
1291.294	8412.000
1291.437	8459.000
1291.579	8289.000
1291.721	8458.000
1291.864	8398.000
1292.006	8635.000
1292.148	8341.000
1292.291	8504.000
1292.433	8409.000
1292.575	8514.000
1292.718	8419.000
1292.860	8528.000
1293.002	8393.000
1293.145	8554.000
1293.287	8428.000
1293.429	8529.000
1293.571	8414.000
1293.713	8549.000
1293.856	8450.000
1293.998	8550.000
1294.140	8423.000
1294.282	8473.000
1294.424	8361.000
1294.567	8578.000
1294.709	8342.000
1294.851	8449.000
1294.993	8374.000
1295.135	8469.000
1295.277	8370.000
1295.419	8515.000
1295.561	8404.000
1295.703	8529.000
1295.845	8388.000
1295.987	8558.000
1296.129	8442.000
1296.272	8488.000
1296.414	8376.000
1296.556	8531.000
1296.698	8456.000
1296.840	8517.000
1296.981	8336.000
1297.123	8551.000
1297.265	8418.000
1297.407	8485.000
1297.549	8371.000
1297.691	8515.000
1297.833	8376.000
1297.975	8494.000
1298.117	8381.000
1298.259	8530.000
1298.401	8386.000
1298.542	8476.000
1298.684	8462.000
1298.826	8446.000
1298.968	8404.000
1299.110	8449.000
1299.252	8341.000
1299.393	8569.000
1299.535	8466.000
1299.677	8465.000
1299.819	8358.000
1299.960	8437.000
1300.102	8407.000
1300.244	8484.000
1300.386	8480.000
1300.527	8563.000
1300.669	8394.000
1300.811	8521.000
1300.952	8416.000
1301.094	8542.000
1301.236	8362.000
1301.377	8554.000
1301.519	8432.000
1301.661	8561.000
1301.802	8441.000
1301.944	8383.000
1302.085	8333.000
1302.227	8550.000
1302.368	8329.000
1302.510	8464.000
1302.652	8385.000
1302.793	8441.000
1302.935	8378.000
1303.076	8455.000
1303.218	8370.000
1303.359	8534.000
1303.501	8270.000
1303.642	8558.000
1303.783	8370.000
1303.925	8495.000
1304.066	8377.000
1304.208	8464.000
1304.349	8366.000
1304.491	8473.000
1304.632	8334.000
1304.773	8453.000
1304.915	8355.000
1305.056	8470.000
1305.197	8329.000
1305.339	8455.000
1305.480	8510.000
1305.621	8521.000
1305.763	8400.000
1305.904	8506.000
1306.045	8353.000
1306.187	8510.000
1306.328	8337.000
1306.469	8515.000
1306.610	8329.000
1306.752	8603.000
1306.893	8422.000
1307.034	8540.000
1307.175	8365.000
1307.316	8501.000
1307.458	8455.000
1307.599	8532.000
1307.740	8352.000
1307.881	8492.000
1308.022	8361.000
1308.163	8522.000
1308.304	8403.000
1308.446	8514.000
1308.587	8318.000
1308.728	8505.000
1308.869	8386.000
1309.010	8475.000
1309.151	8375.000
1309.292	8496.000
1309.433	8277.000
1309.574	8504.000
1309.715	8306.000
1309.856	8494.000
1309.997	8399.000
1310.138	8617.000
1310.279	8387.000
1310.420	8475.000
1310.561	8347.000
1310.702	8431.000
1310.843	8410.000
1310.984	8534.000
1311.124	8374.000
1311.265	8532.000
1311.406	8278.000
1311.547	8484.000
1311.688	8376.000
1311.829	8498.000
1311.970	8323.000
1312.110	8498.000
1312.251	8444.000
1312.392	8422.000
1312.533	8332.000
1312.674	8507.000
1312.814	8349.000
1312.955	8523.000
1313.096	8300.000
1313.237	8536.000
1313.377	8369.000
1313.518	8424.000
1313.659	8293.000
1313.800	8447.000
1313.940	8347.000
1314.081	8390.000
1314.222	8271.000
1314.362	8445.000
1314.503	8391.000
1314.644	8498.000
1314.784	8363.000
1314.925	8511.000
1315.065	8305.000
1315.206	8462.000
1315.347	8301.000
1315.487	8399.000
1315.628	8205.000
1315.768	8411.000
1315.909	8344.000
1316.049	8487.000
1316.190	8280.000
1316.330	8479.000
1316.471	8271.000
1316.611	8416.000
1316.752	8192.000
1316.892	8394.000
1317.033	8267.000
1317.173	8303.000
1317.313	8193.000
1317.454	8349.000
1317.594	8317.000
1317.735	8317.000
1317.875	8257.000
1318.015	8369.000
1318.156	8275.000
1318.296	8373.000
1318.437	8221.000
1318.577	8390.000
1318.717	8215.000
1318.857	8345.000
1318.998	8210.000
1319.138	8413.000
1319.278	8248.000
1319.419	8308.000
1319.559	8230.000
1319.699	8323.000
1319.839	8152.000
1319.980	8216.000
1320.120	8145.000
1320.260	8366.000
1320.400	8254.000
1320.540	8320.000
1320.681	8204.000
1320.821	8372.000
1320.961	8203.000
1321.101	8282.000
1321.241	8156.000
1321.381	8322.000
1321.521	8116.000
1321.661	8280.000
1321.802	8167.000
1321.942	8293.000
1322.082	8193.000
1322.222	8247.000
1322.362	8108.000
1322.502	8314.000
1322.642	8175.000
1322.782	8280.000
1322.922	8190.000
1323.062	8336.000
1323.202	8108.000
1323.342	8290.000
1323.482	8239.000
1323.622	8365.000
1323.762	8201.000
1323.902	8272.000
1324.041	8177.000
1324.181	8268.000
1324.321	8160.000
1324.461	8294.000
1324.601	8172.000
1324.741	8305.000
1324.881	8147.000
1325.021	8218.000
1325.160	8123.000
1325.300	8367.000
1325.440	8201.000
1325.580	8322.000
1325.720	8119.000
1325.859	8368.000
1325.999	8177.000
1326.139	8375.000
1326.279	8150.000
1326.418	8375.000
1326.558	8147.000
1326.698	8299.000
1326.838	8158.000
1326.977	8327.000
1327.117	8154.000
1327.257	8318.000
1327.396	8197.000
1327.536	8292.000
1327.675	8250.000
1327.815	8279.000
1327.955	8210.000
1328.094	8362.000
1328.234	8228.000
1328.374	8273.000
1328.513	8185.000
1328.653	8338.000
1328.792	8245.000
1328.932	8281.000
1329.071	8219.000
1329.211	8311.000
1329.350	8221.000
1329.490	8359.000
1329.629	8193.000
1329.769	8316.000
1329.908	8269.000
1330.048	8339.000
1330.187	8192.000
1330.327	8433.000
1330.466	8284.000
1330.605	8382.000
1330.745	8287.000
1330.884	8395.000
1331.024	8259.000
1331.163	8342.000
1331.302	8238.000
1331.442	8391.000
1331.581	8213.000
1331.720	8316.000
1331.860	8321.000
1331.999	8368.000
1332.138	8263.000
1332.277	8332.000
1332.417	8225.000
1332.556	8426.000
1332.695	8238.000
1332.834	8318.000
1332.974	8252.000
1333.113	8469.000
1333.252	8819.000
1333.391	8359.000
1333.531	8222.000
1333.670	8341.000
1333.809	8189.000
1333.948	8435.000
1334.087	8190.000
1334.226	8434.000
1334.365	8202.000
1334.505	8282.000
1334.644	8294.000
1334.783	8338.000
1334.922	8231.000
1335.061	8345.000
1335.200	8240.000
1335.339	8439.000
1335.478	8227.000
1335.617	8304.000
1335.756	8212.000
1335.895	8285.000
1336.034	8204.000
1336.173	8329.000
1336.312	8219.000
1336.451	8290.000
1336.590	8263.000
1336.729	8306.000
1336.868	8179.000
1337.007	8419.000
1337.146	8178.000
1337.285	8281.000
1337.423	8191.000
1337.562	8260.000
1337.701	8192.000
1337.840	8262.000
1337.979	8212.000
1338.118	8199.000
1338.256	8187.000
1338.395	8222.000
1338.534	8175.000
1338.673	8284.000
1338.812	8167.000
1338.950	8286.000
1339.089	8177.000
1339.228	8361.000
1339.367	8206.000
1339.505	8257.000
1339.644	8232.000
1339.783	8285.000
1339.922	8198.000
1340.060	8285.000
1340.199	8181.000
1340.338	8264.000
1340.476	8217.000
1340.615	8277.000
1340.753	8278.000
1340.892	8281.000
1341.031	8196.000
1341.169	8245.000
1341.308	8214.000
1341.446	8293.000
1341.585	8128.000
1341.724	8341.000
1341.862	8218.000
1342.001	8343.000
1342.139	8185.000
1342.278	8304.000
1342.416	8198.000
1342.555	8341.000
1342.693	8122.000
1342.832	8368.000
1342.970	8210.000
1343.109	8369.000
1343.247	8256.000
1343.385	8384.000
1343.524	8211.000
1343.662	8376.000
1343.801	8207.000
1343.939	8325.000
1344.077	8204.000
1344.216	8368.000
1344.354	8203.000
1344.492	8372.000
1344.631	8237.000
1344.769	8395.000
1344.907	8197.000
1345.046	8353.000
1345.184	8266.000
1345.322	8434.000
1345.460	8321.000
1345.599	8399.000
1345.737	8354.000
1345.875	8474.000
1346.013	8299.000
1346.152	8350.000
1346.290	8327.000
1346.428	8473.000
1346.566	8260.000
1346.704	8370.000
1346.843	8319.000
1346.981	8501.000
1347.119	8261.000
1347.257	8439.000
1347.395	8296.000
1347.533	8491.000
1347.671	8406.000
1347.809	8480.000
1347.947	8308.000
1348.085	8414.000
1348.224	8330.000
1348.362	8436.000
1348.500	8318.000
1348.638	8454.000
1348.776	8363.000
1348.914	8399.000
1349.052	8346.000
1349.190	8469.000
1349.328	8352.000
1349.466	8437.000
1349.603	8287.000
1349.741	8519.000
1349.879	8298.000
1350.017	8407.000
1350.155	8308.000
1350.293	8436.000
1350.431	8237.000
1350.569	8472.000
1350.707	8363.000
1350.844	8375.000
1350.982	8336.000
1351.120	8497.000
1351.258	8304.000
1351.396	8441.000
1351.534	8340.000
1351.671	8400.000
1351.809	8272.000
1351.947	8414.000
1352.085	8298.000
1352.222	8361.000
1352.360	8340.000
1352.498	8409.000
1352.636	8310.000
1352.773	8393.000
1352.911	8258.000
1353.049	8488.000
1353.186	8383.000
1353.324	8405.000
1353.462	8398.000
1353.599	8427.000
1353.737	8298.000
1353.874	8404.000
1354.012	7180.000
1354.150	8417.000
1354.287	8289.000
1354.425	8362.000
1354.562	8198.000
1354.700	8422.000
1354.837	8258.000
1354.975	8414.000
1355.112	8314.000
1355.250	8406.000
1355.387	8285.000
1355.525	8363.000
1355.662	8251.000
1355.800	8431.000
1355.937	8286.000
1356.075	8401.000
1356.212	8200.000
1356.350	8407.000
1356.487	8193.000
1356.624	8299.000
1356.762	8258.000
1356.899	8313.000
1357.037	8237.000
1357.174	8376.000
1357.311	8204.000
1357.449	8394.000
1357.586	8151.000
1357.723	8431.000
1357.860	8271.000
1357.998	8300.000
1358.135	8272.000
1358.272	8248.000
1358.410	8195.000
1358.547	8253.000
1358.684	8148.000
1358.821	8217.000
1358.959	8170.000
1359.096	8317.000
1359.233	8175.000
1359.370	8310.000
1359.507	8158.000
1359.644	8227.000
1359.782	8112.000
1359.919	8222.000
1360.056	8028.000
1360.193	8243.000
1360.330	8024.000
1360.467	8205.000
1360.604	8090.000
1360.741	8235.000
1360.878	8221.000
1361.015	8244.000
1361.152	8112.000
1361.290	8342.000
1361.427	8070.000
1361.564	8212.000
1361.701	8180.000
1361.838	8306.000
1361.975	8111.000
1362.112	8365.000
1362.248	12776.000
1362.385	8329.000
1362.522	8184.000
1362.659	8243.000
1362.796	8175.000
1362.933	8289.000
1363.070	8085.000
1363.207	8231.000
1363.344	8234.000
1363.481	8386.000
1363.617	8255.000
1363.754	8276.000
1363.891	8179.000
1364.028	8330.000
1364.165	8301.000
1364.302	8394.000
1364.438	8245.000
1364.575	8374.000
1364.712	8172.000
1364.849	8355.000
1364.985	8275.000
1365.122	8396.000
1365.259	8238.000
1365.396	8361.000
1365.532	8252.000
1365.669	8305.000
1365.806	8182.000
1365.942	8287.000
1366.079	8235.000
1366.216	8408.000
1366.352	8199.000
1366.489	8353.000
1366.625	8185.000
1366.762	8440.000
1366.899	8237.000
1367.035	8428.000
1367.172	8182.000
1367.308	8376.000
1367.445	8116.000
1367.581	8358.000
1367.718	8187.000
1367.855	8392.000
1367.991	8176.000
1368.128	8396.000
1368.264	8241.000
1368.401	8343.000
1368.537	8225.000
1368.673	8374.000
1368.810	8130.000
1368.946	8370.000
1369.083	8307.000
1369.219	8272.000
1369.356	8223.000
1369.492	8402.000
1369.628	8280.000
1369.765	8350.000
1369.901	8236.000
1370.037	8358.000
1370.174	8303.000
1370.310	8341.000
1370.446	8304.000
1370.583	8403.000
1370.719	8312.000
1370.855	8447.000
1370.992	8231.000
1371.128	8406.000
1371.264	8172.000
1371.400	8364.000
1371.537	8339.000
1371.673	8456.000
1371.809	8275.000
1371.945	8355.000
1372.081	8306.000
1372.218	8487.000
1372.354	8316.000
1372.490	8465.000
1372.626	8321.000
1372.762	8495.000
1372.898	8278.000
1373.034	8363.000
1373.170	8350.000
1373.307	8447.000
1373.443	8315.000
1373.579	8317.000
1373.715	8363.000
1373.851	8522.000
1373.987	8384.000
1374.123	8421.000
1374.259	8364.000
1374.395	8383.000
1374.531	8421.000
1374.667	8502.000
