929.762	8908.000
929.906	8867.000
930.049	8855.000
930.193	8919.000
930.337	8835.000
930.481	8978.000
930.625	8851.000
930.769	8898.000
930.913	8841.000
931.057	8913.000
931.201	8795.000
931.345	8947.000
931.488	8843.000
931.632	8828.000
931.776	8835.000
931.920	8964.000
932.064	8733.000
932.208	8944.000
932.352	8812.000
932.495	8932.000
932.639	8819.000
932.783	8854.000
932.927	8948.000
933.071	8912.000
933.215	8847.000
933.359	8861.000
933.502	8832.000
933.646	8830.000
933.790	8812.000
933.934	8831.000
934.078	8873.000
934.221	8847.000
934.365	8855.000
934.509	8856.000
934.653	8786.000
934.797	8856.000
934.940	8872.000
935.084	8806.000
935.228	8880.000
935.372	8886.000
935.515	8807.000
935.659	8878.000
935.803	8778.000
935.947	8902.000
936.090	8751.000
936.234	8849.000
936.378	8825.000
936.522	8797.000
936.665	8791.000
936.809	8842.000
936.953	8795.000
937.097	8765.000
937.240	8845.000
937.384	8872.000
937.528	8739.000
937.671	8814.000
937.815	8727.000
937.959	8836.000
938.102	8754.000
938.246	8754.000
938.390	8773.000
938.534	8740.000
938.677	8703.000
938.821	8691.000
938.965	8665.000
939.108	8768.000
939.252	8729.000
939.396	8661.000
939.539	8691.000
939.683	8769.000
939.826	8672.000
939.970	8711.000
940.114	8714.000
940.257	8729.000
940.401	8603.000
940.545	8682.000
940.688	8620.000
940.832	8662.000
940.975	8637.000
941.119	8771.000
941.263	8617.000
941.406	8684.000
941.550	8670.000
941.693	8662.000
941.837	8579.000
941.981	8624.000
942.124	8570.000
942.268	8594.000
942.411	8608.000
942.555	8595.000
942.698	8589.000
942.842	8638.000
942.986	8622.000
943.129	8609.000
943.273	8617.000
943.416	8590.000
943.560	8554.000
943.703	8585.000
943.847	8617.000
943.990	8632.000
944.134	8538.000
944.277	8544.000
944.421	8493.000
944.564	8506.000
944.708	8513.000
944.851	8624.000
944.995	8506.000
945.138	8563.000
945.282	8485.000
945.425	8551.000
945.569	8501.000
945.712	8596.000
945.856	8403.000
945.999	8649.000
946.143	8477.000
946.286	8478.000
946.430	8534.000
946.573	8554.000
946.716	8547.000
946.860	8541.000
947.003	8479.000
947.147	8566.000
947.290	8475.000
947.434	8601.000
947.577	8464.000
947.720	8570.000
947.864	8373.000
948.007	8477.000
948.151	8569.000
948.294	8591.000
948.437	8470.000
948.581	8589.000
948.724	8537.000
948.868	8533.000
949.011	8455.000
949.154	8555.000
949.298	8563.000
949.441	8623.000
949.584	8513.000
949.728	8531.000
949.871	8525.000
950.015	8579.000
950.158	8547.000
950.301	8505.000
950.445	8496.000
950.588	8594.000
950.731	8553.000
950.875	8568.000
951.018	8473.000
951.161	8559.000
951.304	8515.000
951.448	8517.000
951.591	8411.000
951.734	8512.000
951.878	8448.000
952.021	8602.000
952.164	8529.000
952.308	8596.000
952.451	8516.000
952.594	8561.000
952.737	8480.000
952.881	8481.000
953.024	8451.000
953.167	8549.000
953.310	8434.000
953.454	8522.000
953.597	8502.000
953.740	8513.000
953.883	8466.000
954.027	8565.000
954.170	8398.000
954.313	8529.000
954.456	8439.000
954.600	8459.000
954.743	8520.000
954.886	8553.000
955.029	8385.000
955.172	8496.000
955.316	8312.000
955.459	8422.000
955.602	8399.000
955.745	8556.000
955.888	8439.000
956.032	8491.000
956.175	8312.000
956.318	8425.000
956.461	8367.000
956.604	8447.000
956.747	8430.000
956.890	8512.000
957.034	8349.000
957.177	8452.000
957.320	8319.000
957.463	8471.000
957.606	8368.000
957.749	8511.000
957.892	8331.000
958.036	8431.000
958.179	8256.000
958.322	8512.000
958.465	8459.000
958.608	8394.000
958.751	8396.000
958.894	8389.000
959.037	8278.000
959.180	8406.000
959.323	8343.000
959.467	8446.000
959.610	8278.000
959.753	8449.000
959.896	8329.000
960.039	8401.000
960.182	8277.000
960.325	8490.000
960.468	8324.000
960.611	8387.000
960.754	8276.000
960.897	8365.000
961.040	8239.000
961.183	8410.000
961.326	8331.000
961.469	8472.000
961.612	8308.000
961.755	8428.000
961.898	8184.000
962.041	8450.000
962.184	8288.000
962.327	8410.000
962.470	8250.000
962.613	8498.000
962.756	8324.000
962.899	8395.000
963.042	8326.000
963.185	8429.000
963.328	8281.000
963.471	8394.000
963.614	8298.000
963.757	8451.000
963.900	8297.000
964.043	8379.000
964.186	8295.000
964.329	8381.000
964.472	8283.000
964.615	8393.000
964.758	8260.000
964.900	8485.000
965.043	8325.000
965.186	8436.000
965.329	8407.000
965.472	8497.000
965.615	8383.000
965.758	8366.000
965.901	8288.000
966.044	8427.000
966.187	8289.000
966.329	8425.000
966.472	8464.000
966.615	8469.000
966.758	8339.000
966.901	8508.000
967.044	8451.000
967.187	8408.000
967.330	8310.000
967.472	8450.000
967.615	8346.000
967.758	8462.000
967.901	8348.000
968.044	8495.000
968.187	8322.000
968.329	8428.000
968.472	8367.000
968.615	8427.000
968.758	8338.000
968.901	8450.000
969.043	8392.000
969.186	8432.000
969.329	8295.000
969.472	8553.000
969.615	8357.000
969.757	8348.000
969.900	8399.000
970.043	8474.000
970.186	8281.000
970.328	8488.000
970.471	8435.000
970.614	8499.000
970.757	8399.000
970.899	8444.000
971.042	8359.000
971.185	8461.000
971.328	8359.000
971.470	8433.000
971.613	8344.000
971.756	8489.000
971.899	8359.000
972.041	8423.000
972.184	8175.000
972.327	8507.000
972.469	8335.000
972.612	8407.000
972.755	8311.000
972.898	8466.000
973.040	8315.000
973.183	8402.000
973.326	8414.000
973.468	8328.000
973.611	8294.000
973.754	8442.000
973.896	8342.000
974.039	8418.000
974.182	8287.000
974.324	8500.000
974.467	8405.000
974.610	8423.000
974.752	8304.000
974.895	8457.000
975.037	8367.000
975.180	8457.000
975.323	8286.000
975.465	8452.000
975.608	8275.000
975.751	8307.000
975.893	8315.000
976.036	8374.000
976.178	8300.000
976.321	8533.000
976.464	8234.000
976.606	8261.000
976.749	8249.000
976.891	8453.000
977.034	8324.000
977.176	8333.000
977.319	8219.000
977.462	8438.000
977.604	8252.000
977.747	8412.000
977.889	8276.000
978.032	8417.000
978.174	8297.000
978.317	8371.000
978.459	8359.000
978.602	8409.000
978.744	8274.000
978.887	8433.000
979.029	8213.000
979.172	8323.000
979.314	8335.000
979.457	8346.000
979.599	8198.000
979.742	8432.000
979.884	8192.000
980.027	8322.000
980.169	8226.000
980.312	8416.000
980.454	8297.000
980.597	8393.000
980.739	8287.000
980.882	8324.000
981.024	8184.000
981.167	8353.000
981.309	8352.000
981.452	8319.000
981.594	8243.000
981.736	8308.000
981.879	8259.000
982.021	8369.000
982.164	8215.000
982.306	8306.000
982.449	8266.000
982.591	8335.000
982.733	8279.000
982.876	8345.000
983.018	8182.000
983.161	8386.000
983.303	8199.000
983.445	8353.000
983.588	8212.000
983.730	8408.000
983.873	8236.000
984.015	8469.000
984.157	8172.000
984.300	8470.000
984.442	8235.000
984.584	8377.000
984.727	8241.000
984.869	8385.000
985.011	8257.000
985.154	8328.000
985.296	8246.000
985.438	8386.000
985.581	8226.000
985.723	8353.000
985.865	8246.000
986.008	8375.000
986.150	8290.000
986.292	8384.000
986.435	8273.000
986.577	8344.000
986.719	8224.000
986.861	8413.000
987.004	7910.000
987.146	8432.000
987.288	8279.000
987.431	8351.000
987.573	8323.000
987.715	8319.000
987.857	8179.000
988.000	8309.000
988.142	8287.000
988.284	8460.000
988.426	8214.000
988.569	8349.000
988.711	8204.000
988.853	8394.000
988.995	8239.000
989.138	8334.000
989.280	8181.000
989.422	8373.000
989.564	8305.000
989.706	8336.000
989.849	8221.000
989.991	8400.000
990.133	8240.000
990.275	8391.000
990.417	8280.000
990.560	8317.000
990.702	8143.000
990.844	8303.000
990.986	8245.000
991.128	8536.000
991.270	8234.000
991.413	8391.000
991.555	8238.000
991.697	8374.000
991.839	8281.000
991.981	8373.000
992.123	8254.000
992.265	8397.000
992.408	8279.000
992.550	8368.000
992.692	8259.000
992.834	8426.000
992.976	8299.000
993.118	8422.000
993.260	8257.000
993.402	8307.000
993.544	8223.000
993.687	8392.000
993.829	8196.000
993.971	8329.000
994.113	8248.000
994.255	8321.000
994.397	8209.000
994.539	8351.000
994.681	8240.000
994.823	8390.000
994.965	8203.000
995.107	8418.000
995.249	8284.000
995.391	8360.000
995.533	8227.000
995.675	8346.000
995.817	8314.000
995.959	8397.000
996.101	8198.000
996.243	8435.000
996.385	8280.000
996.527	8353.000
996.669	8228.000
996.811	8377.000
996.953	8252.000
997.095	8322.000
997.237	8190.000
997.379	8395.000
997.521	8221.000
997.663	8361.000
997.805	8307.000
997.947	8320.000
998.089	8264.000
998.231	8335.000
998.373	8174.000
998.515	8435.000
998.657	8327.000
998.799	8310.000
998.941	8212.000
999.083	8256.000
999.225	8304.000
999.367	8374.000
999.509	8308.000
999.651	8417.000
999.793	8227.000
999.934	8376.000
1000.076	8246.000
1000.218	8379.000
1000.360	8240.000
1000.502	8398.000
1000.644	8312.000
1000.786	8442.000
1000.928	8266.000
1001.070	8270.000
1001.212	8212.000
1001.353	8414.000
1001.495	8184.000
1001.637	8319.000
1001.779	8203.000
1001.921	8336.000
1002.063	8222.000
1002.205	8336.000
1002.346	8218.000
1002.488	8386.000
1002.630	8117.000
1002.772	8410.000
1002.914	8213.000
1003.055	8363.000
1003.197	8237.000
1003.339	8348.000
1003.481	8193.000
1003.623	8359.000
1003.765	8183.000
1003.906	8353.000
1004.048	8230.000
1004.190	8333.000
1004.332	8164.000
1004.473	8332.000
1004.615	8329.000
1004.757	8351.000
1004.899	8216.000
1005.041	8379.000
1005.182	8198.000
1005.324	8344.000
1005.466	8187.000
1005.608	8336.000
1005.749	8161.000
1005.891	8484.000
1006.033	8265.000
1006.175	8425.000
1006.316	8222.000
1006.458	8414.000
1006.600	8273.000
1006.741	8392.000
1006.883	8175.000
1007.025	8340.000
1007.167	8187.000
1007.308	8405.000
1007.450	8267.000
1007.592	8359.000
1007.733	8168.000
1007.875	8345.000
1008.017	8237.000
1008.158	8315.000
1008.300	8212.000
1008.442	8346.000
1008.583	8135.000
1008.725	8387.000
1008.867	8134.000
1009.008	8383.000
1009.150	8236.000
1009.292	8428.000
1009.433	8204.000
1009.575	8309.000
1009.716	8200.000
1009.858	8289.000
1010.000	8249.000
1010.141	8405.000
1010.283	8169.000
1010.425	8396.000
1010.566	8091.000
1010.708	8346.000
1010.849	8207.000
1010.991	8360.000
1011.132	8176.000
1011.274	8338.000
1011.416	8304.000
1011.557	8285.000
1011.699	8231.000
1011.840	8357.000
1011.982	8196.000
1012.123	8375.000
1012.265	8144.000
1012.407	8392.000
1012.548	8197.000
1012.690	8264.000
1012.831	8155.000
1012.973	8341.000
1013.114	8231.000
1013.256	8415.000
1013.397	8302.000
1013.539	8613.000
1013.680	8579.000
1013.822	8760.000
1013.963	8614.000
1014.105	8804.000
1014.246	8665.000
1014.388	8966.000
1014.529	8965.000
1014.671	9128.000
1014.812	8621.000
1014.954	8561.000
1015.095	8351.000
1015.237	8403.000
1015.378	8163.000
1015.520	8303.000
1015.661	8141.000
1015.803	8297.000
1015.944	8048.000
1016.085	8285.000
1016.227	8125.000
1016.368	8195.000
1016.510	8024.000
1016.651	8199.000
1016.793	8182.000
1016.934	8184.000
1017.075	8115.000
1017.217	8245.000
1017.358	8101.000
1017.500	8221.000
1017.641	8074.000
1017.782	8288.000
1017.924	8071.000
1018.065	8206.000
1018.207	8043.000
1018.348	8261.000
1018.489	8058.000
1018.631	8163.000
1018.772	8071.000
1018.913	8174.000
1019.055	8041.000
1019.196	8114.000
1019.337	8014.000
1019.479	8249.000
1019.620	8054.000
1019.761	8187.000
1019.903	8056.000
1020.044	8199.000
1020.185	8075.000
1020.327	8113.000
1020.468	7995.000
1020.609	8183.000
1020.751	7983.000
1020.892	8163.000
1021.033	8030.000
1021.175	8169.000
1021.316	8051.000
1021.457	8123.000
1021.598	7972.000
1021.740	8185.000
1021.881	8047.000
1022.022	8160.000
1022.164	8031.000
1022.305	8192.000
1022.446	7943.000
1022.587	8131.000
1022.729	8121.000
1022.870	8227.000
1023.011	8054.000
1023.152	8121.000
1023.294	8078.000
1023.435	8161.000
1023.576	8021.000
1023.717	8182.000
1023.858	8024.000
1024.000	8163.000
1024.141	8033.000
1024.282	8140.000
1024.423	8019.000
1024.564	8250.000
1024.706	8059.000
1024.847	8209.000
1024.988	7996.000
1025.129	8208.000
1025.270	8036.000
1025.412	8222.000
1025.553	8023.000
1025.694	8248.000
1025.835	8000.000
1025.976	8163.000
1026.117	8001.000
1026.258	8217.000
1026.400	8029.000
1026.541	8236.000
1026.682	8056.000
1026.823	8178.000
1026.964	8113.000
1027.105	8135.000
1027.246	8104.000
1027.388	8241.000
1027.529	8098.000
1027.670	8133.000
1027.811	8050.000
1027.952	8228.000
1028.093	8084.000
1028.234	8146.000
1028.375	8106.000
1028.516	8156.000
1028.657	8103.000
1028.798	8256.000
1028.939	8066.000
1029.081	8198.000
1029.222	8164.000
1029.363	8228.000
1029.504	8080.000
1029.645	8314.000
1029.786	8162.000
1029.927	8243.000
1030.068	8165.000
1030.209	8257.000
1030.350	8150.000
1030.491	8213.000
1030.632	8122.000
1030.773	8278.000
1030.914	8105.000
1031.055	8199.000
1031.196	8175.000
1031.337	8261.000
1031.478	8113.000
1031.619	8184.000
1031.760	8089.000
1031.901	8349.000
1032.042	8129.000
1032.183	8225.000
1032.324	8145.000
1032.465	8361.000
1032.606	8696.000
1032.747	8243.000
1032.888	8139.000
1033.029	8241.000
1033.170	8079.000
1033.311	8318.000
1033.452	8074.000
1033.592	8318.000
1033.733	8079.000
1033.874	8150.000
1034.015	8185.000
1034.156	8235.000
1034.297	8109.000
1034.438	8224.000
1034.579	8139.000
1034.720	8305.000
1034.861	8111.000
1035.002	8184.000
1035.142	8095.000
1035.283	8183.000
1035.424	8089.000
1035.565	8224.000
1035.706	8116.000
1035.847	8155.000
1035.988	8180.000
1036.129	8190.000
1036.269	8038.000
1036.410	8311.000
1036.551	8119.000
1036.692	8195.000
1036.833	8087.000
1036.974	8123.000
1037.114	8081.000
1037.255	8157.000
1037.396	8083.000
1037.537	8109.000
1037.678	8126.000
1037.819	8134.000
1037.959	8094.000
1038.100	8185.000
1038.241	8061.000
1038.382	8160.000
1038.523	8084.000
1038.663	8288.000
1038.804	8089.000
1038.945	8160.000
1039.086	8131.000
1039.226	8182.000
1039.367	8108.000
1039.508	8181.000
1039.649	8111.000
1039.789	8176.000
1039.930	8143.000
1040.071	8203.000
1040.212	8157.000
1040.352	8203.000
1040.493	8128.000
1040.634	8150.000
1040.775	8104.000
1040.915	8206.000
1041.056	8099.000
1041.197	8266.000
1041.337	8162.000
1041.478	8301.000
1041.619	8117.000
1041.760	8247.000
1041.900	8123.000
1042.041	8244.000
1042.182	8097.000
1042.322	8292.000
1042.463	8153.000
1042.604	8313.000
1042.744	8166.000
1042.885	8311.000
1043.026	8134.000
1043.166	8287.000
1043.307	8140.000
1043.448	8242.000
1043.588	8138.000
1043.729	8331.000
1043.869	8118.000
1044.010	8302.000
1044.151	8152.000
1044.291	8312.000
1044.432	8135.000
1044.573	8299.000
1044.713	8171.000
1044.854	8341.000
1044.994	8224.000
1045.135	8323.000
1045.276	8270.000
1045.416	8395.000
1045.557	8258.000
1045.697	8294.000
1045.838	8256.000
1045.978	8408.000
1046.119	8205.000
1046.260	8336.000
1046.400	8260.000
1046.541	8420.000
1046.681	8214.000
1046.822	8414.000
1046.962	8235.000
1047.103	8464.000
1047.243	8353.000
1047.384	8398.000
1047.524	8215.000
1047.665	8397.000
1047.805	8250.000
1047.946	8393.000
1048.087	8277.000
1048.227	8396.000
1048.368	8335.000
1048.508	8361.000
1048.649	8281.000
1048.789	8429.000
1048.929	8345.000
1049.070	8395.000
1049.210	8243.000
1049.351	8465.000
1049.491	8268.000
1049.632	8385.000
1049.772	8226.000
1049.913	8374.000
1050.053	8190.000
1050.194	8431.000
1050.334	8336.000
1050.475	8312.000
1050.615	8303.000
1050.755	8443.000
1050.896	8249.000
1051.036	8388.000
1051.177	8306.000
1051.317	8369.000
1051.458	8239.000
1051.598	8364.000
1051.738	8232.000
1051.879	8338.000
1052.019	8288.000
1052.160	8382.000
1052.300	8292.000
1052.440	8371.000
1052.581	8218.000
1052.721	8435.000
1052.861	8344.000
1053.002	8409.000
1053.142	8356.000
1053.282	8418.000
1053.423	8304.000
1053.563	8407.000
1053.704	7167.000
1053.844	8351.000
1053.984	8279.000
1054.125	8312.000
1054.265	8209.000
1054.405	8401.000
1054.546	8239.000
1054.686	8413.000
1054.826	8334.000
1054.966	8414.000
1055.107	8278.000
1055.247	8377.000
1055.387	8245.000
1055.528	8439.000
1055.668	8302.000
1055.808	8384.000
1055.948	8215.000
1056.089	8418.000
1056.229	8228.000
1056.369	8294.000
1056.510	8283.000
1056.650	8315.000
1056.790	8227.000
1056.930	8331.000
1057.071	8186.000
1057.211	8399.000
1057.351	8196.000
1057.491	8425.000
1057.632	8259.000
1057.772	8319.000
1057.912	8303.000
1058.052	8288.000
1058.192	8190.000
1058.333	8254.000
1058.473	8136.000
1058.613	8247.000
1058.753	8181.000
1058.893	8321.000
1059.034	8158.000
1059.174	8348.000
1059.314	8151.000
1059.454	8230.000
1059.594	8134.000
1059.734	8231.000
1059.875	8083.000
1060.015	8242.000
1060.155	8071.000
1060.295	8183.000
1060.435	8070.000
1060.575	8247.000
1060.716	8210.000
1060.856	8234.000
1060.996	8142.000
1061.136	8339.000
1061.276	8076.000
1061.416	8205.000
1061.556	8144.000
1061.696	8299.000
1061.837	8087.000
1061.977	8384.000
1062.117	12769.000
1062.257	8349.000
1062.397	8191.000
1062.537	8299.000
1062.677	8196.000
1062.817	8297.000
1062.957	8090.000
1063.097	8275.000
1063.237	8291.000
1063.377	8401.000
1063.517	8337.000
1063.658	8484.000
1063.798	8415.000
1063.938	8602.000
1064.078	8568.000
1064.218	8736.000
1064.358	8596.000
1064.498	8726.000
1064.638	8610.000
1064.778	8862.000
1064.918	8871.000
1065.058	9085.000
1065.198	8853.000
1065.338	8714.000
1065.478	8461.000
1065.618	8408.000
1065.758	8263.000
1065.898	8304.000
1066.038	8195.000
1066.178	8426.000
1066.318	8222.000
1066.458	8359.000
1066.598	8219.000
1066.738	8461.000
1066.878	8262.000
1067.018	8391.000
1067.158	8187.000
1067.297	8354.000
1067.437	8127.000
1067.577	8383.000
1067.717	8184.000
1067.857	8394.000
1067.997	8176.000
1068.137	8373.000
1068.277	8225.000
1068.417	8378.000
1068.557	8224.000
1068.697	8410.000
1068.837	8112.000
1068.977	8402.000
1069.116	8281.000
1069.256	8279.000
1069.396	8193.000
1069.536	8399.000
1069.676	8253.000
1069.816	8344.000
1069.956	8244.000
1070.096	8325.000
1070.235	8285.000
1070.375	8314.000
1070.515	8279.000
1070.655	8390.000
1070.795	8257.000
1070.935	8412.000
1071.074	8239.000
1071.214	8430.000
1071.354	8164.000
1071.494	8360.000
1071.634	8344.000
1071.774	8471.000
1071.913	8265.000
1072.053	8381.000
1072.193	8330.000
1072.333	8486.000
1072.473	8305.000
1072.612	8416.000
1072.752	8302.000
1072.892	8530.000
1073.032	8289.000
1073.172	8391.000
1073.311	8318.000
1073.451	8464.000
1073.591	8297.000
1073.731	8323.000
1073.870	8318.000
1074.010	8514.000
1074.150	8363.000
1074.290	8436.000
1074.429	8311.000
1074.569	8356.000
1074.709	8383.000
1074.848	8485.000
