1129.938	9557.000
1130.084	9349.000
1130.229	9476.000
1130.375	9379.000
1130.521	9364.000
1130.667	9370.000
1130.813	9360.000
1130.958	9294.000
1131.104	9329.000
1131.250	9291.000
1131.396	9259.000
1131.542	9286.000
1131.687	9269.000
1131.833	9147.000
1131.979	9253.000
1132.124	9318.000
1132.270	9140.000
1132.416	9263.000
1132.561	9261.000
1132.707	9289.000
1132.853	9205.000
1132.998	9212.000
1133.144	9387.000
1133.290	9249.000
1133.435	9322.000
1133.581	9247.000
1133.727	9328.000
1133.872	9166.000
1134.018	9238.000
1134.163	9155.000
1134.309	9184.000
1134.455	9163.000
1134.600	9131.000
1134.746	9058.000
1134.891	9023.000
1135.037	9033.000
1135.182	9084.000
1135.328	8968.000
1135.473	9065.000
1135.619	9020.000
1135.764	9004.000
1135.910	9050.000
1136.055	8924.000
1136.201	9039.000
1136.346	8916.000
1136.492	8954.000
1136.637	8980.000
1136.783	8877.000
1136.928	8921.000
1137.074	8920.000
1137.219	8901.000
1137.364	8870.000
1137.510	8962.000
1137.655	8965.000
1137.801	8863.000
1137.946	8911.000
1138.091	8864.000
1138.237	8904.000
1138.382	8803.000
1138.527	8796.000
1138.673	8857.000
1138.818	8833.000
1138.963	8768.000
1139.109	8768.000
1139.254	8741.000
1139.399	8838.000
1139.544	8813.000
1139.690	8718.000
1139.835	8775.000
1139.980	8795.000
1140.125	8726.000
1140.271	8740.000
1140.416	8778.000
1140.561	8789.000
1140.706	8667.000
1140.851	8738.000
1140.997	8674.000
1141.142	8686.000
1141.287	8702.000
1141.432	8790.000
1141.577	8628.000
1141.723	8733.000
1141.868	8709.000
1142.013	8682.000
1142.158	8592.000
1142.303	8665.000
1142.448	8606.000
1142.593	8623.000
1142.738	8651.000
1142.883	8635.000
1143.028	8613.000
1143.174	8671.000
1143.319	8622.000
1143.464	8645.000
1143.609	8625.000
1143.754	8610.000
1143.899	8546.000
1144.044	8652.000
1144.189	8636.000
1144.334	8651.000
1144.479	8571.000
1144.624	8571.000
1144.769	8546.000
1144.914	8530.000
1145.059	8539.000
1145.204	8688.000
1145.348	8547.000
1145.493	8588.000
1145.638	8535.000
1145.783	8586.000
1145.928	8566.000
1146.073	8632.000
1146.218	8442.000
1146.363	8665.000
1146.508	8527.000
1146.653	8528.000
1146.797	8597.000
1146.942	8611.000
1147.087	8552.000
1147.232	8601.000
1147.377	8548.000
1147.522	8572.000
1147.666	8521.000
1147.811	8647.000
1147.956	8516.000
1148.101	8604.000
1148.245	8431.000
1148.390	8487.000
1148.535	8636.000
1148.680	8608.000
1148.824	8544.000
1148.969	8625.000
1149.114	8551.000
1149.259	8564.000
1149.403	8517.000
1149.548	8586.000
1149.693	8582.000
1149.837	8660.000
1149.982	8565.000
1150.127	8632.000
1150.271	8560.000
1150.416	8653.000
1150.561	8545.000
1150.705	8512.000
1150.850	8568.000
1150.994	8661.000
1151.139	8613.000
1151.284	8599.000
1151.428	8532.000
1151.573	8657.000
1151.717	8575.000
1151.862	8574.000
1152.006	8484.000
1152.151	8586.000
1152.295	8475.000
1152.440	8653.000
1152.584	8554.000
1152.729	8616.000
1152.873	8555.000
1153.018	8589.000
1153.162	8530.000
1153.307	8519.000
1153.451	8527.000
1153.596	8593.000
1153.740	8462.000
1153.885	8575.000
1154.029	8555.000
1154.174	8551.000
1154.318	8511.000
1154.462	8609.000
1154.607	8448.000
1154.751	8605.000
1154.896	8512.000
1155.040	8524.000
1155.184	8571.000
1155.329	8567.000
1155.473	8460.000
1155.617	8582.000
1155.762	8347.000
1155.906	8501.000
1156.050	8461.000
1156.194	8599.000
1156.339	8497.000
1156.483	8571.000
1156.627	8359.000
1156.772	8462.000
1156.916	8454.000
1157.060	8530.000
1157.204	8476.000
1157.349	8554.000
1157.493	8411.000
1157.637	8468.000
1157.781	8395.000
1157.925	8520.000
1158.070	8450.000
1158.214	8548.000
1158.358	8397.000
1158.502	8484.000
1158.646	8317.000
1158.790	8572.000
1158.935	8537.000
1159.079	8445.000
1159.223	8478.000
1159.367	8451.000
1159.511	8399.000
1159.655	8481.000
1159.799	8443.000
1159.943	8544.000
1160.087	8365.000
1160.231	8496.000
1160.375	8402.000
1160.519	8459.000
1160.664	8340.000
1160.808	8579.000
1160.952	8408.000
1161.096	8481.000
1161.240	8356.000
1161.384	8435.000
1161.528	8315.000
1161.672	8466.000
1161.815	8417.000
1161.959	8523.000
1162.103	8418.000
1162.247	8487.000
1162.391	8274.000
1162.535	8508.000
1162.679	8356.000
1162.823	8477.000
1162.967	8348.000
1163.111	8577.000
1163.255	8421.000
1163.399	8463.000
1163.542	8388.000
1163.686	8524.000
1163.830	8333.000
1163.974	8469.000
1164.118	8386.000
1164.262	8516.000
1164.405	8348.000
1164.549	8430.000
1164.693	8356.000
1164.837	8420.000
1164.981	8378.000
1165.124	8463.000
1165.268	8366.000
1165.412	8529.000
1165.556	8377.000
1165.699	8486.000
1165.843	8476.000
1165.987	8559.000
1166.131	8446.000
1166.274	8438.000
1166.418	8364.000
1166.562	8473.000
1166.705	8334.000
1166.849	8489.000
1166.993	8498.000
1167.136	8565.000
1167.280	8373.000
1167.424	8572.000
1167.567	8494.000
1167.711	8457.000
1167.854	8372.000
1167.998	8547.000
1168.142	8409.000
1168.285	8516.000
1168.429	8407.000
1168.572	8563.000
1168.716	8395.000
1168.859	8503.000
1169.003	8422.000
1169.147	8522.000
1169.290	8436.000
1169.434	8548.000
1169.577	8453.000
1169.721	8535.000
1169.864	8416.000
1170.008	8627.000
1170.151	8481.000
1170.294	8483.000
1170.438	8469.000
1170.581	8548.000
1170.725	8362.000
1170.868	8531.000
1171.012	8508.000
1171.155	8576.000
1171.298	8443.000
1171.442	8511.000
1171.585	8436.000
1171.729	8513.000
1171.872	8448.000
1172.015	8535.000
1172.159	8472.000
1172.302	8550.000
1172.445	8425.000
1172.589	8508.000
1172.732	8297.000
1172.875	8596.000
1173.019	8407.000
1173.162	8491.000
1173.305	8387.000
1173.449	8541.000
1173.592	8401.000
1173.735	8492.000
1173.878	8504.000
1174.022	8409.000
1174.165	8345.000
1174.308	8518.000
1174.451	8395.000
1174.594	8473.000
1174.738	8376.000
1174.881	8573.000
1175.024	8485.000
1175.167	8515.000
1175.310	8381.000
1175.454	8490.000
1175.597	8468.000
1175.740	8555.000
1175.883	8373.000
1176.026	8527.000
1176.169	8382.000
1176.312	8384.000
1176.455	8411.000
1176.598	8483.000
1176.742	8372.000
1176.885	8585.000
1177.028	8334.000
1177.171	8369.000
1177.314	8386.000
1177.457	8555.000
1177.600	8426.000
1177.743	8424.000
1177.886	8281.000
1178.029	8537.000
1178.172	8339.000
1178.315	8492.000
1178.458	8385.000
1178.601	8501.000
1178.744	8363.000
1178.887	8453.000
1179.030	8456.000
1179.173	8561.000
1179.316	8380.000
1179.458	8528.000
1179.601	8325.000
1179.744	8435.000
1179.887	8407.000
1180.030	8470.000
1180.173	8292.000
1180.316	8519.000
1180.459	8263.000
1180.602	8416.000
1180.744	8345.000
1180.887	8503.000
1181.030	8374.000
1181.173	8473.000
1181.316	8368.000
1181.458	8383.000
1181.601	8313.000
1181.744	8433.000
1181.887	8455.000
1182.030	8408.000
1182.172	8337.000
1182.315	8385.000
1182.458	8382.000
1182.601	8441.000
1182.743	8341.000
1182.886	8384.000
1183.029	8343.000
1183.171	8451.000
1183.314	8335.000
1183.457	8462.000
1183.599	8280.000
1183.742	8496.000
1183.885	8284.000
1184.027	8459.000
1184.170	8322.000
1184.313	8508.000
1184.455	8329.000
1184.598	8546.000
1184.741	8243.000
1184.883	8576.000
1185.026	8363.000
1185.168	8514.000
1185.311	8348.000
1185.453	8489.000
1185.596	8384.000
1185.739	8419.000
1185.881	8361.000
1186.024	8481.000
1186.166	8326.000
1186.309	8467.000
1186.451	8361.000
1186.594	8480.000
1186.736	8440.000
1186.879	8494.000
1187.021	8391.000
1187.164	8493.000
1187.306	8332.000
1187.448	8531.000
1187.591	8020.000
1187.733	8515.000
1187.876	8407.000
1188.018	8467.000
1188.160	8459.000
1188.303	8433.000
1188.445	8312.000
1188.588	8452.000
1188.730	8433.000
1188.872	8572.000
1189.015	8376.000
1189.157	8467.000
1189.299	8325.000
1189.442	8534.000
1189.584	8386.000
1189.726	8449.000
1189.869	8332.000
1190.011	8540.000
1190.153	8413.000
1190.295	8485.000
1190.438	8376.000
1190.580	8534.000
1190.722	8384.000
1190.864	8559.000
1191.007	8431.000
1191.149	8484.000
1191.291	8296.000
1191.433	8511.000
1191.576	8407.000
1191.718	8663.000
1191.860	8374.000
1192.002	8571.000
1192.144	8412.000
1192.286	8557.000
1192.429	8445.000
1192.571	8561.000
1192.713	8439.000
1192.855	8592.000
1192.997	8443.000
1193.139	8540.000
1193.281	8452.000
1193.423	8603.000
1193.565	8466.000
1193.707	8582.000
1193.850	8456.000
1193.992	8487.000
1194.134	8408.000
1194.276	8597.000
1194.418	8387.000
1194.560	8501.000
1194.702	8435.000
1194.844	8534.000
1194.986	8418.000
1195.128	8539.000
1195.270	8472.000
1195.412	8595.000
1195.554	8447.000
1195.696	8609.000
1195.837	8504.000
1195.979	8548.000
1196.121	8427.000
1196.263	8589.000
1196.405	8518.000
1196.547	8583.000
1196.689	8443.000
1196.831	8631.000
1196.973	8474.000
1197.115	8533.000
1197.256	8417.000
1197.398	8608.000
1197.540	8478.000
1197.682	8561.000
1197.824	8408.000
1197.966	8606.000
1198.107	8417.000
1198.249	8569.000
1198.391	8513.000
1198.533	8543.000
1198.675	8461.000
1198.816	8532.000
1198.958	8416.000
1199.100	8623.000
1199.242	8529.000
1199.383	8542.000
1199.525	8478.000
1199.667	8546.000
1199.808	8513.000
1199.950	8590.000
1200.092	8535.000
1200.233	8669.000
1200.375	8461.000
1200.517	8588.000
1200.658	8484.000
1200.800	8630.000
1200.942	8473.000
1201.083	8597.000
1201.225	8535.000
1201.367	8645.000
1201.508	8501.000
1201.650	8439.000
1201.791	8436.000
1201.933	8587.000
1202.074	8356.000
1202.216	8522.000
1202.358	8433.000
1202.499	8526.000
1202.641	8398.000
1202.782	8541.000
1202.924	8427.000
1203.065	8597.000
1203.207	8343.000
1203.348	8600.000
1203.490	8433.000
1203.631	8558.000
1203.773	8447.000
1203.914	8569.000
1204.056	8430.000
1204.197	8539.000
1204.338	8393.000
1204.480	8545.000
1204.621	8430.000
1204.763	8579.000
1204.904	8397.000
1205.045	8548.000
1205.187	8575.000
1205.328	8588.000
1205.470	8459.000
1205.611	8578.000
1205.752	8431.000
1205.894	8584.000
1206.035	8439.000
1206.176	8596.000
1206.318	8402.000
1206.459	8710.000
1206.600	8511.000
1206.741	8654.000
1206.883	8440.000
1207.024	8633.000
1207.165	8522.000
1207.306	8610.000
1207.448	8468.000
1207.589	8578.000
1207.730	8466.000
1207.871	8616.000
1208.013	8522.000
1208.154	8617.000
1208.295	8387.000
1208.436	8608.000
1208.577	8489.000
1208.719	8601.000
1208.860	8485.000
1209.001	8599.000
1209.142	8406.000
1209.283	8651.000
1209.424	8422.000
1209.565	8629.000
1209.706	8480.000
1209.848	8695.000
1209.989	8497.000
1210.130	8585.000
1210.271	8465.000
1210.412	8571.000
1210.553	8541.000
1210.694	8680.000
1210.835	8483.000
1210.976	8654.000
1211.117	8357.000
1211.258	8606.000
1211.399	8509.000
1211.540	8670.000
1211.681	8485.000
1211.822	8634.000
1211.963	8606.000
1212.104	8586.000
1212.245	8503.000
1212.386	8665.000
1212.527	8489.000
1212.668	8650.000
1212.809	8426.000
1212.950	8706.000
1213.090	8507.000
1213.231	8594.000
1213.372	8474.000
1213.513	8629.000
1213.654	8495.000
1213.795	8563.000
1213.936	8397.000
1214.077	8661.000
1214.217	8591.000
1214.358	8706.000
1214.499	8555.000
1214.640	8721.000
1214.781	8481.000
1214.921	8697.000
1215.062	8487.000
1215.203	8628.000
1215.344	8419.000
1215.485	8650.000
1215.625	8557.000
1215.766	8693.000
1215.907	8524.000
1216.047	8691.000
1216.188	8506.000
1216.329	8647.000
1216.470	8456.000
1216.610	8676.000
1216.751	8506.000
1216.892	8579.000
1217.032	8424.000
1217.173	8606.000
1217.314	8558.000
1217.454	8573.000
1217.595	8500.000
1217.735	8626.000
1217.876	8521.000
1218.017	8635.000
1218.157	8520.000
1218.298	8688.000
1218.438	8493.000
1218.579	8613.000
1218.720	8482.000
1218.860	8699.000
1219.001	8498.000
1219.141	8595.000
1219.282	8532.000
1219.422	8613.000
1219.563	8474.000
1219.703	8598.000
1219.844	8432.000
1219.984	8688.000
1220.125	8539.000
1220.265	8627.000
1220.406	8510.000
1220.546	8688.000
1220.687	8536.000
1220.827	8603.000
1220.967	8464.000
1221.108	8616.000
1221.248	8456.000
1221.389	8640.000
1221.529	8500.000
1221.669	8668.000
1221.810	8534.000
1221.950	8596.000
1222.091	8496.000
1222.231	8704.000
1222.371	8534.000
1222.512	8651.000
1222.652	8565.000
1222.792	8714.000
1222.933	8454.000
1223.073	8635.000
1223.213	8638.000
1223.353	8758.000
1223.494	8564.000
1223.634	8658.000
1223.774	8584.000
1223.914	8669.000
1224.055	8517.000
1224.195	8679.000
1224.335	8558.000
1224.475	8705.000
1224.616	8557.000
1224.756	8665.000
1224.896	8532.000
1225.036	8783.000
1225.176	8605.000
1225.316	8779.000
1225.457	8541.000
1225.597	8774.000
1225.737	8601.000
1225.877	8748.000
1226.017	8597.000
1226.157	8803.000
1226.297	8586.000
1226.437	8717.000
1226.578	8586.000
1226.718	8749.000
1226.858	8574.000
1226.998	8788.000
1227.138	8649.000
1227.278	8752.000
1227.418	8669.000
1227.558	8747.000
1227.698	8679.000
1227.838	8818.000
1227.978	8672.000
1228.118	8727.000
1228.258	8616.000
1228.398	8775.000
1228.538	8681.000
1228.678	8721.000
1228.818	8691.000
1228.958	8781.000
1229.098	8723.000
1229.238	8839.000
1229.377	8669.000
1229.517	8782.000
1229.657	8767.000
1229.797	8812.000
1229.937	8696.000
1230.077	8920.000
1230.217	8777.000
1230.357	8880.000
1230.496	8761.000
1230.636	8893.000
1230.776	8771.000
1230.916	8797.000
1231.056	8770.000
1231.196	8894.000
1231.335	8759.000
1231.475	8832.000
1231.615	8861.000
1231.755	8902.000
1231.894	8773.000
1232.034	8815.000
1232.174	8736.000
1232.314	8966.000
1232.453	8765.000
1232.593	8890.000
1232.733	8804.000
1232.873	8999.000
1233.012	9325.000
1233.152	8905.000
1233.292	8799.000
1233.431	8925.000
1233.571	8733.000
1233.711	8963.000
1233.850	8757.000
1233.990	8967.000
1234.129	8799.000
1234.269	8844.000
1234.409	8845.000
1234.548	8915.000
1234.688	8817.000
1234.828	8929.000
1234.967	8810.000
1235.107	9017.000
1235.246	8772.000
1235.386	8893.000
1235.525	8756.000
1235.665	8858.000
1235.804	8766.000
1235.944	8910.000
1236.083	8804.000
1236.223	8877.000
1236.362	8832.000
1236.502	8863.000
1236.641	8772.000
1236.781	9000.000
1236.920	8813.000
1237.060	8877.000
1237.199	8785.000
1237.339	8812.000
1237.478	8795.000
1237.617	8846.000
1237.757	8806.000
1237.896	8796.000
1238.036	8804.000
1238.175	8835.000
1238.314	8780.000
1238.454	8899.000
1238.593	8751.000
1238.732	8896.000
1238.872	8781.000
1239.011	8970.000
1239.150	8796.000
1239.290	8831.000
1239.429	8846.000
1239.568	8874.000
1239.708	8828.000
1239.847	8870.000
1239.986	8813.000
1240.125	8865.000
1240.265	8832.000
1240.404	8903.000
1240.543	8887.000
1240.682	8897.000
1240.822	8814.000
1240.961	8841.000
1241.100	8816.000
1241.239	8896.000
1241.378	8771.000
1241.518	8935.000
1241.657	8820.000
1241.796	8928.000
1241.935	8811.000
1242.074	8906.000
1242.213	8795.000
1242.352	8865.000
1242.492	8763.000
1242.631	8936.000
1242.770	8807.000
1242.909	8980.000
1243.048	8836.000
1243.187	8981.000
1243.326	8839.000
1243.465	8943.000
1243.604	8784.000
1243.743	8887.000
1243.882	8753.000
1244.021	8995.000
1244.160	8787.000
1244.299	8971.000
1244.438	8800.000
1244.577	8963.000
1244.716	8764.000
1244.855	8911.000
1244.994	8807.000
1245.133	8971.000
1245.272	8877.000
1245.411	8937.000
1245.550	8898.000
1245.689	9017.000
1245.828	8858.000
1245.967	8888.000
1246.106	8868.000
1246.244	9012.000
1246.383	8831.000
1246.522	8937.000
1246.661	8810.000
1246.800	9001.000
1246.939	8791.000
1247.078	8983.000
1247.216	8812.000
1247.355	9052.000
1247.494	8933.000
1247.633	8960.000
1247.772	8776.000
1247.910	8915.000
1248.049	8801.000
1248.188	8906.000
1248.327	8814.000
1248.465	8967.000
1248.604	8837.000
1248.743	8909.000
1248.882	8818.000
1249.020	8920.000
1249.159	8836.000
1249.298	8930.000
1249.436	8780.000
1249.575	8949.000
1249.714	8755.000
1249.852	8880.000
1249.991	8772.000
1250.130	8866.000
1250.268	8658.000
1250.407	8931.000
1250.546	8819.000
1250.684	8817.000
1250.823	8784.000
1250.961	8892.000
1251.100	8739.000
1251.239	8874.000
1251.377	8771.000
1251.516	8830.000
1251.654	8697.000
1251.793	8791.000
1251.931	8706.000
1252.070	8779.000
1252.208	8693.000
1252.347	8828.000
1252.485	8724.000
1252.624	8790.000
1252.762	8690.000
1252.901	8859.000
1253.039	8778.000
1253.178	8806.000
1253.316	8750.000
1253.455	8823.000
1253.593	8733.000
1253.732	8824.000
1253.870	7527.000
1254.008	8785.000
1254.147	8651.000
1254.285	8756.000
1254.424	8629.000
1254.562	8803.000
1254.700	8682.000
1254.839	8821.000
1254.977	8713.000
1255.115	8798.000
1255.254	8667.000
1255.392	8780.000
1255.530	8636.000
1255.669	8857.000
1255.807	8702.000
1255.945	8747.000
1256.084	8551.000
1256.222	8764.000
1256.360	8596.000
1256.498	8686.000
1256.637	8627.000
1256.775	8665.000
1256.913	8600.000
1257.051	8705.000
1257.189	8551.000
1257.328	8784.000
1257.466	8537.000
1257.604	8797.000
1257.742	8625.000
1257.880	8700.000
1258.019	8642.000
1258.157	8659.000
1258.295	8565.000
1258.433	8647.000
1258.571	8504.000
1258.709	8595.000
1258.847	8554.000
1258.986	8700.000
1259.124	8558.000
1259.262	8680.000
1259.400	8493.000
1259.538	8653.000
1259.676	8514.000
1259.814	8623.000
1259.952	8415.000
1260.090	8598.000
1260.228	8438.000
1260.366	8606.000
1260.504	8475.000
1260.642	8632.000
1260.780	8569.000
1260.918	8606.000
1261.056	8495.000
1261.194	8720.000
1261.332	8444.000
1261.470	8603.000
1261.608	8521.000
1261.746	8684.000
1261.884	8469.000
1262.022	8757.000
1262.160	13006.000
1262.297	8741.000
1262.435	8551.000
1262.573	8661.000
1262.711	8593.000
1262.849	8668.000
1262.987	8492.000
1263.125	8650.000
1263.262	8642.000
1263.400	8773.000
1263.538	8654.000
1263.676	8666.000
1263.814	8567.000
1263.952	8704.000
1264.089	8673.000
1264.227	8781.000
1264.365	8613.000
1264.503	8741.000
1264.640	8581.000
1264.778	8772.000
1264.916	8651.000
1265.054	8787.000
1265.191	8646.000
1265.329	8771.000
1265.467	8653.000
1265.604	8719.000
1265.742	8597.000
1265.880	8701.000
1266.017	8591.000
1266.155	8816.000
1266.293	8634.000
1266.430	8766.000
1266.568	8605.000
1266.706	8843.000
1266.843	8648.000
1266.981	8804.000
1267.119	8582.000
1267.256	8764.000
1267.394	8506.000
1267.531	8743.000
1267.669	8573.000
1267.806	8759.000
1267.944	8579.000
1268.081	8789.000
1268.219	8633.000
1268.357	8746.000
1268.494	8605.000
1268.632	8783.000
1268.769	8547.000
1268.907	8816.000
1269.044	8667.000
1269.182	8648.000
1269.319	8589.000
1269.456	8789.000
1269.594	8657.000
1269.731	8748.000
1269.869	8634.000
1270.006	8743.000
1270.144	8657.000
1270.281	8748.000
1270.418	8701.000
1270.556	8781.000
1270.693	8674.000
1270.831	8841.000
1270.968	8633.000
1271.105	8787.000
1271.243	8598.000
1271.380	8765.000
1271.517	8721.000
1271.655	8837.000
1271.792	8665.000
1271.929	8731.000
1272.066	8699.000
1272.204	8843.000
1272.341	8675.000
1272.478	8836.000
1272.616	8712.000
1272.753	8850.000
1272.890	8687.000
1273.027	8747.000
1273.165	8751.000
1273.302	8857.000
1273.439	8725.000
1273.576	8693.000
1273.713	8722.000
1273.851	8899.000
1273.988	8774.000
1274.125	8782.000
1274.262	8724.000
1274.399	8739.000
1274.536	8765.000
1274.673	8859.000
