1029.870	8722.000
1030.015	8691.000
1030.160	8689.000
1030.305	8759.000
1030.449	8649.000
1030.594	8766.000
1030.739	8652.000
1030.884	8712.000
1031.029	8647.000
1031.173	8704.000
1031.318	8601.000
1031.463	8757.000
1031.608	8660.000
1031.752	8643.000
1031.897	8661.000
1032.042	8785.000
1032.187	8559.000
1032.331	8753.000
1032.476	8626.000
1032.621	8762.000
1032.765	8595.000
1032.910	8649.000
1033.055	8755.000
1033.200	8714.000
1033.344	8652.000
1033.489	8719.000
1033.634	8677.000
1033.778	8648.000
1033.923	8611.000
1034.068	8634.000
1034.212	8621.000
1034.357	8695.000
1034.502	8640.000
1034.646	8662.000
1034.791	8601.000
1034.935	8651.000
1035.080	8691.000
1035.225	8605.000
1035.369	8639.000
1035.514	8701.000
1035.658	8613.000
1035.803	8699.000
1035.947	8582.000
1036.092	8720.000
1036.237	8580.000
1036.381	8644.000
1036.526	8636.000
1036.670	8582.000
1036.815	8601.000
1036.959	8646.000
1037.104	8568.000
1037.248	8586.000
1037.393	8655.000
1037.537	8684.000
1037.682	8568.000
1037.826	8602.000
1037.971	8587.000
1038.115	8668.000
1038.260	8529.000
1038.404	8567.000
1038.549	8588.000
1038.693	8531.000
1038.838	8531.000
1038.982	8540.000
1039.126	8487.000
1039.271	8612.000
1039.415	8498.000
1039.560	8492.000
1039.704	8516.000
1039.848	8549.000
1039.993	8499.000
1040.137	8490.000
1040.282	8495.000
1040.426	8559.000
1040.570	8393.000
1040.715	8486.000
1040.859	8417.000
1041.003	8458.000
1041.148	8431.000
1041.292	8551.000
1041.436	8419.000
1041.581	8510.000
1041.725	8494.000
1041.869	8472.000
1042.014	8356.000
1042.158	8420.000
1042.302	8361.000
1042.447	8418.000
1042.591	8396.000
1042.735	8419.000
1042.879	8386.000
1043.024	8468.000
1043.168	8404.000
1043.312	8442.000
1043.456	8410.000
1043.601	8405.000
1043.745	8354.000
1043.889	8430.000
1044.033	8413.000
1044.178	8433.000
1044.322	8351.000
1044.466	8332.000
1044.610	8325.000
1044.754	8278.000
1044.899	8327.000
1045.043	8450.000
1045.187	8306.000
1045.331	8349.000
1045.475	8332.000
1045.619	8357.000
1045.763	8315.000
1045.908	8413.000
1046.052	8199.000
1046.196	8412.000
1046.340	8296.000
1046.484	8315.000
1046.628	8328.000
1046.772	8378.000
1046.916	8331.000
1047.060	8344.000
1047.205	8291.000
1047.349	8350.000
1047.493	8280.000
1047.637	8422.000
1047.781	8275.000
1047.925	8368.000
1048.069	8212.000
1048.213	8312.000
1048.357	8394.000
1048.501	8395.000
1048.645	8313.000
1048.789	8369.000
1048.933	8327.000
1049.077	8336.000
1049.221	8294.000
1049.365	8365.000
1049.509	8382.000
1049.653	8430.000
1049.797	8313.000
1049.941	8350.000
1050.085	8341.000
1050.229	8403.000
1050.373	8321.000
1050.517	8272.000
1050.660	8327.000
1050.804	8406.000
1050.948	8350.000
1051.092	8345.000
1051.236	8282.000
1051.380	8448.000
1051.524	8340.000
1051.668	8317.000
1051.812	8237.000
1051.956	8331.000
1052.099	8230.000
1052.243	8416.000
1052.387	8359.000
1052.531	8408.000
1052.675	8282.000
1052.819	8364.000
1052.962	8272.000
1053.106	8288.000
1053.250	8259.000
1053.394	8384.000
1053.538	8209.000
1053.681	8311.000
1053.825	8306.000
1053.969	8342.000
1054.113	8286.000
1054.257	8373.000
1054.400	8186.000
1054.544	8356.000
1054.688	8285.000
1054.832	8288.000
1054.975	8301.000
1055.119	8345.000
1055.263	8224.000
1055.407	8332.000
1055.550	8121.000
1055.694	8266.000
1055.838	8225.000
1055.981	8352.000
1056.125	8250.000
1056.269	8337.000
1056.412	8135.000
1056.556	8202.000
1056.700	8198.000
1056.843	8246.000
1056.987	8235.000
1057.131	8331.000
1057.274	8173.000
1057.418	8246.000
1057.562	8160.000
1057.705	8290.000
1057.849	8172.000
1057.992	8330.000
1058.136	8143.000
1058.280	8224.000
1058.423	8094.000
1058.567	8297.000
1058.710	8258.000
1058.854	8220.000
1058.997	8229.000
1059.141	8211.000
1059.285	8117.000
1059.428	8257.000
1059.572	8166.000
1059.715	8269.000
1059.859	8104.000
1060.002	8268.000
1060.146	8128.000
1060.289	8256.000
1060.433	8083.000
1060.576	8311.000
1060.720	8134.000
1060.863	8199.000
1061.007	8073.000
1061.150	8173.000
1061.294	8041.000
1061.437	8205.000
1061.580	8168.000
1061.724	8268.000
1061.867	8153.000
1062.011	8244.000
1062.154	8006.000
1062.298	8271.000
1062.441	8086.000
1062.584	8222.000
1062.728	8116.000
1062.871	8349.000
1063.015	8244.000
1063.158	8423.000
1063.301	8459.000
1063.445	8722.000
1063.588	8612.000
1063.731	8789.000
1063.875	8666.000
1064.018	8871.000
1064.161	8764.000
1064.305	8929.000
1064.448	8895.000
1064.591	9028.000
1064.735	8802.000
1064.878	8607.000
1065.021	8270.000
1065.165	8336.000
1065.308	8128.000
1065.451	8267.000
1065.594	8209.000
1065.738	8295.000
1065.881	8186.000
1066.024	8208.000
1066.167	8102.000
1066.311	8210.000
1066.454	8112.000
1066.597	8240.000
1066.740	8278.000
1066.884	8278.000
1067.027	8137.000
1067.170	8330.000
1067.313	8219.000
1067.456	8204.000
1067.599	8096.000
1067.743	8294.000
1067.886	8158.000
1068.029	8241.000
1068.172	8132.000
1068.315	8294.000
1068.458	8150.000
1068.602	8234.000
1068.745	8154.000
1068.888	8269.000
1069.031	8126.000
1069.174	8280.000
1069.317	8187.000
1069.460	8260.000
1069.603	8146.000
1069.746	8362.000
1069.890	8194.000
1070.033	8201.000
1070.176	8169.000
1070.319	8284.000
1070.462	8088.000
1070.605	8278.000
1070.748	8262.000
1070.891	8315.000
1071.034	8187.000
1071.177	8261.000
1071.320	8140.000
1071.463	8283.000
1071.606	8158.000
1071.749	8239.000
1071.892	8168.000
1072.035	8326.000
1072.178	8193.000
1072.321	8242.000
1072.464	8025.000
1072.607	8323.000
1072.750	8105.000
1072.893	8209.000
1073.036	8148.000
1073.179	8297.000
1073.322	8102.000
1073.465	8251.000
1073.607	8252.000
1073.750	8175.000
1073.893	8084.000
1074.036	8252.000
1074.179	8118.000
1074.322	8219.000
1074.465	8083.000
1074.608	8318.000
1074.751	8219.000
1074.893	8251.000
1075.036	8113.000
1075.179	8243.000
1075.322	8171.000
1075.465	8265.000
1075.608	8079.000
1075.750	8254.000
1075.893	8100.000
1076.036	8143.000
1076.179	8156.000
1076.322	8190.000
1076.464	8100.000
1076.607	8340.000
1076.750	8074.000
1076.893	8083.000
1077.036	8092.000
1077.178	8262.000
1077.321	8144.000
1077.464	8165.000
1077.607	8053.000
1077.749	8244.000
1077.892	8080.000
1078.035	8245.000
1078.177	8105.000
1078.320	8237.000
1078.463	8108.000
1078.606	8207.000
1078.748	8170.000
1078.891	8260.000
1079.034	8089.000
1079.176	8264.000
1079.319	8043.000
1079.462	8151.000
1079.604	8115.000
1079.747	8196.000
1079.890	8007.000
1080.032	8268.000
1080.175	8010.000
1080.317	8129.000
1080.460	8063.000
1080.603	8199.000
1080.745	8085.000
1080.888	8171.000
1081.030	8089.000
1081.173	8121.000
1081.316	8037.000
1081.458	8173.000
1081.601	8159.000
1081.743	8109.000
1081.886	8041.000
1082.028	8130.000
1082.171	8094.000
1082.313	8180.000
1082.456	8015.000
1082.598	8120.000
1082.741	8038.000
1082.883	8143.000
1083.026	8033.000
1083.168	8150.000
1083.311	7994.000
1083.453	8216.000
1083.596	8001.000
1083.738	8171.000
1083.881	8020.000
1084.023	8228.000
1084.166	8047.000
1084.308	8313.000
1084.451	8002.000
1084.593	8287.000
1084.736	8052.000
1084.878	8190.000
1085.020	8118.000
1085.163	8244.000
1085.305	8108.000
1085.448	8126.000
1085.590	8066.000
1085.732	8231.000
1085.875	8050.000
1086.017	8144.000
1086.159	8074.000
1086.302	8190.000
1086.444	8114.000
1086.586	8172.000
1086.729	8095.000
1086.871	8163.000
1087.013	8021.000
1087.156	8210.000
1087.298	7729.000
1087.440	8234.000
1087.583	8110.000
1087.725	8151.000
1087.867	8143.000
1088.010	8161.000
1088.152	8010.000
1088.294	8145.000
1088.436	8094.000
1088.579	8287.000
1088.721	8039.000
1088.863	8149.000
1089.005	8037.000
1089.148	8213.000
1089.290	8075.000
1089.432	8158.000
1089.574	8012.000
1089.716	8235.000
1089.859	8089.000
1090.001	8210.000
1090.143	8027.000
1090.285	8221.000
1090.427	8040.000
1090.569	8215.000
1090.712	8104.000
1090.854	8151.000
1090.996	8004.000
1091.138	8178.000
1091.280	8097.000
1091.422	8333.000
1091.564	8051.000
1091.707	8202.000
1091.849	8098.000
1091.991	8200.000
1092.133	8103.000
1092.275	8224.000
1092.417	8062.000
1092.559	8228.000
1092.701	8092.000
1092.843	8196.000
1092.985	8090.000
1093.127	8267.000
1093.269	8129.000
1093.411	8248.000
1093.554	8090.000
1093.696	8171.000
1093.838	8044.000
1093.980	8253.000
1094.122	8057.000
1094.264	8144.000
1094.406	8072.000
1094.548	8188.000
1094.690	8043.000
1094.832	8208.000
1094.973	8110.000
1095.115	8270.000
1095.257	8096.000
1095.399	8324.000
1095.541	8158.000
1095.683	8233.000
1095.825	8127.000
1095.967	8262.000
1096.109	8175.000
1096.251	8262.000
1096.393	8080.000
1096.535	8293.000
1096.677	8111.000
1096.819	8223.000
1096.960	8071.000
1097.102	8253.000
1097.244	8089.000
1097.386	8216.000
1097.528	8094.000
1097.670	8275.000
1097.812	8103.000
1097.953	8238.000
1098.095	8191.000
1098.237	8217.000
1098.379	8123.000
1098.521	8218.000
1098.662	8064.000
1098.804	8298.000
1098.946	8193.000
1099.088	8225.000
1099.230	8140.000
1099.371	8190.000
1099.513	8194.000
1099.655	8283.000
1099.797	8234.000
1099.938	8361.000
1100.080	8190.000
1100.222	8338.000
1100.364	8183.000
1100.505	8333.000
1100.647	8192.000
1100.789	8328.000
1100.931	8265.000
1101.072	8374.000
1101.214	8229.000
1101.356	8211.000
1101.497	8145.000
1101.639	8371.000
1101.781	8126.000
1101.922	8288.000
1102.064	8182.000
1102.206	8272.000
1102.347	8200.000
1102.489	8304.000
1102.631	8179.000
1102.772	8401.000
1102.914	8152.000
1103.055	8424.000
1103.197	8251.000
1103.339	8363.000
1103.480	8266.000
1103.622	8375.000
1103.763	8259.000
1103.905	8373.000
1104.046	8243.000
1104.188	8363.000
1104.330	8253.000
1104.471	8413.000
1104.613	8228.000
1104.754	8393.000
1104.896	8414.000
1105.037	8389.000
1105.179	8281.000
1105.320	8442.000
1105.462	8300.000
1105.603	8486.000
1105.745	8352.000
1105.886	8539.000
1106.028	8308.000
1106.169	8599.000
1106.311	8361.000
1106.452	8544.000
1106.594	8324.000
1106.735	8539.000
1106.876	8394.000
1107.018	8486.000
1107.159	8339.000
1107.301	8520.000
1107.442	8332.000
1107.584	8511.000
1107.725	8403.000
1107.866	8537.000
1108.008	8339.000
1108.149	8544.000
1108.291	8459.000
1108.432	8555.000
1108.573	8506.000
1108.715	8633.000
1108.856	8449.000
1108.997	8668.000
1109.139	8454.000
1109.280	8620.000
1109.421	8497.000
1109.563	8700.000
1109.704	8499.000
1109.845	8635.000
1109.987	8506.000
1110.128	8605.000
1110.269	8564.000
1110.410	8738.000
1110.552	8541.000
1110.693	8698.000
1110.834	8443.000
1110.975	8702.000
1111.117	8577.000
1111.258	8764.000
1111.399	8591.000
1111.540	8699.000
1111.682	8687.000
1111.823	8631.000
1111.964	8586.000
1112.105	8741.000
1112.247	8582.000
1112.388	8796.000
1112.529	8612.000
1112.670	8880.000
1112.811	8702.000
1112.952	8790.000
1113.094	8706.000
1113.235	8814.000
1113.376	8702.000
1113.517	8745.000
1113.658	8582.000
1113.799	8746.000
1113.940	8709.000
1114.082	8819.000
1114.223	8693.000
1114.364	8874.000
1114.505	8712.000
1114.646	8890.000
1114.787	8725.000
1114.928	8855.000
1115.069	8676.000
1115.210	8841.000
1115.351	8828.000
1115.492	8934.000
1115.633	8803.000
1115.774	8969.000
1115.916	8786.000
1116.057	8948.000
1116.198	8711.000
1116.339	8923.000
1116.480	8765.000
1116.621	8821.000
1116.762	8718.000
1116.903	8881.000
1117.044	8822.000
1117.185	8844.000
1117.326	8784.000
1117.466	8897.000
1117.607	8845.000
1117.748	8971.000
1117.889	8851.000
1118.030	9041.000
1118.171	8861.000
1118.312	9006.000
1118.453	8899.000
1118.594	9092.000
1118.735	8881.000
1118.876	8964.000
1119.017	8864.000
1119.158	8936.000
1119.298	8809.000
1119.439	8908.000
1119.580	8847.000
1119.721	9064.000
1119.862	8959.000
1120.003	9007.000
1120.144	8908.000
1120.284	9069.000
1120.425	8930.000
1120.566	8998.000
1120.707	8919.000
1120.848	9140.000
1120.989	8906.000
1121.129	9094.000
1121.270	8947.000
1121.411	9067.000
1121.552	8932.000
1121.693	8983.000
1121.833	8870.000
1121.974	9108.000
1122.115	9001.000
1122.256	9078.000
1122.396	9038.000
1122.537	9170.000
1122.678	8945.000
1122.819	9085.000
1122.959	9080.000
1123.100	9227.000
1123.241	9033.000
1123.381	9117.000
1123.522	9067.000
1123.663	9103.000
1123.803	8983.000
1123.944	9169.000
1124.085	9044.000
1124.225	9196.000
1124.366	9081.000
1124.507	9203.000
1124.647	9077.000
1124.788	9303.000
1124.929	9148.000
1125.069	9277.000
1125.210	9063.000
1125.351	9284.000
1125.491	9142.000
1125.632	9267.000
1125.772	9107.000
1125.913	9336.000
1126.054	9175.000
1126.194	9305.000
1126.335	9184.000
1126.475	9307.000
1126.616	9179.000
1126.756	9357.000
1126.897	9225.000
1127.037	9331.000
1127.178	9314.000
1127.318	9319.000
1127.459	9307.000
1127.600	9435.000
1127.740	9288.000
1127.881	9327.000
1128.021	9240.000
1128.162	9388.000
1128.302	9296.000
1128.442	9380.000
1128.583	9310.000
1128.723	9404.000
1128.864	9336.000
1129.004	9502.000
1129.145	9333.000
1129.285	9427.000
1129.426	9411.000
1129.566	9449.000
1129.706	9321.000
1129.847	9534.000
1129.987	9340.000
1130.128	9409.000
1130.268	9318.000
1130.408	9394.000
1130.549	9305.000
1130.689	9353.000
1130.830	9223.000
1130.970	9360.000
1131.110	9226.000
1131.251	9276.000
1131.391	9265.000
1131.531	9318.000
1131.672	9182.000
1131.812	9189.000
1131.952	9138.000
1132.093	9296.000
1132.233	9076.000
1132.373	9186.000
1132.513	9099.000
1132.654	9288.000
1132.794	9559.000
1132.934	9155.000
1133.075	9062.000
1133.215	9138.000
1133.355	9006.000
1133.495	9183.000
1133.636	8984.000
1133.776	9175.000
1133.916	9017.000
1134.056	9026.000
1134.196	9078.000
1134.337	9140.000
1134.477	9034.000
1134.617	9157.000
1134.757	9074.000
1134.897	9258.000
1135.038	9083.000
1135.178	9243.000
1135.318	9157.000
1135.458	9264.000
1135.598	9186.000
1135.738	9290.000
1135.879	9151.000
1136.019	9180.000
1136.159	9114.000
1136.299	9043.000
1136.439	8964.000
1136.579	9167.000
1136.719	8956.000
1136.859	9005.000
1136.999	8939.000
1137.140	8937.000
1137.280	8937.000
1137.420	8970.000
1137.560	8953.000
1137.700	8890.000
1137.840	8913.000
1137.980	8917.000
1138.120	8890.000
1138.260	8984.000
1138.400	8843.000
1138.540	8969.000
1138.680	8829.000
1138.820	8996.000
1138.960	8875.000
1139.100	8936.000
1139.240	8894.000
1139.380	8935.000
1139.520	8890.000
1139.660	8925.000
1139.800	8870.000
1139.940	8950.000
1140.080	8902.000
1140.220	8967.000
1140.360	8953.000
1140.500	8972.000
1140.640	8896.000
1140.780	8912.000
1140.919	8891.000
1141.059	8948.000
1141.199	8869.000
1141.339	9012.000
1141.479	8926.000
1141.619	9061.000
1141.759	8898.000
1141.899	8996.000
1142.039	8942.000
1142.178	8988.000
1142.318	8882.000
1142.458	9069.000
1142.598	8948.000
1142.738	9111.000
1142.878	8979.000
1143.017	9137.000
1143.157	8958.000
1143.297	9131.000
1143.437	8984.000
1143.577	9089.000
1143.716	8982.000
1143.856	9178.000
1143.996	8975.000
1144.136	9189.000
1144.275	9000.000
1144.415	9177.000
1144.555	8964.000
1144.695	9084.000
1144.834	9045.000
1144.974	9191.000
1145.114	9062.000
1145.254	9173.000
1145.393	9134.000
1145.533	9262.000
1145.673	9127.000
1145.812	9134.000
1145.952	9100.000
1146.092	9286.000
1146.231	9074.000
1146.371	9209.000
1146.511	9111.000
1146.650	9266.000
1146.790	9082.000
1146.930	9270.000
1147.069	9093.000
1147.209	9342.000
1147.349	9259.000
1147.488	9267.000
1147.628	9078.000
1147.767	9235.000
1147.907	9122.000
1148.047	9206.000
1148.186	9149.000
1148.326	9250.000
1148.465	9161.000
1148.605	9241.000
1148.744	9156.000
1148.884	9258.000
1149.024	9183.000
1149.163	9252.000
1149.303	9117.000
1149.442	9280.000
1149.582	9155.000
1149.721	9239.000
1149.861	9115.000
1150.000	9220.000
1150.140	8987.000
1150.279	9235.000
1150.419	9153.000
1150.558	9152.000
1150.698	9136.000
1150.837	9306.000
1150.977	9069.000
1151.116	9224.000
1151.255	9095.000
1151.395	9164.000
1151.534	9018.000
1151.674	9105.000
1151.813	9001.000
1151.953	9075.000
1152.092	9032.000
1152.231	9120.000
1152.371	9020.000
1152.510	9062.000
1152.650	8935.000
1152.789	9140.000
1152.928	9072.000
1153.068	9062.000
1153.207	9002.000
1153.346	9087.000
1153.486	8940.000
1153.625	9051.000
1153.764	7743.000
1153.904	8996.000
1154.043	8898.000
1154.182	8917.000
1154.322	8779.000
1154.461	8956.000
1154.600	8795.000
1154.740	8932.000
1154.879	8861.000
1155.018	8934.000
1155.157	8774.000
1155.297	8880.000
1155.436	8732.000
1155.575	8939.000
1155.714	8766.000
1155.854	8826.000
1155.993	8657.000
1156.132	8859.000
1156.271	8646.000
1156.411	8730.000
1156.550	8703.000
1156.689	8741.000
1156.828	8622.000
1156.967	8725.000
1157.107	8571.000
1157.246	8785.000
1157.385	8509.000
1157.524	8754.000
1157.663	8596.000
1157.802	8638.000
1157.941	8623.000
1158.081	8615.000
1158.220	8519.000
1158.359	8531.000
1158.498	8425.000
1158.637	8527.000
1158.776	8458.000
1158.915	8648.000
1159.054	8477.000
1159.193	8645.000
1159.333	8429.000
1159.472	8563.000
1159.611	8425.000
1159.750	8534.000
1159.889	8374.000
1160.028	8520.000
1160.167	8385.000
1160.306	8491.000
1160.445	8373.000
1160.584	8562.000
1160.723	8499.000
1160.862	8551.000
1161.001	8405.000
1161.140	8643.000
1161.279	8373.000
1161.418	8507.000
1161.557	8463.000
1161.696	8588.000
1161.835	8445.000
1161.974	8705.000
1162.113	12886.000
1162.252	8678.000
1162.391	8517.000
1162.530	8590.000
1162.669	8573.000
1162.808	8646.000
1162.946	8498.000
1163.085	8645.000
1163.224	8675.000
1163.363	8790.000
1163.502	8672.000
1163.641	8650.000
1163.780	8586.000
1163.919	8728.000
1164.058	8696.000
1164.196	8794.000
1164.335	8644.000
1164.474	8781.000
1164.613	8638.000
1164.752	8875.000
1164.891	8733.000
1165.029	8888.000
1165.168	8727.000
1165.307	8855.000
1165.446	8752.000
1165.585	8842.000
1165.723	8732.000
1165.862	8832.000
1166.001	8755.000
1166.140	8934.000
1166.279	8818.000
1166.417	8931.000
1166.556	8812.000
1166.695	9013.000
1166.834	8857.000
1166.972	9013.000
1167.111	8821.000
1167.250	8994.000
1167.388	8783.000
1167.527	9007.000
1167.666	8835.000
1167.805	9091.000
1167.943	8872.000
1168.082	9112.000
1168.221	8960.000
1168.359	9098.000
1168.498	8975.000
1168.637	9142.000
1168.775	8969.000
1168.914	9214.000
1169.052	9141.000
1169.191	9123.000
1169.330	9086.000
1169.468	9275.000
1169.607	9154.000
1169.746	9236.000
1169.884	9131.000
1170.023	9257.000
1170.161	9208.000
1170.300	9254.000
1170.439	9238.000
1170.577	9346.000
1170.716	9272.000
1170.854	9455.000
1170.993	9263.000
1171.131	9467.000
1171.270	9248.000
1171.408	9417.000
1171.547	9395.000
1171.685	9566.000
1171.824	9373.000
1171.962	9505.000
1172.101	9484.000
1172.239	9636.000
1172.378	9501.000
1172.516	9671.000
1172.655	9517.000
1172.793	9713.000
1172.932	9551.000
1173.070	9621.000
1173.209	9596.000
1173.347	9721.000
1173.486	9628.000
1173.624	9630.000
1173.762	9697.000
1173.901	9890.000
1174.039	9781.000
1174.178	9795.000
1174.316	9796.000
1174.454	9771.000
1174.593	9849.000
1174.731	9925.000
