1129.938	9631.000
1130.084	9457.000
1130.229	9572.000
1130.375	9541.000
1130.521	9535.000
1130.667	9555.000
1130.813	9520.000
1130.958	9451.000
1131.104	9513.000
1131.250	9482.000
1131.396	9454.000
1131.542	9488.000
1131.687	9464.000
1131.833	9374.000
1131.979	9488.000
1132.124	9516.000
1132.270	9416.000
1132.416	9474.000
1132.561	9487.000
1132.707	9512.000
1132.853	9474.000
1132.998	9407.000
1133.144	9649.000
1133.290	9532.000
1133.435	9589.000
1133.581	9519.000
1133.727	9713.000
1133.872	9567.000
1134.018	9627.000
1134.163	9548.000
1134.309	9601.000
1134.455	9506.000
1134.600	9522.000
1134.746	9408.000
1134.891	9418.000
1135.037	9400.000
1135.182	9530.000
1135.328	9345.000
1135.473	9495.000
1135.619	9409.000
1135.764	9438.000
1135.910	9433.000
1136.055	9411.000
1136.201	9407.000
1136.346	9355.000
1136.492	9352.000
1136.637	9426.000
1136.783	9322.000
1136.928	9392.000
1137.074	9352.000
1137.219	9387.000
1137.364	9284.000
1137.510	9404.000
1137.655	9377.000
1137.801	9368.000
1137.946	9332.000
1138.091	9347.000
1138.237	9346.000
1138.382	9316.000
1138.527	9291.000
1138.673	9383.000
1138.818	9303.000
1138.963	9348.000
1139.109	9269.000
1139.254	9314.000
1139.399	9350.000
1139.544	9339.000
1139.690	9233.000
1139.835	9314.000
1139.980	9322.000
1140.125	9334.000
1140.271	9243.000
1140.416	9335.000
1140.561	9313.000
1140.706	9251.000
1140.851	9269.000
1140.997	9310.000
1141.142	9246.000
1141.287	9342.000
1141.432	9344.000
1141.577	9267.000
1141.723	9310.000
1141.868	9372.000
1142.013	9297.000
1142.158	9282.000
1142.303	9286.000
1142.448	9280.000
1142.593	9265.000
1142.738	9334.000
1142.883	9260.000
1143.028	9299.000
1143.174	9282.000
1143.319	9293.000
1143.464	9287.000
1143.609	9344.000
1143.754	9250.000
1143.899	9293.000
1144.044	9278.000
1144.189	9343.000
1144.334	9325.000
1144.479	9277.000
1144.624	9227.000
1144.769	9267.000
1144.914	9174.000
1145.059	9269.000
1145.204	9335.000
1145.348	9280.000
1145.493	9243.000
1145.638	9282.000
1145.783	9254.000
1145.928	9302.000
1146.073	9255.000
1146.218	9175.000
1146.363	9335.000
1146.508	9234.000
1146.653	9229.000
1146.797	9323.000
1146.942	9291.000
1147.087	9330.000
1147.232	9260.000
1147.377	9263.000
1147.522	9270.000
1147.666	9303.000
1147.811	9299.000
1147.956	9265.000
1148.101	9288.000
1148.245	9185.000
1148.390	9207.000
1148.535	9381.000
1148.680	9282.000
1148.824	9273.000
1148.969	9287.000
1149.114	9293.000
1149.259	9240.000
1149.403	9271.000
1149.548	9240.000
1149.693	9306.000
1149.837	9309.000
1149.982	9274.000
1150.127	9272.000
1150.271	9268.000
1150.416	9279.000
1150.561	9267.000
1150.705	9159.000
1150.850	9234.000
1150.994	9262.000
1151.139	9260.000
1151.284	9181.000
1151.428	9170.000
1151.573	9237.000
1151.717	9205.000
1151.862	9121.000
1152.006	9079.000
1152.151	9142.000
1152.295	9118.000
1152.440	9166.000
1152.584	9186.000
1152.729	9151.000
1152.873	9121.000
1153.018	9120.000
1153.162	9102.000
1153.307	9035.000
1153.451	9032.000
1153.596	9092.000
1153.740	8997.000
1153.885	9052.000
1154.029	9051.000
1154.174	9000.000
1154.318	9012.000
1154.462	9021.000
1154.607	8923.000
1154.751	9033.000
1154.896	8939.000
1155.040	8910.000
1155.184	8963.000
1155.329	8960.000
1155.473	8855.000
1155.617	8935.000
1155.762	8750.000
1155.906	8843.000
1156.050	8845.000
1156.194	8918.000
1156.339	8887.000
1156.483	8872.000
1156.627	8705.000
1156.772	8765.000
1156.916	8778.000
1157.060	8775.000
1157.204	8816.000
1157.349	8855.000
1157.493	8701.000
1157.637	8754.000
1157.781	8680.000
1157.925	8808.000
1158.070	8743.000
1158.214	8847.000
1158.358	8672.000
1158.502	8784.000
1158.646	8634.000
1158.790	8826.000
1158.935	8820.000
1159.079	8713.000
1159.223	8737.000
1159.367	8718.000
1159.511	8658.000
1159.655	8747.000
1159.799	8714.000
1159.943	8782.000
1160.087	8641.000
1160.231	8791.000
1160.375	8688.000
1160.519	8759.000
1160.664	8639.000
1160.808	8860.000
1160.952	8701.000
1161.096	8789.000
1161.240	8653.000
1161.384	8757.000
1161.528	8657.000
1161.672	8774.000
1161.815	8781.000
1161.959	8859.000
1162.103	8750.000
1162.247	8840.000
1162.391	8649.000
1162.535	8879.000
1162.679	8731.000
1162.823	8822.000
1162.967	8766.000
1163.111	8943.000
1163.255	8827.000
1163.399	8872.000
1163.542	8790.000
1163.686	8924.000
1163.830	8770.000
1163.974	8908.000
1164.118	8868.000
1164.262	8973.000
1164.405	8826.000
1164.549	8894.000
1164.693	8878.000
1164.837	8937.000
1164.981	8878.000
1165.124	8984.000
1165.268	8911.000
1165.412	9078.000
1165.556	9005.000
1165.699	9109.000
1165.843	9118.000
1165.987	9141.000
1166.131	9083.000
1166.274	9016.000
1166.418	8984.000
1166.562	9046.000
1166.705	8975.000
1166.849	9140.000
1166.993	9200.000
1167.136	9205.000
1167.280	9092.000
1167.424	9249.000
1167.567	9227.000
1167.711	9172.000
1167.854	9099.000
1167.998	9271.000
1168.142	9203.000
1168.285	9292.000
1168.429	9178.000
1168.572	9347.000
1168.716	9224.000
1168.859	9325.000
1169.003	9327.000
1169.147	9373.000
1169.290	9303.000
1169.434	9379.000
1169.577	9361.000
1169.721	9376.000
1169.864	9338.000
1170.008	9547.000
1170.151	9425.000
1170.294	9424.000
1170.438	9524.000
1170.581	9558.000
1170.725	9428.000
1170.868	9577.000
1171.012	9620.000
1171.155	9647.000
1171.298	9514.000
1171.442	9572.000
1171.585	9542.000
1171.729	9626.000
1171.872	9579.000
1172.015	9678.000
1172.159	9658.000
1172.302	9743.000
1172.445	9691.000
1172.589	9719.000
1172.732	9527.000
1172.875	9836.000
1173.019	9710.000
1173.162	9770.000
1173.305	9739.000
1173.449	9870.000
1173.592	9787.000
1173.735	9836.000
1173.878	9926.000
1174.022	9810.000
1174.165	9792.000
1174.308	9927.000
1174.451	9895.000
1174.594	9923.000
1174.738	9842.000
1174.881	10032.000
1175.024	10026.000
1175.167	10017.000
1175.310	9938.000
1175.454	10080.000
1175.597	10058.000
1175.740	10115.000
1175.883	9994.000
1176.026	10142.000
1176.169	10017.000
1176.312	10048.000
1176.455	10119.000
1176.598	10134.000
1176.742	10143.000
1176.885	10327.000
1177.028	10091.000
1177.171	10120.000
1177.314	10176.000
1177.457	10323.000
1177.600	10246.000
1177.743	10276.000
1177.886	10185.000
1178.029	10399.000
1178.172	10240.000
1178.315	10403.000
1178.458	10286.000
1178.601	10380.000
1178.744	10372.000
1178.887	10411.000
1179.030	10450.000
1179.173	10506.000
1179.316	10426.000
1179.458	10532.000
1179.601	10403.000
1179.744	10462.000
1179.887	10522.000
1180.030	10573.000
1180.173	10410.000
1180.316	10652.000
1180.459	10431.000
1180.602	10558.000
1180.744	10531.000
1180.887	10654.000
1181.030	10569.000
1181.173	10655.000
1181.316	10633.000
1181.458	10600.000
1181.601	10572.000
1181.744	10661.000
1181.887	10765.000
1182.030	10642.000
1182.172	10657.000
1182.315	10663.000
1182.458	10727.000
1182.601	10775.000
1182.743	10710.000
1182.886	10722.000
1183.029	10746.000
1183.171	10802.000
1183.314	10736.000
1183.457	10808.000
1183.599	10699.000
1183.742	10880.000
1183.885	10739.000
1184.027	10858.000
1184.170	10792.000
1184.313	10935.000
1184.455	10828.000
1184.598	11003.000
1184.741	10762.000
1184.883	11021.000
1185.026	10819.000
1185.168	10970.000
1185.311	10874.000
1185.453	11003.000
1185.596	10868.000
1185.739	10910.000
1185.881	10909.000
1186.024	10993.000
1186.166	10878.000
1186.309	10947.000
1186.451	10928.000
1186.594	11024.000
1186.736	10957.000
1186.879	11019.000
1187.021	10993.000
1187.164	11023.000
1187.306	10867.000
1187.448	11028.000
1187.591	10589.000
1187.733	11043.000
1187.876	10978.000
1188.018	10992.000
1188.160	10993.000
1188.303	11001.000
1188.445	10857.000
1188.588	10943.000
1188.730	10955.000
1188.872	11093.000
1189.015	10882.000
1189.157	10966.000
1189.299	10856.000
1189.442	10965.000
1189.584	10910.000
1189.726	10908.000
1189.869	10848.000
1190.011	10962.000
1190.153	10875.000
1190.295	10899.000
1190.438	10793.000
1190.580	10940.000
1190.722	10785.000
1190.864	10872.000
1191.007	10830.000
1191.149	10803.000
1191.291	10683.000
1191.433	10830.000
1191.576	10745.000
1191.718	10968.000
1191.860	10678.000
1192.002	10804.000
1192.144	10709.000
1192.286	10747.000
1192.429	10670.000
1192.571	10793.000
1192.713	10634.000
1192.855	10755.000
1192.997	10632.000
1193.139	10707.000
1193.281	10578.000
1193.423	10678.000
1193.565	10578.000
1193.707	10637.000
1193.850	10474.000
1193.992	10525.000
1194.134	10434.000
1194.276	10571.000
1194.418	10359.000
1194.560	10421.000
1194.702	10354.000
1194.844	10365.000
1194.986	10293.000
1195.128	10378.000
1195.270	10278.000
1195.412	10344.000
1195.554	10201.000
1195.696	10324.000
1195.837	10209.000
1195.979	10192.000
1196.121	10083.000
1196.263	10203.000
1196.405	10091.000
1196.547	10113.000
1196.689	9970.000
1196.831	10105.000
1196.973	9936.000
1197.115	9948.000
1197.256	9848.000
1197.398	9932.000
1197.540	9810.000
1197.682	9875.000
1197.824	9717.000
1197.966	9842.000
1198.107	9658.000
1198.249	9743.000
1198.391	9709.000
1198.533	9699.000
1198.675	9550.000
1198.816	9590.000
1198.958	9458.000
1199.100	9629.000
1199.242	9503.000
1199.383	9475.000
1199.525	9388.000
1199.667	9381.000
1199.808	9378.000
1199.950	9385.000
1200.092	9344.000
1200.233	9400.000
1200.375	9162.000
1200.517	9307.000
1200.658	9155.000
1200.800	9254.000
1200.942	9099.000
1201.083	9238.000
1201.225	9116.000
1201.367	9167.000
1201.508	9022.000
1201.650	8975.000
1201.791	8909.000
1201.933	9081.000
1202.074	8794.000
1202.216	8956.000
1202.358	8813.000
1202.499	8912.000
1202.641	8750.000
1202.782	8863.000
1202.924	8727.000
1203.065	8908.000
1203.207	8616.000
1203.348	8835.000
1203.490	8683.000
1203.631	8751.000
1203.773	8646.000
1203.914	8752.000
1204.056	8601.000
1204.197	8704.000
1204.338	8535.000
1204.480	8643.000
1204.621	8550.000
1204.763	8656.000
1204.904	8451.000
1205.045	8585.000
1205.187	8630.000
1205.328	8633.000
1205.470	8507.000
1205.611	8620.000
1205.752	8439.000
1205.894	8593.000
1206.035	8447.000
1206.176	8566.000
1206.318	8348.000
1206.459	8647.000
1206.600	8477.000
1206.741	8608.000
1206.883	8366.000
1207.024	8547.000
1207.165	8468.000
1207.306	8522.000
1207.448	8352.000
1207.589	8476.000
1207.730	8336.000
1207.871	8504.000
1208.013	8416.000
1208.154	8496.000
1208.295	8271.000
1208.436	8469.000
1208.577	8345.000
1208.719	8451.000
1208.860	8344.000
1209.001	8461.000
1209.142	8288.000
1209.283	8450.000
1209.424	8247.000
1209.565	8467.000
1209.706	8326.000
1209.848	8523.000
1209.989	8310.000
1210.130	8409.000
1210.271	8272.000
1210.412	8369.000
1210.553	8352.000
1210.694	8487.000
1210.835	8273.000
1210.976	8479.000
1211.117	8210.000
1211.258	8421.000
1211.399	8298.000
1211.540	8404.000
1211.681	8251.000
1211.822	8399.000
1211.963	8355.000
1212.104	8355.000
1212.245	8272.000
1212.386	8451.000
1212.527	8228.000
1212.668	8397.000
1212.809	8203.000
1212.950	8433.000
1213.090	8240.000
1213.231	8344.000
1213.372	8199.000
1213.513	8372.000
1213.654	8221.000
1213.795	8292.000
1213.936	8143.000
1214.077	8343.000
1214.217	8303.000
1214.358	8390.000
1214.499	8271.000
1214.640	8402.000
1214.781	8196.000
1214.921	8345.000
1215.062	8180.000
1215.203	8333.000
1215.344	8100.000
1215.485	8305.000
1215.625	8251.000
1215.766	8380.000
1215.907	8192.000
1216.047	8383.000
1216.188	8130.000
1216.329	8332.000
1216.470	8100.000
1216.610	8338.000
1216.751	8131.000
1216.892	8215.000
1217.032	8052.000
1217.173	8264.000
1217.314	8204.000
1217.454	8225.000
1217.595	8124.000
1217.735	8267.000
1217.876	8170.000
1218.017	8287.000
1218.157	8119.000
1218.298	8297.000
1218.438	8121.000
1218.579	8239.000
1218.720	8095.000
1218.860	8314.000
1219.001	8119.000
1219.141	8219.000
1219.282	8129.000
1219.422	8205.000
1219.563	8070.000
1219.703	8166.000
1219.844	8082.000
1219.984	8298.000
1220.125	8151.000
1220.265	8224.000
1220.406	8099.000
1220.546	8254.000
1220.687	8114.000
1220.827	8149.000
1220.967	8054.000
1221.108	8219.000
1221.248	7992.000
1221.389	8172.000
1221.529	8042.000
1221.669	8221.000
1221.810	8069.000
1221.950	8123.000
1222.091	8026.000
1222.231	8218.000
1222.371	8063.000
1222.512	8205.000
1222.652	8069.000
1222.792	8228.000
1222.933	8005.000
1223.073	8149.000
1223.213	8160.000
1223.353	8269.000
1223.494	8077.000
1223.634	8151.000
1223.774	8067.000
1223.914	8157.000
1224.055	8007.000
1224.195	8219.000
1224.335	8051.000
1224.475	8196.000
1224.616	8027.000
1224.756	8151.000
1224.896	8014.000
1225.036	8278.000
1225.176	8076.000
1225.316	8237.000
1225.457	7997.000
1225.597	8223.000
1225.737	8080.000
1225.877	8246.000
1226.017	8081.000
1226.157	8286.000
1226.297	8060.000
1226.437	8205.000
1226.578	8079.000
1226.718	8241.000
1226.858	8041.000
1226.998	8285.000
1227.138	8088.000
1227.278	8212.000
1227.418	8125.000
1227.558	8150.000
1227.698	8129.000
1227.838	8253.000
1227.978	8087.000
1228.118	8159.000
1228.258	8038.000
1228.398	8235.000
1228.538	8100.000
1228.678	8149.000
1228.818	8128.000
1228.958	8197.000
1229.098	8115.000
1229.238	8290.000
1229.377	8094.000
1229.517	8201.000
1229.657	8182.000
1229.797	8260.000
1229.937	8098.000
1230.077	8316.000
1230.217	8167.000
1230.357	8256.000
1230.496	8187.000
1230.636	8295.000
1230.776	8152.000
1230.916	8212.000
1231.056	8129.000
1231.196	8296.000
1231.335	8119.000
1231.475	8211.000
1231.615	8226.000
1231.755	8261.000
1231.894	8127.000
1232.034	8205.000
1232.174	8132.000
1232.314	8328.000
1232.453	8135.000
1232.593	8274.000
1232.733	8170.000
1232.873	8339.000
1233.012	8708.000
1233.152	8257.000
1233.292	8156.000
1233.431	8281.000
1233.571	8105.000
1233.711	8320.000
1233.850	8143.000
1233.990	8335.000
1234.129	8142.000
1234.269	8144.000
1234.409	8203.000
1234.548	8249.000
1234.688	8169.000
1234.828	8267.000
1234.967	8154.000
1235.107	8349.000
1235.246	8129.000
1235.386	8181.000
1235.525	8111.000
1235.665	8211.000
1235.804	8081.000
1235.944	8243.000
1236.083	8172.000
1236.223	8211.000
1236.362	8182.000
1236.502	8224.000
1236.641	8092.000
1236.781	8350.000
1236.920	8129.000
1237.060	8202.000
1237.199	8077.000
1237.339	8161.000
1237.478	8137.000
1237.617	8194.000
1237.757	8111.000
1237.896	8146.000
1238.036	8144.000
1238.175	8152.000
1238.314	8132.000
1238.454	8213.000
1238.593	8114.000
1238.732	8236.000
1238.872	8109.000
1239.011	8306.000
1239.150	8162.000
1239.290	8199.000
1239.429	8120.000
1239.568	8192.000
1239.708	8158.000
1239.847	8211.000
1239.986	8146.000
1240.125	8212.000
1240.265	8141.000
1240.404	8244.000
1240.543	8226.000
1240.682	8222.000
1240.822	8133.000
1240.961	8157.000
1241.100	8148.000
1241.239	8233.000
1241.378	8130.000
1241.518	8312.000
1241.657	8166.000
1241.796	8293.000
1241.935	8153.000
1242.074	8194.000
1242.213	8159.000
1242.352	8230.000
1242.492	8090.000
1242.631	8319.000
1242.770	8148.000
1242.909	8327.000
1243.048	8215.000
1243.187	8338.000
1243.326	8126.000
1243.465	8336.000
1243.604	8150.000
1243.743	8259.000
1243.882	8161.000
1244.021	8344.000
1244.160	8133.000
1244.299	8334.000
1244.438	8233.000
1244.577	8351.000
1244.716	8165.000
1244.855	8318.000
1244.994	8226.000
1245.133	8406.000
1245.272	8231.000
1245.411	8349.000
1245.550	8307.000
1245.689	8420.000
1245.828	8306.000
1245.967	8326.000
1246.106	8295.000
1246.244	8440.000
1246.383	8246.000
1246.522	8357.000
1246.661	8276.000
1246.800	8445.000
1246.939	8243.000
1247.078	8445.000
1247.216	8238.000
1247.355	8486.000
1247.494	8368.000
1247.633	8429.000
1247.772	8263.000
1247.910	8395.000
1248.049	8297.000
1248.188	8355.000
1248.327	8303.000
1248.465	8426.000
1248.604	8305.000
1248.743	8379.000
1248.882	8315.000
1249.020	8460.000
1249.159	8345.000
1249.298	8404.000
1249.436	8258.000
1249.575	8478.000
1249.714	8285.000
1249.852	8427.000
1249.991	8257.000
1250.130	8394.000
1250.268	8213.000
1250.407	8468.000
1250.546	8356.000
1250.684	8330.000
1250.823	8305.000
1250.961	8448.000
1251.100	8268.000
1251.239	8430.000
1251.377	8343.000
1251.516	8392.000
1251.654	8255.000
1251.793	8369.000
1251.931	8256.000
1252.070	8345.000
1252.208	8307.000
1252.347	8390.000
1252.485	8335.000
1252.624	8374.000
1252.762	8224.000
1252.901	8477.000
1253.039	8364.000
1253.178	8425.000
1253.316	8377.000
1253.455	8432.000
1253.593	8300.000
1253.732	8381.000
1253.870	7159.000
1254.008	8380.000
1254.147	8297.000
1254.285	8323.000
1254.424	8205.000
1254.562	8407.000
1254.700	8270.000
1254.839	8391.000
1254.977	8302.000
1255.115	8395.000
1255.254	8293.000
1255.392	8361.000
1255.530	8268.000
1255.669	8433.000
1255.807	8298.000
1255.945	8382.000
1256.084	8186.000
1256.222	8391.000
1256.360	8192.000
1256.498	8314.000
1256.637	8272.000
1256.775	8328.000
1256.913	8203.000
1257.051	8336.000
1257.189	8199.000
1257.328	8402.000
1257.466	8126.000
1257.604	8439.000
1257.742	8231.000
1257.880	8275.000
1258.019	8290.000
1258.157	8258.000
1258.295	8199.000
1258.433	8231.000
1258.571	8118.000
1258.709	8229.000
1258.847	8147.000
1258.986	8328.000
1259.124	8164.000
1259.262	8326.000
1259.400	8116.000
1259.538	8244.000
1259.676	8091.000
1259.814	8227.000
1259.952	8043.000
1260.090	8241.000
1260.228	8028.000
1260.366	8228.000
1260.504	8104.000
1260.642	8245.000
1260.780	8172.000
1260.918	8247.000
1261.056	8128.000
1261.194	8337.000
1261.332	8056.000
1261.470	8204.000
1261.608	8131.000
1261.746	8309.000
1261.884	8085.000
1262.022	8361.000
1262.160	12630.000
1262.297	8342.000
1262.435	8155.000
1262.573	8250.000
1262.711	8178.000
1262.849	8283.000
1262.987	8081.000
1263.125	8240.000
1263.262	8256.000
1263.400	8407.000
1263.538	8226.000
1263.676	8286.000
1263.814	8160.000
1263.952	8292.000
1264.089	8307.000
1264.227	8373.000
1264.365	8217.000
1264.503	8338.000
1264.640	8163.000
1264.778	8359.000
1264.916	8242.000
1265.054	8405.000
1265.191	8236.000
1265.329	8361.000
1265.467	8256.000
1265.604	8324.000
1265.742	8206.000
1265.880	8282.000
1266.017	8231.000
1266.155	8384.000
1266.293	8212.000
1266.430	8345.000
1266.568	8181.000
1266.706	8407.000
1266.843	8219.000
1266.981	8386.000
1267.119	8174.000
1267.256	8371.000
1267.394	8072.000
1267.531	8330.000
1267.669	8122.000
1267.806	8357.000
1267.944	8117.000
1268.081	8372.000
1268.219	8211.000
1268.357	8343.000
1268.494	8193.000
1268.632	8387.000
1268.769	8141.000
1268.907	8375.000
1269.044	8257.000
1269.182	8249.000
1269.319	8194.000
1269.456	8394.000
1269.594	8241.000
1269.731	8325.000
1269.869	8210.000
1270.006	8291.000
1270.144	8218.000
1270.281	8294.000
1270.418	8239.000
1270.556	8336.000
1270.693	8235.000
1270.831	8391.000
1270.968	8156.000
1271.105	8375.000
1271.243	8154.000
1271.380	8321.000
1271.517	8297.000
1271.655	8437.000
1271.792	8209.000
1271.929	8293.000
1272.066	8253.000
1272.204	8426.000
1272.341	8272.000
1272.478	8416.000
1272.616	8235.000
1272.753	8412.000
1272.890	8220.000
1273.027	8330.000
1273.165	8269.000
1273.302	8392.000
1273.439	8226.000
1273.576	8244.000
1273.713	8272.000
1273.851	8404.000
1273.988	8296.000
1274.125	8330.000
1274.262	8258.000
1274.399	8296.000
1274.536	8325.000
1274.673	8432.000
