1129.938	11392.000
1130.084	9962.000
1130.229	11043.000
1130.375	9809.000
1130.521	10760.000
1130.667	9638.000
1130.813	10393.000
1130.958	9355.000
1131.104	10115.000
1131.250	9183.000
1131.396	9812.000
1131.542	9029.000
1131.687	9643.000
1131.833	8779.000
1131.979	9450.000
1132.124	8792.000
1132.270	9254.000
1132.416	8705.000
1132.561	9164.000
1132.707	8636.000
1132.853	9025.000
1132.998	8493.000
1133.144	9121.000
1133.290	8467.000
1133.435	9061.000
1133.581	8530.000
1133.727	9195.000
1133.872	8634.000
1134.018	9286.000
1134.163	8812.000
1134.309	9474.000
1134.455	8939.000
1134.600	9566.000
1134.746	8945.000
1134.891	9501.000
1135.037	8937.000
1135.182	9529.000
1135.328	8811.000
1135.473	9328.000
1135.619	8747.000
1135.764	9070.000
1135.910	8579.000
1136.055	8836.000
1136.201	8437.000
1136.346	8640.000
1136.492	8233.000
1136.637	8548.000
1136.783	8058.000
1136.928	8348.000
1137.074	7999.000
1137.219	8180.000
1137.364	7847.000
1137.510	8138.000
1137.655	7835.000
1137.801	7936.000
1137.946	7746.000
1138.091	7848.000
1138.237	7675.000
1138.382	7723.000
1138.527	7538.000
1138.673	7708.000
1138.818	7487.000
1138.963	7614.000
1139.109	7408.000
1139.254	7550.000
1139.399	7423.000
1139.544	7504.000
1139.690	7292.000
1139.835	7429.000
1139.980	7337.000
1140.125	7379.000
1140.271	7311.000
1140.416	7397.000
1140.561	7311.000
1140.706	7264.000
1140.851	7215.000
1140.997	7302.000
1141.142	7222.000
1141.287	7280.000
1141.432	7266.000
1141.577	7201.000
1141.723	7187.000
1141.868	7259.000
1142.013	7181.000
1142.158	7204.000
1142.303	7138.000
1142.448	7197.000
1142.593	7135.000
1142.738	7207.000
1142.883	7104.000
1143.028	7153.000
1143.174	7150.000
1143.319	7226.000
1143.464	7138.000
1143.609	7220.000
1143.754	7108.000
1143.899	7126.000
1144.044	7108.000
1144.189	7166.000
1144.334	7142.000
1144.479	7118.000
1144.624	7033.000
1144.769	7081.000
1144.914	7005.000
1145.059	7068.000
1145.204	7087.000
1145.348	7030.000
1145.493	6975.000
1145.638	7045.000
1145.783	6981.000
1145.928	7013.000
1146.073	6991.000
1146.218	6887.000
1146.363	7052.000
1146.508	6993.000
1146.653	6917.000
1146.797	7010.000
1146.942	7015.000
1147.087	7009.000
1147.232	6983.000
1147.377	6959.000
1147.522	6970.000
1147.666	6947.000
1147.811	7022.000
1147.956	6936.000
1148.101	6993.000
1148.245	6905.000
1148.390	6925.000
1148.535	7058.000
1148.680	7012.000
1148.824	6993.000
1148.969	7025.000
1149.114	6999.000
1149.259	6994.000
1149.403	6986.000
1149.548	6984.000
1149.693	7012.000
1149.837	7057.000
1149.982	7011.000
1150.127	7019.000
1150.271	7073.000
1150.416	7082.000
1150.561	7050.000
1150.705	7003.000
1150.850	7050.000
1150.994	7100.000
1151.139	7077.000
1151.284	7019.000
1151.428	7032.000
1151.573	7089.000
1151.717	7044.000
1151.862	7044.000
1152.006	7020.000
1152.151	7067.000
1152.295	7020.000
1152.440	7112.000
1152.584	7104.000
1152.729	7134.000
1152.873	7071.000
1153.018	7096.000
1153.162	7104.000
1153.307	7047.000
1153.451	7074.000
1153.596	7132.000
1153.740	7030.000
1153.885	7097.000
1154.029	7126.000
1154.174	7096.000
1154.318	7102.000
1154.462	7146.000
1154.607	7061.000
1154.751	7143.000
1154.896	7114.000
1155.040	7101.000
1155.184	7129.000
1155.329	7200.000
1155.473	7097.000
1155.617	7173.000
1155.762	7042.000
1155.906	7104.000
1156.050	7125.000
1156.194	7232.000
1156.339	7159.000
1156.483	7237.000
1156.627	7040.000
1156.772	7097.000
1156.916	7126.000
1157.060	7192.000
1157.204	7196.000
1157.349	7237.000
1157.493	7146.000
1157.637	7191.000
1157.781	7116.000
1157.925	7215.000
1158.070	7141.000
1158.214	7288.000
1158.358	7117.000
1158.502	7180.000
1158.646	7093.000
1158.790	7294.000
1158.935	7274.000
1159.079	7148.000
1159.223	7210.000
1159.367	7216.000
1159.511	7134.000
1159.655	7227.000
1159.799	7160.000
1159.943	7258.000
1160.087	7114.000
1160.231	7243.000
1160.375	7137.000
1160.519	7202.000
1160.664	7077.000
1160.808	7297.000
1160.952	7134.000
1161.096	7184.000
1161.240	7051.000
1161.384	7169.000
1161.528	7063.000
1161.672	7168.000
1161.815	7115.000
1161.959	7220.000
1162.103	7079.000
1162.247	7186.000
1162.391	6957.000
1162.535	7169.000
1162.679	7017.000
1162.823	7131.000
1162.967	6985.000
1163.111	7216.000
1163.255	7061.000
1163.399	7103.000
1163.542	6996.000
1163.686	7132.000
1163.830	6946.000
1163.974	7028.000
1164.118	6971.000
1164.262	7099.000
1164.405	6917.000
1164.549	6978.000
1164.693	6895.000
1164.837	7025.000
1164.981	6941.000
1165.124	7029.000
1165.268	6894.000
1165.412	7069.000
1165.556	6917.000
1165.699	7036.000
1165.843	6998.000
1165.987	7051.000
1166.131	6964.000
1166.274	6944.000
1166.418	6843.000
1166.562	6999.000
1166.705	6834.000
1166.849	6998.000
1166.993	6992.000
1167.136	7030.000
1167.280	6885.000
1167.424	7029.000
1167.567	6969.000
1167.711	6966.000
1167.854	6840.000
1167.998	7007.000
1168.142	6892.000
1168.285	6978.000
1168.429	6838.000
1168.572	7060.000
1168.716	6855.000
1168.859	6974.000
1169.003	6896.000
1169.147	6989.000
1169.290	6874.000
1169.434	6977.000
1169.577	6905.000
1169.721	7013.000
1169.864	6876.000
1170.008	7093.000
1170.151	6907.000
1170.294	6964.000
1170.438	6960.000
1170.581	7046.000
1170.725	6892.000
1170.868	7020.000
1171.012	6992.000
1171.155	7069.000
1171.298	6892.000
1171.442	6974.000
1171.585	6918.000
1171.729	7002.000
1171.872	6901.000
1172.015	7027.000
1172.159	6915.000
1172.302	7055.000
1172.445	6917.000
1172.589	6993.000
1172.732	6742.000
1172.875	7071.000
1173.019	6881.000
1173.162	7014.000
1173.305	6878.000
1173.449	7052.000
1173.592	6881.000
1173.735	6985.000
1173.878	6968.000
1174.022	6931.000
1174.165	6816.000
1174.308	7036.000
1174.451	6893.000
1174.594	6987.000
1174.738	6840.000
1174.881	7098.000
1175.024	6999.000
1175.167	7038.000
1175.310	6899.000
1175.454	7055.000
1175.597	6963.000
1175.740	7058.000
1175.883	6857.000
1176.026	7084.000
1176.169	6907.000
1176.312	6959.000
1176.455	6945.000
1176.598	7014.000
1176.742	6925.000
1176.885	7160.000
1177.028	6895.000
1177.171	6928.000
1177.314	6934.000
1177.457	7106.000
1177.600	6965.000
1177.743	7039.000
1177.886	6857.000
1178.029	7122.000
1178.172	6936.000
1178.315	7069.000
1178.458	6935.000
1178.601	7114.000
1178.744	6949.000
1178.887	7079.000
1179.030	7025.000
1179.173	7133.000
1179.316	6962.000
1179.458	7150.000
1179.601	6933.000
1179.744	7068.000
1179.887	7017.000
1180.030	7131.000
1180.173	6891.000
1180.316	7159.000
1180.459	6912.000
1180.602	7052.000
1180.744	6980.000
1180.887	7151.000
1181.030	7008.000
1181.173	7123.000
1181.316	6994.000
1181.458	7046.000
1181.601	6966.000
1181.744	7114.000
1181.887	7100.000
1182.030	7069.000
1182.172	6994.000
1182.315	7064.000
1182.458	7033.000
1182.601	7143.000
1182.743	6979.000
1182.886	7101.000
1183.029	7047.000
1183.171	7124.000
1183.314	7009.000
1183.457	7144.000
1183.599	6973.000
1183.742	7166.000
1183.885	6960.000
1184.027	7167.000
1184.170	6994.000
1184.313	7191.000
1184.455	7049.000
1184.598	7251.000
1184.741	6969.000
1184.883	7281.000
1185.026	7033.000
1185.168	7177.000
1185.311	7013.000
1185.453	7191.000
1185.596	7085.000
1185.739	7154.000
1185.881	7080.000
1186.024	7200.000
1186.166	7019.000
1186.309	7179.000
1186.451	7043.000
1186.594	7189.000
1186.736	7116.000
1186.879	7226.000
1187.021	7114.000
1187.164	7208.000
1187.306	7015.000
1187.448	7207.000
1187.591	6829.000
1187.733	7242.000
1187.876	7106.000
1188.018	7196.000
1188.160	7150.000
1188.303	7181.000
1188.445	6992.000
1188.588	7173.000
1188.730	7105.000
1188.872	7271.000
1189.015	7055.000
1189.157	7203.000
1189.299	7008.000
1189.442	7257.000
1189.584	7066.000
1189.726	7191.000
1189.869	7023.000
1190.011	7235.000
1190.153	7124.000
1190.295	7217.000
1190.438	7046.000
1190.580	7196.000
1190.722	7050.000
1190.864	7231.000
1191.007	7087.000
1191.149	7164.000
1191.291	6957.000
1191.433	7163.000
1191.576	7061.000
1191.718	7302.000
1191.860	7038.000
1192.002	7257.000
1192.144	7073.000
1192.286	7205.000
1192.429	7059.000
1192.571	7213.000
1192.713	7048.000
1192.855	7245.000
1192.997	7061.000
1193.139	7194.000
1193.281	7068.000
1193.423	7269.000
1193.565	7067.000
1193.707	7241.000
1193.850	7059.000
1193.992	7144.000
1194.134	7003.000
1194.276	7230.000
1194.418	6971.000
1194.560	7160.000
1194.702	7003.000
1194.844	7141.000
1194.986	7024.000
1195.128	7128.000
1195.270	7062.000
1195.412	7184.000
1195.554	7007.000
1195.696	7182.000
1195.837	7044.000
1195.979	7118.000
1196.121	7002.000
1196.263	7166.000
1196.405	7066.000
1196.547	7128.000
1196.689	6942.000
1196.831	7180.000
1196.973	6983.000
1197.115	7069.000
1197.256	6940.000
1197.398	7051.000
1197.540	6929.000
1197.682	7076.000
1197.824	6883.000
1197.966	7071.000
1198.107	6889.000
1198.249	7050.000
1198.391	6968.000
1198.533	6995.000
1198.675	6857.000
1198.816	6997.000
1198.958	6809.000
1199.100	7052.000
1199.242	6936.000
1199.383	6962.000
1199.525	6828.000
1199.667	6893.000
1199.808	6881.000
1199.950	6967.000
1200.092	6872.000
1200.233	7011.000
1200.375	6765.000
1200.517	6946.000
1200.658	6770.000
1200.800	6935.000
1200.942	6745.000
1201.083	6900.000
1201.225	6787.000
1201.367	6922.000
1201.508	6723.000
1201.650	6746.000
1201.791	6652.000
1201.933	6864.000
1202.074	6585.000
1202.216	6773.000
1202.358	6603.000
1202.499	6764.000
1202.641	6606.000
1202.782	6708.000
1202.924	6571.000
1203.065	6794.000
1203.207	6487.000
1203.348	6760.000
1203.490	6550.000
1203.631	6712.000
1203.773	6561.000
1203.914	6686.000
1204.056	6527.000
1204.197	6641.000
1204.338	6462.000
1204.480	6627.000
1204.621	6492.000
1204.763	6623.000
1204.904	6397.000
1205.045	6613.000
1205.187	6584.000
1205.328	6652.000
1205.470	6469.000
1205.611	6620.000
1205.752	6433.000
1205.894	6592.000
1206.035	6398.000
1206.176	6597.000
1206.318	6359.000
1206.459	6690.000
1206.600	6458.000
1206.741	6661.000
1206.883	6417.000
1207.024	6612.000
1207.165	6455.000
1207.306	6614.000
1207.448	6382.000
1207.589	6564.000
1207.730	6388.000
1207.871	6602.000
1208.013	6437.000
1208.154	6591.000
1208.295	6317.000
1208.436	6554.000
1208.577	6385.000
1208.719	6537.000
1208.860	6392.000
1209.001	6549.000
1209.142	6316.000
1209.283	6536.000
1209.424	6303.000
1209.565	6558.000
1209.706	6378.000
1209.848	6563.000
1209.989	6355.000
1210.130	6496.000
1210.271	6303.000
1210.412	6454.000
1210.553	6366.000
1210.694	6532.000
1210.835	6308.000
1210.976	6503.000
1211.117	6219.000
1211.258	6463.000
1211.399	6306.000
1211.540	6489.000
1211.681	6295.000
1211.822	6450.000
1211.963	6393.000
1212.104	6445.000
1212.245	6300.000
1212.386	6473.000
1212.527	6243.000
1212.668	6479.000
1212.809	6274.000
1212.950	6504.000
1213.090	6277.000
1213.231	6399.000
1213.372	6247.000
1213.513	6422.000
1213.654	6311.000
1213.795	6400.000
1213.936	6167.000
1214.077	6423.000
1214.217	6328.000
1214.358	6476.000
1214.499	6269.000
1214.640	6472.000
1214.781	6257.000
1214.921	6456.000
1215.062	6237.000
1215.203	6378.000
1215.344	6161.000
1215.485	6414.000
1215.625	6310.000
1215.766	6452.000
1215.907	6245.000
1216.047	6442.000
1216.188	6225.000
1216.329	6424.000
1216.470	6157.000
1216.610	6404.000
1216.751	6210.000
1216.892	6313.000
1217.032	6169.000
1217.173	6338.000
1217.314	6295.000
1217.454	6350.000
1217.595	6208.000
1217.735	6377.000
1217.876	6243.000
1218.017	6402.000
1218.157	6208.000
1218.298	6429.000
1218.438	6208.000
1218.579	6343.000
1218.720	6189.000
1218.860	6434.000
1219.001	6205.000
1219.141	6328.000
1219.282	6219.000
1219.422	6366.000
1219.563	6163.000
1219.703	6280.000
1219.844	6144.000
1219.984	6398.000
1220.125	6267.000
1220.265	6339.000
1220.406	6189.000
1220.546	6375.000
1220.687	6178.000
1220.827	6334.000
1220.967	6182.000
1221.108	6344.000
1221.248	6144.000
1221.389	6351.000
1221.529	6201.000
1221.669	6350.000
1221.810	6173.000
1221.950	6304.000
1222.091	6140.000
1222.231	6371.000
1222.371	6212.000
1222.512	6342.000
1222.652	6229.000
1222.792	6364.000
1222.933	6113.000
1223.073	6303.000
1223.213	6294.000
1223.353	6422.000
1223.494	6192.000
1223.634	6327.000
1223.774	6204.000
1223.914	6343.000
1224.055	6177.000
1224.195	6355.000
1224.335	6185.000
1224.475	6349.000
1224.616	6160.000
1224.756	6323.000
1224.896	6121.000
1225.036	6416.000
1225.176	6214.000
1225.316	6372.000
1225.457	6150.000
1225.597	6392.000
1225.737	6193.000
1225.877	6391.000
1226.017	6196.000
1226.157	6417.000
1226.297	6177.000
1226.437	6378.000
1226.578	6182.000
1226.718	6363.000
1226.858	6174.000
1226.998	6396.000
1227.138	6211.000
1227.278	6364.000
1227.418	6222.000
1227.558	6351.000
1227.698	6254.000
1227.838	6407.000
1227.978	6267.000
1228.118	6360.000
1228.258	6201.000
1228.398	6389.000
1228.538	6265.000
1228.678	6330.000
1228.818	6222.000
1228.958	6382.000
1229.098	6249.000
1229.238	6446.000
1229.377	6231.000
1229.517	6382.000
1229.657	6307.000
1229.797	6410.000
1229.937	6232.000
1230.077	6490.000
1230.217	6283.000
1230.357	6463.000
1230.496	6313.000
1230.636	6419.000
1230.776	6307.000
1230.916	6406.000
1231.056	6264.000
1231.196	6472.000
1231.335	6254.000
1231.475	6390.000
1231.615	6339.000
1231.755	6429.000
1231.894	6257.000
1232.034	6384.000
1232.174	6246.000
1232.314	6504.000
1232.453	6249.000
1232.593	6419.000
1232.733	6306.000
1232.873	6458.000
1233.012	6669.000
1233.152	6438.000
1233.292	6291.000
1233.431	6423.000
1233.571	6254.000
1233.711	6495.000
1233.850	6247.000
1233.990	6489.000
1234.129	6259.000
1234.269	6343.000
1234.409	6340.000
1234.548	6392.000
1234.688	6287.000
1234.828	6420.000
1234.967	6269.000
1235.107	6443.000
1235.246	6261.000
1235.386	6402.000
1235.525	6218.000
1235.665	6374.000
1235.804	6248.000
1235.944	6409.000
1236.083	6258.000
1236.223	6363.000
1236.362	6289.000
1236.502	6378.000
1236.641	6218.000
1236.781	6478.000
1236.920	6271.000
1237.060	6386.000
1237.199	6239.000
1237.339	6322.000
1237.478	6258.000
1237.617	6345.000
1237.757	6262.000
1237.896	6305.000
1238.036	6245.000
1238.175	6330.000
1238.314	6254.000
1238.454	6372.000
1238.593	6219.000
1238.732	6371.000
1238.872	6223.000
1239.011	6440.000
1239.150	6257.000
1239.290	6362.000
1239.429	6268.000
1239.568	6336.000
1239.708	6268.000
1239.847	6386.000
1239.986	6260.000
1240.125	6336.000
1240.265	6282.000
1240.404	6399.000
1240.543	6308.000
1240.682	6364.000
1240.822	6252.000
1240.961	6328.000
1241.100	6250.000
1241.239	6355.000
1241.378	6225.000
1241.518	6456.000
1241.657	6264.000
1241.796	6385.000
1241.935	6236.000
1242.074	6378.000
1242.213	6223.000
1242.352	6379.000
1242.492	6189.000
1242.631	6427.000
1242.770	6248.000
1242.909	6451.000
1243.048	6300.000
1243.187	6466.000
1243.326	6236.000
1243.465	6421.000
1243.604	6257.000
1243.743	6399.000
1243.882	6244.000
1244.021	6443.000
1244.160	6241.000
1244.299	6470.000
1244.438	6252.000
1244.577	6446.000
1244.716	6246.000
1244.855	6405.000
1244.994	6281.000
1245.133	6439.000
1245.272	6303.000
1245.411	6440.000
1245.550	6334.000
1245.689	6499.000
1245.828	6354.000
1245.967	6412.000
1246.106	6321.000
1246.244	6511.000
1246.383	6294.000
1246.522	6450.000
1246.661	6297.000
1246.800	6501.000
1246.939	6248.000
1247.078	6480.000
1247.216	6279.000
1247.355	6523.000
1247.494	6377.000
1247.633	6495.000
1247.772	6277.000
1247.910	6446.000
1248.049	6302.000
1248.188	6438.000
1248.327	6316.000
1248.465	6486.000
1248.604	6364.000
1248.743	6464.000
1248.882	6370.000
1249.020	6483.000
1249.159	6345.000
1249.298	6453.000
1249.436	6315.000
1249.575	6518.000
1249.714	6318.000
1249.852	6455.000
1249.991	6290.000
1250.130	6447.000
1250.268	6221.000
1250.407	6489.000
1250.546	6325.000
1250.684	6399.000
1250.823	6364.000
1250.961	6567.000
1251.100	6298.000
1251.239	6450.000
1251.377	6345.000
1251.516	6440.000
1251.654	6268.000
1251.793	6403.000
1251.931	6275.000
1252.070	6405.000
1252.208	6327.000
1252.347	6478.000
1252.485	6308.000
1252.624	6442.000
1252.762	6294.000
1252.901	6512.000
1253.039	6401.000
1253.178	6464.000
1253.316	6393.000
1253.455	6455.000
1253.593	6336.000
1253.732	6458.000
1253.870	5569.000
1254.008	6446.000
1254.147	6311.000
1254.285	6385.000
1254.424	6205.000
1254.562	6441.000
1254.700	6270.000
1254.839	6462.000
1254.977	6349.000
1255.115	6464.000
1255.254	6298.000
1255.392	6408.000
1255.530	6255.000
1255.669	6454.000
1255.807	6329.000
1255.945	6427.000
1256.084	6193.000
1256.222	6443.000
1256.360	6219.000
1256.498	6374.000
1256.637	6261.000
1256.775	6332.000
1256.913	6265.000
1257.051	6398.000
1257.189	6190.000
1257.328	6443.000
1257.466	6170.000
1257.604	6496.000
1257.742	6279.000
1257.880	6367.000
1258.019	6309.000
1258.157	6331.000
1258.295	6213.000
1258.433	6335.000
1258.571	6184.000
1258.709	6284.000
1258.847	6217.000
1258.986	6412.000
1259.124	6219.000
1259.262	6383.000
1259.400	6176.000
1259.538	6331.000
1259.676	6181.000
1259.814	6328.000
1259.952	6110.000
1260.090	6307.000
1260.228	6113.000
1260.366	6331.000
1260.504	6117.000
1260.642	6332.000
1260.780	6263.000
1260.918	6344.000
1261.056	6165.000
1261.194	6403.000
1261.332	6096.000
1261.470	6289.000
1261.608	6193.000
1261.746	6366.000
1261.884	6190.000
1262.022	6411.000
1262.160	9453.000
1262.297	6388.000
1262.435	6207.000
1262.573	6357.000
1262.711	6252.000
1262.849	6341.000
1262.987	6111.000
1263.125	6323.000
1263.262	6329.000
1263.400	6441.000
1263.538	6262.000
1263.676	6349.000
1263.814	6185.000
1263.952	6369.000
1264.089	6288.000
1264.227	6423.000
1264.365	6227.000
1264.503	6364.000
1264.640	6190.000
1264.778	6399.000
1264.916	6273.000
1265.054	6459.000
1265.191	6260.000
1265.329	6399.000
1265.467	6273.000
1265.604	6364.000
1265.742	6199.000
1265.880	6338.000
1266.017	6202.000
1266.155	6443.000
1266.293	6224.000
1266.430	6392.000
1266.568	6184.000
1266.706	6476.000
1266.843	6251.000
1266.981	6459.000
1267.119	6220.000
1267.256	6388.000
1267.394	6132.000
1267.531	6397.000
1267.669	6166.000
1267.806	6398.000
1267.944	6191.000
1268.081	6418.000
1268.219	6231.000
1268.357	6386.000
1268.494	6225.000
1268.632	6428.000
1268.769	6142.000
1268.907	6421.000
1269.044	6263.000
1269.182	6301.000
1269.319	6192.000
1269.456	6424.000
1269.594	6235.000
1269.731	6355.000
1269.869	6240.000
1270.006	6382.000
1270.144	6246.000
1270.281	6345.000
1270.418	6271.000
1270.556	6407.000
1270.693	6255.000
1270.831	6472.000
1270.968	6184.000
1271.105	6413.000
1271.243	6173.000
1271.380	6380.000
1271.517	6327.000
1271.655	6477.000
1271.792	6240.000
1271.929	6406.000
1272.066	6297.000
1272.204	6470.000
1272.341	6294.000
1272.478	6479.000
1272.616	6279.000
1272.753	6467.000
1272.890	6251.000
1273.027	6368.000
1273.165	6265.000
1273.302	6447.000
1273.439	6255.000
1273.576	6307.000
1273.713	6289.000
1273.851	6493.000
1273.988	6338.000
1274.125	6368.000
1274.262	6254.000
1274.399	6330.000
1274.536	6327.000
1274.673	6467.000
