929.762	6212.000
929.906	6254.000
930.049	6189.000
930.193	6328.000
930.337	6149.000
930.481	6348.000
930.625	6156.000
930.769	6314.000
930.913	6176.000
931.057	6270.000
931.201	6120.000
931.345	6344.000
931.488	6176.000
931.632	6256.000
931.776	6155.000
931.920	6360.000
932.064	6075.000
932.208	6333.000
932.352	6103.000
932.495	6319.000
932.639	6110.000
932.783	6212.000
932.927	6289.000
933.071	6299.000
933.215	6202.000
933.359	6257.000
933.502	6174.000
933.646	6239.000
933.790	6159.000
933.934	6267.000
934.078	6189.000
934.221	6272.000
934.365	6183.000
934.509	6275.000
934.653	6105.000
934.797	6264.000
934.940	6225.000
935.084	6255.000
935.228	6211.000
935.372	6291.000
935.515	6162.000
935.659	6274.000
935.803	6107.000
935.947	6309.000
936.090	6111.000
936.234	6273.000
936.378	6189.000
936.522	6202.000
936.665	6131.000
936.809	6244.000
936.953	6127.000
937.097	6209.000
937.240	6148.000
937.384	6279.000
937.528	6100.000
937.671	6228.000
937.815	6077.000
937.959	6250.000
938.102	6079.000
938.246	6220.000
938.390	6168.000
938.534	6207.000
938.677	6083.000
938.821	6148.000
938.965	6032.000
939.108	6229.000
939.252	6110.000
939.396	6126.000
939.539	6063.000
939.683	6209.000
939.826	6066.000
939.970	6116.000
940.114	6068.000
940.257	6187.000
940.401	6002.000
940.545	6124.000
940.688	6014.000
940.832	6147.000
940.975	6048.000
941.119	6239.000
941.263	5981.000
941.406	6128.000
941.550	6068.000
941.693	6124.000
941.837	5983.000
941.981	6116.000
942.124	5979.000
942.268	6121.000
942.411	6032.000
942.555	6081.000
942.698	5990.000
942.842	6129.000
942.986	6038.000
943.129	6101.000
943.273	6023.000
943.416	6112.000
943.560	5968.000
943.703	6068.000
943.847	6003.000
943.990	6121.000
944.134	5951.000
944.277	6046.000
944.421	5919.000
944.564	5975.000
944.708	5958.000
944.851	6142.000
944.995	5949.000
945.138	6052.000
945.282	5939.000
945.425	6054.000
945.569	5975.000
945.712	6077.000
945.856	5828.000
945.999	6103.000
946.143	5920.000
946.286	5999.000
946.430	5946.000
946.573	6093.000
946.716	5983.000
946.860	6071.000
947.003	5945.000
947.147	6063.000
947.290	5947.000
947.434	6104.000
947.577	5921.000
947.720	6092.000
947.864	5892.000
948.007	6004.000
948.151	6035.000
948.294	6084.000
948.437	5952.000
948.581	6066.000
948.724	5945.000
948.868	6037.000
949.011	5930.000
949.154	6031.000
949.298	6002.000
949.441	6115.000
949.584	5957.000
949.728	6071.000
949.871	5982.000
950.015	6101.000
950.158	5931.000
950.301	5989.000
950.445	5963.000
950.588	6109.000
950.731	5987.000
950.875	6037.000
951.018	5910.000
951.161	6118.000
951.304	5958.000
951.448	6022.000
951.591	5911.000
951.734	6047.000
951.878	5879.000
952.021	6101.000
952.164	5957.000
952.308	6089.000
952.451	5930.000
952.594	6084.000
952.737	5966.000
952.881	5988.000
953.024	5929.000
953.167	6052.000
953.310	5852.000
953.454	6064.000
953.597	5925.000
953.740	6033.000
953.883	5923.000
954.027	6076.000
954.170	5862.000
954.313	6066.000
954.456	5904.000
954.600	5979.000
954.743	5973.000
954.886	6067.000
955.029	5854.000
955.172	6043.000
955.316	5842.000
955.459	5980.000
955.602	5886.000
955.745	6044.000
955.888	5895.000
956.032	6064.000
956.175	5803.000
956.318	5935.000
956.461	5874.000
956.604	5978.000
956.747	5907.000
956.890	6082.000
957.034	5863.000
957.177	5989.000
957.320	5809.000
957.463	6016.000
957.606	5855.000
957.749	6046.000
957.892	5786.000
958.036	5960.000
958.179	5792.000
958.322	6075.000
958.465	5946.000
958.608	5951.000
958.751	5908.000
958.894	5969.000
959.037	5829.000
959.180	5976.000
959.323	5828.000
959.467	6069.000
959.610	5782.000
959.753	6000.000
959.896	5860.000
960.039	5974.000
960.182	5787.000
960.325	6056.000
960.468	5835.000
960.611	5969.000
960.754	5793.000
960.897	5939.000
961.040	5765.000
961.183	5967.000
961.326	5873.000
961.469	5988.000
961.612	5853.000
961.755	6025.000
961.898	5718.000
962.041	6017.000
962.184	5789.000
962.327	5986.000
962.470	5796.000
962.613	6040.000
962.756	5850.000
962.899	5964.000
963.042	5811.000
963.185	6016.000
963.328	5767.000
963.471	5959.000
963.614	5838.000
963.757	6012.000
963.900	5805.000
964.043	5933.000
964.186	5813.000
964.329	5971.000
964.472	5821.000
964.615	5996.000
964.758	5796.000
964.900	6008.000
965.043	5829.000
965.186	5975.000
965.329	5904.000
965.472	6042.000
965.615	5876.000
965.758	5943.000
965.901	5792.000
966.044	5960.000
966.187	5802.000
966.329	6003.000
966.472	5937.000
966.615	6028.000
966.758	5826.000
966.901	6029.000
967.044	5937.000
967.187	5962.000
967.330	5815.000
967.472	6006.000
967.615	5839.000
967.758	5986.000
967.901	5821.000
968.044	6043.000
968.187	5804.000
968.329	6015.000
968.472	5867.000
968.615	6006.000
968.758	5877.000
968.901	6018.000
969.043	5902.000
969.186	5997.000
969.329	5861.000
969.472	6097.000
969.615	5882.000
969.757	5953.000
969.900	5883.000
970.043	6042.000
970.186	5816.000
970.328	6010.000
970.471	5916.000
970.614	6027.000
970.757	5864.000
970.899	5986.000
971.042	5848.000
971.185	5995.000
971.328	5866.000
971.470	6012.000
971.613	5877.000
971.756	6002.000
971.899	5855.000
972.041	6000.000
972.184	5713.000
972.327	6051.000
972.469	5845.000
972.612	5979.000
972.755	5859.000
972.898	6016.000
973.040	5826.000
973.183	5985.000
973.326	5926.000
973.468	5921.000
973.611	5817.000
973.754	5985.000
973.896	5852.000
974.039	5952.000
974.182	5801.000
974.324	6056.000
974.467	5913.000
974.610	5978.000
974.752	5837.000
974.895	6007.000
975.037	5903.000
975.180	5999.000
975.323	5771.000
975.465	6012.000
975.608	5809.000
975.751	5894.000
975.893	5852.000
976.036	5958.000
976.178	5808.000
976.321	6064.000
976.464	5792.000
976.606	5855.000
976.749	5829.000
976.891	6018.000
977.034	5872.000
977.176	5927.000
977.319	5739.000
977.462	6009.000
977.604	5795.000
977.747	5961.000
977.889	5793.000
978.032	6001.000
978.174	5805.000
978.317	5958.000
978.459	5865.000
978.602	5993.000
978.744	5833.000
978.887	6000.000
979.029	5784.000
979.172	5909.000
979.314	5858.000
979.457	5980.000
979.599	5720.000
979.742	5990.000
979.884	5726.000
980.027	5896.000
980.169	5789.000
980.312	5974.000
980.454	5804.000
980.597	5950.000
980.739	5806.000
980.882	5815.000
981.024	5780.000
981.167	5937.000
981.309	5883.000
981.452	5881.000
981.594	5780.000
981.736	5884.000
981.879	5805.000
982.021	5944.000
982.164	5786.000
982.306	5871.000
982.449	5813.000
982.591	5916.000
982.733	5776.000
982.876	5896.000
983.018	5711.000
983.161	5954.000
983.303	5740.000
983.445	5930.000
983.588	5756.000
983.730	5966.000
983.873	5795.000
984.015	6045.000
984.157	5693.000
984.300	6053.000
984.442	5785.000
984.584	5959.000
984.727	5818.000
984.869	5954.000
985.011	5805.000
985.154	5861.000
985.296	5800.000
985.438	5966.000
985.581	5743.000
985.723	5932.000
985.865	5785.000
986.008	5960.000
986.150	5841.000
986.292	5960.000
986.435	5824.000
986.577	5932.000
986.719	5743.000
986.861	5984.000
987.004	5557.000
987.146	5980.000
987.288	5834.000
987.431	5950.000
987.573	5860.000
987.715	5891.000
987.857	5698.000
988.000	5888.000
988.142	5825.000
988.284	5996.000
988.426	5777.000
988.569	5937.000
988.711	5733.000
988.853	5998.000
988.995	5800.000
989.138	5883.000
989.280	5709.000
989.422	5977.000
989.564	5845.000
989.706	5929.000
989.849	5774.000
989.991	5964.000
990.133	5768.000
990.275	5979.000
990.417	5836.000
990.560	5880.000
990.702	5701.000
990.844	5919.000
990.986	5786.000
991.128	6062.000
991.270	5774.000
991.413	5995.000
991.555	5794.000
991.697	5920.000
991.839	5801.000
991.981	5993.000
992.123	5805.000
992.265	5973.000
992.408	5819.000
992.550	5954.000
992.692	5827.000
992.834	6027.000
992.976	5822.000
993.118	5980.000
993.260	5808.000
993.402	5913.000
993.544	5776.000
993.687	6006.000
993.829	5745.000
993.971	5921.000
994.113	5745.000
994.255	5907.000
994.397	5745.000
994.539	5915.000
994.681	5818.000
994.823	5953.000
994.965	5788.000
995.107	5971.000
995.249	5841.000
995.391	5915.000
995.533	5788.000
995.675	5993.000
995.817	5865.000
995.959	5940.000
996.101	5782.000
996.243	5991.000
996.385	5804.000
996.527	5894.000
996.669	5766.000
996.811	5939.000
996.953	5795.000
997.095	5951.000
997.237	5762.000
997.379	5948.000
997.521	5760.000
997.663	5923.000
997.805	5882.000
997.947	5921.000
998.089	5755.000
998.231	5904.000
998.373	5736.000
998.515	5975.000
998.657	5895.000
998.799	5886.000
998.941	5779.000
999.083	5868.000
999.225	5833.000
999.367	5940.000
999.509	5858.000
999.651	6003.000
999.793	5764.000
999.934	5972.000
1000.076	5794.000
1000.218	5983.000
1000.360	5816.000
1000.502	6004.000
1000.644	5858.000
1000.786	6019.000
1000.928	5805.000
1001.070	5843.000
1001.212	5744.000
1001.353	5966.000
1001.495	5693.000
1001.637	5903.000
1001.779	5769.000
1001.921	5926.000
1002.063	5762.000
1002.205	5900.000
1002.346	5783.000
1002.488	5996.000
1002.630	5668.000
1002.772	5980.000
1002.914	5759.000
1003.055	5907.000
1003.197	5764.000
1003.339	5948.000
1003.481	5757.000
1003.623	5919.000
1003.765	5752.000
1003.906	5908.000
1004.048	5763.000
1004.190	5929.000
1004.332	5723.000
1004.473	5921.000
1004.615	5919.000
1004.757	5953.000
1004.899	5810.000
1005.041	5946.000
1005.182	5745.000
1005.324	5907.000
1005.466	5750.000
1005.608	5953.000
1005.749	5721.000
1005.891	6022.000
1006.033	5798.000
1006.175	5982.000
1006.316	5761.000
1006.458	5949.000
1006.600	5786.000
1006.741	5973.000
1006.883	5731.000
1007.025	5924.000
1007.167	5761.000
1007.308	5956.000
1007.450	5798.000
1007.592	5924.000
1007.733	5693.000
1007.875	5927.000
1008.017	5782.000
1008.158	5914.000
1008.300	5768.000
1008.442	5932.000
1008.583	5689.000
1008.725	5904.000
1008.867	5696.000
1009.008	5947.000
1009.150	5799.000
1009.292	6037.000
1009.433	5774.000
1009.575	5916.000
1009.716	5718.000
1009.858	5887.000
1010.000	5772.000
1010.141	6005.000
1010.283	5747.000
1010.425	5949.000
1010.566	5649.000
1010.708	5917.000
1010.849	5789.000
1010.991	5932.000
1011.132	5750.000
1011.274	5885.000
1011.416	5850.000
1011.557	5863.000
1011.699	5767.000
1011.840	5956.000
1011.982	5727.000
1012.123	5945.000
1012.265	5705.000
1012.407	5977.000
1012.548	5788.000
1012.690	5908.000
1012.831	5863.000
1012.973	6090.000
1013.114	5919.000
1013.256	5994.000
1013.397	5822.000
1013.539	6042.000
1013.680	5956.000
1013.822	6104.000
1013.963	5922.000
1014.105	6105.000
1014.246	5867.000
1014.388	6059.000
1014.529	5863.000
1014.671	6068.000
1014.812	5822.000
1014.954	6066.000
1015.095	5988.000
1015.237	6076.000
1015.378	5822.000
1015.520	5979.000
1015.661	5772.000
1015.803	5927.000
1015.944	5660.000
1016.085	5902.000
1016.227	5686.000
1016.368	5806.000
1016.510	5648.000
1016.651	5840.000
1016.793	5795.000
1016.934	5826.000
1017.075	5691.000
1017.217	5847.000
1017.358	5713.000
1017.500	5879.000
1017.641	5678.000
1017.782	5876.000
1017.924	5690.000
1018.065	5820.000
1018.207	5622.000
1018.348	5938.000
1018.489	5680.000
1018.631	5786.000
1018.772	5678.000
1018.913	5808.000
1019.055	5626.000
1019.196	5774.000
1019.337	5626.000
1019.479	5869.000
1019.620	5734.000
1019.761	5822.000
1019.903	5667.000
1020.044	5818.000
1020.185	5672.000
1020.327	5780.000
1020.468	5631.000
1020.609	5818.000
1020.751	5606.000
1020.892	5788.000
1021.033	5642.000
1021.175	5823.000
1021.316	5642.000
1021.457	5770.000
1021.598	5601.000
1021.740	5831.000
1021.881	5644.000
1022.022	5791.000
1022.164	5691.000
1022.305	5818.000
1022.446	5567.000
1022.587	5781.000
1022.729	5734.000
1022.870	5875.000
1023.011	5669.000
1023.152	5801.000
1023.294	5690.000
1023.435	5780.000
1023.576	5602.000
1023.717	5823.000
1023.858	5647.000
1024.000	5805.000
1024.141	5621.000
1024.282	5789.000
1024.423	5615.000
1024.564	5864.000
1024.706	5679.000
1024.847	5845.000
1024.988	5635.000
1025.129	5857.000
1025.270	5622.000
1025.412	5840.000
1025.553	5641.000
1025.694	5869.000
1025.835	5633.000
1025.976	5828.000
1026.117	5638.000
1026.258	5823.000
1026.400	5629.000
1026.541	5861.000
1026.682	5661.000
1026.823	5810.000
1026.964	5686.000
1027.105	5813.000
1027.246	5692.000
1027.388	5872.000
1027.529	5687.000
1027.670	5791.000
1027.811	5657.000
1027.952	5841.000
1028.093	5720.000
1028.234	5782.000
1028.375	5684.000
1028.516	5794.000
1028.657	5706.000
1028.798	5907.000
1028.939	5689.000
1029.081	5812.000
1029.222	5756.000
1029.363	5844.000
1029.504	5676.000
1029.645	5931.000
1029.786	5735.000
1029.927	5854.000
1030.068	5757.000
1030.209	5879.000
1030.350	5719.000
1030.491	5861.000
1030.632	5700.000
1030.773	5904.000
1030.914	5714.000
1031.055	5818.000
1031.196	5756.000
1031.337	5860.000
1031.478	5692.000
1031.619	5804.000
1031.760	5712.000
1031.901	5928.000
1032.042	5677.000
1032.183	5851.000
1032.324	5749.000
1032.465	5918.000
1032.606	6123.000
1032.747	5864.000
1032.888	5722.000
1033.029	5877.000
1033.170	5673.000
1033.311	5910.000
1033.452	5680.000
1033.592	5919.000
1033.733	5701.000
1033.874	5795.000
1034.015	5746.000
1034.156	5858.000
1034.297	5697.000
1034.438	5850.000
1034.579	5741.000
1034.720	5948.000
1034.861	5705.000
1035.002	5821.000
1035.142	5670.000
1035.283	5810.000
1035.424	5671.000
1035.565	5849.000
1035.706	5718.000
1035.847	5844.000
1035.988	5775.000
1036.129	5843.000
1036.269	5670.000
1036.410	5950.000
1036.551	5712.000
1036.692	5824.000
1036.833	5697.000
1036.974	5781.000
1037.114	5710.000
1037.255	5782.000
1037.396	5693.000
1037.537	5743.000
1037.678	5725.000
1037.819	5782.000
1037.959	5692.000
1038.100	5803.000
1038.241	5694.000
1038.382	5842.000
1038.523	5689.000
1038.663	5898.000
1038.804	5677.000
1038.945	5810.000
1039.086	5746.000
1039.226	5803.000
1039.367	5727.000
1039.508	5820.000
1039.649	5717.000
1039.789	5788.000
1039.930	5737.000
1040.071	5870.000
1040.212	5759.000
1040.352	5835.000
1040.493	5706.000
1040.634	5787.000
1040.775	5719.000
1040.915	5831.000
1041.056	5705.000
1041.197	5903.000
1041.337	5744.000
1041.478	5880.000
1041.619	5716.000
1041.760	5824.000
1041.900	5701.000
1042.041	5846.000
1042.182	5666.000
1042.322	5875.000
1042.463	5725.000
1042.604	5934.000
1042.744	5749.000
1042.885	5930.000
1043.026	5701.000
1043.166	5918.000
1043.307	5731.000
1043.448	5844.000
1043.588	5695.000
1043.729	5910.000
1043.869	5700.000
1044.010	5947.000
1044.151	5781.000
1044.291	5933.000
1044.432	5698.000
1044.573	5894.000
1044.713	5751.000
1044.854	5960.000
1044.994	5793.000
1045.135	5934.000
1045.276	5826.000
1045.416	6001.000
1045.557	5815.000
1045.697	5898.000
1045.838	5809.000
1045.978	6013.000
1046.119	5786.000
1046.260	5966.000
1046.400	5800.000
1046.541	5982.000
1046.681	5763.000
1046.822	6000.000
1046.962	5747.000
1047.103	6048.000
1047.243	5896.000
1047.384	5983.000
1047.524	5768.000
1047.665	5964.000
1047.805	5821.000
1047.946	5919.000
1048.087	5837.000
1048.227	5974.000
1048.368	5865.000
1048.508	5959.000
1048.649	5874.000
1048.789	6007.000
1048.929	5871.000
1049.070	5980.000
1049.210	5823.000
1049.351	6039.000
1049.491	5825.000
1049.632	5999.000
1049.772	5825.000
1049.913	5996.000
1050.053	5738.000
1050.194	6038.000
1050.334	5906.000
1050.475	5928.000
1050.615	5872.000
1050.755	6080.000
1050.896	5822.000
1051.036	6043.000
1051.177	5875.000
1051.317	5995.000
1051.458	5806.000
1051.598	5957.000
1051.738	5836.000
1051.879	5958.000
1052.019	5843.000
1052.160	5992.000
1052.300	5857.000
1052.440	5992.000
1052.581	5818.000
1052.721	6063.000
1052.861	5928.000
1053.002	6038.000
1053.142	5955.000
1053.282	6031.000
1053.423	5894.000
1053.563	6023.000
1053.704	5134.000
1053.844	5974.000
1053.984	5878.000
1054.125	6002.000
1054.265	5804.000
1054.405	6043.000
1054.546	5831.000
1054.686	6025.000
1054.826	5943.000
1054.966	6044.000
1055.107	5896.000
1055.247	6016.000
1055.387	5865.000
1055.528	6051.000
1055.668	5904.000
1055.808	6007.000
1055.948	5799.000
1056.089	6051.000
1056.229	5809.000
1056.369	5970.000
1056.510	5887.000
1056.650	6008.000
1056.790	5876.000
1056.930	6013.000
1057.071	5816.000
1057.211	6057.000
1057.351	5806.000
1057.491	6097.000
1057.632	5871.000
1057.772	5953.000
1057.912	5908.000
1058.052	5961.000
1058.192	5811.000
1058.333	5917.000
1058.473	5762.000
1058.613	5903.000
1058.753	5803.000
1058.893	6031.000
1059.034	5828.000
1059.174	6004.000
1059.314	5834.000
1059.454	5945.000
1059.594	5806.000
1059.734	5929.000
1059.875	5731.000
1060.015	5922.000
1060.155	5730.000
1060.295	5881.000
1060.435	5773.000
1060.575	5949.000
1060.716	5872.000
1060.856	5960.000
1060.996	5810.000
1061.136	6034.000
1061.276	5765.000
1061.416	5924.000
1061.556	5834.000
1061.696	5997.000
1061.837	5793.000
1061.977	6067.000
1062.117	8975.000
1062.257	6031.000
1062.397	5831.000
1062.537	5979.000
1062.677	5874.000
1062.817	6031.000
1062.957	5951.000
1063.097	6316.000
1063.237	6331.000
1063.377	6473.000
1063.517	6292.000
1063.658	6387.000
1063.798	6266.000
1063.938	6440.000
1064.078	6420.000
1064.218	6558.000
1064.358	6366.000
1064.498	6515.000
1064.638	6341.000
1064.778	6523.000
1064.918	6425.000
1065.058	6568.000
1065.198	6456.000
1065.338	6634.000
1065.478	6448.000
1065.618	6414.000
1065.758	6111.000
1065.898	6115.000
1066.038	5955.000
1066.178	6150.000
1066.318	5887.000
1066.458	6048.000
1066.598	5864.000
1066.738	6122.000
1066.878	5943.000
1067.018	6114.000
1067.158	5904.000
1067.297	6091.000
1067.437	5815.000
1067.577	6060.000
1067.717	5845.000
1067.857	6065.000
1067.997	5839.000
1068.137	6119.000
1068.277	5901.000
1068.417	6091.000
1068.557	5897.000
1068.697	6136.000
1068.837	5867.000
1068.977	6104.000
1069.116	5991.000
1069.256	6010.000
1069.396	5894.000
1069.536	6122.000
1069.676	5929.000
1069.816	6101.000
1069.956	5949.000
1070.096	6077.000
1070.235	5994.000
1070.375	6074.000
1070.515	5989.000
1070.655	6077.000
1070.795	5971.000
1070.935	6177.000
1071.074	5925.000
1071.214	6131.000
1071.354	5918.000
1071.494	6119.000
1071.634	6041.000
1071.774	6200.000
1071.913	5970.000
1072.053	6113.000
1072.193	6037.000
1072.333	6218.000
1072.473	6005.000
1072.612	6224.000
1072.752	6015.000
1072.892	6223.000
1073.032	6001.000
1073.172	6151.000
1073.311	6033.000
1073.451	6203.000
1073.591	6045.000
1073.731	6067.000
1073.870	6086.000
1074.010	6245.000
1074.150	6101.000
1074.290	6166.000
1074.429	6023.000
1074.569	6098.000
1074.709	6111.000
1074.848	6254.000
