929.762	8966.000
929.906	8914.000
930.049	8928.000
930.193	9010.000
930.337	8893.000
930.481	9004.000
930.625	8882.000
930.769	8946.000
930.913	8914.000
931.057	8942.000
931.201	8817.000
931.345	8995.000
931.488	8884.000
931.632	8854.000
931.776	8841.000
931.920	8977.000
932.064	8762.000
932.208	8925.000
932.352	8803.000
932.495	8909.000
932.639	8775.000
932.783	8818.000
932.927	8937.000
933.071	8883.000
933.215	8809.000
933.359	8864.000
933.502	8854.000
933.646	8799.000
933.790	8777.000
933.934	8831.000
934.078	8809.000
934.221	8866.000
934.365	8834.000
934.509	8800.000
934.653	8707.000
934.797	8778.000
934.940	8815.000
935.084	8727.000
935.228	8791.000
935.372	8809.000
935.515	8739.000
935.659	8808.000
935.803	8704.000
935.947	8826.000
936.090	8684.000
936.234	8782.000
936.378	8776.000
936.522	8713.000
936.665	8706.000
936.809	8747.000
936.953	8646.000
937.097	8674.000
937.240	8734.000
937.384	8757.000
937.528	8655.000
937.671	8700.000
937.815	8648.000
937.959	8707.000
938.102	8587.000
938.246	8646.000
938.390	8660.000
938.534	8604.000
938.677	8594.000
938.821	8602.000
938.965	8536.000
939.108	8671.000
939.252	8609.000
939.396	8570.000
939.539	8556.000
939.683	8590.000
939.826	8544.000
939.970	8547.000
940.114	8524.000
940.257	8581.000
940.401	8439.000
940.545	8540.000
940.688	8452.000
940.832	8506.000
940.975	8484.000
941.119	8602.000
941.263	8458.000
941.406	8504.000
941.550	8453.000
941.693	8469.000
941.837	8395.000
941.981	8476.000
942.124	8398.000
942.268	8424.000
942.411	8418.000
942.555	8418.000
942.698	8368.000
942.842	8472.000
942.986	8404.000
943.129	8441.000
943.273	8411.000
943.416	8377.000
943.560	8329.000
943.703	8403.000
943.847	8354.000
943.990	8410.000
944.134	8315.000
944.277	8325.000
944.421	8307.000
944.564	8286.000
944.708	8330.000
944.851	8404.000
944.995	8285.000
945.138	8340.000
945.282	8297.000
945.425	8326.000
945.569	8295.000
945.712	8371.000
945.856	8160.000
945.999	8400.000
946.143	8228.000
946.286	8247.000
946.430	8278.000
946.573	8335.000
946.716	8273.000
946.860	8301.000
947.003	8263.000
947.147	8291.000
947.290	8206.000
947.434	8355.000
947.577	8226.000
947.720	8326.000
947.864	8149.000
948.007	8251.000
948.151	8338.000
948.294	8349.000
948.437	8241.000
948.581	8335.000
948.724	8260.000
948.868	8259.000
949.011	8205.000
949.154	8294.000
949.298	8282.000
949.441	8340.000
949.584	8222.000
949.728	8287.000
949.871	8265.000
950.015	8332.000
950.158	8186.000
950.301	8224.000
950.445	8225.000
950.588	8350.000
950.731	8264.000
950.875	8269.000
951.018	8210.000
951.161	8304.000
951.304	8236.000
951.448	8237.000
951.591	8123.000
951.734	8236.000
951.878	8113.000
952.021	8281.000
952.164	8224.000
952.308	8278.000
952.451	8177.000
952.594	8240.000
952.737	8164.000
952.881	8177.000
953.024	8133.000
953.167	8250.000
953.310	8085.000
953.454	8229.000
953.597	8188.000
953.740	8198.000
953.883	8137.000
954.027	8251.000
954.170	8049.000
954.313	8218.000
954.456	8115.000
954.600	8143.000
954.743	8166.000
954.886	8235.000
955.029	8062.000
955.172	8192.000
955.316	8001.000
955.459	8113.000
955.602	8080.000
955.745	8199.000
955.888	8069.000
956.032	8171.000
956.175	7995.000
956.318	8081.000
956.461	8054.000
956.604	8114.000
956.747	8077.000
956.890	8195.000
957.034	8007.000
957.177	8098.000
957.320	7975.000
957.463	8127.000
957.606	8047.000
957.749	8187.000
957.892	7989.000
958.036	8100.000
958.179	7944.000
958.322	8167.000
958.465	8115.000
958.608	8050.000
958.751	8028.000
958.894	8035.000
959.037	7982.000
959.180	8115.000
959.323	7995.000
959.467	8129.000
959.610	7911.000
959.753	8073.000
959.896	7963.000
960.039	8081.000
960.182	7931.000
960.325	8139.000
960.468	7974.000
960.611	8037.000
960.754	7945.000
960.897	8054.000
961.040	7886.000
961.183	8040.000
961.326	7994.000
961.469	8095.000
961.612	7979.000
961.755	8096.000
961.898	7844.000
962.041	8081.000
962.184	7907.000
962.327	8060.000
962.470	7938.000
962.613	8116.000
962.756	7983.000
962.899	8044.000
963.042	7935.000
963.185	8056.000
963.328	7908.000
963.471	8058.000
963.614	7951.000
963.757	8108.000
963.900	7896.000
964.043	7992.000
964.186	7893.000
964.329	8023.000
964.472	7947.000
964.615	8023.000
964.758	7888.000
964.900	8060.000
965.043	7944.000
965.186	8064.000
965.329	8049.000
965.472	8086.000
965.615	7978.000
965.758	7967.000
965.901	7882.000
966.044	8017.000
966.187	7910.000
966.329	8019.000
966.472	8045.000
966.615	8095.000
966.758	7903.000
966.901	8103.000
967.044	8029.000
967.187	8029.000
967.330	7931.000
967.472	8089.000
967.615	7936.000
967.758	8022.000
967.901	7926.000
968.044	8072.000
968.187	7918.000
968.329	8028.000
968.472	7942.000
968.615	8025.000
968.758	7950.000
968.901	8062.000
969.043	7957.000
969.186	8059.000
969.329	7926.000
969.472	8167.000
969.615	7939.000
969.757	7978.000
969.900	7961.000
970.043	8066.000
970.186	7893.000
970.328	8053.000
970.471	8011.000
970.614	8046.000
970.757	7908.000
970.899	7982.000
971.042	7931.000
971.185	8036.000
971.328	7941.000
971.470	8023.000
971.613	7954.000
971.756	8053.000
971.899	7923.000
972.041	8024.000
972.184	7775.000
972.327	8104.000
972.469	7883.000
972.612	7984.000
972.755	7901.000
972.898	8050.000
973.040	7894.000
973.183	7981.000
973.326	7963.000
973.468	7883.000
973.611	7834.000
973.754	8014.000
973.896	7887.000
974.039	7978.000
974.182	7838.000
974.324	8051.000
974.467	7951.000
974.610	7999.000
974.752	7849.000
974.895	7975.000
975.037	7914.000
975.180	7998.000
975.323	7830.000
975.465	8043.000
975.608	7851.000
975.751	7895.000
975.893	7893.000
976.036	7957.000
976.178	7883.000
976.321	8070.000
976.464	7818.000
976.606	7819.000
976.749	7830.000
976.891	8006.000
977.034	7888.000
977.176	7897.000
977.319	7770.000
977.462	8005.000
977.604	7810.000
977.747	7976.000
977.889	7818.000
978.032	7965.000
978.174	7870.000
978.317	7963.000
978.459	7884.000
978.602	7986.000
978.744	7807.000
978.887	7980.000
979.029	7795.000
979.172	7918.000
979.314	7856.000
979.457	7939.000
979.599	7739.000
979.742	7988.000
979.884	7732.000
980.027	7856.000
980.169	7783.000
980.312	7959.000
980.454	7833.000
980.597	7934.000
980.739	7835.000
980.882	7887.000
981.024	7811.000
981.167	7908.000
981.309	7897.000
981.452	7865.000
981.594	7782.000
981.736	7884.000
981.879	7819.000
982.021	7915.000
982.164	7760.000
982.306	7829.000
982.449	7810.000
982.591	7884.000
982.733	7793.000
982.876	7907.000
983.018	7729.000
983.161	7938.000
983.303	7744.000
983.445	7902.000
983.588	7751.000
983.730	7985.000
983.873	7784.000
984.015	7989.000
984.157	7693.000
984.300	8028.000
984.442	7775.000
984.584	7928.000
984.727	7780.000
984.869	7940.000
985.011	7812.000
985.154	7839.000
985.296	7773.000
985.438	7939.000
985.581	7752.000
985.723	7872.000
985.865	7758.000
986.008	7902.000
986.150	7864.000
986.292	7927.000
986.435	7824.000
986.577	7916.000
986.719	7739.000
986.861	7960.000
987.004	7552.000
987.146	7955.000
987.288	7793.000
987.431	7877.000
987.573	7827.000
987.715	7868.000
987.857	7679.000
988.000	7844.000
988.142	7799.000
988.284	7980.000
988.426	7763.000
988.569	7883.000
988.711	7709.000
988.853	7912.000
988.995	7760.000
989.138	7858.000
989.280	7720.000
989.422	7947.000
989.564	7815.000
989.706	7902.000
989.849	7751.000
989.991	7910.000
990.133	7761.000
990.275	7945.000
990.417	7804.000
990.560	7841.000
990.702	7691.000
990.844	7883.000
990.986	7778.000
991.128	7997.000
991.270	7735.000
991.413	7907.000
991.555	7787.000
991.697	7899.000
991.839	7764.000
991.981	7909.000
992.123	7783.000
992.265	7916.000
992.408	7779.000
992.550	7881.000
992.692	7784.000
992.834	7962.000
992.976	7807.000
993.118	7937.000
993.260	7793.000
993.402	7855.000
993.544	7747.000
993.687	7937.000
993.829	7715.000
993.971	7869.000
994.113	7745.000
994.255	7821.000
994.397	7767.000
994.539	7849.000
994.681	7772.000
994.823	7910.000
994.965	7780.000
995.107	7938.000
995.249	7830.000
995.391	7851.000
995.533	7754.000
995.675	7939.000
995.817	7811.000
995.959	7884.000
996.101	7734.000
996.243	7919.000
996.385	7763.000
996.527	7851.000
996.669	7730.000
996.811	7888.000
996.953	7793.000
997.095	7877.000
997.237	7716.000
997.379	7919.000
997.521	7726.000
997.663	7851.000
997.805	7815.000
997.947	7871.000
998.089	7728.000
998.231	7857.000
998.373	7700.000
998.515	7963.000
998.657	7831.000
998.799	7839.000
998.941	7747.000
999.083	7822.000
999.225	7793.000
999.367	7880.000
999.509	7822.000
999.651	7925.000
999.793	7753.000
999.934	7892.000
1000.076	7777.000
1000.218	7932.000
1000.360	7774.000
1000.502	7895.000
1000.644	7805.000
1000.786	7930.000
1000.928	7771.000
1001.070	7784.000
1001.212	7680.000
1001.353	7922.000
1001.495	7683.000
1001.637	7838.000
1001.779	7718.000
1001.921	7875.000
1002.063	7729.000
1002.205	7815.000
1002.346	7718.000
1002.488	7915.000
1002.630	7636.000
1002.772	7893.000
1002.914	7719.000
1003.055	7873.000
1003.197	7746.000
1003.339	7894.000
1003.481	7696.000
1003.623	7850.000
1003.765	7696.000
1003.906	7825.000
1004.048	7736.000
1004.190	7873.000
1004.332	7672.000
1004.473	7838.000
1004.615	7878.000
1004.757	7863.000
1004.899	7740.000
1005.041	7895.000
1005.182	7672.000
1005.324	7852.000
1005.466	7680.000
1005.608	7879.000
1005.749	7666.000
1005.891	7972.000
1006.033	7763.000
1006.175	7927.000
1006.316	7709.000
1006.458	7906.000
1006.600	7761.000
1006.741	7902.000
1006.883	7666.000
1007.025	7852.000
1007.167	7712.000
1007.308	7893.000
1007.450	7764.000
1007.592	7857.000
1007.733	7659.000
1007.875	7856.000
1008.017	7742.000
1008.158	7843.000
1008.300	7724.000
1008.442	7860.000
1008.583	7653.000
1008.725	7866.000
1008.867	7646.000
1009.008	7896.000
1009.150	7751.000
1009.292	7939.000
1009.433	7737.000
1009.575	7845.000
1009.716	7684.000
1009.858	7794.000
1010.000	7747.000
1010.141	7934.000
1010.283	7683.000
1010.425	7883.000
1010.566	7618.000
1010.708	7860.000
1010.849	7723.000
1010.991	7849.000
1011.132	7706.000
1011.274	7858.000
1011.416	7806.000
1011.557	7808.000
1011.699	7724.000
1011.840	7889.000
1011.982	7666.000
1012.123	7863.000
1012.265	7649.000
1012.407	7896.000
1012.548	7706.000
1012.690	7803.000
1012.831	7669.000
1012.973	7843.000
1013.114	7709.000
1013.256	7795.000
1013.397	7649.000
1013.539	7885.000
1013.680	7842.000
1013.822	7999.000
1013.963	7871.000
1014.105	8046.000
1014.246	7819.000
1014.388	7977.000
1014.529	7812.000
1014.671	7931.000
1014.812	7742.000
1014.954	7859.000
1015.095	7744.000
1015.237	7863.000
1015.378	7659.000
1015.520	7829.000
1015.661	7647.000
1015.803	7792.000
1015.944	7563.000
1016.085	7817.000
1016.227	7644.000
1016.368	7710.000
1016.510	7554.000
1016.651	7746.000
1016.793	7713.000
1016.934	7741.000
1017.075	7611.000
1017.217	7756.000
1017.358	7649.000
1017.500	7749.000
1017.641	7571.000
1017.782	7789.000
1017.924	7590.000
1018.065	7725.000
1018.207	7558.000
1018.348	7796.000
1018.489	7598.000
1018.631	7686.000
1018.772	7610.000
1018.913	7718.000
1019.055	7547.000
1019.196	7654.000
1019.337	7536.000
1019.479	7769.000
1019.620	7654.000
1019.761	7697.000
1019.903	7574.000
1020.044	7739.000
1020.185	7594.000
1020.327	7667.000
1020.468	7549.000
1020.609	7711.000
1020.751	7498.000
1020.892	7695.000
1021.033	7585.000
1021.175	7700.000
1021.316	7553.000
1021.457	7662.000
1021.598	7519.000
1021.740	7747.000
1021.881	7560.000
1022.022	7694.000
1022.164	7576.000
1022.305	7711.000
1022.446	7486.000
1022.587	7683.000
1022.729	7629.000
1022.870	7794.000
1023.011	7582.000
1023.152	7658.000
1023.294	7587.000
1023.435	7668.000
1023.576	7544.000
1023.717	7729.000
1023.858	7579.000
1024.000	7708.000
1024.141	7535.000
1024.282	7699.000
1024.423	7536.000
1024.564	7764.000
1024.706	7583.000
1024.847	7746.000
1024.988	7528.000
1025.129	7744.000
1025.270	7573.000
1025.412	7768.000
1025.553	7563.000
1025.694	7766.000
1025.835	7573.000
1025.976	7701.000
1026.117	7586.000
1026.258	7728.000
1026.400	7566.000
1026.541	7804.000
1026.682	7598.000
1026.823	7722.000
1026.964	7647.000
1027.105	7707.000
1027.246	7631.000
1027.388	7779.000
1027.529	7630.000
1027.670	7690.000
1027.811	7560.000
1027.952	7772.000
1028.093	7655.000
1028.234	7721.000
1028.375	7620.000
1028.516	7757.000
1028.657	7671.000
1028.798	7799.000
1028.939	7614.000
1029.081	7742.000
1029.222	7686.000
1029.363	7767.000
1029.504	7638.000
1029.645	7842.000
1029.786	7702.000
1029.927	7768.000
1030.068	7695.000
1030.209	7801.000
1030.350	7689.000
1030.491	7755.000
1030.632	7645.000
1030.773	7828.000
1030.914	7692.000
1031.055	7758.000
1031.196	7746.000
1031.337	7794.000
1031.478	7659.000
1031.619	7730.000
1031.760	7625.000
1031.901	7872.000
1032.042	7644.000
1032.183	7800.000
1032.324	7687.000
1032.465	7895.000
1032.606	8046.000
1032.747	7781.000
1032.888	7666.000
1033.029	7835.000
1033.170	7657.000
1033.311	7848.000
1033.452	7647.000
1033.592	7853.000
1033.733	7653.000
1033.874	7693.000
1034.015	7728.000
1034.156	7827.000
1034.297	7645.000
1034.438	7781.000
1034.579	7667.000
1034.720	7881.000
1034.861	7677.000
1035.002	7742.000
1035.142	7656.000
1035.283	7732.000
1035.424	7651.000
1035.565	7803.000
1035.706	7684.000
1035.847	7777.000
1035.988	7731.000
1036.129	7752.000
1036.269	7638.000
1036.410	7891.000
1036.551	7662.000
1036.692	7756.000
1036.833	7669.000
1036.974	7717.000
1037.114	7666.000
1037.255	7729.000
1037.396	7661.000
1037.537	7701.000
1037.678	7679.000
1037.819	7692.000
1037.959	7646.000
1038.100	7756.000
1038.241	7655.000
1038.382	7772.000
1038.523	7696.000
1038.663	7856.000
1038.804	7698.000
1038.945	7784.000
1039.086	7700.000
1039.226	7789.000
1039.367	7705.000
1039.508	7773.000
1039.649	7716.000
1039.789	7773.000
1039.930	7739.000
1040.071	7835.000
1040.212	7802.000
1040.352	7817.000
1040.493	7722.000
1040.634	7758.000
1040.775	7690.000
1040.915	7799.000
1041.056	7693.000
1041.197	7843.000
1041.337	7764.000
1041.478	7855.000
1041.619	7725.000
1041.760	7826.000
1041.900	7734.000
1042.041	7857.000
1042.182	7655.000
1042.322	7900.000
1042.463	7757.000
1042.604	7931.000
1042.744	7784.000
1042.885	7934.000
1043.026	7737.000
1043.166	7925.000
1043.307	7755.000
1043.448	7838.000
1043.588	7758.000
1043.729	7963.000
1043.869	7702.000
1044.010	7950.000
1044.151	7765.000
1044.291	7953.000
1044.432	7724.000
1044.573	7885.000
1044.713	7788.000
1044.854	7963.000
1044.994	7833.000
1045.135	7928.000
1045.276	7861.000
1045.416	8009.000
1045.557	7876.000
1045.697	7908.000
1045.838	7877.000
1045.978	8002.000
1046.119	7841.000
1046.260	8000.000
1046.400	7853.000
1046.541	8012.000
1046.681	7821.000
1046.822	8013.000
1046.962	7860.000
1047.103	8099.000
1047.243	7957.000
1047.384	8010.000
1047.524	7822.000
1047.665	8007.000
1047.805	7873.000
1047.946	7998.000
1048.087	7913.000
1048.227	8041.000
1048.368	7937.000
1048.508	8038.000
1048.649	7936.000
1048.789	8039.000
1048.929	7960.000
1049.070	8049.000
1049.210	7919.000
1049.351	8111.000
1049.491	7875.000
1049.632	8055.000
1049.772	7886.000
1049.913	8037.000
1050.053	7841.000
1050.194	8093.000
1050.334	7971.000
1050.475	7999.000
1050.615	7970.000
1050.755	8128.000
1050.896	7938.000
1051.036	8099.000
1051.177	7993.000
1051.317	8061.000
1051.458	7930.000
1051.598	8013.000
1051.738	7936.000
1051.879	7987.000
1052.019	7985.000
1052.160	8089.000
1052.300	7999.000
1052.440	8065.000
1052.581	7965.000
1052.721	8122.000
1052.861	8040.000
1053.002	8081.000
1053.142	8064.000
1053.282	8143.000
1053.423	7993.000
1053.563	8108.000
1053.704	7221.000
1053.844	8088.000
1053.984	7984.000
1054.125	8066.000
1054.265	7921.000
1054.405	8135.000
1054.546	7985.000
1054.686	8124.000
1054.826	8031.000
1054.966	8158.000
1055.107	7992.000
1055.247	8096.000
1055.387	7971.000
1055.528	8158.000
1055.668	8062.000
1055.808	8145.000
1055.948	7932.000
1056.089	8161.000
1056.229	7950.000
1056.369	8068.000
1056.510	8021.000
1056.650	8055.000
1056.790	7990.000
1056.930	8095.000
1057.071	7953.000
1057.211	8178.000
1057.351	7919.000
1057.491	8191.000
1057.632	8027.000
1057.772	8084.000
1057.912	8043.000
1058.052	8054.000
1058.192	7935.000
1058.333	8021.000
1058.473	7923.000
1058.613	7996.000
1058.753	7944.000
1058.893	8121.000
1059.034	7986.000
1059.174	8156.000
1059.314	7918.000
1059.454	8053.000
1059.594	7913.000
1059.734	8035.000
1059.875	7875.000
1060.015	8063.000
1060.155	7845.000
1060.295	8018.000
1060.435	7902.000
1060.575	8071.000
1060.716	7981.000
1060.856	8089.000
1060.996	7927.000
1061.136	8165.000
1061.276	7906.000
1061.416	8062.000
1061.556	7973.000
1061.696	8140.000
1061.837	7931.000
1061.977	8187.000
1062.117	10681.000
1062.257	8177.000
1062.397	7983.000
1062.537	8132.000
1062.677	8016.000
1062.817	8104.000
1062.957	7949.000
1063.097	8126.000
1063.237	8117.000
1063.377	8216.000
1063.517	8075.000
1063.658	8226.000
1063.798	8142.000
1063.938	8310.000
1064.078	8331.000
1064.218	8495.000
1064.358	8344.000
1064.498	8495.000
1064.638	8361.000
1064.778	8531.000
1064.918	8365.000
1065.058	8455.000
1065.198	8230.000
1065.338	8341.000
1065.478	8188.000
1065.618	8245.000
1065.758	8066.000
1065.898	8182.000
1066.038	8087.000
1066.178	8289.000
1066.318	8095.000
1066.458	8243.000
1066.598	8081.000
1066.738	8316.000
1066.878	8103.000
1067.018	8299.000
1067.158	8106.000
1067.297	8276.000
1067.437	8008.000
1067.577	8234.000
1067.717	8086.000
1067.857	8303.000
1067.997	8058.000
1068.137	8290.000
1068.277	8124.000
1068.417	8280.000
1068.557	8126.000
1068.697	8315.000
1068.837	8059.000
1068.977	8343.000
1069.116	8192.000
1069.256	8217.000
1069.396	8144.000
1069.536	8338.000
1069.676	8155.000
1069.816	8275.000
1069.956	8172.000
1070.096	8310.000
1070.235	8256.000
1070.375	8307.000
1070.515	8239.000
1070.655	8337.000
1070.795	8244.000
1070.935	8420.000
1071.074	8169.000
1071.214	8383.000
1071.354	8168.000
1071.494	8347.000
1071.634	8335.000
1071.774	8479.000
1071.913	8260.000
1072.053	8397.000
1072.193	8301.000
1072.333	8473.000
1072.473	8345.000
1072.612	8507.000
1072.752	8332.000
1072.892	8513.000
1073.032	8300.000
1073.172	8427.000
1073.311	8356.000
1073.451	8511.000
1073.591	8330.000
1073.731	8401.000
1073.870	8418.000
1074.010	8556.000
1074.150	8429.000
1074.290	8494.000
1074.429	8394.000
1074.569	8454.000
1074.709	8480.000
1074.848	8561.000
