1329.918	10016.000
1330.066	9921.000
1330.214	9982.000
1330.363	9986.000
1330.511	9959.000
1330.659	9985.000
1330.807	9911.000
1330.955	9923.000
1331.103	9927.000
1331.251	9903.000
1331.399	9852.000
1331.547	9955.000
1331.695	9902.000
1331.843	9850.000
1331.991	9887.000
1332.139	9936.000
1332.287	9802.000
1332.435	9919.000
1332.583	9812.000
1332.730	9907.000
1332.878	9808.000
1333.026	9793.000
1333.174	9925.000
1333.322	9832.000
1333.470	9840.000
1333.618	9830.000
1333.765	9824.000
1333.913	9758.000
1334.061	9791.000
1334.209	9774.000
1334.356	9776.000
1334.504	9812.000
1334.652	9813.000
1334.800	9778.000
1334.947	9694.000
1335.095	9720.000
1335.243	9830.000
1335.390	9719.000
1335.538	9783.000
1335.686	9761.000
1335.833	9744.000
1335.981	9778.000
1336.128	9675.000
1336.276	9786.000
1336.424	9660.000
1336.571	9749.000
1336.719	9741.000
1336.866	9613.000
1337.014	9677.000
1337.161	9664.000
1337.309	9629.000
1337.456	9611.000
1337.604	9727.000
1337.751	9662.000
1337.899	9622.000
1338.046	9633.000
1338.194	9603.000
1338.341	9602.000
1338.488	9570.000
1338.636	9561.000
1338.783	9623.000
1338.930	9579.000
1339.078	9523.000
1339.225	9508.000
1339.372	9500.000
1339.520	9572.000
1339.667	9524.000
1339.814	9475.000
1339.962	9493.000
1340.109	9523.000
1340.256	9507.000
1340.403	9450.000
1340.550	9487.000
1340.698	9503.000
1340.845	9395.000
1340.992	9414.000
1341.139	9402.000
1341.286	9402.000
1341.433	9410.000
1341.581	9459.000
1341.728	9353.000
1341.875	9408.000
1342.022	9392.000
1342.169	9374.000
1342.316	9332.000
1342.463	9337.000
1342.610	9299.000
1342.757	9318.000
1342.904	9341.000
1343.051	9297.000
1343.198	9266.000
1343.345	9299.000
1343.492	9332.000
1343.639	9323.000
1343.786	9292.000
1343.933	9265.000
1344.080	9246.000
1344.226	9288.000
1344.373	9276.000
1344.520	9288.000
1344.667	9218.000
1344.814	9178.000
1344.961	9197.000
1345.108	9139.000
1345.254	9199.000
1345.401	9265.000
1345.548	9146.000
1345.695	9183.000
1345.841	9161.000
1345.988	9170.000
1346.135	9184.000
1346.282	9181.000
1346.428	9043.000
1346.575	9211.000
1346.722	9115.000
1346.868	9095.000
1347.015	9139.000
1347.162	9189.000
1347.308	9182.000
1347.455	9124.000
1347.601	9132.000
1347.748	9156.000
1347.894	9098.000
1348.041	9195.000
1348.188	9083.000
1348.334	9177.000
1348.481	9031.000
1348.627	9059.000
1348.774	9188.000
1348.920	9122.000
1349.067	9127.000
1349.213	9127.000
1349.359	9087.000
1349.506	9077.000
1349.652	9068.000
1349.799	9103.000
1349.945	9141.000
1350.091	9162.000
1350.238	9075.000
1350.384	9131.000
1350.530	9065.000
1350.677	9145.000
1350.823	9039.000
1350.969	9026.000
1351.116	9043.000
1351.262	9136.000
1351.408	9095.000
1351.554	9049.000
1351.701	9014.000
1351.847	9094.000
1351.993	9047.000
1352.139	9058.000
1352.285	8962.000
1352.432	9036.000
1352.578	8963.000
1352.724	9096.000
1352.870	8997.000
1353.016	9084.000
1353.162	9001.000
1353.308	9037.000
1353.454	9029.000
1353.600	9001.000
1353.747	8963.000
1353.893	9040.000
1354.039	8879.000
1354.185	8961.000
1354.331	8949.000
1354.477	8943.000
1354.623	8965.000
1354.768	9025.000
1354.914	8852.000
1355.060	8974.000
1355.206	8900.000
1355.352	8910.000
1355.498	8925.000
1355.644	8971.000
1355.790	8836.000
1355.936	8989.000
1356.082	8815.000
1356.227	8893.000
1356.373	8882.000
1356.519	8961.000
1356.665	8861.000
1356.811	8929.000
1356.956	8759.000
1357.102	8845.000
1357.248	8850.000
1357.394	8864.000
1357.539	8850.000
1357.685	8954.000
1357.831	8804.000
1357.976	8844.000
1358.122	8741.000
1358.268	8870.000
1358.413	8793.000
1358.559	8909.000
1358.704	8773.000
1358.850	8865.000
1358.996	8675.000
1359.141	8885.000
1359.287	8850.000
1359.432	8805.000
1359.578	8792.000
1359.723	8803.000
1359.869	8754.000
1360.014	8851.000
1360.160	8743.000
1360.305	8878.000
1360.451	8682.000
1360.596	8811.000
1360.742	8715.000
1360.887	8778.000
1361.032	8647.000
1361.178	8831.000
1361.323	8707.000
1361.469	8744.000
1361.614	8660.000
1361.759	8726.000
1361.905	8592.000
1362.050	8719.000
1362.195	8668.000
1362.341	8783.000
1362.486	8693.000
1362.631	8798.000
1362.776	8595.000
1362.922	8814.000
1363.067	8668.000
1363.212	8797.000
1363.357	8664.000
1363.502	8859.000
1363.648	8732.000
1363.793	8768.000
1363.938	8654.000
1364.083	8789.000
1364.228	8628.000
1364.373	8718.000
1364.518	8641.000
1364.663	8776.000
1364.808	8575.000
1364.954	8711.000
1365.099	8623.000
1365.244	8738.000
1365.389	8619.000
1365.534	8746.000
1365.679	8621.000
1365.824	8778.000
1365.969	8727.000
1366.113	8797.000
1366.258	8742.000
1366.403	8823.000
1366.548	8711.000
1366.693	8673.000
1366.838	8615.000
1366.983	8706.000
1367.128	8624.000
1367.273	8750.000
1367.417	8759.000
1367.562	8764.000
1367.707	8599.000
1367.852	8790.000
1367.997	8739.000
1368.141	8713.000
1368.286	8629.000
1368.431	8757.000
1368.576	8632.000
1368.720	8725.000
1368.865	8614.000
1369.010	8778.000
1369.154	8632.000
1369.299	8720.000
1369.444	8672.000
1369.588	8741.000
1369.733	8667.000
1369.878	8741.000
1370.022	8671.000
1370.167	8726.000
1370.311	8642.000
1370.456	8835.000
1370.601	8664.000
1370.745	8680.000
1370.890	8659.000
1371.034	8732.000
1371.179	8575.000
1371.323	8753.000
1371.468	8713.000
1371.612	8781.000
1371.757	8632.000
1371.901	8689.000
1372.045	8668.000
1372.190	8706.000
1372.334	8607.000
1372.479	8695.000
1372.623	8666.000
1372.767	8741.000
1372.912	8666.000
1373.056	8706.000
1373.200	8496.000
1373.345	8766.000
1373.489	8594.000
1373.633	8673.000
1373.777	8633.000
1373.922	8718.000
1374.066	8586.000
1374.210	8664.000
1374.354	8712.000
1374.499	8601.000
1374.643	8538.000
1374.787	8702.000
1374.931	8608.000
1375.075	8686.000
1375.219	8546.000
1375.364	8743.000
1375.508	8659.000
1375.652	8694.000
1375.796	8561.000
1375.940	8693.000
1376.084	8584.000
1376.228	8703.000
1376.372	8522.000
1376.516	8725.000
1376.660	8561.000
1376.804	8575.000
1376.948	8575.000
1377.092	8617.000
1377.236	8531.000
1377.380	8747.000
1377.524	8498.000
1377.668	8519.000
1377.812	8545.000
1377.956	8697.000
1378.099	8557.000
1378.243	8587.000
1378.387	8480.000
1378.531	8688.000
1378.675	8515.000
1378.819	8604.000
1378.962	8481.000
1379.106	8616.000
1379.250	8509.000
1379.394	8599.000
1379.538	8555.000
1379.681	8651.000
1379.825	8509.000
1379.969	8673.000
1380.112	8489.000
1380.256	8573.000
1380.400	8535.000
1380.543	8626.000
1380.687	8376.000
1380.831	8618.000
1380.974	8399.000
1381.118	8495.000
1381.262	8428.000
1381.405	8587.000
1381.549	8485.000
1381.692	8537.000
1381.836	8478.000
1381.979	8497.000
1382.123	8436.000
1382.266	8530.000
1382.410	8520.000
1382.553	8499.000
1382.697	8424.000
1382.840	8462.000
1382.984	8462.000
1383.127	8556.000
1383.271	8377.000
1383.414	8463.000
1383.557	8392.000
1383.701	8527.000
1383.844	8433.000
1383.987	8516.000
1384.131	8372.000
1384.274	8569.000
1384.417	8397.000
1384.561	8540.000
1384.704	8413.000
1384.847	8599.000
1384.990	8434.000
1385.134	8655.000
1385.277	8403.000
1385.420	8651.000
1385.563	8387.000
1385.707	8557.000
1385.850	8417.000
1385.993	8547.000
1386.136	8458.000
1386.279	8481.000
1386.422	8427.000
1386.565	8576.000
1386.709	8402.000
1386.852	8522.000
1386.995	8425.000
1387.138	8554.000
1387.281	8497.000
1387.424	8550.000
1387.567	8484.000
1387.710	8542.000
1387.853	8372.000
1387.996	8574.000
1388.139	8197.000
1388.282	8579.000
1388.425	8434.000
1388.568	8500.000
1388.711	8480.000
1388.854	8475.000
1388.997	8303.000
1389.139	8497.000
1389.282	8439.000
1389.425	8601.000
1389.568	8387.000
1389.711	8525.000
1389.854	8394.000
1389.996	8575.000
1390.139	8424.000
1390.282	8531.000
1390.425	8339.000
1390.568	8528.000
1390.710	8448.000
1390.853	8523.000
1390.996	8424.000
1391.138	8560.000
1391.281	8399.000
1391.424	8573.000
1391.566	8488.000
1391.709	8498.000
1391.852	8327.000
1391.994	8495.000
1392.137	8431.000
1392.280	8631.000
1392.422	8376.000
1392.565	8545.000
1392.707	8422.000
1392.850	8520.000
1392.992	8420.000
1393.135	8528.000
1393.277	8377.000
1393.420	8525.000
1393.562	8393.000
1393.705	8533.000
1393.847	8456.000
1393.990	8589.000
1394.132	8469.000
1394.275	8570.000
1394.417	8403.000
1394.560	8486.000
1394.702	8406.000
1394.844	8555.000
1394.987	8371.000
1395.129	8501.000
1395.271	8381.000
1395.414	8471.000
1395.556	8371.000
1395.698	8504.000
1395.840	8429.000
1395.983	8498.000
1396.125	8398.000
1396.267	8562.000
1396.409	8449.000
1396.552	8474.000
1396.694	8368.000
1396.836	8547.000
1396.978	8469.000
1397.120	8530.000
1397.263	8369.000
1397.405	8564.000
1397.547	8392.000
1397.689	8444.000
1397.831	8366.000
1397.973	8500.000
1398.115	8413.000
1398.257	8517.000
1398.399	8393.000
1398.541	8528.000
1398.683	8367.000
1398.825	8482.000
1398.967	8473.000
1399.109	8496.000
1399.251	8381.000
1399.393	8467.000
1399.535	8341.000
1399.677	8616.000
1399.819	8480.000
1399.961	8444.000
1400.103	8410.000
1400.245	8431.000
1400.387	8412.000
1400.528	8492.000
1400.670	8454.000
1400.812	8557.000
1400.954	8424.000
1401.096	8481.000
1401.238	8390.000
1401.379	8522.000
1401.521	8382.000
1401.663	8523.000
1401.805	8432.000
1401.946	8562.000
1402.088	8393.000
1402.230	8368.000
1402.371	8313.000
1402.513	8557.000
1402.655	8318.000
1402.796	8461.000
1402.938	8329.000
1403.080	8475.000
1403.221	8369.000
1403.363	8465.000
1403.504	8354.000
1403.646	8524.000
1403.788	8269.000
1403.929	8526.000
1404.071	8374.000
1404.212	8496.000
1404.354	8366.000
1404.495	8490.000
1404.637	8355.000
1404.778	8448.000
1404.919	8328.000
1405.061	8463.000
1405.202	8335.000
1405.344	8460.000
1405.485	8282.000
1405.627	8405.000
1405.768	8468.000
1405.909	8482.000
1406.051	8348.000
1406.192	8503.000
1406.333	8286.000
1406.475	8497.000
1406.616	8308.000
1406.757	8475.000
1406.898	8300.000
1407.040	8627.000
1407.181	8390.000
1407.322	8546.000
1407.463	8331.000
1407.605	8510.000
1407.746	8400.000
1407.887	8490.000
1408.028	8292.000
1408.169	8461.000
1408.310	8330.000
1408.452	8507.000
1408.593	8401.000
1408.734	8464.000
1408.875	8283.000
1409.016	8465.000
1409.157	8362.000
1409.298	8466.000
1409.439	8354.000
1409.580	8462.000
1409.721	8286.000
1409.862	8520.000
1410.003	8289.000
1410.144	8504.000
1410.285	8370.000
1410.426	8575.000
1410.567	8333.000
1410.708	8449.000
1410.849	8315.000
1410.990	8414.000
1411.131	8363.000
1411.271	8508.000
1411.412	8320.000
1411.553	8470.000
1411.694	8232.000
1411.835	8448.000
1411.976	8354.000
1412.116	8485.000
1412.257	8305.000
1412.398	8455.000
1412.539	8413.000
1412.680	8418.000
1412.820	8323.000
1412.961	8500.000
1413.102	8307.000
1413.242	8469.000
1413.383	8278.000
1413.524	8515.000
1413.664	8327.000
1413.805	8409.000
1413.946	8316.000
1414.086	8461.000
1414.227	8309.000
1414.367	8384.000
1414.508	8223.000
1414.649	8430.000
1414.789	8378.000
1414.930	8480.000
1415.070	8332.000
1415.211	8473.000
1415.351	8267.000
1415.492	8415.000
1415.632	8251.000
1415.773	8394.000
1415.913	8192.000
1416.053	8371.000
1416.194	8341.000
1416.334	8424.000
1416.475	8269.000
1416.615	8439.000
1416.755	8222.000
1416.896	8389.000
1417.036	8212.000
1417.176	8403.000
1417.317	8224.000
1417.457	8282.000
1417.597	8203.000
1417.738	8344.000
1417.878	8340.000
1418.018	8310.000
1418.158	8189.000
1418.299	8356.000
1418.439	8261.000
1418.579	8382.000
1418.719	8202.000
1418.859	8387.000
1419.000	8207.000
1419.140	8325.000
1419.280	8176.000
1419.420	8387.000
1419.560	8232.000
1419.700	8310.000
1419.840	8225.000
1419.980	8309.000
1420.120	8173.000
1420.260	8234.000
1420.400	8134.000
1420.540	8361.000
1420.680	8220.000
1420.820	8281.000
1420.960	8196.000
1421.100	8312.000
1421.240	8180.000
1421.380	8263.000
1421.520	8111.000
1421.660	8313.000
1421.800	8129.000
1421.940	8311.000
1422.080	8185.000
1422.220	8289.000
1422.360	8150.000
1422.499	8250.000
1422.639	8132.000
1422.779	8330.000
1422.919	8178.000
1423.059	8275.000
1423.198	8169.000
1423.338	8331.000
1423.478	8094.000
1423.618	8258.000
1423.757	8245.000
1423.897	8348.000
1424.037	8180.000
1424.176	8258.000
1424.316	8197.000
1424.456	8262.000
1424.595	8114.000
1424.735	8335.000
1424.875	8159.000
1425.014	8291.000
1425.154	8129.000
1425.293	8271.000
1425.433	8147.000
1425.573	8336.000
1425.712	8163.000
1425.852	8317.000
1425.991	8098.000
1426.131	8353.000
1426.270	8175.000
1426.410	8330.000
1426.549	8177.000
1426.689	8391.000
1426.828	8146.000
1426.967	8276.000
1427.107	8180.000
1427.246	8304.000
1427.386	8173.000
1427.525	8351.000
1427.664	8232.000
1427.804	8316.000
1427.943	8230.000
1428.082	8271.000
1428.222	8247.000
1428.361	8369.000
1428.500	8244.000
1428.640	8297.000
1428.779	8178.000
1428.918	8366.000
1429.057	8264.000
1429.196	8294.000
1429.336	8237.000
1429.475	8344.000
1429.614	8237.000
1429.753	8394.000
1429.892	8198.000
1430.032	8302.000
1430.171	8283.000
1430.310	8348.000
1430.449	8236.000
1430.588	8428.000
1430.727	8309.000
1430.866	8384.000
1431.005	8282.000
1431.144	8374.000
1431.283	8284.000
1431.422	8336.000
1431.561	8247.000
1431.700	8382.000
1431.839	8242.000
1431.978	8337.000
1432.117	8338.000
1432.256	8422.000
1432.395	8271.000
1432.534	8314.000
1432.673	8225.000
1432.812	8469.000
1432.951	8249.000
1433.089	8377.000
1433.228	8294.000
1433.367	8454.000
1433.506	8630.000
1433.645	8403.000
1433.783	8274.000
1433.922	8398.000
1434.061	8235.000
1434.200	8429.000
1434.339	8241.000
1434.477	8436.000
1434.616	8217.000
1434.755	8301.000
1434.893	8315.000
1435.032	8397.000
1435.171	8238.000
1435.309	8363.000
1435.448	8283.000
1435.587	8452.000
1435.725	8275.000
1435.864	8356.000
1436.002	8218.000
1436.141	8334.000
1436.280	8227.000
1436.418	8378.000
1436.557	8269.000
1436.695	8317.000
1436.834	8322.000
1436.972	8329.000
1437.111	8202.000
1437.249	8479.000
1437.388	8276.000
1437.526	8343.000
1437.664	8220.000
1437.803	8288.000
1437.941	8243.000
1438.080	8319.000
1438.218	8264.000
1438.356	8255.000
1438.495	8231.000
1438.633	8289.000
1438.771	8248.000
1438.910	8349.000
1439.048	8232.000
1439.186	8368.000
1439.325	8210.000
1439.463	8409.000
1439.601	8271.000
1439.739	8321.000
1439.878	8318.000
1440.016	8341.000
1440.154	8299.000
1440.292	8333.000
1440.430	8246.000
1440.569	8318.000
1440.707	8310.000
1440.845	8344.000
1440.983	8338.000
1441.121	8345.000
1441.259	8276.000
1441.397	8323.000
1441.535	8240.000
1441.673	8347.000
1441.811	8235.000
1441.949	8396.000
1442.087	8281.000
1442.225	8416.000
1442.363	8278.000
1442.501	8329.000
1442.639	8288.000
1442.777	8362.000
1442.915	8223.000
1443.053	8412.000
1443.191	8305.000
1443.329	8456.000
1443.467	8313.000
1443.605	8471.000
1443.743	8290.000
1443.881	8475.000
1444.018	8282.000
1444.156	8417.000
1444.294	8290.000
1444.432	8468.000
1444.570	8290.000
1444.707	8484.000
1444.845	8342.000
1444.983	8509.000
1445.121	8286.000
1445.258	8444.000
1445.396	8319.000
1445.534	8517.000
1445.671	8366.000
1445.809	8463.000
1445.947	8411.000
1446.084	8539.000
1446.222	8418.000
1446.360	8482.000
1446.497	8424.000
1446.635	8562.000
1446.772	8369.000
1446.910	8508.000
1447.048	8371.000
1447.185	8554.000
1447.323	8365.000
1447.460	8567.000
1447.598	8365.000
1447.735	8607.000
1447.873	8502.000
1448.010	8548.000
1448.147	8367.000
1448.285	8531.000
1448.422	8425.000
1448.560	8522.000
1448.697	8416.000
1448.835	8534.000
1448.972	8444.000
1449.109	8528.000
1449.247	8440.000
1449.384	8601.000
1449.521	8499.000
1449.659	8571.000
1449.796	8413.000
1449.933	8606.000
1450.070	8429.000
1450.208	8551.000
1450.345	8421.000
1450.482	8558.000
1450.619	8339.000
1450.757	8584.000
1450.894	8494.000
1451.031	8497.000
1451.168	8480.000
1451.305	8621.000
1451.442	8420.000
1451.580	8578.000
1451.717	8486.000
1451.854	8539.000
1451.991	8435.000
1452.128	8506.000
1452.265	8419.000
1452.402	8508.000
1452.539	8451.000
1452.676	8566.000
1452.813	8449.000
1452.950	8547.000
1453.087	8424.000
1453.224	8598.000
1453.361	8544.000
1453.498	8582.000
1453.635	8550.000
1453.772	8593.000
1453.909	8463.000
1454.046	8555.000
1454.183	7709.000
1454.319	8582.000
1454.456	8456.000
1454.593	8516.000
1454.730	8400.000
1454.867	8579.000
1455.004	8412.000
1455.140	8563.000
1455.277	8503.000
1455.414	8589.000
1455.551	8452.000
1455.687	8554.000
1455.824	8449.000
1455.961	8621.000
1456.098	8504.000
1456.234	8571.000
1456.371	8372.000
1456.508	8598.000
1456.644	8401.000
1456.781	8512.000
1456.917	8460.000
1457.054	8497.000
1457.191	8410.000
1457.327	8531.000
1457.464	8394.000
1457.600	8575.000
1457.737	8377.000
1457.873	8612.000
1458.010	8453.000
1458.146	8510.000
1458.283	8441.000
1458.419	8465.000
1458.556	8376.000
1458.692	8472.000
1458.829	8368.000
1458.965	8411.000
1459.102	8379.000
1459.238	8555.000
1459.374	8391.000
1459.511	8514.000
1459.647	8364.000
1459.784	8463.000
1459.920	8332.000
1460.056	8451.000
1460.193	8266.000
1460.329	8457.000
1460.465	8311.000
1460.601	8436.000
1460.738	8328.000
1460.874	8477.000
1461.010	8445.000
1461.146	8474.000
1461.283	8343.000
1461.419	8546.000
1461.555	8283.000
1461.691	8468.000
1461.827	8421.000
1461.963	8540.000
1462.100	8362.000
1462.236	8599.000
1462.372	10947.000
1462.508	8591.000
1462.644	8409.000
1462.780	8527.000
1462.916	8453.000
1463.052	8573.000
1463.188	8369.000
1463.324	8522.000
1463.460	8536.000
1463.596	8652.000
1463.732	8518.000
1463.868	8562.000
1464.004	8481.000
1464.140	8608.000
1464.276	8527.000
1464.412	8658.000
1464.548	8565.000
1464.684	8627.000
1464.820	8460.000
1464.955	8635.000
1465.091	8524.000
1465.227	8679.000
1465.363	8552.000
1465.499	8672.000
1465.635	8575.000
1465.770	8664.000
1465.906	8517.000
1466.042	8595.000
1466.178	8517.000
1466.313	8683.000
1466.449	8518.000
1466.585	8667.000
1466.720	8535.000
1466.856	8733.000
1466.992	8565.000
1467.127	8712.000
1467.263	8542.000
1467.399	8668.000
1467.534	8458.000
1467.670	8666.000
1467.806	8485.000
1467.941	8707.000
1468.077	8518.000
1468.212	8737.000
1468.348	8564.000
1468.483	8703.000
1468.619	8542.000
1468.754	8747.000
1468.890	8507.000
1469.025	8760.000
1469.161	8671.000
1469.296	8661.000
1469.432	8567.000
1469.567	8777.000
1469.702	8613.000
1469.838	8716.000
1469.973	8610.000
1470.109	8735.000
1470.244	8655.000
1470.379	8743.000
1470.515	8679.000
1470.650	8765.000
1470.785	8692.000
1470.921	8843.000
1471.056	8634.000
1471.191	8843.000
1471.326	8608.000
1471.462	8803.000
1471.597	8761.000
1471.732	8891.000
1471.867	8693.000
1472.003	8826.000
1472.138	8750.000
1472.273	8937.000
1472.408	8768.000
1472.543	8910.000
1472.678	8768.000
1472.813	8970.000
1472.948	8765.000
1473.084	8870.000
1473.219	8795.000
1473.354	8924.000
1473.489	8787.000
1473.624	8811.000
1473.759	8831.000
1473.894	8998.000
1474.029	8891.000
1474.164	8903.000
1474.299	8811.000
1474.434	8878.000
1474.569	8908.000
1474.704	8993.000
