1329.918	5346.000
1330.066	5399.000
1330.214	5319.000
1330.363	5484.000
1330.511	5291.000
1330.659	5483.000
1330.807	5291.000
1330.955	5438.000
1331.103	5288.000
1331.251	5424.000
1331.399	5260.000
1331.547	5474.000
1331.695	5292.000
1331.843	5331.000
1331.991	5257.000
1332.139	5460.000
1332.287	5212.000
1332.435	5431.000
1332.583	5197.000
1332.730	5436.000
1332.878	5207.000
1333.026	5359.000
1333.174	5369.000
1333.322	5367.000
1333.470	5308.000
1333.618	5367.000
1333.765	5268.000
1333.913	5336.000
1334.061	5214.000
1334.209	5317.000
1334.356	5235.000
1334.504	5411.000
1334.652	5277.000
1334.800	5371.000
1334.947	5181.000
1335.095	5349.000
1335.243	5249.000
1335.390	5320.000
1335.538	5272.000
1335.686	5381.000
1335.833	5201.000
1335.981	5379.000
1336.128	5179.000
1336.276	5388.000
1336.424	5169.000
1336.571	5347.000
1336.719	5217.000
1336.866	5299.000
1337.014	5171.000
1337.161	5328.000
1337.309	5170.000
1337.456	5288.000
1337.604	5208.000
1337.751	5336.000
1337.899	5128.000
1338.046	5293.000
1338.194	5123.000
1338.341	5294.000
1338.488	5096.000
1338.636	5263.000
1338.783	5174.000
1338.930	5237.000
1339.078	5120.000
1339.225	5220.000
1339.372	5052.000
1339.520	5278.000
1339.667	5126.000
1339.814	5204.000
1339.962	5066.000
1340.109	5228.000
1340.256	5099.000
1340.403	5198.000
1340.550	5075.000
1340.698	5226.000
1340.845	5032.000
1340.992	5203.000
1341.139	5043.000
1341.286	5169.000
1341.433	5055.000
1341.581	5231.000
1341.728	5037.000
1341.875	5158.000
1342.022	5072.000
1342.169	5171.000
1342.316	5001.000
1342.463	5151.000
1342.610	4991.000
1342.757	5132.000
1342.904	5027.000
1343.051	5139.000
1343.198	5001.000
1343.345	5164.000
1343.492	5028.000
1343.639	5140.000
1343.786	5037.000
1343.933	5124.000
1344.080	4961.000
1344.226	5121.000
1344.373	4991.000
1344.520	5133.000
1344.667	4978.000
1344.814	5058.000
1344.961	4938.000
1345.108	5025.000
1345.254	4970.000
1345.401	5153.000
1345.548	4955.000
1345.695	5086.000
1345.841	4931.000
1345.988	5050.000
1346.135	4958.000
1346.282	5085.000
1346.428	4834.000
1346.575	5116.000
1346.722	4909.000
1346.868	5024.000
1347.015	4927.000
1347.162	5082.000
1347.308	4942.000
1347.455	5062.000
1347.601	4912.000
1347.748	5032.000
1347.894	4923.000
1348.041	5103.000
1348.188	4899.000
1348.334	5073.000
1348.481	4849.000
1348.627	4959.000
1348.774	4984.000
1348.920	5091.000
1349.067	4895.000
1349.213	5061.000
1349.359	4894.000
1349.506	4999.000
1349.652	4854.000
1349.799	5013.000
1349.945	4920.000
1350.091	5074.000
1350.238	4844.000
1350.384	5045.000
1350.530	4923.000
1350.677	5049.000
1350.823	4852.000
1350.969	4985.000
1351.116	4889.000
1351.262	5066.000
1351.408	4932.000
1351.554	5006.000
1351.701	4868.000
1351.847	5045.000
1351.993	4903.000
1352.139	4994.000
1352.285	4828.000
1352.432	4976.000
1352.578	4836.000
1352.724	5050.000
1352.870	4885.000
1353.016	5031.000
1353.162	4849.000
1353.308	5014.000
1353.454	4875.000
1353.600	4975.000
1353.747	4856.000
1353.893	5011.000
1354.039	4780.000
1354.185	4970.000
1354.331	4887.000
1354.477	4982.000
1354.623	4849.000
1354.768	5014.000
1354.914	4739.000
1355.060	4983.000
1355.206	4845.000
1355.352	4920.000
1355.498	4878.000
1355.644	4989.000
1355.790	4775.000
1355.936	4994.000
1356.082	4718.000
1356.227	4922.000
1356.373	4787.000
1356.519	5007.000
1356.665	4809.000
1356.811	4992.000
1356.956	4725.000
1357.102	4842.000
1357.248	4817.000
1357.394	4909.000
1357.539	4825.000
1357.685	4996.000
1357.831	4759.000
1357.976	4891.000
1358.122	4739.000
1358.268	4940.000
1358.413	4784.000
1358.559	4976.000
1358.704	4749.000
1358.850	4889.000
1358.996	4689.000
1359.141	4973.000
1359.287	4869.000
1359.432	4852.000
1359.578	4791.000
1359.723	4890.000
1359.869	4715.000
1360.014	4901.000
1360.160	4760.000
1360.305	4963.000
1360.451	4697.000
1360.596	4900.000
1360.742	4735.000
1360.887	4897.000
1361.032	4708.000
1361.178	4983.000
1361.323	4736.000
1361.469	4863.000
1361.614	4704.000
1361.759	4857.000
1361.905	4659.000
1362.050	4839.000
1362.195	4743.000
1362.341	4916.000
1362.486	4720.000
1362.631	4916.000
1362.776	4639.000
1362.922	4921.000
1363.067	4700.000
1363.212	4900.000
1363.357	4717.000
1363.502	4919.000
1363.648	4768.000
1363.793	4890.000
1363.938	4691.000
1364.083	4908.000
1364.228	4706.000
1364.373	4822.000
1364.518	4719.000
1364.663	4902.000
1364.808	4659.000
1364.954	4807.000
1365.099	4699.000
1365.244	4882.000
1365.389	4717.000
1365.534	4865.000
1365.679	4674.000
1365.824	4910.000
1365.969	4716.000
1366.113	4895.000
1366.258	4775.000
1366.403	4941.000
1366.548	4723.000
1366.693	4817.000
1366.838	4684.000
1366.983	4838.000
1367.128	4672.000
1367.273	4894.000
1367.417	4802.000
1367.562	4915.000
1367.707	4675.000
1367.852	4908.000
1367.997	4787.000
1368.141	4843.000
1368.286	4677.000
1368.431	4890.000
1368.576	4719.000
1368.720	4845.000
1368.865	4672.000
1369.010	4912.000
1369.154	4706.000
1369.299	4865.000
1369.444	4712.000
1369.588	4893.000
1369.733	4723.000
1369.878	4841.000
1370.022	4722.000
1370.167	4872.000
1370.311	4711.000
1370.456	4956.000
1370.601	4738.000
1370.745	4819.000
1370.890	4722.000
1371.034	4891.000
1371.179	4643.000
1371.323	4863.000
1371.468	4796.000
1371.612	4913.000
1371.757	4706.000
1371.901	4832.000
1372.045	4702.000
1372.190	4862.000
1372.334	4694.000
1372.479	4853.000
1372.623	4738.000
1372.767	4876.000
1372.912	4714.000
1373.056	4859.000
1373.200	4545.000
1373.345	4908.000
1373.489	4693.000
1373.633	4838.000
1373.777	4699.000
1373.922	4917.000
1374.066	4695.000
1374.210	4847.000
1374.354	4772.000
1374.499	4773.000
1374.643	4637.000
1374.787	4855.000
1374.931	4687.000
1375.075	4827.000
1375.219	4630.000
1375.364	4880.000
1375.508	4760.000
1375.652	4865.000
1375.796	4654.000
1375.940	4860.000
1376.084	4702.000
1376.228	4858.000
1376.372	4607.000
1376.516	4874.000
1376.660	4649.000
1376.804	4789.000
1376.948	4709.000
1377.092	4792.000
1377.236	4653.000
1377.380	4961.000
1377.524	4631.000
1377.668	4717.000
1377.812	4668.000
1377.956	4860.000
1378.099	4725.000
1378.243	4768.000
1378.387	4592.000
1378.531	4853.000
1378.675	4637.000
1378.819	4812.000
1378.962	4637.000
1379.106	4838.000
1379.250	4658.000
1379.394	4808.000
1379.538	4705.000
1379.681	4827.000
1379.825	4642.000
1379.969	4863.000
1380.112	4625.000
1380.256	4756.000
1380.400	4691.000
1380.543	4796.000
1380.687	4561.000
1380.831	4849.000
1380.974	4571.000
1381.118	4752.000
1381.262	4650.000
1381.405	4824.000
1381.549	4651.000
1381.692	4758.000
1381.836	4637.000
1381.979	4714.000
1382.123	4590.000
1382.266	4811.000
1382.410	4712.000
1382.553	4716.000
1382.697	4629.000
1382.840	4706.000
1382.984	4633.000
1383.127	4770.000
1383.271	4572.000
1383.414	4713.000
1383.557	4631.000
1383.701	4780.000
1383.844	4610.000
1383.987	4785.000
1384.131	4533.000
1384.274	4821.000
1384.417	4562.000
1384.561	4779.000
1384.704	4572.000
1384.847	4842.000
1384.990	4636.000
1385.134	4877.000
1385.277	4550.000
1385.420	4876.000
1385.563	4603.000
1385.707	4771.000
1385.850	4617.000
1385.993	4792.000
1386.136	4632.000
1386.279	4747.000
1386.422	4626.000
1386.565	4837.000
1386.709	4574.000
1386.852	4769.000
1386.995	4597.000
1387.138	4813.000
1387.281	4699.000
1387.424	4810.000
1387.567	4684.000
1387.710	4774.000
1387.853	4586.000
1387.996	4842.000
1388.139	4508.000
1388.282	4819.000
1388.425	4643.000
1388.568	4759.000
1388.711	4681.000
1388.854	4704.000
1388.997	4507.000
1389.139	4737.000
1389.282	4649.000
1389.425	4882.000
1389.568	4632.000
1389.711	4758.000
1389.854	4594.000
1389.996	4790.000
1390.139	4630.000
1390.282	4761.000
1390.425	4553.000
1390.568	4797.000
1390.710	4644.000
1390.853	4779.000
1390.996	4594.000
1391.138	4799.000
1391.281	4571.000
1391.424	4797.000
1391.566	4639.000
1391.709	4698.000
1391.852	4543.000
1391.994	4782.000
1392.137	4593.000
1392.280	4877.000
1392.422	4585.000
1392.565	4817.000
1392.707	4614.000
1392.850	4782.000
1392.992	4602.000
1393.135	4788.000
1393.277	4585.000
1393.420	4803.000
1393.562	4625.000
1393.705	4792.000
1393.847	4641.000
1393.990	4838.000
1394.132	4627.000
1394.275	4828.000
1394.417	4604.000
1394.560	4744.000
1394.702	4596.000
1394.844	4821.000
1394.987	4562.000
1395.129	4744.000
1395.271	4584.000
1395.414	4729.000
1395.556	4558.000
1395.698	4733.000
1395.840	4609.000
1395.983	4784.000
1396.125	4596.000
1396.267	4799.000
1396.409	4638.000
1396.552	4785.000
1396.694	4561.000
1396.836	4825.000
1396.978	4657.000
1397.120	4756.000
1397.263	4573.000
1397.405	4843.000
1397.547	4554.000
1397.689	4744.000
1397.831	4575.000
1397.973	4783.000
1398.115	4616.000
1398.257	4800.000
1398.399	4587.000
1398.541	4784.000
1398.683	4576.000
1398.825	4748.000
1398.967	4677.000
1399.109	4743.000
1399.251	4586.000
1399.393	4740.000
1399.535	4540.000
1399.677	4807.000
1399.819	4661.000
1399.961	4723.000
1400.103	4578.000
1400.245	4710.000
1400.387	4621.000
1400.528	4768.000
1400.670	4619.000
1400.812	4798.000
1400.954	4572.000
1401.096	4771.000
1401.238	4623.000
1401.379	4783.000
1401.521	4601.000
1401.663	4824.000
1401.805	4661.000
1401.946	4807.000
1402.088	4607.000
1402.230	4659.000
1402.371	4555.000
1402.513	4811.000
1402.655	4524.000
1402.796	4720.000
1402.938	4613.000
1403.080	4760.000
1403.221	4583.000
1403.363	4741.000
1403.504	4554.000
1403.646	4802.000
1403.788	4461.000
1403.929	4807.000
1404.071	4595.000
1404.212	4755.000
1404.354	4606.000
1404.495	4766.000
1404.637	4579.000
1404.778	4725.000
1404.919	4557.000
1405.061	4711.000
1405.202	4623.000
1405.344	4728.000
1405.485	4511.000
1405.627	4738.000
1405.768	4681.000
1405.909	4719.000
1406.051	4600.000
1406.192	4791.000
1406.333	4539.000
1406.475	4739.000
1406.616	4562.000
1406.757	4773.000
1406.898	4527.000
1407.040	4863.000
1407.181	4602.000
1407.322	4816.000
1407.463	4577.000
1407.605	4774.000
1407.746	4600.000
1407.887	4774.000
1408.028	4515.000
1408.169	4738.000
1408.310	4524.000
1408.452	4761.000
1408.593	4608.000
1408.734	4738.000
1408.875	4486.000
1409.016	4770.000
1409.157	4572.000
1409.298	4739.000
1409.439	4592.000
1409.580	4771.000
1409.721	4538.000
1409.862	4739.000
1410.003	4516.000
1410.144	4794.000
1410.285	4571.000
1410.426	4824.000
1410.567	4581.000
1410.708	4716.000
1410.849	4532.000
1410.990	4727.000
1411.131	4609.000
1411.271	4819.000
1411.412	4549.000
1411.553	4783.000
1411.694	4485.000
1411.835	4728.000
1411.976	4552.000
1412.116	4783.000
1412.257	4561.000
1412.398	4730.000
1412.539	4668.000
1412.680	4726.000
1412.820	4555.000
1412.961	4776.000
1413.102	4514.000
1413.242	4757.000
1413.383	4556.000
1413.524	4808.000
1413.664	4598.000
1413.805	4686.000
1413.946	4572.000
1414.086	4724.000
1414.227	4547.000
1414.367	4674.000
1414.508	4483.000
1414.649	4724.000
1414.789	4609.000
1414.930	4734.000
1415.070	4571.000
1415.211	4795.000
1415.351	4564.000
1415.492	4730.000
1415.632	4524.000
1415.773	4716.000
1415.913	4451.000
1416.053	4688.000
1416.194	4582.000
1416.334	4759.000
1416.475	4506.000
1416.615	4744.000
1416.755	4544.000
1416.896	4725.000
1417.036	4427.000
1417.176	4718.000
1417.317	4523.000
1417.457	4625.000
1417.597	4449.000
1417.738	4656.000
1417.878	4610.000
1418.018	4675.000
1418.158	4512.000
1418.299	4674.000
1418.439	4545.000
1418.579	4711.000
1418.719	4479.000
1418.859	4698.000
1419.000	4526.000
1419.140	4656.000
1419.280	4495.000
1419.420	4729.000
1419.560	4511.000
1419.700	4659.000
1419.840	4499.000
1419.980	4648.000
1420.120	4455.000
1420.260	4611.000
1420.400	4450.000
1420.540	4717.000
1420.680	4555.000
1420.820	4647.000
1420.960	4486.000
1421.100	4668.000
1421.240	4491.000
1421.380	4648.000
1421.520	4471.000
1421.660	4655.000
1421.800	4453.000
1421.940	4649.000
1422.080	4498.000
1422.220	4690.000
1422.360	4478.000
1422.499	4609.000
1422.639	4454.000
1422.779	4682.000
1422.919	4527.000
1423.059	4645.000
1423.198	4495.000
1423.338	4641.000
1423.478	4407.000
1423.618	4639.000
1423.757	4531.000
1423.897	4722.000
1424.037	4511.000
1424.176	4651.000
1424.316	4546.000
1424.456	4614.000
1424.595	4437.000
1424.735	4665.000
1424.875	4513.000
1425.014	4637.000
1425.154	4471.000
1425.293	4648.000
1425.433	4448.000
1425.573	4699.000
1425.712	4496.000
1425.852	4678.000
1425.991	4434.000
1426.131	4682.000
1426.270	4462.000
1426.410	4689.000
1426.549	4450.000
1426.689	4703.000
1426.828	4460.000
1426.967	4649.000
1427.107	4531.000
1427.246	4633.000
1427.386	4478.000
1427.525	4711.000
1427.664	4507.000
1427.804	4623.000
1427.943	4504.000
1428.082	4646.000
1428.222	4493.000
1428.361	4714.000
1428.500	4491.000
1428.640	4612.000
1428.779	4506.000
1428.918	4701.000
1429.057	4531.000
1429.196	4640.000
1429.336	4529.000
1429.475	4650.000
1429.614	4552.000
1429.753	4727.000
1429.892	4492.000
1430.032	4659.000
1430.171	4566.000
1430.310	4676.000
1430.449	4495.000
1430.588	4774.000
1430.727	4562.000
1430.866	4715.000
1431.005	4589.000
1431.144	4718.000
1431.283	4537.000
1431.422	4666.000
1431.561	4494.000
1431.700	4734.000
1431.839	4552.000
1431.978	4653.000
1432.117	4569.000
1432.256	4740.000
1432.395	4526.000
1432.534	4647.000
1432.673	4496.000
1432.812	4755.000
1432.951	4516.000
1433.089	4695.000
1433.228	4563.000
1433.367	4766.000
1433.506	4746.000
1433.645	4716.000
1433.783	4548.000
1433.922	4716.000
1434.061	4509.000
1434.200	4750.000
1434.339	4508.000
1434.477	4754.000
1434.616	4512.000
1434.755	4641.000
1434.893	4603.000
1435.032	4719.000
1435.171	4492.000
1435.309	4687.000
1435.448	4539.000
1435.587	4731.000
1435.725	4540.000
1435.864	4681.000
1436.002	4528.000
1436.141	4638.000
1436.280	4508.000
1436.418	4698.000
1436.557	4556.000
1436.695	4661.000
1436.834	4606.000
1436.972	4664.000
1437.111	4506.000
1437.249	4755.000
1437.388	4516.000
1437.526	4653.000
1437.664	4533.000
1437.803	4641.000
1437.941	4537.000
1438.080	4646.000
1438.218	4533.000
1438.356	4600.000
1438.495	4520.000
1438.633	4613.000
1438.771	4542.000
1438.910	4668.000
1439.048	4531.000
1439.186	4692.000
1439.325	4537.000
1439.463	4752.000
1439.601	4540.000
1439.739	4653.000
1439.878	4551.000
1440.016	4673.000
1440.154	4540.000
1440.292	4683.000
1440.430	4558.000
1440.569	4659.000
1440.707	4537.000
1440.845	4699.000
1440.983	4593.000
1441.121	4711.000
1441.259	4527.000
1441.397	4659.000
1441.535	4525.000
1441.673	4664.000
1441.811	4520.000
1441.949	4726.000
1442.087	4551.000
1442.225	4722.000
1442.363	4502.000
1442.501	4658.000
1442.639	4533.000
1442.777	4665.000
1442.915	4465.000
1443.053	4714.000
1443.191	4534.000
1443.329	4743.000
1443.467	4589.000
1443.605	4749.000
1443.743	4522.000
1443.881	4731.000
1444.018	4545.000
1444.156	4695.000
1444.294	4536.000
1444.432	4776.000
1444.570	4511.000
1444.707	4729.000
1444.845	4580.000
1444.983	4771.000
1445.121	4526.000
1445.258	4719.000
1445.396	4547.000
1445.534	4763.000
1445.671	4573.000
1445.809	4748.000
1445.947	4631.000
1446.084	4790.000
1446.222	4615.000
1446.360	4697.000
1446.497	4582.000
1446.635	4805.000
1446.772	4582.000
1446.910	4780.000
1447.048	4566.000
1447.185	4792.000
1447.323	4580.000
1447.460	4793.000
1447.598	4558.000
1447.735	4830.000
1447.873	4667.000
1448.010	4764.000
1448.147	4553.000
1448.285	4736.000
1448.422	4590.000
1448.560	4732.000
1448.697	4598.000
1448.835	4778.000
1448.972	4633.000
1449.109	4766.000
1449.247	4625.000
1449.384	4781.000
1449.521	4636.000
1449.659	4758.000
1449.796	4599.000
1449.933	4822.000
1450.070	4595.000
1450.208	4748.000
1450.345	4588.000
1450.482	4767.000
1450.619	4522.000
1450.757	4816.000
1450.894	4644.000
1451.031	4716.000
1451.168	4628.000
1451.305	4863.000
1451.442	4606.000
1451.580	4800.000
1451.717	4644.000
1451.854	4754.000
1451.991	4585.000
1452.128	4724.000
1452.265	4605.000
1452.402	4753.000
1452.539	4612.000
1452.676	4771.000
1452.813	4634.000
1452.950	4758.000
1453.087	4594.000
1453.224	4841.000
1453.361	4699.000
1453.498	4787.000
1453.635	4682.000
1453.772	4785.000
1453.909	4639.000
1454.046	4786.000
1454.183	4196.000
1454.319	4749.000
1454.456	4620.000
1454.593	4727.000
1454.730	4516.000
1454.867	4780.000
1455.004	4584.000
1455.140	4775.000
1455.277	4662.000
1455.414	4779.000
1455.551	4667.000
1455.687	4748.000
1455.824	4607.000
1455.961	4819.000
1456.098	4657.000
1456.234	4791.000
1456.371	4551.000
1456.508	4838.000
1456.644	4573.000
1456.781	4746.000
1456.917	4608.000
1457.054	4707.000
1457.191	4625.000
1457.327	4814.000
1457.464	4577.000
1457.600	4795.000
1457.737	4558.000
1457.873	4857.000
1458.010	4634.000
1458.146	4734.000
1458.283	4660.000
1458.419	4723.000
1458.556	4587.000
1458.692	4686.000
1458.829	4522.000
1458.965	4688.000
1459.102	4556.000
1459.238	4806.000
1459.374	4586.000
1459.511	4789.000
1459.647	4546.000
1459.784	4692.000
1459.920	4550.000
1460.056	4709.000
1460.193	4491.000
1460.329	4748.000
1460.465	4503.000
1460.601	4720.000
1460.738	4531.000
1460.874	4714.000
1461.010	4613.000
1461.146	4725.000
1461.283	4531.000
1461.419	4807.000
1461.555	4502.000
1461.691	4718.000
1461.827	4607.000
1461.963	4796.000
1462.100	4567.000
1462.236	4818.000
1462.372	5915.000
1462.508	4798.000
1462.644	4639.000
1462.780	4766.000
1462.916	4621.000
1463.052	4743.000
1463.188	4530.000
1463.324	4736.000
1463.460	4676.000
1463.596	4818.000
1463.732	4665.000
1463.868	4752.000
1464.004	4603.000
1464.140	4773.000
1464.276	4670.000
1464.412	4874.000
1464.548	4644.000
1464.684	4794.000
1464.820	4599.000
1464.955	4830.000
1465.091	4677.000
1465.227	4824.000
1465.363	4670.000
1465.499	4826.000
1465.635	4671.000
1465.770	4799.000
1465.906	4619.000
1466.042	4768.000
1466.178	4617.000
1466.313	4894.000
1466.449	4672.000
1466.585	4807.000
1466.720	4599.000
1466.856	4883.000
1466.992	4665.000
1467.127	4879.000
1467.263	4644.000
1467.399	4828.000
1467.534	4572.000
1467.670	4836.000
1467.806	4591.000
1467.941	4849.000
1468.077	4625.000
1468.212	4861.000
1468.348	4652.000
1468.483	4805.000
1468.619	4649.000
1468.754	4891.000
1468.890	4599.000
1469.025	4851.000
1469.161	4706.000
1469.296	4788.000
1469.432	4622.000
1469.567	4865.000
1469.702	4658.000
1469.838	4838.000
1469.973	4678.000
1470.109	4823.000
1470.244	4691.000
1470.379	4802.000
1470.515	4711.000
1470.650	4834.000
1470.785	4709.000
1470.921	4927.000
1471.056	4669.000
1471.191	4875.000
1471.326	4626.000
1471.462	4823.000
1471.597	4765.000
1471.732	4916.000
1471.867	4704.000
1472.003	4889.000
1472.138	4746.000
1472.273	4924.000
1472.408	4748.000
1472.543	4969.000
1472.678	4751.000
1472.813	4957.000
1472.948	4751.000
1473.084	4895.000
1473.219	4735.000
1473.354	4923.000
1473.489	4754.000
1473.624	4833.000
1473.759	4798.000
1473.894	4986.000
1474.029	4843.000
1474.164	4917.000
1474.299	4736.000
1474.434	4846.000
1474.569	4845.000
1474.704	4970.000
