1129.938	9354.000
1130.084	8814.000
1130.229	9364.000
1130.375	8931.000
1130.521	9382.000
1130.667	8963.000
1130.813	9356.000
1130.958	8914.000
1131.104	9343.000
1131.250	8878.000
1131.396	9285.000
1131.542	8977.000
1131.687	9336.000
1131.833	8819.000
1131.979	9321.000
1132.124	8968.000
1132.270	9171.000
1132.416	8780.000
1132.561	9061.000
1132.707	8783.000
1132.853	9115.000
1132.998	8791.000
1133.144	9429.000
1133.290	8991.000
1133.435	9484.000
1133.581	9029.000
1133.727	9406.000
1133.872	8874.000
1134.018	9347.000
1134.163	8955.000
1134.309	9450.000
1134.455	9124.000
1134.600	9548.000
1134.746	9112.000
1134.891	9470.000
1135.037	9095.000
1135.182	9581.000
1135.328	9101.000
1135.473	9521.000
1135.619	9162.000
1135.764	9527.000
1135.910	9166.000
1136.055	9499.000
1136.201	9174.000
1136.346	9408.000
1136.492	9104.000
1136.637	9505.000
1136.783	9067.000
1136.928	9547.000
1137.074	9193.000
1137.219	9532.000
1137.364	9174.000
1137.510	9579.000
1137.655	9200.000
1137.801	9501.000
1137.946	9177.000
1138.091	9470.000
1138.237	9175.000
1138.382	9510.000
1138.527	9169.000
1138.673	9564.000
1138.818	9114.000
1138.963	9432.000
1139.109	9062.000
1139.254	9452.000
1139.399	9177.000
1139.544	9534.000
1139.690	9126.000
1139.835	9554.000
1139.980	9164.000
1140.125	9547.000
1140.271	9164.000
1140.416	9571.000
1140.561	9222.000
1140.706	9495.000
1140.851	9222.000
1140.997	9538.000
1141.142	9200.000
1141.287	9559.000
1141.432	9313.000
1141.577	9527.000
1141.723	9231.000
1141.868	9542.000
1142.013	9190.000
1142.158	9438.000
1142.303	9114.000
1142.448	9368.000
1142.593	9097.000
1142.738	9447.000
1142.883	9120.000
1143.028	9446.000
1143.174	9225.000
1143.319	9531.000
1143.464	9182.000
1143.609	9465.000
1143.754	9163.000
1143.899	9459.000
1144.044	9195.000
1144.189	9523.000
1144.334	9256.000
1144.479	9489.000
1144.624	9118.000
1144.769	9355.000
1144.914	9098.000
1145.059	9391.000
1145.204	9201.000
1145.348	9408.000
1145.493	9168.000
1145.638	9397.000
1145.783	9143.000
1145.928	9422.000
1146.073	9209.000
1146.218	9326.000
1146.363	9260.000
1146.508	9481.000
1146.653	9199.000
1146.797	9507.000
1146.942	9244.000
1147.087	9423.000
1147.232	9198.000
1147.377	9396.000
1147.522	9182.000
1147.666	9403.000
1147.811	9255.000
1147.956	9287.000
1148.101	9132.000
1148.245	9245.000
1148.390	9039.000
1148.535	9429.000
1148.680	9190.000
1148.824	9349.000
1148.969	9154.000
1149.114	9361.000
1149.259	9121.000
1149.403	9310.000
1149.548	9131.000
1149.693	9363.000
1149.837	9176.000
1149.982	9258.000
1150.127	9146.000
1150.271	9310.000
1150.416	9088.000
1150.561	9234.000
1150.705	8989.000
1150.850	9180.000
1150.994	9006.000
1151.139	9180.000
1151.284	8982.000
1151.428	9196.000
1151.573	9099.000
1151.717	9232.000
1151.862	9048.000
1152.006	9163.000
1152.151	9019.000
1152.295	9122.000
1152.440	9011.000
1152.584	9156.000
1152.729	8996.000
1152.873	9133.000
1153.018	8971.000
1153.162	9153.000
1153.307	8952.000
1153.451	9103.000
1153.596	8983.000
1153.740	8986.000
1153.885	8947.000
1154.029	9051.000
1154.174	8899.000
1154.318	8989.000
1154.462	8876.000
1154.607	8907.000
1154.751	8874.000
1154.896	8969.000
1155.040	8812.000
1155.184	8976.000
1155.329	8840.000
1155.473	8868.000
1155.617	8838.000
1155.762	8787.000
1155.906	8710.000
1156.050	8838.000
1156.194	8792.000
1156.339	8833.000
1156.483	8749.000
1156.627	8692.000
1156.772	8630.000
1156.916	8763.000
1157.060	8684.000
1157.204	8788.000
1157.349	8698.000
1157.493	8664.000
1157.637	8606.000
1157.781	8599.000
1157.925	8624.000
1158.070	8649.000
1158.214	8629.000
1158.358	8569.000
1158.502	8528.000
1158.646	8500.000
1158.790	8579.000
1158.935	8653.000
1159.079	8443.000
1159.223	8556.000
1159.367	8427.000
1159.511	8468.000
1159.655	8467.000
1159.799	8460.000
1159.943	8467.000
1160.087	8397.000
1160.231	8425.000
1160.375	8378.000
1160.519	8383.000
1160.664	8316.000
1160.808	8381.000
1160.952	8329.000
1161.096	8313.000
1161.240	8250.000
1161.384	8266.000
1161.528	8202.000
1161.672	8227.000
1161.815	8233.000
1161.959	8226.000
1162.103	8181.000
1162.247	8204.000
1162.391	8027.000
1162.535	8152.000
1162.679	8061.000
1162.823	8115.000
1162.967	8049.000
1163.111	8147.000
1163.255	8057.000
1163.399	8028.000
1163.542	7955.000
1163.686	8006.000
1163.830	7956.000
1163.974	7936.000
1164.118	7897.000
1164.262	7984.000
1164.405	7789.000
1164.549	7856.000
1164.693	7822.000
1164.837	7870.000
1164.981	7803.000
1165.124	7805.000
1165.268	7713.000
1165.412	7796.000
1165.556	7707.000
1165.699	7757.000
1165.843	7705.000
1165.987	7766.000
1166.131	7681.000
1166.274	7641.000
1166.418	7558.000
1166.562	7623.000
1166.705	7531.000
1166.849	7623.000
1166.993	7613.000
1167.136	7584.000
1167.280	7442.000
1167.424	7551.000
1167.567	7518.000
1167.711	7454.000
1167.854	7359.000
1167.998	7470.000
1168.142	7342.000
1168.285	7373.000
1168.429	7260.000
1168.572	7371.000
1168.716	7213.000
1168.859	7257.000
1169.003	7181.000
1169.147	7281.000
1169.290	7159.000
1169.434	7201.000
1169.577	7093.000
1169.721	7155.000
1169.864	7045.000
1170.008	7190.000
1170.151	7018.000
1170.294	7019.000
1170.438	6961.000
1170.581	7043.000
1170.725	6829.000
1170.868	6981.000
1171.012	6905.000
1171.155	6938.000
1171.298	6777.000
1171.442	6846.000
1171.585	6743.000
1171.729	6807.000
1171.872	6688.000
1172.015	6778.000
1172.159	6675.000
1172.302	6718.000
1172.445	6613.000
1172.589	6680.000
1172.732	6389.000
1172.875	6689.000
1173.019	6454.000
1173.162	6555.000
1173.305	6403.000
1173.449	6559.000
1173.592	6361.000
1173.735	6478.000
1173.878	6394.000
1174.022	6326.000
1174.165	6186.000
1174.308	6395.000
1174.451	6184.000
1174.594	6308.000
1174.738	6098.000
1174.881	6345.000
1175.024	6178.000
1175.167	6228.000
1175.310	6053.000
1175.454	6185.000
1175.597	6022.000
1175.740	6128.000
1175.883	5899.000
1176.026	6117.000
1176.169	5911.000
1176.312	5944.000
1176.455	5876.000
1176.598	5982.000
1176.742	5824.000
1176.885	6041.000
1177.028	5705.000
1177.171	5762.000
1177.314	5710.000
1177.457	5878.000
1177.600	5705.000
1177.743	5759.000
1177.886	5557.000
1178.029	5763.000
1178.172	5579.000
1178.315	5716.000
1178.458	5493.000
1178.601	5685.000
1178.744	5501.000
1178.887	5627.000
1179.030	5484.000
1179.173	5610.000
1179.316	5401.000
1179.458	5602.000
1179.601	5320.000
1179.744	5480.000
1179.887	5376.000
1180.030	5460.000
1180.173	5184.000
1180.316	5465.000
1180.459	5144.000
1180.602	5346.000
1180.744	5175.000
1180.887	5369.000
1181.030	5158.000
1181.173	5306.000
1181.316	5123.000
1181.458	5214.000
1181.601	5053.000
1181.744	5264.000
1181.887	5125.000
1182.030	5163.000
1182.172	5020.000
1182.315	5138.000
1182.458	5024.000
1182.601	5157.000
1182.743	4918.000
1182.886	5064.000
1183.029	4956.000
1183.171	5072.000
1183.314	4904.000
1183.457	5072.000
1183.599	4786.000
1183.742	5056.000
1183.885	4804.000
1184.027	5024.000
1184.170	4812.000
1184.313	5018.000
1184.455	4783.000
1184.598	5021.000
1184.741	4693.000
1184.883	5019.000
1185.026	4752.000
1185.168	4895.000
1185.311	4727.000
1185.453	4893.000
1185.596	4720.000
1185.739	4829.000
1185.881	4670.000
1186.024	4890.000
1186.166	4631.000
1186.309	4821.000
1186.451	4651.000
1186.594	4818.000
1186.736	4685.000
1186.879	4844.000
1187.021	4659.000
1187.164	4760.000
1187.306	4527.000
1187.448	4814.000
1187.591	4451.000
1187.733	4753.000
1187.876	4584.000
1188.018	4708.000
1188.160	4608.000
1188.303	4633.000
1188.445	4436.000
1188.588	4634.000
1188.730	4524.000
1188.872	4739.000
1189.015	4460.000
1189.157	4647.000
1189.299	4400.000
1189.442	4659.000
1189.584	4468.000
1189.726	4588.000
1189.869	4341.000
1190.011	4641.000
1190.153	4447.000
1190.295	4579.000
1190.438	4380.000
1190.580	4584.000
1190.722	4347.000
1190.864	4582.000
1191.007	4405.000
1191.149	4481.000
1191.291	4244.000
1191.433	4523.000
1191.576	4332.000
1191.718	4591.000
1191.860	4271.000
1192.002	4556.000
1192.144	4316.000
1192.286	4487.000
1192.429	4319.000
1192.571	4516.000
1192.713	4287.000
1192.855	4481.000
1192.997	4302.000
1193.139	4466.000
1193.281	4297.000
1193.423	4512.000
1193.565	4297.000
1193.707	4504.000
1193.850	4218.000
1193.992	4399.000
1194.134	4190.000
1194.276	4457.000
1194.418	4192.000
1194.560	4395.000
1194.702	4203.000
1194.844	4349.000
1194.986	4195.000
1195.128	4334.000
1195.270	4213.000
1195.412	4376.000
1195.554	4177.000
1195.696	4379.000
1195.837	4199.000
1195.979	4351.000
1196.121	4143.000
1196.263	4410.000
1196.405	4190.000
1196.547	4340.000
1196.689	4130.000
1196.831	4408.000
1196.973	4111.000
1197.115	4300.000
1197.256	4115.000
1197.398	4304.000
1197.540	4147.000
1197.682	4327.000
1197.824	4082.000
1197.966	4298.000
1198.107	4067.000
1198.249	4250.000
1198.391	4160.000
1198.533	4253.000
1198.675	4059.000
1198.816	4272.000
1198.958	4034.000
1199.100	4310.000
1199.242	4132.000
1199.383	4249.000
1199.525	4063.000
1199.667	4193.000
1199.808	4094.000
1199.950	4270.000
1200.092	4092.000
1200.233	4261.000
1200.375	4025.000
1200.517	4231.000
1200.658	4053.000
1200.800	4246.000
1200.942	4033.000
1201.083	4286.000
1201.225	4055.000
1201.367	4277.000
1201.508	4039.000
1201.650	4113.000
1201.791	3951.000
1201.933	4243.000
1202.074	3924.000
1202.216	4173.000
1202.358	3991.000
1202.499	4198.000
1202.641	3988.000
1202.782	4178.000
1202.924	3983.000
1203.065	4223.000
1203.207	3843.000
1203.348	4197.000
1203.490	3977.000
1203.631	4152.000
1203.773	3993.000
1203.914	4174.000
1204.056	3990.000
1204.197	4127.000
1204.338	3928.000
1204.480	4108.000
1204.621	3954.000
1204.763	4141.000
1204.904	3876.000
1205.045	4136.000
1205.187	4037.000
1205.328	4133.000
1205.470	3956.000
1205.611	4170.000
1205.752	3903.000
1205.894	4107.000
1206.035	3884.000
1206.176	4141.000
1206.318	3852.000
1206.459	4205.000
1206.600	3915.000
1206.741	4161.000
1206.883	3907.000
1207.024	4132.000
1207.165	3919.000
1207.306	4125.000
1207.448	3838.000
1207.589	4073.000
1207.730	3847.000
1207.871	4107.000
1208.013	3919.000
1208.154	4077.000
1208.295	3804.000
1208.436	4069.000
1208.577	3880.000
1208.719	4035.000
1208.860	3860.000
1209.001	4049.000
1209.142	3807.000
1209.283	4037.000
1209.424	3793.000
1209.565	4057.000
1209.706	3824.000
1209.848	4155.000
1209.989	3830.000
1210.130	4027.000
1210.271	3779.000
1210.412	3983.000
1210.553	3861.000
1210.694	4114.000
1210.835	3813.000
1210.976	4048.000
1211.117	3712.000
1211.258	4022.000
1211.399	3835.000
1211.540	4051.000
1211.681	3791.000
1211.822	3983.000
1211.963	3898.000
1212.104	3979.000
1212.245	3807.000
1212.386	4030.000
1212.527	3753.000
1212.668	3999.000
1212.809	3752.000
1212.950	4068.000
1213.090	3811.000
1213.231	3907.000
1213.372	3747.000
1213.513	3978.000
1213.654	3786.000
1213.795	3894.000
1213.936	3658.000
1214.077	3953.000
1214.217	3791.000
1214.358	3984.000
1214.499	3788.000
1214.640	4020.000
1214.781	3752.000
1214.921	3936.000
1215.062	3734.000
1215.203	3920.000
1215.344	3665.000
1215.485	3908.000
1215.625	3779.000
1215.766	3976.000
1215.907	3714.000
1216.047	3966.000
1216.188	3726.000
1216.329	3948.000
1216.470	3653.000
1216.610	3917.000
1216.751	3687.000
1216.892	3856.000
1217.032	3647.000
1217.173	3871.000
1217.314	3773.000
1217.454	3881.000
1217.595	3702.000
1217.735	3884.000
1217.876	3720.000
1218.017	3898.000
1218.157	3681.000
1218.298	3933.000
1218.438	3674.000
1218.579	3853.000
1218.720	3668.000
1218.860	3882.000
1219.001	3672.000
1219.141	3842.000
1219.282	3646.000
1219.422	3846.000
1219.563	3629.000
1219.703	3780.000
1219.844	3607.000
1219.984	3889.000
1220.125	3697.000
1220.265	3815.000
1220.406	3613.000
1220.546	3855.000
1220.687	3646.000
1220.827	3786.000
1220.967	3622.000
1221.108	3820.000
1221.248	3576.000
1221.389	3803.000
1221.529	3641.000
1221.669	3826.000
1221.810	3595.000
1221.950	3783.000
1222.091	3567.000
1222.231	3816.000
1222.371	3591.000
1222.512	3803.000
1222.652	3647.000
1222.792	3806.000
1222.933	3536.000
1223.073	3769.000
1223.213	3665.000
1223.353	3865.000
1223.494	3595.000
1223.634	3795.000
1223.774	3622.000
1223.914	3754.000
1224.055	3541.000
1224.195	3794.000
1224.335	3592.000
1224.475	3765.000
1224.616	3564.000
1224.756	3793.000
1224.896	3505.000
1225.036	3807.000
1225.176	3581.000
1225.316	3822.000
1225.457	3506.000
1225.597	3803.000
1225.737	3536.000
1225.877	3789.000
1226.017	3547.000
1226.157	3807.000
1226.297	3541.000
1226.437	3725.000
1226.578	3539.000
1226.718	3744.000
1226.858	3525.000
1226.998	3816.000
1227.138	3545.000
1227.278	3705.000
1227.418	3569.000
1227.558	3706.000
1227.698	3579.000
1227.838	3811.000
1227.978	3585.000
1228.118	3695.000
1228.258	3525.000
1228.398	3720.000
1228.538	3580.000
1228.678	3691.000
1228.818	3574.000
1228.958	3723.000
1229.098	3562.000
1229.238	3770.000
1229.377	3523.000
1229.517	3685.000
1229.657	3599.000
1229.797	3719.000
1229.937	3518.000
1230.077	3791.000
1230.217	3559.000
1230.357	3740.000
1230.496	3577.000
1230.636	3766.000
1230.776	3530.000
1230.916	3711.000
1231.056	3506.000
1231.196	3760.000
1231.335	3520.000
1231.475	3681.000
1231.615	3571.000
1231.755	3729.000
1231.894	3522.000
1232.034	3657.000
1232.174	3454.000
1232.314	3749.000
1232.453	3515.000
1232.593	3699.000
1232.733	3534.000
1232.873	3744.000
1233.012	3687.000
1233.152	3739.000
1233.292	3506.000
1233.431	3687.000
1233.571	3447.000
1233.711	3739.000
1233.850	3459.000
1233.990	3724.000
1234.129	3455.000
1234.269	3609.000
1234.409	3528.000
1234.548	3664.000
1234.688	3473.000
1234.828	3643.000
1234.967	3475.000
1235.107	3708.000
1235.246	3472.000
1235.386	3622.000
1235.525	3434.000
1235.665	3617.000
1235.804	3447.000
1235.944	3690.000
1236.083	3451.000
1236.223	3608.000
1236.362	3505.000
1236.502	3653.000
1236.641	3438.000
1236.781	3735.000
1236.920	3448.000
1237.060	3625.000
1237.199	3422.000
1237.339	3594.000
1237.478	3460.000
1237.617	3606.000
1237.757	3445.000
1237.896	3538.000
1238.036	3427.000
1238.175	3559.000
1238.314	3454.000
1238.454	3635.000
1238.593	3441.000
1238.732	3639.000
1238.872	3420.000
1239.011	3672.000
1239.150	3406.000
1239.290	3562.000
1239.429	3434.000
1239.568	3582.000
1239.708	3435.000
1239.847	3588.000
1239.986	3409.000
1240.125	3555.000
1240.265	3432.000
1240.404	3594.000
1240.543	3478.000
1240.682	3569.000
1240.822	3401.000
1240.961	3527.000
1241.100	3378.000
1241.239	3539.000
1241.378	3396.000
1241.518	3629.000
1241.657	3393.000
1241.796	3588.000
1241.935	3371.000
1242.074	3557.000
1242.213	3380.000
1242.352	3523.000
1242.492	3324.000
1242.631	3588.000
1242.770	3347.000
1242.909	3595.000
1243.048	3415.000
1243.187	3620.000
1243.326	3353.000
1243.465	3602.000
1243.604	3369.000
1243.743	3525.000
1243.882	3355.000
1244.021	3606.000
1244.160	3330.000
1244.299	3582.000
1244.438	3383.000
1244.577	3590.000
1244.716	3315.000
1244.855	3554.000
1244.994	3356.000
1245.133	3550.000
1245.272	3361.000
1245.411	3567.000
1245.550	3391.000
1245.689	3610.000
1245.828	3385.000
1245.967	3502.000
1246.106	3371.000
1246.244	3607.000
1246.383	3317.000
1246.522	3575.000
1246.661	3325.000
1246.800	3585.000
1246.939	3307.000
1247.078	3581.000
1247.216	3307.000
1247.355	3602.000
1247.494	3398.000
1247.633	3573.000
1247.772	3281.000
1247.910	3513.000
1248.049	3302.000
1248.188	3507.000
1248.327	3333.000
1248.465	3532.000
1248.604	3371.000
1248.743	3521.000
1248.882	3379.000
1249.020	3537.000
1249.159	3387.000
1249.298	3521.000
1249.436	3316.000
1249.575	3553.000
1249.714	3316.000
1249.852	3504.000
1249.991	3283.000
1250.130	3515.000
1250.268	3255.000
1250.407	3537.000
1250.546	3358.000
1250.684	3469.000
1250.823	3337.000
1250.961	3606.000
1251.100	3275.000
1251.239	3548.000
1251.377	3363.000
1251.516	3488.000
1251.654	3270.000
1251.793	3460.000
1251.931	3282.000
1252.070	3457.000
1252.208	3288.000
1252.347	3471.000
1252.485	3320.000
1252.624	3451.000
1252.762	3290.000
1252.901	3563.000
1253.039	3340.000
1253.178	3479.000
1253.316	3384.000
1253.455	3485.000
1253.593	3311.000
1253.732	3487.000
1253.870	2907.000
1254.008	3454.000
1254.147	3280.000
1254.285	3455.000
1254.424	3198.000
1254.562	3469.000
1254.700	3239.000
1254.839	3467.000
1254.977	3311.000
1255.115	3478.000
1255.254	3293.000
1255.392	3428.000
1255.530	3244.000
1255.669	3496.000
1255.807	3308.000
1255.945	3461.000
1256.084	3186.000
1256.222	3495.000
1256.360	3214.000
1256.498	3414.000
1256.637	3230.000
1256.775	3390.000
1256.913	3224.000
1257.051	3461.000
1257.189	3216.000
1257.328	3477.000
1257.466	3157.000
1257.604	3531.000
1257.742	3244.000
1257.880	3400.000
1258.019	3302.000
1258.157	3367.000
1258.295	3225.000
1258.433	3361.000
1258.571	3163.000
1258.709	3349.000
1258.847	3184.000
1258.986	3473.000
1259.124	3193.000
1259.262	3439.000
1259.400	3192.000
1259.538	3361.000
1259.676	3161.000
1259.814	3351.000
1259.952	3104.000
1260.090	3374.000
1260.228	3101.000
1260.366	3345.000
1260.504	3140.000
1260.642	3374.000
1260.780	3233.000
1260.918	3364.000
1261.056	3150.000
1261.194	3445.000
1261.332	3092.000
1261.470	3375.000
1261.608	3193.000
1261.746	3414.000
1261.884	3158.000
1262.022	3464.000
1262.160	4783.000
1262.297	3410.000
1262.435	3195.000
1262.573	3352.000
1262.711	3199.000
1262.849	3368.000
1262.987	3122.000
1263.125	3300.000
1263.262	3283.000
1263.400	3432.000
1263.538	3231.000
1263.676	3354.000
1263.814	3159.000
1263.952	3371.000
1264.089	3220.000
1264.227	3452.000
1264.365	3196.000
1264.503	3370.000
1264.640	3155.000
1264.778	3385.000
1264.916	3223.000
1265.054	3406.000
1265.191	3202.000
1265.329	3409.000
1265.467	3223.000
1265.604	3376.000
1265.742	3156.000
1265.880	3344.000
1266.017	3145.000
1266.155	3456.000
1266.293	3168.000
1266.430	3384.000
1266.568	3159.000
1266.706	3451.000
1266.843	3193.000
1266.981	3434.000
1267.119	3169.000
1267.256	3405.000
1267.394	3090.000
1267.531	3400.000
1267.669	3125.000
1267.806	3403.000
1267.944	3126.000
1268.081	3436.000
1268.219	3195.000
1268.357	3376.000
1268.494	3167.000
1268.632	3442.000
1268.769	3118.000
1268.907	3386.000
1269.044	3217.000
1269.182	3349.000
1269.319	3150.000
1269.456	3398.000
1269.594	3133.000
1269.731	3361.000
1269.869	3188.000
1270.006	3334.000
1270.144	3201.000
1270.281	3337.000
1270.418	3198.000
1270.556	3347.000
1270.693	3198.000
1270.831	3471.000
1270.968	3110.000
1271.105	3373.000
1271.243	3121.000
1271.380	3330.000
1271.517	3224.000
1271.655	3413.000
1271.792	3157.000
1271.929	3366.000
1272.066	3211.000
1272.204	3409.000
1272.341	3196.000
1272.478	3452.000
1272.616	3204.000
1272.753	3432.000
1272.890	3182.000
1273.027	3362.000
1273.165	3180.000
1273.302	3396.000
1273.439	3188.000
1273.576	3274.000
1273.713	3215.000
1273.851	3413.000
1273.988	3239.000
1274.125	3341.000
1274.262	3165.000
1274.399	3284.000
1274.536	3234.000
1274.673	3415.000
