1229.956	3675.000
1230.103	3760.000
1230.250	3627.000
1230.397	3833.000
1230.544	3604.000
1230.691	3827.000
1230.838	3631.000
1230.985	3837.000
1231.132	3616.000
1231.278	3795.000
1231.425	3567.000
1231.572	3893.000
1231.719	3620.000
1231.866	3769.000
1232.013	3575.000
1232.159	3862.000
1232.306	3558.000
1232.453	3838.000
1232.600	3553.000
1232.746	3844.000
1232.893	3543.000
1233.040	3737.000
1233.186	3701.000
1233.333	3808.000
1233.480	3632.000
1233.627	3766.000
1233.773	3616.000
1233.920	3757.000
1234.066	3596.000
1234.213	3757.000
1234.360	3608.000
1234.506	3832.000
1234.653	3636.000
1234.800	3762.000
1234.946	3566.000
1235.093	3771.000
1235.239	3648.000
1235.386	3751.000
1235.532	3648.000
1235.679	3822.000
1235.825	3579.000
1235.972	3801.000
1236.118	3563.000
1236.265	3850.000
1236.411	3531.000
1236.558	3780.000
1236.704	3612.000
1236.851	3731.000
1236.997	3608.000
1237.143	3798.000
1237.290	3557.000
1237.436	3728.000
1237.583	3604.000
1237.729	3796.000
1237.875	3550.000
1238.022	3783.000
1238.168	3533.000
1238.314	3762.000
1238.461	3532.000
1238.607	3699.000
1238.753	3594.000
1238.900	3717.000
1239.046	3523.000
1239.192	3662.000
1239.338	3483.000
1239.485	3766.000
1239.631	3548.000
1239.777	3674.000
1239.923	3511.000
1240.070	3726.000
1240.216	3533.000
1240.362	3703.000
1240.508	3519.000
1240.654	3709.000
1240.800	3435.000
1240.947	3706.000
1241.093	3504.000
1241.239	3651.000
1241.385	3523.000
1241.531	3769.000
1241.677	3487.000
1241.823	3669.000
1241.969	3517.000
1242.115	3695.000
1242.261	3466.000
1242.407	3639.000
1242.553	3445.000
1242.699	3642.000
1242.845	3497.000
1242.991	3640.000
1243.137	3473.000
1243.283	3688.000
1243.429	3493.000
1243.575	3638.000
1243.721	3500.000
1243.867	3651.000
1244.013	3431.000
1244.159	3663.000
1244.305	3456.000
1244.451	3674.000
1244.596	3436.000
1244.742	3563.000
1244.888	3416.000
1245.034	3551.000
1245.180	3426.000
1245.326	3649.000
1245.471	3412.000
1245.617	3619.000
1245.763	3416.000
1245.909	3584.000
1246.055	3426.000
1246.200	3616.000
1246.346	3299.000
1246.492	3616.000
1246.638	3394.000
1246.783	3573.000
1246.929	3421.000
1247.075	3614.000
1247.220	3463.000
1247.366	3581.000
1247.512	3412.000
1247.657	3580.000
1247.803	3415.000
1247.949	3667.000
1248.094	3365.000
1248.240	3598.000
1248.385	3336.000
1248.531	3522.000
1248.676	3483.000
1248.822	3606.000
1248.968	3400.000
1249.113	3579.000
1249.259	3383.000
1249.404	3537.000
1249.550	3343.000
1249.695	3580.000
1249.841	3422.000
1249.986	3591.000
1250.132	3346.000
1250.277	3577.000
1250.422	3404.000
1250.568	3608.000
1250.713	3365.000
1250.859	3508.000
1251.004	3373.000
1251.150	3609.000
1251.295	3443.000
1251.440	3533.000
1251.586	3383.000
1251.731	3597.000
1251.876	3357.000
1252.022	3548.000
1252.167	3341.000
1252.312	3525.000
1252.458	3350.000
1252.603	3590.000
1252.748	3377.000
1252.893	3583.000
1253.039	3381.000
1253.184	3555.000
1253.329	3382.000
1253.474	3488.000
1253.619	3350.000
1253.765	3559.000
1253.910	3298.000
1254.055	3525.000
1254.200	3403.000
1254.345	3520.000
1254.490	3378.000
1254.636	3591.000
1254.781	3292.000
1254.926	3556.000
1255.071	3365.000
1255.216	3476.000
1255.361	3352.000
1255.506	3564.000
1255.651	3291.000
1255.796	3536.000
1255.941	3244.000
1256.086	3456.000
1256.231	3318.000
1256.376	3556.000
1256.521	3340.000
1256.666	3569.000
1256.811	3249.000
1256.956	3438.000
1257.101	3320.000
1257.246	3478.000
1257.391	3333.000
1257.536	3565.000
1257.681	3294.000
1257.826	3485.000
1257.971	3261.000
1258.116	3533.000
1258.260	3304.000
1258.405	3563.000
1258.550	3274.000
1258.695	3462.000
1258.840	3241.000
1258.985	3552.000
1259.129	3388.000
1259.274	3451.000
1259.419	3354.000
1259.564	3477.000
1259.708	3253.000
1259.853	3478.000
1259.998	3300.000
1260.143	3549.000
1260.287	3242.000
1260.432	3505.000
1260.577	3254.000
1260.721	3475.000
1260.866	3242.000
1261.011	3544.000
1261.155	3301.000
1261.300	3479.000
1261.445	3260.000
1261.589	3467.000
1261.734	3237.000
1261.878	3459.000
1262.023	3285.000
1262.168	3497.000
1262.312	3260.000
1262.457	3504.000
1262.601	3164.000
1262.746	3486.000
1262.890	3237.000
1263.035	3486.000
1263.179	3231.000
1263.324	3528.000
1263.468	3286.000
1263.613	3460.000
1263.757	3228.000
1263.902	3506.000
1264.046	3236.000
1264.191	3443.000
1264.335	3276.000
1264.479	3480.000
1264.624	3203.000
1264.768	3428.000
1264.912	3222.000
1265.057	3457.000
1265.201	3263.000
1265.346	3475.000
1265.490	3212.000
1265.634	3513.000
1265.778	3259.000
1265.923	3482.000
1266.067	3320.000
1266.211	3531.000
1266.356	3283.000
1266.500	3410.000
1266.644	3245.000
1266.788	3460.000
1266.933	3235.000
1267.077	3486.000
1267.221	3356.000
1267.365	3506.000
1267.509	3224.000
1267.653	3512.000
1267.798	3358.000
1267.942	3446.000
1268.086	3234.000
1268.230	3489.000
1268.374	3243.000
1268.518	3474.000
1268.662	3254.000
1268.806	3524.000
1268.950	3256.000
1269.095	3435.000
1269.239	3258.000
1269.383	3460.000
1269.527	3285.000
1269.671	3460.000
1269.815	3280.000
1269.959	3490.000
1270.103	3240.000
1270.247	3544.000
1270.391	3282.000
1270.535	3445.000
1270.679	3272.000
1270.822	3496.000
1270.966	3199.000
1271.110	3462.000
1271.254	3331.000
1271.398	3482.000
1271.542	3270.000
1271.686	3418.000
1271.830	3249.000
1271.973	3442.000
1272.117	3281.000
1272.261	3436.000
1272.405	3275.000
1272.549	3460.000
1272.693	3242.000
1272.836	3465.000
1272.980	3121.000
1273.124	3481.000
1273.268	3228.000
1273.411	3432.000
1273.555	3222.000
1273.699	3495.000
1273.843	3229.000
1273.986	3420.000
1274.130	3300.000
1274.274	3336.000
1274.417	3180.000
1274.561	3466.000
1274.705	3225.000
1274.848	3412.000
1274.992	3200.000
1275.135	3521.000
1275.279	3318.000
1275.423	3464.000
1275.566	3229.000
1275.710	3440.000
1275.853	3266.000
1275.997	3463.000
1276.140	3211.000
1276.284	3478.000
1276.427	3223.000
1276.571	3369.000
1276.714	3280.000
1276.858	3414.000
1277.001	3272.000
1277.145	3527.000
1277.288	3194.000
1277.432	3301.000
1277.575	3248.000
1277.719	3456.000
1277.862	3256.000
1278.005	3385.000
1278.149	3171.000
1278.292	3454.000
1278.435	3191.000
1278.579	3414.000
1278.722	3190.000
1278.865	3464.000
1279.009	3226.000
1279.152	3447.000
1279.295	3274.000
1279.439	3435.000
1279.582	3223.000
1279.725	3499.000
1279.868	3198.000
1280.012	3397.000
1280.155	3253.000
1280.298	3434.000
1280.441	3137.000
1280.585	3439.000
1280.728	3132.000
1280.871	3383.000
1281.014	3207.000
1281.157	3462.000
1281.300	3223.000
1281.444	3397.000
1281.587	3227.000
1281.730	3327.000
1281.873	3169.000
1282.016	3401.000
1282.159	3294.000
1282.302	3352.000
1282.445	3194.000
1282.588	3390.000
1282.731	3246.000
1282.874	3426.000
1283.017	3173.000
1283.160	3377.000
1283.303	3199.000
1283.446	3394.000
1283.589	3191.000
1283.732	3396.000
1283.875	3143.000
1284.018	3424.000
1284.161	3152.000
1284.304	3441.000
1284.447	3156.000
1284.590	3446.000
1284.733	3199.000
1284.876	3481.000
1285.019	3146.000
1285.161	3503.000
1285.304	3187.000
1285.447	3410.000
1285.590	3225.000
1285.733	3407.000
1285.876	3209.000
1286.018	3358.000
1286.161	3191.000
1286.304	3430.000
1286.447	3185.000
1286.589	3409.000
1286.732	3205.000
1286.875	3401.000
1287.018	3281.000
1287.160	3460.000
1287.303	3235.000
1287.446	3428.000
1287.588	3154.000
1287.731	3449.000
1287.874	3114.000
1288.016	3435.000
1288.159	3241.000
1288.302	3393.000
1288.444	3303.000
1288.587	3326.000
1288.729	3118.000
1288.872	3364.000
1289.015	3215.000
1289.157	3479.000
1289.300	3188.000
1289.442	3382.000
1289.585	3139.000
1289.727	3429.000
1289.870	3225.000
1290.012	3365.000
1290.155	3137.000
1290.297	3456.000
1290.440	3257.000
1290.582	3372.000
1290.725	3173.000
1290.867	3417.000
1291.009	3175.000
1291.152	3441.000
1291.294	3253.000
1291.437	3355.000
1291.579	3133.000
1291.721	3405.000
1291.864	3213.000
1292.006	3495.000
1292.148	3162.000
1292.291	3449.000
1292.433	3206.000
1292.575	3409.000
1292.718	3239.000
1292.860	3408.000
1293.002	3198.000
1293.145	3420.000
1293.287	3223.000
1293.429	3411.000
1293.571	3220.000
1293.713	3444.000
1293.856	3225.000
1293.998	3449.000
1294.140	3195.000
1294.282	3341.000
1294.424	3161.000
1294.567	3451.000
1294.709	3164.000
1294.851	3380.000
1294.993	3175.000
1295.135	3361.000
1295.277	3146.000
1295.419	3369.000
1295.561	3211.000
1295.703	3383.000
1295.845	3185.000
1295.987	3414.000
1296.129	3258.000
1296.272	3394.000
1296.414	3167.000
1296.556	3456.000
1296.698	3230.000
1296.840	3400.000
1296.981	3145.000
1297.123	3437.000
1297.265	3192.000
1297.407	3348.000
1297.549	3168.000
1297.691	3409.000
1297.833	3195.000
1297.975	3415.000
1298.117	3176.000
1298.259	3397.000
1298.401	3183.000
1298.542	3347.000
1298.684	3259.000
1298.826	3368.000
1298.968	3119.000
1299.110	3394.000
1299.252	3126.000
1299.393	3421.000
1299.535	3257.000
1299.677	3326.000
1299.819	3187.000
1299.960	3328.000
1300.102	3216.000
1300.244	3414.000
1300.386	3243.000
1300.527	3419.000
1300.669	3185.000
1300.811	3415.000
1300.952	3203.000
1301.094	3380.000
1301.236	3204.000
1301.377	3442.000
1301.519	3231.000
1301.661	3452.000
1301.802	3213.000
1301.944	3305.000
1302.085	3160.000
1302.227	3432.000
1302.368	3141.000
1302.510	3384.000
1302.652	3201.000
1302.793	3384.000
1302.935	3180.000
1303.076	3376.000
1303.218	3184.000
1303.359	3440.000
1303.501	3073.000
1303.642	3443.000
1303.783	3200.000
1303.925	3379.000
1304.066	3221.000
1304.208	3392.000
1304.349	3180.000
1304.491	3350.000
1304.632	3139.000
1304.773	3355.000
1304.915	3214.000
1305.056	3360.000
1305.197	3124.000
1305.339	3366.000
1305.480	3310.000
1305.621	3399.000
1305.763	3164.000
1305.904	3400.000
1306.045	3160.000
1306.187	3360.000
1306.328	3155.000
1306.469	3395.000
1306.610	3127.000
1306.752	3494.000
1306.893	3178.000
1307.034	3454.000
1307.175	3181.000
1307.316	3398.000
1307.458	3239.000
1307.599	3419.000
1307.740	3105.000
1307.881	3361.000
1308.022	3160.000
1308.163	3418.000
1308.304	3213.000
1308.446	3378.000
1308.587	3086.000
1308.728	3393.000
1308.869	3203.000
1309.010	3344.000
1309.151	3167.000
1309.292	3365.000
1309.433	3111.000
1309.574	3391.000
1309.715	3111.000
1309.856	3429.000
1309.997	3200.000
1310.138	3449.000
1310.279	3186.000
1310.420	3368.000
1310.561	3126.000
1310.702	3338.000
1310.843	3202.000
1310.984	3474.000
1311.124	3135.000
1311.265	3371.000
1311.406	3058.000
1311.547	3374.000
1311.688	3190.000
1311.829	3389.000
1311.970	3193.000
1312.110	3333.000
1312.251	3259.000
1312.392	3323.000
1312.533	3177.000
1312.674	3402.000
1312.814	3125.000
1312.955	3393.000
1313.096	3123.000
1313.237	3432.000
1313.377	3200.000
1313.518	3279.000
1313.659	3147.000
1313.800	3378.000
1313.940	3167.000
1314.081	3302.000
1314.222	3063.000
1314.362	3350.000
1314.503	3230.000
1314.644	3387.000
1314.784	3202.000
1314.925	3421.000
1315.065	3163.000
1315.206	3390.000
1315.347	3157.000
1315.487	3349.000
1315.628	3056.000
1315.768	3325.000
1315.909	3210.000
1316.049	3388.000
1316.190	3144.000
1316.330	3399.000
1316.471	3149.000
1316.611	3381.000
1316.752	3088.000
1316.892	3349.000
1317.033	3116.000
1317.173	3298.000
1317.313	3087.000
1317.454	3318.000
1317.594	3211.000
1317.735	3315.000
1317.875	3126.000
1318.015	3362.000
1318.156	3160.000
1318.296	3352.000
1318.437	3131.000
1318.577	3360.000
1318.717	3140.000
1318.857	3317.000
1318.998	3119.000
1319.138	3364.000
1319.278	3153.000
1319.419	3307.000
1319.559	3153.000
1319.699	3314.000
1319.839	3100.000
1319.980	3260.000
1320.120	3092.000
1320.260	3374.000
1320.400	3201.000
1320.540	3299.000
1320.681	3125.000
1320.821	3323.000
1320.961	3120.000
1321.101	3309.000
1321.241	3099.000
1321.381	3316.000
1321.521	3081.000
1321.661	3284.000
1321.802	3139.000
1321.942	3339.000
1322.082	3121.000
1322.222	3285.000
1322.362	3084.000
1322.502	3349.000
1322.642	3125.000
1322.782	3304.000
1322.922	3139.000
1323.062	3309.000
1323.202	3057.000
1323.342	3294.000
1323.482	3190.000
1323.622	3376.000
1323.762	3101.000
1323.902	3287.000
1324.041	3153.000
1324.181	3277.000
1324.321	3082.000
1324.461	3328.000
1324.601	3109.000
1324.741	3303.000
1324.881	3091.000
1325.021	3298.000
1325.160	3067.000
1325.300	3349.000
1325.440	3128.000
1325.580	3392.000
1325.720	3052.000
1325.859	3343.000
1325.999	3104.000
1326.139	3349.000
1326.279	3090.000
1326.418	3367.000
1326.558	3077.000
1326.698	3308.000
1326.838	3114.000
1326.977	3274.000
1327.117	3081.000
1327.257	3362.000
1327.396	3074.000
1327.536	3289.000
1327.675	3140.000
1327.815	3287.000
1327.955	3142.000
1328.094	3365.000
1328.234	3145.000
1328.374	3273.000
1328.513	3090.000
1328.653	3334.000
1328.792	3169.000
1328.932	3288.000
1329.071	3129.000
1329.211	3291.000
1329.350	3159.000
1329.490	3388.000
1329.629	3140.000
1329.769	3291.000
1329.908	3168.000
1330.048	3338.000
1330.187	3118.000
1330.327	3382.000
1330.466	3153.000
1330.605	3348.000
1330.745	3164.000
1330.884	3371.000
1331.024	3163.000
1331.163	3338.000
1331.302	3105.000
1331.442	3373.000
1331.581	3173.000
1331.720	3293.000
1331.860	3202.000
1331.999	3353.000
1332.138	3136.000
1332.277	3278.000
1332.417	3106.000
1332.556	3392.000
1332.695	3130.000
1332.834	3302.000
1332.974	3180.000
1333.113	3392.000
1333.252	3327.000
1333.391	3343.000
1333.531	3181.000
1333.670	3326.000
1333.809	3109.000
1333.948	3377.000
1334.087	3121.000
1334.226	3367.000
1334.365	3091.000
1334.505	3263.000
1334.644	3176.000
1334.783	3324.000
1334.922	3112.000
1335.061	3293.000
1335.200	3129.000
1335.339	3403.000
1335.478	3127.000
1335.617	3291.000
1335.756	3093.000
1335.895	3270.000
1336.034	3103.000
1336.173	3340.000
1336.312	3136.000
1336.451	3299.000
1336.590	3196.000
1336.729	3304.000
1336.868	3112.000
1337.007	3406.000
1337.146	3117.000
1337.285	3327.000
1337.423	3145.000
1337.562	3254.000
1337.701	3151.000
1337.840	3298.000
1337.979	3124.000
1338.118	3233.000
1338.256	3142.000
1338.395	3231.000
1338.534	3169.000
1338.673	3293.000
1338.812	3101.000
1338.950	3337.000
1339.089	3136.000
1339.228	3353.000
1339.367	3138.000
1339.505	3303.000
1339.644	3158.000
1339.783	3309.000
1339.922	3144.000
1340.060	3291.000
1340.199	3147.000
1340.338	3268.000
1340.476	3167.000
1340.615	3337.000
1340.753	3205.000
1340.892	3309.000
1341.031	3115.000
1341.169	3252.000
1341.308	3106.000
1341.446	3293.000
1341.585	3113.000
1341.724	3355.000
1341.862	3151.000
1342.001	3318.000
1342.139	3104.000
1342.278	3291.000
1342.416	3120.000
1342.555	3269.000
1342.693	3047.000
1342.832	3336.000
1342.970	3131.000
1343.109	3352.000
1343.247	3157.000
1343.385	3373.000
1343.524	3108.000
1343.662	3343.000
1343.801	3120.000
1343.939	3317.000
1344.077	3095.000
1344.216	3343.000
1344.354	3072.000
1344.492	3385.000
1344.631	3162.000
1344.769	3378.000
1344.907	3080.000
1345.046	3328.000
1345.184	3128.000
1345.322	3336.000
1345.460	3143.000
1345.599	3348.000
1345.737	3186.000
1345.875	3360.000
1346.013	3162.000
1346.152	3317.000
1346.290	3151.000
1346.428	3358.000
1346.566	3136.000
1346.704	3365.000
1346.843	3102.000
1346.981	3364.000
1347.119	3124.000
1347.257	3367.000
1347.395	3111.000
1347.533	3380.000
1347.671	3194.000
1347.809	3372.000
1347.947	3101.000
1348.085	3333.000
1348.224	3121.000
1348.362	3311.000
1348.500	3150.000
1348.638	3346.000
1348.776	3196.000
1348.914	3352.000
1349.052	3159.000
1349.190	3352.000
1349.328	3187.000
1349.466	3328.000
1349.603	3146.000
1349.741	3383.000
1349.879	3153.000
1350.017	3328.000
1350.155	3122.000
1350.293	3327.000
1350.431	3105.000
1350.569	3371.000
1350.707	3175.000
1350.844	3314.000
1350.982	3191.000
1351.120	3426.000
1351.258	3128.000
1351.396	3366.000
1351.534	3199.000
1351.671	3335.000
1351.809	3116.000
1351.947	3290.000
1352.085	3114.000
1352.222	3263.000
1352.360	3159.000
1352.498	3372.000
1352.636	3157.000
1352.773	3325.000
1352.911	3146.000
1353.049	3395.000
1353.186	3188.000
1353.324	3342.000
1353.462	3229.000
1353.599	3367.000
1353.737	3160.000
1353.874	3361.000
1354.012	2766.000
1354.150	3325.000
1354.287	3147.000
1354.425	3275.000
1354.562	3070.000
1354.700	3343.000
1354.837	3111.000
1354.975	3347.000
1355.112	3204.000
1355.250	3317.000
1355.387	3168.000
1355.525	3310.000
1355.662	3131.000
1355.800	3358.000
1355.937	3186.000
1356.075	3353.000
1356.212	3065.000
1356.350	3350.000
1356.487	3101.000
1356.624	3313.000
1356.762	3133.000
1356.899	3291.000
1357.037	3159.000
1357.174	3352.000
1357.311	3110.000
1357.449	3350.000
1357.586	3086.000
1357.723	3426.000
1357.860	3168.000
1357.998	3283.000
1358.135	3176.000
1358.272	3269.000
1358.410	3110.000
1358.547	3247.000
1358.684	3075.000
1358.821	3245.000
1358.959	3097.000
1359.096	3347.000
1359.233	3122.000
1359.370	3349.000
1359.507	3121.000
1359.644	3254.000
1359.782	3083.000
1359.919	3284.000
1360.056	3011.000
1360.193	3282.000
1360.330	3003.000
1360.467	3264.000
1360.604	3065.000
1360.741	3242.000
1360.878	3151.000
1361.015	3275.000
1361.152	3062.000
1361.290	3373.000
1361.427	3023.000
1361.564	3277.000
1361.701	3101.000
1361.838	3319.000
1361.975	3048.000
1362.112	3369.000
1362.248	4684.000
1362.385	3341.000
1362.522	3137.000
1362.659	3301.000
1362.796	3136.000
1362.933	3267.000
1363.070	3020.000
1363.207	3233.000
1363.344	3210.000
1363.481	3385.000
1363.617	3195.000
1363.754	3255.000
1363.891	3083.000
1364.028	3283.000
1364.165	3159.000
1364.302	3398.000
1364.438	3129.000
1364.575	3294.000
1364.712	3092.000
1364.849	3338.000
1364.985	3141.000
1365.122	3353.000
1365.259	3159.000
1365.396	3342.000
1365.532	3169.000
1365.669	3289.000
1365.806	3090.000
1365.942	3253.000
1366.079	3073.000
1366.216	3381.000
1366.352	3134.000
1366.489	3337.000
1366.625	3106.000
1366.762	3353.000
1366.899	3127.000
1367.035	3376.000
1367.172	3119.000
1367.308	3343.000
1367.445	3034.000
1367.581	3306.000
1367.718	3093.000
1367.855	3344.000
1367.991	3088.000
1368.128	3360.000
1368.264	3120.000
1368.401	3312.000
1368.537	3110.000
1368.673	3390.000
1368.810	3075.000
1368.946	3336.000
1369.083	3166.000
1369.219	3264.000
1369.356	3087.000
1369.492	3353.000
1369.628	3108.000
1369.765	3301.000
1369.901	3120.000
1370.037	3276.000
1370.174	3119.000
1370.310	3285.000
1370.446	3126.000
1370.583	3294.000
1370.719	3147.000
1370.855	3374.000
1370.992	3072.000
1371.128	3334.000
1371.264	3073.000
1371.400	3287.000
1371.537	3173.000
1371.673	3387.000
1371.809	3141.000
1371.945	3313.000
1372.081	3162.000
1372.218	3361.000
1372.354	3156.000
1372.490	3412.000
1372.626	3182.000
1372.762	3383.000
1372.898	3158.000
1373.034	3294.000
1373.170	3149.000
1373.307	3354.000
1373.443	3135.000
1373.579	3223.000
1373.715	3202.000
1373.851	3363.000
1373.987	3213.000
1374.123	3332.000
1374.259	3124.000
1374.395	3233.000
1374.531	3206.000
1374.667	3397.000
