829.593	3341.000
829.736	3473.000
829.879	3311.000
830.022	3561.000
830.166	3297.000
830.309	3550.000
830.452	3289.000
830.595	3517.000
830.738	3310.000
830.881	3503.000
831.024	3258.000
831.167	3563.000
831.310	3303.000
831.453	3454.000
831.597	3277.000
831.740	3554.000
831.883	3235.000
832.026	3549.000
832.169	3228.000
832.312	3564.000
832.455	3222.000
832.598	3469.000
832.741	3387.000
832.884	3498.000
833.027	3337.000
833.170	3493.000
833.314	3315.000
833.457	3464.000
833.600	3284.000
833.743	3485.000
833.886	3328.000
834.029	3548.000
834.172	3339.000
834.315	3497.000
834.458	3283.000
834.601	3487.000
834.744	3369.000
834.887	3474.000
835.030	3345.000
835.173	3523.000
835.316	3283.000
835.459	3543.000
835.602	3286.000
835.745	3587.000
835.889	3281.000
836.032	3525.000
836.175	3350.000
836.318	3485.000
836.461	3308.000
836.604	3512.000
836.747	3276.000
836.890	3487.000
837.033	3331.000
837.176	3537.000
837.319	3259.000
837.462	3496.000
837.605	3279.000
837.748	3519.000
837.891	3259.000
838.034	3439.000
838.177	3324.000
838.320	3459.000
838.463	3279.000
838.606	3424.000
838.749	3198.000
838.892	3529.000
839.035	3298.000
839.178	3441.000
839.321	3255.000
839.464	3477.000
839.607	3278.000
839.750	3462.000
839.893	3283.000
840.036	3479.000
840.179	3195.000
840.322	3441.000
840.465	3251.000
840.608	3427.000
840.751	3284.000
840.894	3526.000
841.037	3237.000
841.180	3447.000
841.323	3264.000
841.465	3455.000
841.608	3241.000
841.751	3449.000
841.894	3200.000
842.037	3432.000
842.180	3282.000
842.323	3422.000
842.466	3218.000
842.609	3457.000
842.752	3299.000
842.895	3437.000
843.038	3282.000
843.181	3432.000
843.324	3204.000
843.467	3450.000
843.610	3266.000
843.753	3466.000
843.896	3242.000
844.039	3367.000
844.181	3197.000
844.324	3334.000
844.467	3220.000
844.610	3454.000
844.753	3223.000
844.896	3438.000
845.039	3209.000
845.182	3380.000
845.325	3244.000
845.468	3414.000
845.611	3112.000
845.753	3454.000
845.896	3195.000
846.039	3345.000
846.182	3228.000
846.325	3453.000
846.468	3258.000
846.611	3422.000
846.754	3241.000
846.897	3364.000
847.040	3231.000
847.182	3490.000
847.325	3184.000
847.468	3441.000
847.611	3154.000
847.754	3361.000
847.897	3293.000
848.040	3424.000
848.183	3219.000
848.325	3413.000
848.468	3212.000
848.611	3368.000
848.754	3192.000
848.897	3373.000
849.040	3250.000
849.183	3409.000
849.326	3185.000
849.468	3406.000
849.611	3246.000
849.754	3424.000
849.897	3209.000
850.040	3348.000
850.183	3219.000
850.325	3451.000
850.468	3262.000
850.611	3383.000
850.754	3198.000
850.897	3440.000
851.040	3231.000
851.183	3403.000
851.325	3198.000
851.468	3356.000
851.611	3170.000
851.754	3443.000
851.897	3206.000
852.039	3422.000
852.182	3201.000
852.325	3440.000
852.468	3235.000
852.611	3367.000
852.754	3226.000
852.896	3415.000
853.039	3179.000
853.182	3419.000
853.325	3248.000
853.468	3392.000
853.610	3269.000
853.753	3459.000
853.896	3143.000
854.039	3419.000
854.182	3210.000
854.324	3330.000
854.467	3257.000
854.610	3434.000
854.753	3188.000
854.895	3438.000
855.038	3128.000
855.181	3340.000
855.324	3203.000
855.467	3435.000
855.609	3219.000
855.752	3393.000
855.895	3143.000
856.038	3311.000
856.180	3217.000
856.323	3381.000
856.466	3230.000
856.609	3442.000
856.752	3173.000
856.894	3357.000
857.037	3139.000
857.180	3398.000
857.323	3209.000
857.465	3455.000
857.608	3166.000
857.751	3381.000
857.894	3123.000
858.036	3440.000
858.179	3304.000
858.322	3361.000
858.464	3263.000
858.607	3379.000
858.750	3191.000
858.893	3390.000
859.035	3232.000
859.178	3507.000
859.321	3173.000
859.464	3421.000
859.606	3193.000
859.749	3374.000
859.892	3181.000
860.034	3478.000
860.177	3216.000
860.320	3391.000
860.463	3151.000
860.605	3396.000
860.748	3134.000
860.891	3354.000
861.033	3201.000
861.176	3399.000
861.319	3201.000
861.461	3430.000
861.604	3106.000
861.747	3426.000
861.890	3150.000
862.032	3395.000
862.175	3181.000
862.318	3450.000
862.460	3215.000
862.603	3408.000
862.746	3174.000
862.888	3431.000
863.031	3167.000
863.174	3373.000
863.316	3185.000
863.459	3427.000
863.602	3148.000
863.744	3344.000
863.887	3175.000
864.030	3371.000
864.172	3176.000
864.315	3384.000
864.458	3137.000
864.600	3415.000
864.743	3169.000
864.886	3395.000
865.028	3261.000
865.171	3447.000
865.314	3234.000
865.456	3344.000
865.599	3176.000
865.741	3366.000
865.884	3174.000
866.027	3423.000
866.169	3286.000
866.312	3444.000
866.455	3152.000
866.597	3449.000
866.740	3300.000
866.882	3366.000
867.025	3174.000
867.168	3444.000
867.310	3219.000
867.453	3391.000
867.596	3192.000
867.738	3416.000
867.881	3196.000
868.023	3383.000
868.166	3200.000
868.309	3424.000
868.451	3193.000
868.594	3373.000
868.736	3229.000
868.879	3399.000
869.022	3177.000
869.164	3463.000
869.307	3233.000
869.449	3372.000
869.592	3227.000
869.735	3461.000
869.877	3150.000
870.020	3398.000
870.162	3293.000
870.305	3403.000
870.447	3221.000
870.590	3374.000
870.733	3182.000
870.875	3386.000
871.018	3208.000
871.160	3394.000
871.303	3257.000
871.445	3401.000
871.588	3215.000
871.731	3405.000
871.873	3081.000
872.016	3453.000
872.158	3174.000
872.301	3396.000
872.443	3195.000
872.586	3414.000
872.728	3204.000
872.871	3363.000
873.013	3294.000
873.156	3321.000
873.299	3125.000
873.441	3413.000
873.584	3207.000
873.726	3372.000
873.869	3139.000
874.011	3441.000
874.154	3282.000
874.296	3415.000
874.439	3189.000
874.581	3421.000
874.724	3236.000
874.866	3408.000
875.009	3167.000
875.151	3437.000
875.294	3190.000
875.436	3340.000
875.579	3232.000
875.721	3373.000
875.864	3182.000
876.006	3511.000
876.149	3203.000
876.291	3301.000
876.434	3182.000
876.576	3438.000
876.719	3229.000
876.861	3355.000
877.004	3108.000
877.146	3408.000
877.289	3200.000
877.431	3399.000
877.574	3184.000
877.716	3425.000
877.859	3239.000
878.001	3403.000
878.144	3274.000
878.286	3443.000
878.429	3203.000
878.571	3451.000
878.714	3184.000
878.856	3364.000
878.998	3254.000
879.141	3418.000
879.283	3134.000
879.426	3418.000
879.568	3120.000
879.711	3360.000
879.853	3188.000
879.996	3416.000
880.138	3197.000
880.281	3371.000
880.423	3219.000
880.565	3314.000
880.708	3181.000
880.850	3386.000
880.993	3307.000
881.135	3330.000
881.278	3200.000
881.420	3359.000
881.562	3212.000
881.705	3399.000
881.847	3170.000
881.990	3335.000
882.132	3219.000
882.275	3374.000
882.417	3195.000
882.559	3392.000
882.702	3127.000
882.844	3409.000
882.987	3129.000
883.129	3407.000
883.271	3176.000
883.414	3418.000
883.556	3192.000
883.699	3470.000
883.841	3118.000
883.983	3494.000
884.126	3187.000
884.268	3394.000
884.411	3209.000
884.553	3408.000
884.695	3222.000
884.838	3346.000
884.980	3195.000
885.122	3418.000
885.265	3155.000
885.407	3380.000
885.550	3180.000
885.692	3409.000
885.834	3275.000
885.977	3425.000
886.119	3244.000
886.261	3396.000
886.404	3166.000
886.546	3428.000
886.689	3085.000
886.831	3425.000
886.973	3246.000
887.116	3371.000
887.258	3268.000
887.400	3348.000
887.543	3117.000
887.685	3339.000
887.827	3218.000
887.970	3446.000
888.112	3199.000
888.254	3400.000
888.397	3123.000
888.539	3405.000
888.681	3226.000
888.824	3363.000
888.966	3114.000
889.108	3450.000
889.251	3227.000
889.393	3400.000
889.535	3184.000
889.678	3392.000
889.820	3135.000
889.962	3428.000
890.105	3256.000
890.247	3331.000
890.389	3129.000
890.531	3398.000
890.674	3215.000
890.816	3502.000
890.958	3178.000
891.101	3436.000
891.243	3207.000
891.385	3373.000
891.528	3217.000
891.670	3439.000
891.812	3196.000
891.954	3408.000
892.097	3200.000
892.239	3421.000
892.381	3221.000
892.524	3446.000
892.666	3234.000
892.808	3447.000
892.950	3204.000
893.093	3328.000
893.235	3165.000
893.377	3444.000
893.519	3147.000
893.662	3347.000
893.804	3190.000
893.946	3348.000
894.088	3185.000
894.231	3353.000
894.373	3229.000
894.515	3398.000
894.657	3215.000
894.800	3433.000
894.942	3267.000
895.084	3395.000
895.226	3182.000
895.369	3429.000
895.511	3285.000
895.653	3412.000
895.795	3187.000
895.938	3462.000
896.080	3186.000
896.222	3387.000
896.364	3176.000
896.507	3403.000
896.649	3205.000
896.791	3422.000
896.933	3182.000
897.075	3402.000
897.218	3167.000
897.360	3392.000
897.502	3273.000
897.644	3382.000
897.787	3150.000
897.929	3434.000
898.071	3138.000
898.213	3440.000
898.355	3277.000
898.498	3368.000
898.640	3197.000
898.782	3326.000
898.924	3223.000
899.066	3426.000
899.208	3243.000
899.351	3453.000
899.493	3178.000
899.635	3436.000
899.777	3226.000
899.919	3428.000
900.062	3224.000
900.204	3447.000
900.346	3271.000
900.488	3461.000
900.630	3224.000
900.772	3327.000
900.915	3147.000
901.057	3425.000
901.199	3161.000
901.341	3381.000
901.483	3196.000
901.625	3409.000
901.768	3209.000
901.910	3373.000
902.052	3197.000
902.194	3455.000
902.336	3099.000
902.478	3468.000
902.620	3194.000
902.763	3389.000
902.905	3255.000
903.047	3432.000
903.189	3219.000
903.331	3406.000
903.473	3203.000
903.615	3396.000
903.758	3234.000
903.900	3398.000
904.042	3151.000
904.184	3411.000
904.326	3338.000
904.468	3443.000
904.610	3248.000
904.752	3448.000
904.895	3190.000
905.037	3408.000
905.179	3188.000
905.321	3424.000
905.463	3177.000
905.605	3530.000
905.747	3228.000
905.889	3467.000
906.031	3244.000
906.173	3441.000
906.316	3240.000
906.458	3461.000
906.600	3157.000
906.742	3387.000
906.884	3201.000
907.026	3456.000
907.168	3268.000
907.310	3438.000
907.452	3147.000
907.594	3443.000
907.736	3237.000
907.878	3415.000
908.021	3221.000
908.163	3433.000
908.305	3158.000
908.447	3437.000
908.589	3185.000
908.731	3455.000
908.873	3241.000
909.015	3501.000
909.157	3253.000
909.299	3442.000
909.441	3186.000
909.583	3380.000
909.725	3262.000
909.867	3520.000
910.009	3197.000
910.151	3456.000
910.293	3106.000
910.435	3422.000
910.577	3242.000
910.719	3468.000
910.862	3206.000
911.004	3404.000
911.146	3316.000
911.288	3382.000
911.430	3237.000
911.572	3486.000
911.714	3222.000
911.856	3447.000
911.998	3202.000
912.140	3501.000
912.282	3289.000
912.424	3357.000
912.566	3248.000
912.708	3450.000
912.850	3229.000
912.992	3361.000
913.134	3169.000
913.276	3431.000
913.418	3271.000
913.560	3437.000
913.702	3255.000
913.844	3526.000
913.986	3257.000
914.128	3432.000
914.270	3258.000
914.412	3406.000
914.554	3167.000
914.696	3424.000
914.838	3300.000
914.980	3463.000
915.122	3204.000
915.264	3466.000
915.406	3222.000
915.548	3464.000
915.690	3186.000
915.831	3450.000
915.973	3211.000
916.115	3369.000
916.257	3178.000
916.399	3384.000
916.541	3274.000
916.683	3387.000
916.825	3210.000
916.967	3431.000
917.109	3262.000
917.251	3451.000
917.393	3212.000
917.535	3447.000
917.677	3242.000
917.819	3420.000
917.961	3253.000
918.103	3460.000
918.245	3234.000
918.387	3399.000
918.528	3229.000
918.670	3409.000
918.812	3197.000
918.954	3393.000
919.096	3182.000
919.238	3485.000
919.380	3309.000
919.522	3416.000
919.664	3224.000
919.806	3429.000
919.948	3249.000
920.090	3397.000
920.231	3218.000
920.373	3419.000
920.515	3196.000
920.657	3416.000
920.799	3234.000
920.941	3433.000
921.083	3207.000
921.225	3392.000
921.367	3210.000
921.509	3459.000
921.650	3256.000
921.792	3407.000
921.934	3271.000
922.076	3411.000
922.218	3147.000
922.360	3416.000
922.502	3278.000
922.644	3494.000
922.785	3227.000
922.927	3402.000
923.069	3280.000
923.211	3383.000
923.353	3199.000
923.495	3442.000
923.637	3254.000
923.779	3439.000
923.920	3216.000
924.062	3419.000
924.204	3178.000
924.346	3464.000
924.488	3250.000
924.630	3495.000
924.771	3204.000
924.913	3470.000
925.055	3243.000
925.197	3461.000
925.339	3236.000
925.481	3497.000
925.623	3206.000
925.764	3445.000
925.906	3224.000
926.048	3433.000
926.190	3240.000
926.332	3498.000
926.473	3261.000
926.615	3433.000
926.757	3288.000
926.899	3438.000
927.041	3250.000
927.183	3495.000
927.324	3273.000
927.466	3399.000
927.608	3239.000
927.750	3474.000
927.892	3296.000
928.033	3432.000
928.175	3307.000
928.317	3437.000
928.459	3312.000
928.601	3521.000
928.742	3286.000
928.884	3430.000
929.026	3327.000
929.168	3508.000
929.310	3315.000
929.451	3548.000
929.593	3332.000
929.735	3513.000
929.877	3341.000
930.018	3508.000
930.160	3331.000
930.302	3474.000
930.444	3303.000
930.585	3532.000
930.727	3313.000
930.869	3448.000
931.011	3395.000
931.153	3531.000
931.294	3296.000
931.436	3465.000
931.578	3275.000
931.720	3542.000
931.861	3319.000
932.003	3496.000
932.145	3348.000
932.287	3587.000
932.428	3540.000
932.570	3514.000
932.712	3327.000
932.854	3501.000
932.995	3303.000
933.137	3591.000
933.279	3306.000
933.420	3572.000
933.562	3312.000
933.704	3452.000
933.846	3403.000
933.987	3498.000
934.129	3317.000
934.271	3520.000
934.412	3333.000
934.554	3558.000
934.696	3336.000
934.838	3518.000
934.979	3314.000
935.121	3491.000
935.263	3327.000
935.404	3550.000
935.546	3338.000
935.688	3506.000
935.830	3393.000
935.971	3511.000
936.113	3331.000
936.255	3638.000
936.396	3373.000
936.538	3553.000
936.680	3341.000
936.821	3467.000
936.963	3351.000
937.105	3529.000
937.246	3370.000
937.388	3455.000
937.530	3365.000
937.671	3496.000
937.813	3386.000
937.955	3559.000
938.096	3397.000
938.238	3561.000
938.380	3370.000
938.521	3600.000
938.663	3368.000
938.805	3535.000
938.946	3407.000
939.088	3529.000
939.230	3436.000
939.371	3536.000
939.513	3401.000
939.655	3506.000
939.796	3431.000
939.938	3583.000
940.080	3443.000
940.221	3565.000
940.363	3390.000
940.504	3517.000
940.646	3371.000
940.788	3548.000
940.929	3401.000
941.071	3642.000
941.213	3416.000
941.354	3604.000
941.496	3383.000
941.637	3547.000
941.779	3411.000
941.921	3558.000
942.062	3369.000
942.204	3609.000
942.346	3372.000
942.487	3649.000
942.629	3445.000
942.770	3658.000
942.912	3400.000
943.054	3658.000
943.195	3409.000
943.337	3578.000
943.478	3417.000
943.620	3671.000
943.761	3383.000
943.903	3664.000
944.045	3451.000
944.186	3652.000
944.328	3417.000
944.469	3645.000
944.611	3440.000
944.753	3627.000
944.894	3452.000
945.036	3669.000
945.177	3473.000
945.319	3707.000
945.460	3506.000
945.602	3642.000
945.744	3474.000
945.885	3745.000
946.027	3458.000
946.168	3718.000
946.310	3461.000
946.451	3701.000
946.593	3438.000
946.734	3702.000
946.876	3464.000
947.018	3747.000
947.159	3561.000
947.301	3726.000
947.442	3456.000
947.584	3677.000
947.725	3495.000
947.867	3659.000
948.008	3517.000
948.150	3716.000
948.291	3542.000
948.433	3693.000
948.574	3529.000
948.716	3733.000
948.857	3552.000
948.999	3726.000
949.140	3523.000
949.282	3778.000
949.424	3544.000
949.565	3720.000
949.707	3529.000
949.848	3709.000
949.990	3467.000
950.131	3776.000
950.273	3611.000
950.414	3692.000
950.556	3631.000
950.697	3828.000
950.839	3540.000
950.980	3793.000
951.122	3607.000
951.263	3736.000
951.404	3567.000
951.546	3713.000
951.687	3557.000
951.829	3721.000
951.970	3582.000
952.112	3788.000
952.253	3582.000
952.395	3762.000
952.536	3592.000
952.678	3810.000
952.819	3658.000
952.961	3783.000
953.102	3695.000
953.244	3803.000
953.385	3643.000
953.527	3822.000
953.668	3198.000
953.809	3793.000
953.951	3628.000
954.092	3752.000
954.234	3562.000
954.375	3811.000
954.517	3573.000
954.658	3838.000
954.800	3696.000
954.941	3835.000
955.082	3662.000
955.224	3785.000
955.365	3658.000
955.507	3880.000
955.648	3687.000
955.790	3836.000
955.931	3592.000
956.072	3855.000
956.214	3619.000
956.355	3822.000
956.497	3673.000
956.638	3797.000
956.780	3651.000
956.921	3866.000
957.062	3643.000
957.204	3888.000
957.345	3616.000
957.487	3942.000
957.628	3684.000
957.769	3799.000
957.911	3689.000
958.052	3814.000
958.194	3637.000
958.335	3795.000
958.476	3575.000
958.618	3802.000
958.759	3670.000
958.901	3916.000
959.042	3689.000
959.183	3889.000
959.325	3674.000
959.466	3843.000
959.607	3652.000
959.749	3845.000
959.890	3611.000
960.032	3885.000
960.173	3645.000
960.314	3860.000
960.456	3671.000
960.597	3865.000
960.738	3769.000
960.880	3869.000
961.021	3696.000
961.162	3974.000
961.304	3651.000
961.445	3884.000
961.586	3770.000
961.728	3952.000
961.869	3712.000
962.011	4014.000
962.152	5376.000
962.293	3981.000
962.435	3763.000
962.576	3968.000
962.717	3767.000
962.859	3947.000
963.000	3697.000
963.141	3915.000
963.283	3874.000
963.424	4008.000
963.565	3810.000
963.706	3922.000
963.848	3771.000
963.989	3973.000
964.130	3848.000
964.272	4050.000
964.413	3825.000
964.554	3981.000
964.696	3797.000
964.837	4046.000
964.978	3860.000
965.120	4066.000
965.261	3881.000
965.402	4045.000
965.543	3852.000
965.685	4044.000
965.826	3817.000
965.967	3988.000
966.109	3818.000
966.250	4100.000
966.391	3852.000
966.532	4078.000
966.674	3863.000
966.815	4128.000
966.956	3925.000
967.098	4151.000
967.239	3916.000
967.380	4126.000
967.521	3824.000
967.663	4114.000
967.804	3875.000
967.945	4127.000
968.086	3889.000
968.228	4184.000
968.369	3952.000
968.510	4131.000
968.651	3943.000
968.793	4187.000
968.934	3873.000
969.075	4175.000
969.216	4004.000
969.358	4107.000
969.499	3937.000
969.640	4167.000
969.781	3936.000
969.923	4164.000
970.064	3987.000
970.205	4117.000
970.346	4001.000
970.488	4152.000
970.629	4038.000
970.770	4173.000
970.911	4071.000
971.053	4263.000
971.194	3970.000
971.335	4239.000
971.476	4008.000
971.617	4191.000
971.759	4120.000
971.900	4299.000
972.041	4061.000
972.182	4210.000
972.323	4101.000
972.465	4304.000
972.606	4121.000
972.747	4354.000
972.888	4127.000
973.029	4351.000
973.171	4108.000
973.312	4266.000
973.453	4127.000
973.594	4342.000
973.735	4150.000
973.877	4223.000
974.018	4211.000
974.159	4374.000
974.300	4215.000
974.441	4315.000
974.582	4138.000
974.724	4254.000
974.865	4241.000
975.006	4420.000
