929.762	8996.000
929.906	8993.000
930.049	8928.000
930.193	9045.000
930.337	8944.000
930.481	9067.000
930.625	8923.000
930.769	9008.000
930.913	8939.000
931.057	8986.000
931.201	8894.000
931.345	9031.000
931.488	8951.000
931.632	8935.000
931.776	8934.000
931.920	9039.000
932.064	8825.000
932.208	9032.000
932.352	8889.000
932.495	9024.000
932.639	8875.000
932.783	8904.000
932.927	9073.000
933.071	8989.000
933.215	8952.000
933.359	8962.000
933.502	8976.000
933.646	8940.000
933.790	8915.000
933.934	8947.000
934.078	8932.000
934.221	8993.000
934.365	8942.000
934.509	8983.000
934.653	8850.000
934.797	8941.000
934.940	8978.000
935.084	8895.000
935.228	8948.000
935.372	8974.000
935.515	8901.000
935.659	8970.000
935.803	8873.000
935.947	8966.000
936.090	8849.000
936.234	8913.000
936.378	8930.000
936.522	8893.000
936.665	8898.000
936.809	8943.000
936.953	8859.000
937.097	8884.000
937.240	8931.000
937.384	8951.000
937.528	8873.000
937.671	8912.000
937.815	8854.000
937.959	8923.000
938.102	8829.000
938.246	8835.000
938.390	8892.000
938.534	8826.000
938.677	8820.000
938.821	8822.000
938.965	8760.000
939.108	8862.000
939.252	8837.000
939.396	8745.000
939.539	8788.000
939.683	8852.000
939.826	8755.000
939.970	8774.000
940.114	8788.000
940.257	8847.000
940.401	8703.000
940.545	8781.000
940.688	8675.000
940.832	8727.000
940.975	8741.000
941.119	8858.000
941.263	8677.000
941.406	8778.000
941.550	8751.000
941.693	8746.000
941.837	8619.000
941.981	8706.000
942.124	8641.000
942.268	8688.000
942.411	8684.000
942.555	8688.000
942.698	8664.000
942.842	8700.000
942.986	8669.000
943.129	8686.000
943.273	8714.000
943.416	8675.000
943.560	8634.000
943.703	8685.000
943.847	8681.000
943.990	8701.000
944.134	8634.000
944.277	8635.000
944.421	8589.000
944.564	8582.000
944.708	8614.000
944.851	8743.000
944.995	8581.000
945.138	8636.000
945.282	8586.000
945.425	8644.000
945.569	8629.000
945.712	8676.000
945.856	8468.000
945.999	8696.000
946.143	8574.000
946.286	8592.000
946.430	8648.000
946.573	8644.000
946.716	8614.000
946.860	8643.000
947.003	8585.000
947.147	8621.000
947.290	8578.000
947.434	8669.000
947.577	8583.000
947.720	8687.000
947.864	8487.000
948.007	8587.000
948.151	8677.000
948.294	8659.000
948.437	8627.000
948.581	8664.000
948.724	8608.000
948.868	8631.000
949.011	8564.000
949.154	8625.000
949.298	8629.000
949.441	8695.000
949.584	8595.000
949.728	8645.000
949.871	8617.000
950.015	8664.000
950.158	8614.000
950.301	8573.000
950.445	8588.000
950.588	8694.000
950.731	8645.000
950.875	8644.000
951.018	8563.000
951.161	8644.000
951.304	8585.000
951.448	8601.000
951.591	8534.000
951.734	8620.000
951.878	8508.000
952.021	8708.000
952.164	8638.000
952.308	8685.000
952.451	8545.000
952.594	8636.000
952.737	8587.000
952.881	8579.000
953.024	8539.000
953.167	8643.000
953.310	8495.000
953.454	8589.000
953.597	8588.000
953.740	8578.000
953.883	8562.000
954.027	8642.000
954.170	8453.000
954.313	8630.000
954.456	8533.000
954.600	8543.000
954.743	8591.000
954.886	8594.000
955.029	8493.000
955.172	8616.000
955.316	8391.000
955.459	8525.000
955.602	8512.000
955.745	8613.000
955.888	8504.000
956.032	8604.000
956.175	8412.000
956.318	8493.000
956.461	8458.000
956.604	8530.000
956.747	8519.000
956.890	8595.000
957.034	8451.000
957.177	8518.000
957.320	8435.000
957.463	8544.000
957.606	8443.000
957.749	8557.000
957.892	8403.000
958.036	8535.000
958.179	8368.000
958.322	8576.000
958.465	8537.000
958.608	8459.000
958.751	8503.000
958.894	8479.000
959.037	8379.000
959.180	8486.000
959.323	8465.000
959.467	8554.000
959.610	8391.000
959.753	8516.000
959.896	8395.000
960.039	8520.000
960.182	8342.000
960.325	8587.000
960.468	8417.000
960.611	8469.000
960.754	8386.000
960.897	8463.000
961.040	8348.000
961.183	8466.000
961.326	8411.000
961.469	8541.000
961.612	8371.000
961.755	8515.000
961.898	8286.000
962.041	8531.000
962.184	8336.000
962.327	8500.000
962.470	8376.000
962.613	8553.000
962.756	8425.000
962.899	8514.000
963.042	8388.000
963.185	8546.000
963.328	8342.000
963.471	8466.000
963.614	8386.000
963.757	8539.000
963.900	8366.000
964.043	8472.000
964.186	8364.000
964.329	8450.000
964.472	8412.000
964.615	8504.000
964.758	8366.000
964.900	8522.000
965.043	8402.000
965.186	8532.000
965.329	8508.000
965.472	8539.000
965.615	8464.000
965.758	8449.000
965.901	8372.000
966.044	8484.000
966.187	8380.000
966.329	8526.000
966.472	8533.000
966.615	8580.000
966.758	8398.000
966.901	8561.000
967.044	8523.000
967.187	8471.000
967.330	8403.000
967.472	8578.000
967.615	8420.000
967.758	8506.000
967.901	8409.000
968.044	8577.000
968.187	8405.000
968.329	8484.000
968.472	8453.000
968.615	8491.000
968.758	8451.000
968.901	8528.000
969.043	8481.000
969.186	8499.000
969.329	8427.000
969.472	8633.000
969.615	8455.000
969.757	8494.000
969.900	8455.000
970.043	8563.000
970.186	8368.000
970.328	8559.000
970.471	8505.000
970.614	8581.000
970.757	8426.000
970.899	8507.000
971.042	8443.000
971.185	8544.000
971.328	8419.000
971.470	8488.000
971.613	8435.000
971.756	8549.000
971.899	8436.000
972.041	8542.000
972.184	8288.000
972.327	8590.000
972.469	8426.000
972.612	8486.000
972.755	8399.000
972.898	8571.000
973.040	8396.000
973.183	8478.000
973.326	8510.000
973.468	8430.000
973.611	8350.000
973.754	8516.000
973.896	8447.000
974.039	8495.000
974.182	8360.000
974.324	8582.000
974.467	8505.000
974.610	8504.000
974.752	8359.000
974.895	8517.000
975.037	8427.000
975.180	8546.000
975.323	8336.000
975.465	8533.000
975.608	8368.000
975.751	8401.000
975.893	8401.000
976.036	8470.000
976.178	8367.000
976.321	8572.000
976.464	8326.000
976.606	8372.000
976.749	8377.000
976.891	8560.000
977.034	8397.000
977.176	8410.000
977.319	8284.000
977.462	8537.000
977.604	8321.000
977.747	8474.000
977.889	8332.000
978.032	8508.000
978.174	8376.000
978.317	8476.000
978.459	8398.000
978.602	8529.000
978.744	8366.000
978.887	8505.000
979.029	8318.000
979.172	8413.000
979.314	8379.000
979.457	8458.000
979.599	8251.000
979.742	8530.000
979.884	8249.000
980.027	8380.000
980.169	8316.000
980.312	8487.000
980.454	8379.000
980.597	8471.000
980.739	8386.000
980.882	8385.000
981.024	8326.000
981.167	8420.000
981.309	8443.000
981.452	8405.000
981.594	8325.000
981.736	8381.000
981.879	8339.000
982.021	8459.000
982.164	8279.000
982.306	8371.000
982.449	8330.000
982.591	8435.000
982.733	8305.000
982.876	8450.000
983.018	8272.000
983.161	8469.000
983.303	8271.000
983.445	8402.000
983.588	8318.000
983.730	8512.000
983.873	8311.000
984.015	8549.000
984.157	8235.000
984.300	8558.000
984.442	8299.000
984.584	8453.000
984.727	8340.000
984.869	8452.000
985.011	8357.000
985.154	8364.000
985.296	8304.000
985.438	8434.000
985.581	8289.000
985.723	8406.000
985.865	8321.000
986.008	8436.000
986.150	8362.000
986.292	8462.000
986.435	8386.000
986.577	8434.000
986.719	8279.000
986.861	8461.000
987.004	7986.000
987.146	8489.000
987.288	8361.000
987.431	8430.000
987.573	8416.000
987.715	8399.000
987.857	8242.000
988.000	8376.000
988.142	8377.000
988.284	8518.000
988.426	8301.000
988.569	8456.000
988.711	8295.000
988.853	8521.000
988.995	8335.000
989.138	8391.000
989.280	8274.000
989.422	8472.000
989.564	8354.000
989.706	8434.000
989.849	8280.000
989.991	8467.000
990.133	8312.000
990.275	8492.000
990.417	8345.000
990.560	8386.000
990.702	8224.000
990.844	8424.000
990.986	8322.000
991.128	8592.000
991.270	8299.000
991.413	8466.000
991.555	8333.000
991.697	8435.000
991.839	8321.000
991.981	8490.000
992.123	8313.000
992.265	8473.000
992.408	8364.000
992.550	8479.000
992.692	8354.000
992.834	8498.000
992.976	8375.000
993.118	8489.000
993.260	8335.000
993.402	8387.000
993.544	8285.000
993.687	8492.000
993.829	8281.000
993.971	8385.000
994.113	8320.000
994.255	8410.000
994.397	8299.000
994.539	8456.000
994.681	8363.000
994.823	8446.000
994.965	8301.000
995.107	8523.000
995.249	8365.000
995.391	8445.000
995.533	8278.000
995.675	8463.000
995.817	8370.000
995.959	8456.000
996.101	8292.000
996.243	8506.000
996.385	8343.000
996.527	8425.000
996.669	8302.000
996.811	8447.000
996.953	8315.000
997.095	8401.000
997.237	8303.000
997.379	8441.000
997.521	8302.000
997.663	8411.000
997.805	8421.000
997.947	8440.000
998.089	8306.000
998.231	8392.000
998.373	8269.000
998.515	8522.000
998.657	8416.000
998.799	8401.000
998.941	8313.000
999.083	8353.000
999.225	8348.000
999.367	8457.000
999.509	8390.000
999.651	8493.000
999.793	8326.000
999.934	8419.000
1000.076	8363.000
1000.218	8487.000
1000.360	8361.000
1000.502	8489.000
1000.644	8398.000
1000.786	8499.000
1000.928	8364.000
1001.070	8355.000
1001.212	8277.000
1001.353	8507.000
1001.495	8276.000
1001.637	8398.000
1001.779	8313.000
1001.921	8408.000
1002.063	8311.000
1002.205	8413.000
1002.346	8322.000
1002.488	8506.000
1002.630	8166.000
1002.772	8444.000
1002.914	8272.000
1003.055	8420.000
1003.197	8316.000
1003.339	8422.000
1003.481	8312.000
1003.623	8438.000
1003.765	8231.000
1003.906	8388.000
1004.048	8297.000
1004.190	8406.000
1004.332	8251.000
1004.473	8394.000
1004.615	8416.000
1004.757	8433.000
1004.899	8345.000
1005.041	8447.000
1005.182	8247.000
1005.324	8467.000
1005.466	8302.000
1005.608	8429.000
1005.749	8238.000
1005.891	8519.000
1006.033	8367.000
1006.175	8513.000
1006.316	8273.000
1006.458	8459.000
1006.600	8343.000
1006.741	8440.000
1006.883	8263.000
1007.025	8423.000
1007.167	8281.000
1007.308	8469.000
1007.450	8343.000
1007.592	8461.000
1007.733	8249.000
1007.875	8384.000
1008.017	8323.000
1008.158	8392.000
1008.300	8296.000
1008.442	8440.000
1008.583	8250.000
1008.725	8455.000
1008.867	8252.000
1009.008	8442.000
1009.150	8311.000
1009.292	8506.000
1009.433	8303.000
1009.575	8393.000
1009.716	8292.000
1009.858	8346.000
1010.000	8288.000
1010.141	8472.000
1010.283	8263.000
1010.425	8447.000
1010.566	8195.000
1010.708	8429.000
1010.849	8297.000
1010.991	8426.000
1011.132	8246.000
1011.274	8400.000
1011.416	8368.000
1011.557	8360.000
1011.699	8305.000
1011.840	8465.000
1011.982	8277.000
1012.123	8428.000
1012.265	8218.000
1012.407	8475.000
1012.548	8271.000
1012.690	8351.000
1012.831	8232.000
1012.973	8403.000
1013.114	8287.000
1013.256	8455.000
1013.397	8390.000
1013.539	8633.000
1013.680	8629.000
1013.822	8771.000
1013.963	8652.000
1014.105	8896.000
1014.246	8665.000
1014.388	8992.000
1014.529	9023.000
1014.671	9249.000
1014.812	8768.000
1014.954	8625.000
1015.095	8470.000
1015.237	8473.000
1015.378	8259.000
1015.520	8432.000
1015.661	8232.000
1015.803	8388.000
1015.944	8153.000
1016.085	8324.000
1016.227	8211.000
1016.368	8248.000
1016.510	8101.000
1016.651	8301.000
1016.793	8262.000
1016.934	8290.000
1017.075	8153.000
1017.217	8276.000
1017.358	8213.000
1017.500	8337.000
1017.641	8163.000
1017.782	8364.000
1017.924	8165.000
1018.065	8278.000
1018.207	8129.000
1018.348	8356.000
1018.489	8165.000
1018.631	8254.000
1018.772	8164.000
1018.913	8239.000
1019.055	8123.000
1019.196	8193.000
1019.337	8099.000
1019.479	8309.000
1019.620	8173.000
1019.761	8250.000
1019.903	8083.000
1020.044	8296.000
1020.185	8127.000
1020.327	8195.000
1020.468	8089.000
1020.609	8256.000
1020.751	8056.000
1020.892	8222.000
1021.033	8101.000
1021.175	8258.000
1021.316	8116.000
1021.457	8188.000
1021.598	8043.000
1021.740	8253.000
1021.881	8124.000
1022.022	8211.000
1022.164	8122.000
1022.305	8246.000
1022.446	8048.000
1022.587	8225.000
1022.729	8193.000
1022.870	8319.000
1023.011	8079.000
1023.152	8232.000
1023.294	8141.000
1023.435	8218.000
1023.576	8086.000
1023.717	8239.000
1023.858	8155.000
1024.000	8262.000
1024.141	8075.000
1024.282	8216.000
1024.423	8074.000
1024.564	8305.000
1024.706	8144.000
1024.847	8292.000
1024.988	8072.000
1025.129	8306.000
1025.270	8137.000
1025.412	8291.000
1025.553	8117.000
1025.694	8310.000
1025.835	8103.000
1025.976	8241.000
1026.117	8139.000
1026.258	8265.000
1026.400	8124.000
1026.541	8311.000
1026.682	8140.000
1026.823	8239.000
1026.964	8190.000
1027.105	8220.000
1027.246	8203.000
1027.388	8334.000
1027.529	8182.000
1027.670	8237.000
1027.811	8098.000
1027.952	8300.000
1028.093	8170.000
1028.234	8221.000
1028.375	8196.000
1028.516	8233.000
1028.657	8169.000
1028.798	8325.000
1028.939	8159.000
1029.081	8286.000
1029.222	8247.000
1029.363	8319.000
1029.504	8149.000
1029.645	8361.000
1029.786	8218.000
1029.927	8314.000
1030.068	8227.000
1030.209	8336.000
1030.350	8205.000
1030.491	8295.000
1030.632	8206.000
1030.773	8348.000
1030.914	8175.000
1031.055	8295.000
1031.196	8271.000
1031.337	8338.000
1031.478	8199.000
1031.619	8276.000
1031.760	8174.000
1031.901	8372.000
1032.042	8192.000
1032.183	8320.000
1032.324	8212.000
1032.465	8420.000
1032.606	8776.000
1032.747	8324.000
1032.888	8196.000
1033.029	8337.000
1033.170	8178.000
1033.311	8381.000
1033.452	8141.000
1033.592	8379.000
1033.733	8189.000
1033.874	8239.000
1034.015	8274.000
1034.156	8311.000
1034.297	8203.000
1034.438	8311.000
1034.579	8185.000
1034.720	8409.000
1034.861	8184.000
1035.002	8260.000
1035.142	8161.000
1035.283	8287.000
1035.424	8155.000
1035.565	8291.000
1035.706	8196.000
1035.847	8277.000
1035.988	8245.000
1036.129	8247.000
1036.269	8119.000
1036.410	8388.000
1036.551	8175.000
1036.692	8276.000
1036.833	8169.000
1036.974	8236.000
1037.114	8180.000
1037.255	8224.000
1037.396	8156.000
1037.537	8150.000
1037.678	8189.000
1037.819	8174.000
1037.959	8179.000
1038.100	8244.000
1038.241	8171.000
1038.382	8244.000
1038.523	8168.000
1038.663	8355.000
1038.804	8180.000
1038.945	8245.000
1039.086	8225.000
1039.226	8240.000
1039.367	8182.000
1039.508	8247.000
1039.649	8166.000
1039.789	8217.000
1039.930	8213.000
1040.071	8288.000
1040.212	8248.000
1040.352	8274.000
1040.493	8185.000
1040.634	8211.000
1040.775	8186.000
1040.915	8278.000
1041.056	8163.000
1041.197	8318.000
1041.337	8225.000
1041.478	8346.000
1041.619	8180.000
1041.760	8255.000
1041.900	8201.000
1042.041	8284.000
1042.182	8115.000
1042.322	8336.000
1042.463	8201.000
1042.604	8379.000
1042.744	8236.000
1042.885	8397.000
1043.026	8213.000
1043.166	8357.000
1043.307	8209.000
1043.448	8317.000
1043.588	8178.000
1043.729	8385.000
1043.869	8195.000
1044.010	8365.000
1044.151	8232.000
1044.291	8367.000
1044.432	8187.000
1044.573	8336.000
1044.713	8265.000
1044.854	8411.000
1044.994	8301.000
1045.135	8375.000
1045.276	8333.000
1045.416	8457.000
1045.557	8353.000
1045.697	8373.000
1045.838	8335.000
1045.978	8466.000
1046.119	8286.000
1046.260	8427.000
1046.400	8280.000
1046.541	8503.000
1046.681	8257.000
1046.822	8448.000
1046.962	8278.000
1047.103	8538.000
1047.243	8408.000
1047.384	8462.000
1047.524	8295.000
1047.665	8435.000
1047.805	8301.000
1047.946	8409.000
1048.087	8323.000
1048.227	8462.000
1048.368	8326.000
1048.508	8428.000
1048.649	8351.000
1048.789	8514.000
1048.929	8373.000
1049.070	8443.000
1049.210	8315.000
1049.351	8508.000
1049.491	8312.000
1049.632	8467.000
1049.772	8302.000
1049.913	8447.000
1050.053	8232.000
1050.194	8511.000
1050.334	8386.000
1050.475	8399.000
1050.615	8350.000
1050.755	8493.000
1050.896	8310.000
1051.036	8485.000
1051.177	8374.000
1051.317	8427.000
1051.458	8286.000
1051.598	8417.000
1051.738	8312.000
1051.879	8394.000
1052.019	8335.000
1052.160	8436.000
1052.300	8352.000
1052.440	8426.000
1052.581	8315.000
1052.721	8527.000
1052.861	8379.000
1053.002	8444.000
1053.142	8424.000
1053.282	8459.000
1053.423	8334.000
1053.563	8442.000
1053.704	7199.000
1053.844	8434.000
1053.984	8324.000
1054.125	8370.000
1054.265	8265.000
1054.405	8441.000
1054.546	8284.000
1054.686	8420.000
1054.826	8376.000
1054.966	8450.000
1055.107	8354.000
1055.247	8460.000
1055.387	8308.000
1055.528	8498.000
1055.668	8374.000
1055.808	8442.000
1055.948	8243.000
1056.089	8461.000
1056.229	8257.000
1056.369	8358.000
1056.510	8328.000
1056.650	8326.000
1056.790	8275.000
1056.930	8400.000
1057.071	8248.000
1057.211	8477.000
1057.351	8242.000
1057.491	8445.000
1057.632	8302.000
1057.772	8364.000
1057.912	8312.000
1058.052	8316.000
1058.192	8225.000
1058.333	8281.000
1058.473	8179.000
1058.613	8278.000
1058.753	8219.000
1058.893	8378.000
1059.034	8221.000
1059.174	8406.000
1059.314	8172.000
1059.454	8316.000
1059.594	8153.000
1059.734	8272.000
1059.875	8077.000
1060.015	8288.000
1060.155	8151.000
1060.295	8249.000
1060.435	8113.000
1060.575	8312.000
1060.716	8213.000
1060.856	8304.000
1060.996	8173.000
1061.136	8407.000
1061.276	8141.000
1061.416	8270.000
1061.556	8206.000
1061.696	8376.000
1061.837	8186.000
1061.977	8429.000
1062.117	12761.000
1062.257	8401.000
1062.397	8202.000
1062.537	8323.000
1062.677	8208.000
1062.817	8358.000
1062.957	8141.000
1063.097	8293.000
1063.237	8317.000
1063.377	8470.000
1063.517	8370.000
1063.658	8534.000
1063.798	8466.000
1063.938	8611.000
1064.078	8648.000
1064.218	8794.000
1064.358	8625.000
1064.498	8800.000
1064.638	8662.000
1064.778	8882.000
1064.918	8908.000
1065.058	9139.000
1065.198	8976.000
1065.338	8818.000
1065.478	8503.000
1065.618	8498.000
1065.758	8307.000
1065.898	8355.000
1066.038	8304.000
1066.178	8490.000
1066.318	8286.000
1066.458	8419.000
1066.598	8274.000
1066.738	8493.000
1066.878	8295.000
1067.018	8470.000
1067.158	8271.000
1067.297	8431.000
1067.437	8185.000
1067.577	8436.000
1067.717	8246.000
1067.857	8430.000
1067.997	8211.000
1068.137	8450.000
1068.277	8312.000
1068.417	8415.000
1068.557	8284.000
1068.697	8458.000
1068.837	8210.000
1068.977	8486.000
1069.116	8356.000
1069.256	8342.000
1069.396	8278.000
1069.536	8464.000
1069.676	8303.000
1069.816	8386.000
1069.956	8307.000
1070.096	8407.000
1070.235	8343.000
1070.375	8384.000
1070.515	8375.000
1070.655	8444.000
1070.795	8319.000
1070.935	8500.000
1071.074	8269.000
1071.214	8481.000
1071.354	8263.000
1071.494	8408.000
1071.634	8415.000
1071.774	8555.000
1071.913	8342.000
1072.053	8417.000
1072.193	8379.000
1072.333	8510.000
1072.473	8390.000
1072.612	8543.000
1072.752	8369.000
1072.892	8521.000
1073.032	8337.000
1073.172	8443.000
1073.311	8407.000
1073.451	8540.000
1073.591	8398.000
1073.731	8403.000
1073.870	8414.000
1074.010	8588.000
1074.150	8460.000
1074.290	8467.000
1074.429	8443.000
1074.569	8413.000
1074.709	8466.000
1074.848	8584.000
