1029.870	8869.000
1030.015	8850.000
1030.160	8852.000
1030.305	8936.000
1030.449	8817.000
1030.594	8940.000
1030.739	8812.000
1030.884	8906.000
1031.029	8827.000
1031.173	8871.000
1031.318	8801.000
1031.463	8935.000
1031.608	8823.000
1031.752	8833.000
1031.897	8842.000
1032.042	8932.000
1032.187	8728.000
1032.331	8938.000
1032.476	8806.000
1032.621	8909.000
1032.765	8787.000
1032.910	8802.000
1033.055	8932.000
1033.200	8889.000
1033.344	8857.000
1033.489	8843.000
1033.634	8846.000
1033.778	8811.000
1033.923	8794.000
1034.068	8804.000
1034.212	8833.000
1034.357	8891.000
1034.502	8840.000
1034.646	8823.000
1034.791	8761.000
1034.935	8810.000
1035.080	8869.000
1035.225	8777.000
1035.369	8869.000
1035.514	8851.000
1035.658	8794.000
1035.803	8888.000
1035.947	8768.000
1036.092	8893.000
1036.237	8737.000
1036.381	8812.000
1036.526	8871.000
1036.670	8763.000
1036.815	8784.000
1036.959	8837.000
1037.104	8765.000
1037.248	8771.000
1037.393	8817.000
1037.537	8838.000
1037.682	8765.000
1037.826	8767.000
1037.971	8721.000
1038.115	8819.000
1038.260	8709.000
1038.404	8715.000
1038.549	8786.000
1038.693	8759.000
1038.838	8724.000
1038.982	8716.000
1039.126	8681.000
1039.271	8769.000
1039.415	8751.000
1039.560	8699.000
1039.704	8702.000
1039.848	8746.000
1039.993	8699.000
1040.137	8677.000
1040.282	8731.000
1040.426	8745.000
1040.570	8645.000
1040.715	8667.000
1040.859	8644.000
1041.003	8680.000
1041.148	8634.000
1041.292	8751.000
1041.436	8646.000
1041.581	8697.000
1041.725	8652.000
1041.869	8661.000
1042.014	8556.000
1042.158	8626.000
1042.302	8545.000
1042.447	8604.000
1042.591	8597.000
1042.735	8589.000
1042.879	8564.000
1043.024	8626.000
1043.168	8591.000
1043.312	8633.000
1043.456	8588.000
1043.601	8574.000
1043.745	8533.000
1043.889	8618.000
1044.033	8594.000
1044.178	8606.000
1044.322	8524.000
1044.466	8538.000
1044.610	8493.000
1044.754	8475.000
1044.899	8507.000
1045.043	8648.000
1045.187	8517.000
1045.331	8560.000
1045.475	8520.000
1045.619	8523.000
1045.763	8535.000
1045.908	8568.000
1046.052	8402.000
1046.196	8619.000
1046.340	8475.000
1046.484	8513.000
1046.628	8579.000
1046.772	8566.000
1046.916	8544.000
1047.060	8535.000
1047.205	8514.000
1047.349	8557.000
1047.493	8535.000
1047.637	8644.000
1047.781	8460.000
1047.925	8589.000
1048.069	8395.000
1048.213	8506.000
1048.357	8627.000
1048.501	8615.000
1048.645	8533.000
1048.789	8570.000
1048.933	8555.000
1049.077	8551.000
1049.221	8493.000
1049.365	8532.000
1049.509	8574.000
1049.653	8648.000
1049.797	8496.000
1049.941	8606.000
1050.085	8550.000
1050.229	8607.000
1050.373	8537.000
1050.517	8524.000
1050.660	8539.000
1050.804	8663.000
1050.948	8587.000
1051.092	8582.000
1051.236	8522.000
1051.380	8600.000
1051.524	8551.000
1051.668	8532.000
1051.812	8458.000
1051.956	8564.000
1052.099	8465.000
1052.243	8618.000
1052.387	8574.000
1052.531	8608.000
1052.675	8527.000
1052.819	8595.000
1052.962	8527.000
1053.106	8540.000
1053.250	8484.000
1053.394	8588.000
1053.538	8470.000
1053.681	8563.000
1053.825	8528.000
1053.969	8549.000
1054.113	8502.000
1054.257	8586.000
1054.400	8440.000
1054.544	8554.000
1054.688	8476.000
1054.832	8502.000
1054.975	8550.000
1055.119	8563.000
1055.263	8413.000
1055.407	8544.000
1055.550	8333.000
1055.694	8464.000
1055.838	8427.000
1055.981	8575.000
1056.125	8469.000
1056.269	8524.000
1056.412	8379.000
1056.556	8446.000
1056.700	8457.000
1056.843	8480.000
1056.987	8489.000
1057.131	8585.000
1057.274	8422.000
1057.418	8485.000
1057.562	8351.000
1057.705	8497.000
1057.849	8420.000
1057.992	8533.000
1058.136	8383.000
1058.280	8471.000
1058.423	8331.000
1058.567	8545.000
1058.710	8515.000
1058.854	8434.000
1058.997	8433.000
1059.141	8431.000
1059.285	8341.000
1059.428	8482.000
1059.572	8424.000
1059.715	8537.000
1059.859	8359.000
1060.002	8492.000
1060.146	8401.000
1060.289	8479.000
1060.433	8334.000
1060.576	8531.000
1060.720	8376.000
1060.863	8440.000
1061.007	8357.000
1061.150	8421.000
1061.294	8279.000
1061.437	8462.000
1061.580	8412.000
1061.724	8497.000
1061.867	8377.000
1062.011	8528.000
1062.154	8231.000
1062.298	8503.000
1062.441	8339.000
1062.584	8461.000
1062.728	8349.000
1062.871	8569.000
1063.015	8467.000
1063.158	8627.000
1063.301	8727.000
1063.445	9008.000
1063.588	8874.000
1063.731	9049.000
1063.875	8982.000
1064.018	9180.000
1064.161	9027.000
1064.305	9210.000
1064.448	9207.000
1064.591	9321.000
1064.735	9134.000
1064.878	8864.000
1065.021	8484.000
1065.165	8583.000
1065.308	8385.000
1065.451	8511.000
1065.594	8464.000
1065.738	8527.000
1065.881	8424.000
1066.024	8414.000
1066.167	8323.000
1066.311	8467.000
1066.454	8317.000
1066.597	8475.000
1066.740	8475.000
1066.884	8522.000
1067.027	8373.000
1067.170	8518.000
1067.313	8496.000
1067.456	8410.000
1067.599	8363.000
1067.743	8483.000
1067.886	8364.000
1068.029	8494.000
1068.172	8379.000
1068.315	8505.000
1068.458	8370.000
1068.602	8433.000
1068.745	8420.000
1068.888	8471.000
1069.031	8383.000
1069.174	8506.000
1069.317	8441.000
1069.460	8440.000
1069.603	8391.000
1069.746	8577.000
1069.890	8422.000
1070.033	8444.000
1070.176	8429.000
1070.319	8507.000
1070.462	8348.000
1070.605	8495.000
1070.748	8521.000
1070.891	8540.000
1071.034	8407.000
1071.177	8458.000
1071.320	8432.000
1071.463	8475.000
1071.606	8381.000
1071.749	8439.000
1071.892	8399.000
1072.035	8544.000
1072.178	8375.000
1072.321	8479.000
1072.464	8252.000
1072.607	8525.000
1072.750	8347.000
1072.893	8450.000
1073.036	8346.000
1073.179	8491.000
1073.322	8353.000
1073.465	8428.000
1073.607	8450.000
1073.750	8377.000
1073.893	8284.000
1074.036	8460.000
1074.179	8368.000
1074.322	8403.000
1074.465	8286.000
1074.608	8530.000
1074.751	8433.000
1074.893	8478.000
1075.036	8328.000
1075.179	8457.000
1075.322	8388.000
1075.465	8467.000
1075.608	8271.000
1075.750	8508.000
1075.893	8309.000
1076.036	8354.000
1076.179	8326.000
1076.322	8423.000
1076.464	8316.000
1076.607	8540.000
1076.750	8301.000
1076.893	8309.000
1077.036	8311.000
1077.178	8503.000
1077.321	8381.000
1077.464	8371.000
1077.607	8236.000
1077.749	8481.000
1077.892	8295.000
1078.035	8439.000
1078.177	8312.000
1078.320	8457.000
1078.463	8336.000
1078.606	8437.000
1078.748	8395.000
1078.891	8472.000
1079.034	8331.000
1079.176	8480.000
1079.319	8256.000
1079.462	8349.000
1079.604	8360.000
1079.747	8399.000
1079.890	8193.000
1080.032	8501.000
1080.175	8234.000
1080.317	8319.000
1080.460	8317.000
1080.603	8438.000
1080.745	8315.000
1080.888	8382.000
1081.030	8317.000
1081.173	8330.000
1081.316	8259.000
1081.458	8326.000
1081.601	8410.000
1081.743	8337.000
1081.886	8279.000
1082.028	8335.000
1082.171	8313.000
1082.313	8399.000
1082.456	8277.000
1082.598	8307.000
1082.741	8277.000
1082.883	8373.000
1083.026	8330.000
1083.168	8403.000
1083.311	8240.000
1083.453	8437.000
1083.596	8236.000
1083.738	8366.000
1083.881	8277.000
1084.023	8456.000
1084.166	8273.000
1084.308	8495.000
1084.451	8187.000
1084.593	8506.000
1084.736	8293.000
1084.878	8420.000
1085.020	8325.000
1085.163	8439.000
1085.305	8314.000
1085.448	8352.000
1085.590	8307.000
1085.732	8440.000
1085.875	8283.000
1086.017	8424.000
1086.159	8322.000
1086.302	8414.000
1086.444	8411.000
1086.586	8452.000
1086.729	8335.000
1086.871	8428.000
1087.013	8292.000
1087.156	8473.000
1087.298	8012.000
1087.440	8490.000
1087.583	8361.000
1087.725	8437.000
1087.867	8425.000
1088.010	8390.000
1088.152	8237.000
1088.294	8416.000
1088.436	8392.000
1088.579	8554.000
1088.721	8305.000
1088.863	8438.000
1089.005	8316.000
1089.148	8483.000
1089.290	8363.000
1089.432	8420.000
1089.574	8294.000
1089.716	8511.000
1089.859	8373.000
1090.001	8489.000
1090.143	8305.000
1090.285	8522.000
1090.427	8330.000
1090.569	8517.000
1090.712	8371.000
1090.854	8391.000
1090.996	8261.000
1091.138	8394.000
1091.280	8323.000
1091.422	8597.000
1091.564	8316.000
1091.707	8456.000
1091.849	8358.000
1091.991	8440.000
1092.133	8339.000
1092.275	8454.000
1092.417	8317.000
1092.559	8436.000
1092.701	8307.000
1092.843	8403.000
1092.985	8309.000
1093.127	8472.000
1093.269	8327.000
1093.411	8465.000
1093.554	8272.000
1093.696	8372.000
1093.838	8251.000
1093.980	8453.000
1094.122	8262.000
1094.264	8359.000
1094.406	8274.000
1094.548	8360.000
1094.690	8255.000
1094.832	8418.000
1094.973	8305.000
1095.115	8414.000
1095.257	8310.000
1095.399	8456.000
1095.541	8362.000
1095.683	8409.000
1095.825	8282.000
1095.967	8437.000
1096.109	8367.000
1096.251	8445.000
1096.393	8230.000
1096.535	8437.000
1096.677	8324.000
1096.819	8372.000
1096.960	8227.000
1097.102	8403.000
1097.244	8262.000
1097.386	8365.000
1097.528	8247.000
1097.670	8409.000
1097.812	8244.000
1097.953	8364.000
1098.095	8342.000
1098.237	8347.000
1098.379	8234.000
1098.521	8324.000
1098.662	8188.000
1098.804	8454.000
1098.946	8337.000
1099.088	8369.000
1099.230	8250.000
1099.371	8294.000
1099.513	8315.000
1099.655	8366.000
1099.797	8326.000
1099.938	8449.000
1100.080	8239.000
1100.222	8370.000
1100.364	8254.000
1100.505	8426.000
1100.647	8276.000
1100.789	8406.000
1100.931	8321.000
1101.072	8428.000
1101.214	8310.000
1101.356	8267.000
1101.497	8214.000
1101.639	8394.000
1101.781	8210.000
1101.922	8311.000
1102.064	8239.000
1102.206	8332.000
1102.347	8228.000
1102.489	8329.000
1102.631	8224.000
1102.772	8402.000
1102.914	8125.000
1103.055	8431.000
1103.197	8231.000
1103.339	8350.000
1103.480	8264.000
1103.622	8356.000
1103.763	8245.000
1103.905	8371.000
1104.046	8173.000
1104.188	8325.000
1104.330	8216.000
1104.471	8380.000
1104.613	8197.000
1104.754	8362.000
1104.896	8388.000
1105.037	8363.000
1105.179	8267.000
1105.320	8349.000
1105.462	8215.000
1105.603	8394.000
1105.745	8205.000
1105.886	8388.000
1106.028	8153.000
1106.169	8489.000
1106.311	8300.000
1106.452	8442.000
1106.594	8224.000
1106.735	8400.000
1106.876	8300.000
1107.018	8367.000
1107.159	8207.000
1107.301	8345.000
1107.442	8218.000
1107.584	8400.000
1107.725	8303.000
1107.866	8399.000
1108.008	8173.000
1108.149	8353.000
1108.291	8261.000
1108.432	8350.000
1108.573	8247.000
1108.715	8383.000
1108.856	8201.000
1108.997	8396.000
1109.139	8172.000
1109.280	8397.000
1109.421	8300.000
1109.563	8453.000
1109.704	8299.000
1109.845	8368.000
1109.987	8225.000
1110.128	8334.000
1110.269	8305.000
1110.410	8435.000
1110.552	8221.000
1110.693	8411.000
1110.834	8154.000
1110.975	8401.000
1111.117	8309.000
1111.258	8396.000
1111.399	8233.000
1111.540	8399.000
1111.682	8368.000
1111.823	8357.000
1111.964	8303.000
1112.105	8441.000
1112.247	8257.000
1112.388	8447.000
1112.529	8234.000
1112.670	8475.000
1112.811	8297.000
1112.952	8363.000
1113.094	8262.000
1113.235	8410.000
1113.376	8293.000
1113.517	8363.000
1113.658	8210.000
1113.799	8421.000
1113.940	8353.000
1114.082	8475.000
1114.223	8363.000
1114.364	8523.000
1114.505	8300.000
1114.646	8454.000
1114.787	8292.000
1114.928	8419.000
1115.069	8246.000
1115.210	8429.000
1115.351	8346.000
1115.492	8494.000
1115.633	8355.000
1115.774	8518.000
1115.916	8315.000
1116.057	8511.000
1116.198	8286.000
1116.339	8495.000
1116.480	8332.000
1116.621	8423.000
1116.762	8290.000
1116.903	8458.000
1117.044	8442.000
1117.185	8441.000
1117.326	8342.000
1117.466	8539.000
1117.607	8451.000
1117.748	8544.000
1117.889	8371.000
1118.030	8605.000
1118.171	8412.000
1118.312	8589.000
1118.453	8429.000
1118.594	8639.000
1118.735	8482.000
1118.876	8531.000
1119.017	8495.000
1119.158	8602.000
1119.298	8474.000
1119.439	8562.000
1119.580	8514.000
1119.721	8752.000
1119.862	8623.000
1120.003	8693.000
1120.144	8605.000
1120.284	8793.000
1120.425	8651.000
1120.566	8721.000
1120.707	8606.000
1120.848	8807.000
1120.989	8665.000
1121.129	8841.000
1121.270	8724.000
1121.411	8894.000
1121.552	8803.000
1121.693	8878.000
1121.833	8790.000
1121.974	9020.000
1122.115	8924.000
1122.256	9002.000
1122.396	8961.000
1122.537	9119.000
1122.678	8936.000
1122.819	9114.000
1122.959	9120.000
1123.100	9285.000
1123.241	9165.000
1123.381	9280.000
1123.522	9235.000
1123.663	9319.000
1123.803	9239.000
1123.944	9427.000
1124.085	9346.000
1124.225	9503.000
1124.366	9419.000
1124.507	9575.000
1124.647	9523.000
1124.788	9771.000
1124.929	9688.000
1125.069	9831.000
1125.210	9679.000
1125.351	9887.000
1125.491	9777.000
1125.632	9989.000
1125.772	9845.000
1125.913	10114.000
1126.054	9995.000
1126.194	10148.000
1126.335	10108.000
1126.475	10288.000
1126.616	10202.000
1126.756	10429.000
1126.897	10353.000
1127.037	10480.000
1127.178	10496.000
1127.318	10541.000
1127.459	10578.000
1127.600	10720.000
1127.740	10634.000
1127.881	10645.000
1128.021	10622.000
1128.162	10820.000
1128.302	10753.000
1128.442	10874.000
1128.583	10840.000
1128.723	10923.000
1128.864	10904.000
1129.004	11001.000
1129.145	10845.000
1129.285	10913.000
1129.426	10932.000
1129.566	10937.000
1129.706	10762.000
1129.847	10810.000
1129.987	10679.000
1130.128	10652.000
1130.268	10513.000
1130.408	10535.000
1130.549	10339.000
1130.689	10280.000
1130.830	10088.000
1130.970	10114.000
1131.110	9826.000
1131.251	9768.000
1131.391	9657.000
1131.531	9600.000
1131.672	9402.000
1131.812	9347.000
1131.952	9204.000
1132.093	9382.000
1132.233	9075.000
1132.373	9158.000
1132.513	9068.000
1132.654	9182.000
1132.794	9498.000
1132.934	9070.000
1133.075	8926.000
1133.215	9042.000
1133.355	8848.000
1133.495	9037.000
1133.636	8825.000
1133.776	9010.000
1133.916	8795.000
1134.056	8842.000
1134.196	8901.000
1134.337	8949.000
1134.477	8826.000
1134.617	8936.000
1134.757	8872.000
1134.897	9060.000
1135.038	8866.000
1135.178	8956.000
1135.318	8884.000
1135.458	8947.000
1135.598	8836.000
1135.738	8946.000
1135.879	8750.000
1136.019	8763.000
1136.159	8691.000
1136.299	8639.000
1136.439	8470.000
1136.579	8670.000
1136.719	8444.000
1136.859	8506.000
1136.999	8383.000
1137.140	8442.000
1137.280	8400.000
1137.420	8428.000
1137.560	8353.000
1137.700	8342.000
1137.840	8317.000
1137.980	8335.000
1138.120	8275.000
1138.260	8383.000
1138.400	8254.000
1138.540	8384.000
1138.680	8269.000
1138.820	8427.000
1138.960	8263.000
1139.100	8313.000
1139.240	8285.000
1139.380	8311.000
1139.520	8242.000
1139.660	8319.000
1139.800	8233.000
1139.940	8301.000
1140.080	8233.000
1140.220	8312.000
1140.360	8273.000
1140.500	8320.000
1140.640	8213.000
1140.780	8236.000
1140.919	8178.000
1141.059	8257.000
1141.199	8153.000
1141.339	8319.000
1141.479	8228.000
1141.619	8305.000
1141.759	8175.000
1141.899	8237.000
1142.039	8185.000
1142.178	8263.000
1142.318	8114.000
1142.458	8327.000
1142.598	8189.000
1142.738	8341.000
1142.878	8225.000
1143.017	8350.000
1143.157	8173.000
1143.297	8327.000
1143.437	8185.000
1143.577	8266.000
1143.716	8163.000
1143.856	8333.000
1143.996	8155.000
1144.136	8340.000
1144.275	8196.000
1144.415	8325.000
1144.555	8118.000
1144.695	8292.000
1144.834	8197.000
1144.974	8375.000
1145.114	8247.000
1145.254	8334.000
1145.393	8289.000
1145.533	8439.000
1145.673	8306.000
1145.812	8306.000
1145.952	8220.000
1146.092	8401.000
1146.231	8255.000
1146.371	8359.000
1146.511	8250.000
1146.650	8404.000
1146.790	8218.000
1146.930	8444.000
1147.069	8210.000
1147.209	8477.000
1147.349	8341.000
1147.488	8395.000
1147.628	8229.000
1147.767	8372.000
1147.907	8254.000
1148.047	8354.000
1148.186	8282.000
1148.326	8429.000
1148.465	8278.000
1148.605	8367.000
1148.744	8301.000
1148.884	8415.000
1149.024	8349.000
1149.163	8371.000
1149.303	8255.000
1149.442	8453.000
1149.582	8249.000
1149.721	8380.000
1149.861	8242.000
1150.000	8363.000
1150.140	8166.000
1150.279	8422.000
1150.419	8321.000
1150.558	8344.000
1150.698	8302.000
1150.837	8449.000
1150.977	8246.000
1151.116	8420.000
1151.255	8295.000
1151.395	8354.000
1151.534	8223.000
1151.674	8330.000
1151.813	8243.000
1151.953	8309.000
1152.092	8295.000
1152.231	8388.000
1152.371	8295.000
1152.510	8371.000
1152.650	8224.000
1152.789	8420.000
1152.928	8372.000
1153.068	8376.000
1153.207	8364.000
1153.346	8402.000
1153.486	8303.000
1153.625	8383.000
1153.764	7164.000
1153.904	8379.000
1154.043	8282.000
1154.182	8324.000
1154.322	8193.000
1154.461	8374.000
1154.600	8241.000
1154.740	8394.000
1154.879	8321.000
1155.018	8382.000
1155.157	8283.000
1155.297	8334.000
1155.436	8232.000
1155.575	8454.000
1155.714	8273.000
1155.854	8373.000
1155.993	8178.000
1156.132	8412.000
1156.271	8206.000
1156.411	8291.000
1156.550	8249.000
1156.689	8312.000
1156.828	8234.000
1156.967	8322.000
1157.107	8181.000
1157.246	8382.000
1157.385	8149.000
1157.524	8404.000
1157.663	8232.000
1157.802	8280.000
1157.941	8250.000
1158.081	8243.000
1158.220	8176.000
1158.359	8207.000
1158.498	8112.000
1158.637	8217.000
1158.776	8179.000
1158.915	8326.000
1159.054	8169.000
1159.193	8316.000
1159.333	8098.000
1159.472	8223.000
1159.611	8148.000
1159.750	8206.000
1159.889	8042.000
1160.028	8195.000
1160.167	8038.000
1160.306	8181.000
1160.445	8069.000
1160.584	8224.000
1160.723	8213.000
1160.862	8221.000
1161.001	8122.000
1161.140	8330.000
1161.279	8065.000
1161.418	8194.000
1161.557	8174.000
1161.696	8292.000
1161.835	8120.000
1161.974	8347.000
1162.113	12705.000
1162.252	8335.000
1162.391	8184.000
1162.530	8266.000
1162.669	8177.000
1162.808	8288.000
1162.946	8078.000
1163.085	8257.000
1163.224	8280.000
1163.363	8392.000
1163.502	8256.000
1163.641	8259.000
1163.780	8163.000
1163.919	8302.000
1164.058	8278.000
1164.196	8392.000
1164.335	8204.000
1164.474	8320.000
1164.613	8167.000
1164.752	8345.000
1164.891	8242.000
1165.029	8368.000
1165.168	8206.000
1165.307	8362.000
1165.446	8254.000
1165.585	8370.000
1165.723	8186.000
1165.862	8253.000
1166.001	8198.000
1166.140	8375.000
1166.279	8189.000
1166.417	8351.000
1166.556	8201.000
1166.695	8402.000
1166.834	8228.000
1166.972	8364.000
1167.111	8181.000
1167.250	8380.000
1167.388	8091.000
1167.527	8349.000
1167.666	8189.000
1167.805	8345.000
1167.943	8146.000
1168.082	8400.000
1168.221	8234.000
1168.359	8355.000
1168.498	8229.000
1168.637	8386.000
1168.775	8166.000
1168.914	8397.000
1169.052	8293.000
1169.191	8292.000
1169.330	8247.000
1169.468	8418.000
1169.607	8241.000
1169.746	8358.000
1169.884	8247.000
1170.023	8358.000
1170.161	8311.000
1170.300	8369.000
1170.439	8295.000
1170.577	8372.000
1170.716	8274.000
1170.854	8448.000
1170.993	8230.000
1171.131	8418.000
1171.270	8198.000
1171.408	8402.000
1171.547	8356.000
1171.685	8475.000
1171.824	8286.000
1171.962	8373.000
1172.101	8332.000
1172.239	8495.000
1172.378	8352.000
1172.516	8497.000
1172.655	8339.000
1172.793	8493.000
1172.932	8296.000
1173.070	8379.000
1173.209	8330.000
1173.347	8499.000
1173.486	8325.000
1173.624	8330.000
1173.762	8357.000
1173.901	8555.000
1174.039	8398.000
1174.178	8441.000
1174.316	8361.000
1174.454	8382.000
1174.593	8380.000
1174.731	8522.000
