1109.929	9461.000
1110.074	9384.000
1110.220	9470.000
1110.366	9468.000
1110.511	9488.000
1110.657	9511.000
1110.802	9515.000
1110.948	9497.000
1111.094	9518.000
1111.239	9505.000
1111.385	9491.000
1111.530	9566.000
1111.676	9559.000
1111.821	9466.000
1111.967	9578.000
1112.112	9619.000
1112.258	9520.000
1112.403	9569.000
1112.549	9599.000
1112.694	9625.000
1112.840	9615.000
1112.985	9565.000
1113.131	9802.000
1113.276	9649.000
1113.421	9756.000
1113.567	9623.000
1113.712	9719.000
1113.858	9633.000
1114.003	9691.000
1114.149	9697.000
1114.294	9833.000
1114.439	9773.000
1114.585	9827.000
1114.730	9754.000
1114.875	9811.000
1115.021	9759.000
1115.166	9932.000
1115.311	9735.000
1115.457	9953.000
1115.602	9866.000
1115.747	9940.000
1115.893	9920.000
1116.038	9944.000
1116.183	9936.000
1116.329	9997.000
1116.474	9901.000
1116.619	10088.000
1116.764	9900.000
1116.910	10063.000
1117.055	9994.000
1117.200	10103.000
1117.345	9947.000
1117.490	10201.000
1117.636	10061.000
1117.781	10124.000
1117.926	10090.000
1118.071	10202.000
1118.216	10112.000
1118.362	10177.000
1118.507	10084.000
1118.652	10304.000
1118.797	10134.000
1118.942	10240.000
1119.087	10136.000
1119.232	10289.000
1119.377	10262.000
1119.523	10410.000
1119.668	10218.000
1119.813	10410.000
1119.958	10297.000
1120.103	10442.000
1120.248	10275.000
1120.393	10496.000
1120.538	10382.000
1120.683	10445.000
1120.828	10333.000
1120.973	10466.000
1121.118	10335.000
1121.263	10535.000
1121.408	10483.000
1121.553	10574.000
1121.698	10503.000
1121.843	10704.000
1121.988	10561.000
1122.133	10673.000
1122.278	10516.000
1122.423	10686.000
1122.568	10534.000
1122.713	10767.000
1122.858	10630.000
1123.002	10835.000
1123.147	10707.000
1123.292	10926.000
1123.437	10769.000
1123.582	11015.000
1123.727	10811.000
1123.872	10993.000
1124.017	10834.000
1124.161	11018.000
1124.306	10864.000
1124.451	11036.000
1124.596	10871.000
1124.741	11113.000
1124.885	10902.000
1125.030	11173.000
1125.175	11056.000
1125.320	11207.000
1125.465	11080.000
1125.609	11321.000
1125.754	11129.000
1125.899	11366.000
1126.044	11202.000
1126.188	11273.000
1126.333	11264.000
1126.478	11378.000
1126.622	11129.000
1126.767	11451.000
1126.912	11236.000
1127.056	11485.000
1127.201	11318.000
1127.346	11519.000
1127.490	11381.000
1127.635	11511.000
1127.780	11432.000
1127.924	11549.000
1128.069	11399.000
1128.214	11452.000
1128.358	11303.000
1128.503	11589.000
1128.647	11285.000
1128.792	11395.000
1128.937	11197.000
1129.081	11401.000
1129.226	11128.000
1129.370	11249.000
1129.515	11090.000
1129.659	11252.000
1129.804	11034.000
1129.948	11051.000
1130.093	10817.000
1130.237	10899.000
1130.382	10732.000
1130.526	10685.000
1130.671	10412.000
1130.815	10533.000
1130.960	10396.000
1131.104	10396.000
1131.249	10172.000
1131.393	10155.000
1131.537	10082.000
1131.682	9998.000
1131.826	9862.000
1131.971	9849.000
1132.115	9800.000
1132.260	9709.000
1132.404	9760.000
1132.548	9722.000
1132.693	9671.000
1132.837	9631.000
1132.981	9595.000
1133.126	9599.000
1133.270	9527.000
1133.414	9507.000
1133.559	9568.000
1133.703	9458.000
1133.847	9495.000
1133.992	9555.000
1134.136	9532.000
1134.280	9615.000
1134.424	9698.000
1134.569	9627.000
1134.713	9717.000
1134.857	9755.000
1135.001	9739.000
1135.146	9894.000
1135.290	9860.000
1135.434	9810.000
1135.578	9892.000
1135.722	9733.000
1135.867	9735.000
1136.011	9720.000
1136.155	9735.000
1136.299	9630.000
1136.443	9618.000
1136.587	9462.000
1136.732	9444.000
1136.876	9431.000
1137.020	9397.000
1137.164	9380.000
1137.308	9375.000
1137.452	9266.000
1137.596	9260.000
1137.740	9139.000
1137.884	9277.000
1138.028	9205.000
1138.172	9280.000
1138.316	9127.000
1138.461	9212.000
1138.605	9076.000
1138.749	9229.000
1138.893	9247.000
1139.037	9099.000
1139.181	9134.000
1139.325	9083.000
1139.469	9046.000
1139.613	9128.000
1139.757	9087.000
1139.900	9194.000
1140.044	9026.000
1140.188	9155.000
1140.332	9054.000
1140.476	9126.000
1140.620	9021.000
1140.764	9200.000
1140.908	9060.000
1141.052	9105.000
1141.196	9029.000
1141.340	9086.000
1141.484	9003.000
1141.627	9117.000
1141.771	9108.000
1141.915	9155.000
1142.059	9071.000
1142.203	9161.000
1142.347	8951.000
1142.490	9171.000
1142.634	9008.000
1142.778	9116.000
1142.922	9044.000
1143.066	9242.000
1143.209	9109.000
1143.353	9137.000
1143.497	9076.000
1143.641	9192.000
1143.784	9046.000
1143.928	9145.000
1144.072	9091.000
1144.216	9199.000
1144.359	9051.000
1144.503	9142.000
1144.647	9081.000
1144.790	9112.000
1144.934	9083.000
1145.078	9169.000
1145.221	9082.000
1145.365	9195.000
1145.509	9087.000
1145.652	9234.000
1145.796	9235.000
1145.940	9254.000
1146.083	9157.000
1146.227	9120.000
1146.370	9055.000
1146.514	9173.000
1146.657	9047.000
1146.801	9185.000
1146.945	9243.000
1147.088	9226.000
1147.232	9093.000
1147.375	9266.000
1147.519	9250.000
1147.662	9176.000
1147.806	9126.000
1147.949	9251.000
1148.093	9151.000
1148.236	9188.000
1148.380	9147.000
1148.523	9261.000
1148.667	9152.000
1148.810	9222.000
1148.954	9193.000
1149.097	9232.000
1149.241	9175.000
1149.384	9231.000
1149.527	9219.000
1149.671	9259.000
1149.814	9169.000
1149.958	9391.000
1150.101	9214.000
1150.244	9198.000
1150.388	9253.000
1150.531	9301.000
1150.674	9147.000
1150.818	9332.000
1150.961	9315.000
1151.104	9336.000
1151.248	9212.000
1151.391	9291.000
1151.534	9224.000
1151.678	9291.000
1151.821	9233.000
1151.964	9283.000
1152.108	9267.000
1152.251	9304.000
1152.394	9240.000
1152.537	9276.000
1152.681	9103.000
1152.824	9374.000
1152.967	9233.000
1153.110	9271.000
1153.253	9211.000
1153.397	9352.000
1153.540	9237.000
1153.683	9261.000
1153.826	9341.000
1153.969	9242.000
1154.113	9173.000
1154.256	9365.000
1154.399	9223.000
1154.542	9311.000
1154.685	9216.000
1154.828	9400.000
1154.971	9317.000
1155.114	9326.000
1155.258	9223.000
1155.401	9327.000
1155.544	9253.000
1155.687	9408.000
1155.830	9186.000
1155.973	9399.000
1156.116	9214.000
1156.259	9238.000
1156.402	9243.000
1156.545	9366.000
1156.688	9259.000
1156.831	9444.000
1156.974	9193.000
1157.117	9226.000
1157.260	9235.000
1157.403	9412.000
1157.546	9313.000
1157.689	9300.000
1157.832	9190.000
1157.975	9392.000
1158.118	9223.000
1158.261	9388.000
1158.404	9268.000
1158.547	9382.000
1158.689	9296.000
1158.832	9341.000
1158.975	9362.000
1159.118	9399.000
1159.261	9249.000
1159.404	9422.000
1159.547	9219.000
1159.690	9289.000
1159.832	9301.000
1159.975	9366.000
1160.118	9176.000
1160.261	9423.000
1160.404	9169.000
1160.546	9294.000
1160.689	9244.000
1160.832	9388.000
1160.975	9287.000
1161.118	9325.000
1161.260	9259.000
1161.403	9224.000
1161.546	9214.000
1161.689	9301.000
1161.831	9292.000
1161.974	9214.000
1162.117	9167.000
1162.259	9192.000
1162.402	9209.000
1162.545	9278.000
1162.687	9114.000
1162.830	9171.000
1162.973	9125.000
1163.115	9206.000
1163.258	9132.000
1163.401	9215.000
1163.543	9017.000
1163.686	9226.000
1163.829	9032.000
1163.971	9175.000
1164.114	9046.000
1164.256	9221.000
1164.399	9046.000
1164.541	9250.000
1164.684	8968.000
1164.827	9275.000
1164.969	9004.000
1165.112	9158.000
1165.254	9016.000
1165.397	9170.000
1165.539	9044.000
1165.682	9061.000
1165.824	9002.000
1165.967	9107.000
1166.109	8946.000
1166.252	9065.000
1166.394	8982.000
1166.537	9107.000
1166.679	9039.000
1166.822	9123.000
1166.964	9028.000
1167.106	9099.000
1167.249	8931.000
1167.391	9113.000
1167.534	8605.000
1167.676	9103.000
1167.818	9017.000
1167.961	9052.000
1168.103	9050.000
1168.246	9047.000
1168.388	8883.000
1168.530	9043.000
1168.673	9033.000
1168.815	9167.000
1168.957	8948.000
1169.100	9074.000
1169.242	8909.000
1169.384	9130.000
1169.526	8984.000
1169.669	9062.000
1169.811	8909.000
1169.953	9125.000
1170.095	9026.000
1170.238	9093.000
1170.380	8948.000
1170.522	9159.000
1170.664	9013.000
1170.807	9169.000
1170.949	9048.000
1171.091	9080.000
1171.233	8949.000
1171.375	9092.000
1171.518	9043.000
1171.660	9292.000
1171.802	8996.000
1171.944	9152.000
1172.086	9061.000
1172.228	9174.000
1172.371	9086.000
1172.513	9202.000
1172.655	9039.000
1172.797	9203.000
1172.939	9105.000
1173.081	9205.000
1173.223	9104.000
1173.365	9256.000
1173.507	9145.000
1173.649	9250.000
1173.791	9087.000
1173.933	9177.000
1174.075	9089.000
1174.217	9309.000
1174.359	9064.000
1174.501	9208.000
1174.643	9116.000
1174.785	9213.000
1174.927	9137.000
1175.069	9262.000
1175.211	9169.000
1175.353	9325.000
1175.495	9163.000
1175.637	9365.000
1175.779	9252.000
1175.921	9243.000
1176.063	9156.000
1176.205	9301.000
1176.347	9263.000
1176.489	9355.000
1176.631	9165.000
1176.772	9392.000
1176.914	9256.000
1177.056	9295.000
1177.198	9213.000
1177.340	9346.000
1177.482	9249.000
1177.624	9315.000
1177.765	9239.000
1177.907	9379.000
1178.049	9233.000
1178.191	9364.000
1178.333	9370.000
1178.474	9376.000
1178.616	9241.000
1178.758	9334.000
1178.900	9258.000
1179.041	9449.000
1179.183	9406.000
1179.325	9353.000
1179.467	9313.000
1179.608	9340.000
1179.750	9369.000
1179.892	9403.000
1180.033	9387.000
1180.175	9503.000
1180.317	9317.000
1180.458	9460.000
1180.600	9334.000
1180.742	9492.000
1180.883	9358.000
1181.025	9483.000
1181.167	9430.000
1181.308	9564.000
1181.450	9428.000
1181.591	9407.000
1181.733	9325.000
1181.875	9551.000
1182.016	9303.000
1182.158	9441.000
1182.299	9370.000
1182.441	9462.000
1182.582	9367.000
1182.724	9472.000
1182.866	9372.000
1183.007	9555.000
1183.149	9315.000
1183.290	9561.000
1183.432	9393.000
1183.573	9517.000
1183.715	9438.000
1183.856	9515.000
1183.998	9395.000
1184.139	9489.000
1184.280	9357.000
1184.422	9473.000
1184.563	9398.000
1184.705	9524.000
1184.846	9338.000
1184.988	9511.000
1185.129	9558.000
1185.270	9525.000
1185.412	9412.000
1185.553	9534.000
1185.694	9350.000
1185.836	9531.000
1185.977	9340.000
1186.119	9548.000
1186.260	9326.000
1186.401	9631.000
1186.543	9455.000
1186.684	9576.000
1186.825	9357.000
1186.966	9536.000
1187.108	9470.000
1187.249	9550.000
1187.390	9365.000
1187.532	9490.000
1187.673	9405.000
1187.814	9562.000
1187.955	9431.000
1188.097	9507.000
1188.238	9344.000
1188.379	9495.000
1188.520	9391.000
1188.661	9478.000
1188.803	9403.000
1188.944	9540.000
1189.085	9333.000
1189.226	9553.000
1189.367	9315.000
1189.508	9495.000
1189.650	9390.000
1189.791	9612.000
1189.932	9418.000
1190.073	9487.000
1190.214	9347.000
1190.355	9408.000
1190.496	9399.000
1190.637	9524.000
1190.778	9314.000
1190.919	9492.000
1191.061	9256.000
1191.202	9493.000
1191.343	9374.000
1191.484	9480.000
1191.625	9321.000
1191.766	9432.000
1191.907	9434.000
1192.048	9430.000
1192.189	9372.000
1192.330	9471.000
1192.471	9289.000
1192.612	9436.000
1192.753	9271.000
1192.894	9479.000
1193.035	9281.000
1193.175	9364.000
1193.316	9270.000
1193.457	9412.000
1193.598	9307.000
1193.739	9342.000
1193.880	9183.000
1194.021	9382.000
1194.162	9351.000
1194.303	9405.000
1194.444	9269.000
1194.584	9432.000
1194.725	9239.000
1194.866	9367.000
1195.007	9218.000
1195.148	9344.000
1195.289	9135.000
1195.429	9339.000
1195.570	9284.000
1195.711	9358.000
1195.852	9198.000
1195.993	9344.000
1196.133	9167.000
1196.274	9319.000
1196.415	9107.000
1196.556	9312.000
1196.696	9138.000
1196.837	9192.000
1196.978	9076.000
1197.119	9210.000
1197.259	9164.000
1197.400	9181.000
1197.541	9058.000
1197.681	9211.000
1197.822	9075.000
1197.963	9191.000
1198.103	9062.000
1198.244	9223.000
1198.385	9042.000
1198.525	9147.000
1198.666	9011.000
1198.807	9207.000
1198.947	9030.000
1199.088	9071.000
1199.228	9033.000
1199.369	9072.000
1199.509	8935.000
1199.650	9016.000
1199.791	8950.000
1199.931	9142.000
1200.072	9008.000
1200.212	9043.000
1200.353	8952.000
1200.493	9080.000
1200.634	8958.000
1200.774	8985.000
1200.915	8862.000
1201.055	8996.000
1201.196	8815.000
1201.336	8959.000
1201.477	8876.000
1201.617	8989.000
1201.758	8879.000
1201.898	8913.000
1202.039	8802.000
1202.179	8982.000
1202.319	8841.000
1202.460	8938.000
1202.600	8866.000
1202.741	8968.000
1202.881	8730.000
1203.021	8893.000
1203.162	8884.000
1203.302	8975.000
1203.442	8788.000
1203.583	8855.000
1203.723	8818.000
1203.863	8833.000
1204.004	8716.000
1204.144	8904.000
1204.284	8764.000
1204.425	8881.000
1204.565	8727.000
1204.705	8827.000
1204.845	8717.000
1204.986	8942.000
1205.126	8779.000
1205.266	8921.000
1205.406	8678.000
1205.547	8941.000
1205.687	8739.000
1205.827	8910.000
1205.967	8664.000
1206.108	8955.000
1206.248	8735.000
1206.388	8872.000
1206.528	8708.000
1206.668	8901.000
1206.808	8746.000
1206.949	8908.000
1207.089	8769.000
1207.229	8855.000
1207.369	8805.000
1207.509	8840.000
1207.649	8811.000
1207.789	8951.000
1207.929	8753.000
1208.070	8834.000
1208.210	8737.000
1208.350	8892.000
1208.490	8807.000
1208.630	8810.000
1208.770	8745.000
1208.910	8861.000
1209.050	8783.000
1209.190	8953.000
1209.330	8782.000
1209.470	8859.000
1209.610	8847.000
1209.750	8911.000
1209.890	8764.000
1210.030	8978.000
1210.170	8830.000
1210.310	8902.000
1210.450	8846.000
1210.590	8913.000
1210.730	8810.000
1210.870	8875.000
1211.009	8811.000
1211.149	8957.000
1211.289	8793.000
1211.429	8870.000
1211.569	8899.000
1211.709	8938.000
1211.849	8788.000
1211.989	8889.000
1212.128	8780.000
1212.268	9014.000
1212.408	8790.000
1212.548	8931.000
1212.688	8822.000
1212.828	9048.000
1212.967	9334.000
1213.107	8938.000
1213.247	8836.000
1213.387	8951.000
1213.527	8785.000
1213.666	8977.000
1213.806	8760.000
1213.946	9010.000
1214.086	8800.000
1214.225	8859.000
1214.365	8916.000
1214.505	8920.000
1214.644	8847.000
1214.784	8922.000
1214.924	8842.000
1215.064	9019.000
1215.203	8784.000
1215.343	8909.000
1215.483	8803.000
1215.622	8883.000
1215.762	8807.000
1215.901	8932.000
1216.041	8800.000
1216.181	8891.000
1216.320	8863.000
1216.460	8863.000
1216.599	8766.000
1216.739	9037.000
1216.879	8829.000
1217.018	8885.000
1217.158	8794.000
1217.297	8845.000
1217.437	8831.000
1217.576	8909.000
1217.716	8831.000
1217.855	8828.000
1217.995	8857.000
1218.134	8860.000
1218.274	8780.000
1218.413	8922.000
1218.553	8801.000
1218.692	8903.000
1218.832	8852.000
1218.971	8968.000
1219.111	8825.000
1219.250	8873.000
1219.390	8906.000
1219.529	8905.000
1219.669	8838.000
1219.808	8910.000
1219.947	8836.000
1220.087	8907.000
1220.226	8879.000
1220.365	8949.000
1220.505	8948.000
1220.644	8914.000
1220.784	8861.000
1220.923	8885.000
1221.062	8866.000
1221.202	8942.000
1221.341	8814.000
1221.480	8997.000
1221.619	8878.000
1221.759	9002.000
1221.898	8858.000
1222.037	8951.000
1222.177	8891.000
1222.316	8943.000
1222.455	8808.000
1222.594	9019.000
1222.734	8901.000
1222.873	9063.000
1223.012	8941.000
1223.151	9071.000
1223.290	8870.000
1223.430	9043.000
1223.569	8892.000
1223.708	8971.000
1223.847	8837.000
1223.986	9057.000
1224.126	8877.000
1224.265	9057.000
1224.404	8967.000
1224.543	9074.000
1224.682	8904.000
1224.821	9017.000
1224.960	8947.000
1225.099	9095.000
1225.239	8982.000
1225.378	9093.000
1225.517	9048.000
1225.656	9163.000
1225.795	9026.000
1225.934	9042.000
1226.073	9025.000
1226.212	9156.000
1226.351	9009.000
1226.490	9121.000
1226.629	9003.000
1226.768	9180.000
1226.907	8958.000
1227.046	9190.000
1227.185	9022.000
1227.324	9237.000
1227.463	9154.000
1227.602	9161.000
1227.741	8995.000
1227.880	9148.000
1228.019	9026.000
1228.158	9113.000
1228.297	9011.000
1228.435	9163.000
1228.574	9092.000
1228.713	9128.000
1228.852	9081.000
1228.991	9176.000
1229.130	9088.000
1229.269	9147.000
1229.408	9067.000
1229.546	9227.000
1229.685	9012.000
1229.824	9146.000
1229.963	9011.000
1230.102	9152.000
1230.241	8953.000
1230.379	9166.000
1230.518	9105.000
1230.657	9081.000
1230.796	9050.000
1230.934	9221.000
1231.073	9040.000
1231.212	9179.000
1231.351	9084.000
1231.489	9137.000
1231.628	9007.000
1231.767	9120.000
1231.906	9014.000
1232.044	9087.000
1232.183	9076.000
1232.322	9169.000
1232.460	9057.000
1232.599	9129.000
1232.738	9020.000
1232.876	9211.000
1233.015	9130.000
1233.154	9156.000
1233.292	9145.000
1233.431	9225.000
1233.569	9075.000
1233.708	9153.000
1233.847	7923.000
1233.985	9144.000
1234.124	9044.000
1234.262	9095.000
1234.401	8985.000
1234.539	9159.000
1234.678	9039.000
1234.816	9148.000
1234.955	9095.000
1235.094	9165.000
1235.232	9059.000
1235.371	9171.000
1235.509	9007.000
1235.648	9212.000
1235.786	9075.000
1235.924	9157.000
1236.063	8978.000
1236.201	9175.000
1236.340	8954.000
1236.478	9061.000
1236.617	9061.000
1236.755	9070.000
1236.894	9001.000
1237.032	9093.000
1237.170	8951.000
1237.309	9118.000
1237.447	8928.000
1237.586	9218.000
1237.724	9030.000
1237.862	9068.000
1238.001	9015.000
1238.139	9055.000
1238.277	8956.000
1238.416	9000.000
1238.554	8890.000
1238.692	8973.000
1238.831	8949.000
1238.969	9100.000
1239.107	8928.000
1239.245	9079.000
1239.384	8916.000
1239.522	9017.000
1239.660	8898.000
1239.798	9013.000
1239.937	8859.000
1240.075	9027.000
1240.213	8832.000
1240.351	8997.000
1240.490	8840.000
1240.628	9012.000
1240.766	8975.000
1240.904	9011.000
1241.042	8924.000
1241.180	9113.000
1241.319	8851.000
1241.457	8987.000
1241.595	8943.000
1241.733	9073.000
1241.871	8896.000
1242.009	9156.000
1242.147	13533.000
1242.285	9149.000
1242.424	8954.000
1242.562	9051.000
1242.700	8977.000
1242.838	9076.000
1242.976	8903.000
1243.114	9015.000
1243.252	9041.000
1243.390	9169.000
1243.528	9032.000
1243.666	9088.000
1243.804	8981.000
1243.942	9100.000
1244.080	9090.000
1244.218	9185.000
1244.356	8992.000
1244.494	9128.000
1244.632	8979.000
1244.770	9143.000
1244.908	9063.000
1245.046	9192.000
1245.184	9061.000
1245.322	9151.000
1245.460	9066.000
1245.597	9109.000
1245.735	9010.000
1245.873	9060.000
1246.011	9001.000
1246.149	9211.000
1246.287	9017.000
1246.425	9139.000
1246.563	8984.000
1246.700	9235.000
1246.838	9029.000
1246.976	9211.000
1247.114	8995.000
1247.252	9162.000
1247.390	8903.000
1247.527	9163.000
1247.665	8947.000
1247.803	9174.000
1247.941	8957.000
1248.078	9174.000
1248.216	9024.000
1248.354	9134.000
1248.492	9046.000
1248.629	9184.000
1248.767	8950.000
1248.905	9211.000
1249.042	9097.000
1249.180	9066.000
1249.318	9018.000
1249.456	9188.000
1249.593	9051.000
1249.731	9128.000
1249.869	9024.000
1250.006	9143.000
1250.144	9071.000
1250.281	9115.000
1250.419	9080.000
1250.557	9160.000
1250.694	9072.000
1250.832	9228.000
1250.970	9036.000
1251.107	9214.000
1251.245	8979.000
1251.382	9137.000
1251.520	9115.000
1251.657	9285.000
1251.795	9090.000
1251.932	9157.000
1252.070	9135.000
1252.207	9268.000
1252.345	9092.000
1252.483	9264.000
1252.620	9093.000
1252.757	9313.000
1252.895	9120.000
1253.032	9192.000
1253.170	9130.000
1253.307	9271.000
1253.445	9117.000
1253.582	9136.000
1253.720	9142.000
1253.857	9332.000
1253.995	9215.000
1254.132	9203.000
1254.269	9154.000
1254.407	9202.000
1254.544	9236.000
1254.681	9313.000
