1059.898	6375.000
1060.043	6411.000
1060.188	6343.000
1060.333	6506.000
1060.479	6333.000
1060.624	6501.000
1060.769	6335.000
1060.914	6464.000
1061.059	6342.000
1061.204	6457.000
1061.349	6293.000
1061.494	6488.000
1061.639	6359.000
1061.784	6435.000
1061.929	6350.000
1062.074	6538.000
1062.219	6327.000
1062.364	6605.000
1062.509	6512.000
1062.654	6794.000
1062.799	6674.000
1062.944	6800.000
1063.089	6831.000
1063.234	6851.000
1063.379	6754.000
1063.524	6755.000
1063.669	6666.000
1063.814	6579.000
1063.959	6442.000
1064.104	6448.000
1064.249	6388.000
1064.394	6517.000
1064.538	6391.000
1064.683	6466.000
1064.828	6307.000
1064.973	6463.000
1065.118	6427.000
1065.263	6438.000
1065.408	6408.000
1065.553	6497.000
1065.697	6349.000
1065.842	6501.000
1065.987	6316.000
1066.132	6517.000
1066.277	6320.000
1066.422	6476.000
1066.566	6421.000
1066.711	6432.000
1066.856	6375.000
1067.001	6471.000
1067.146	6342.000
1067.290	6425.000
1067.435	6394.000
1067.580	6505.000
1067.725	6347.000
1067.869	6469.000
1068.014	6326.000
1068.159	6484.000
1068.303	6327.000
1068.448	6419.000
1068.593	6385.000
1068.738	6452.000
1068.882	6323.000
1069.027	6414.000
1069.172	6295.000
1069.316	6483.000
1069.461	6340.000
1069.606	6381.000
1069.750	6356.000
1069.895	6462.000
1070.040	6355.000
1070.184	6415.000
1070.329	6373.000
1070.473	6443.000
1070.618	6291.000
1070.763	6406.000
1070.907	6290.000
1071.052	6407.000
1071.196	6344.000
1071.341	6520.000
1071.486	6319.000
1071.630	6443.000
1071.775	6375.000
1071.919	6421.000
1072.064	6295.000
1072.208	6407.000
1072.353	6299.000
1072.497	6402.000
1072.642	6369.000
1072.786	6404.000
1072.931	6328.000
1073.075	6437.000
1073.220	6357.000
1073.364	6413.000
1073.509	6380.000
1073.653	6444.000
1073.798	6295.000
1073.942	6432.000
1074.087	6352.000
1074.231	6422.000
1074.376	6343.000
1074.520	6356.000
1074.664	6296.000
1074.809	6347.000
1074.953	6304.000
1075.098	6479.000
1075.242	6317.000
1075.386	6415.000
1075.531	6339.000
1075.675	6400.000
1075.819	6358.000
1075.964	6464.000
1076.108	6260.000
1076.252	6489.000
1076.397	6324.000
1076.541	6401.000
1076.685	6401.000
1076.830	6480.000
1076.974	6434.000
1077.118	6477.000
1077.263	6428.000
1077.407	6508.000
1077.551	6442.000
1077.695	6599.000
1077.840	6393.000
1077.984	6549.000
1078.128	6399.000
1078.272	6493.000
1078.417	6595.000
1078.561	6637.000
1078.705	6515.000
1078.849	6627.000
1078.994	6540.000
1079.138	6565.000
1079.282	6525.000
1079.426	6591.000
1079.570	6560.000
1079.714	6667.000
1079.859	6507.000
1080.003	6615.000
1080.147	6581.000
1080.291	6646.000
1080.435	6537.000
1080.579	6563.000
1080.723	6570.000
1080.868	6705.000
1081.012	6574.000
1081.156	6635.000
1081.300	6542.000
1081.444	6710.000
1081.588	6602.000
1081.732	6658.000
1081.876	6570.000
1082.020	6671.000
1082.164	6531.000
1082.308	6710.000
1082.452	6661.000
1082.596	6729.000
1082.740	6646.000
1082.884	6725.000
1083.028	6650.000
1083.172	6694.000
1083.316	6647.000
1083.460	6766.000
1083.604	6619.000
1083.748	6767.000
1083.892	6701.000
1084.036	6745.000
1084.180	6707.000
1084.324	6838.000
1084.468	6646.000
1084.612	6852.000
1084.756	6767.000
1084.900	6803.000
1085.044	6864.000
1085.188	6900.000
1085.332	6757.000
1085.476	6904.000
1085.619	6740.000
1085.763	6856.000
1085.907	6837.000
1086.051	6994.000
1086.195	6865.000
1086.339	6969.000
1086.483	6798.000
1086.626	6890.000
1086.770	6854.000
1086.914	6914.000
1087.058	6917.000
1087.202	7001.000
1087.346	6835.000
1087.489	6904.000
1087.633	6820.000
1087.777	6933.000
1087.921	6835.000
1088.064	6989.000
1088.208	6786.000
1088.352	6930.000
1088.496	6750.000
1088.639	6973.000
1088.783	6893.000
1088.927	6868.000
1089.071	6886.000
1089.214	6889.000
1089.358	6801.000
1089.502	6905.000
1089.645	6835.000
1089.789	6976.000
1089.933	6796.000
1090.076	6946.000
1090.220	6803.000
1090.364	6891.000
1090.507	6753.000
1090.651	7002.000
1090.795	6819.000
1090.938	6879.000
1091.082	6735.000
1091.226	6858.000
1091.369	6696.000
1091.513	6867.000
1091.656	6780.000
1091.800	6924.000
1091.944	6746.000
1092.087	6856.000
1092.231	6596.000
1092.374	6819.000
1092.518	6664.000
1092.661	6823.000
1092.805	6622.000
1092.948	6869.000
1093.092	6702.000
1093.235	6776.000
1093.379	6644.000
1093.522	6803.000
1093.666	6609.000
1093.809	6741.000
1093.953	6639.000
1094.096	6808.000
1094.240	6606.000
1094.383	6738.000
1094.527	6643.000
1094.670	6747.000
1094.814	6681.000
1094.957	6803.000
1095.101	6643.000
1095.244	6860.000
1095.387	6745.000
1095.531	6912.000
1095.674	6815.000
1095.818	6981.000
1095.961	6863.000
1096.104	6923.000
1096.248	6809.000
1096.391	6976.000
1096.534	6839.000
1096.678	7038.000
1096.821	7011.000
1096.964	7068.000
1097.108	6874.000
1097.251	7091.000
1097.394	7033.000
1097.538	7016.000
1097.681	6873.000
1097.824	7057.000
1097.968	6927.000
1098.111	6998.000
1098.254	6919.000
1098.397	7087.000
1098.541	6898.000
1098.684	7026.000
1098.827	6948.000
1098.970	7022.000
1099.114	6951.000
1099.257	7074.000
1099.400	7003.000
1099.543	7092.000
1099.686	6955.000
1099.830	7211.000
1099.973	7046.000
1100.116	7087.000
1100.259	7069.000
1100.402	7171.000
1100.545	6981.000
1100.689	7173.000
1100.832	7148.000
1100.975	7243.000
1101.118	7085.000
1101.261	7172.000
1101.404	7120.000
1101.547	7223.000
1101.691	7127.000
1101.834	7265.000
1101.977	7212.000
1102.120	7326.000
1102.263	7200.000
1102.406	7331.000
1102.549	7078.000
1102.692	7422.000
1102.835	7244.000
1102.978	7342.000
1103.121	7271.000
1103.264	7472.000
1103.407	7311.000
1103.550	7455.000
1103.693	7458.000
1103.836	7434.000
1103.979	7351.000
1104.122	7558.000
1104.265	7453.000
1104.408	7588.000
1104.551	7444.000
1104.694	7696.000
1104.837	7629.000
1104.980	7679.000
1105.123	7563.000
1105.266	7735.000
1105.409	7630.000
1105.552	7763.000
1105.695	7632.000
1105.838	7841.000
1105.980	7684.000
1106.123	7790.000
1106.266	7797.000
1106.409	7895.000
1106.552	7797.000
1106.695	8066.000
1106.838	7818.000
1106.980	7902.000
1107.123	7929.000
1107.266	8115.000
1107.409	8040.000
1107.552	8059.000
1107.695	7965.000
1107.837	8259.000
1107.980	8122.000
1108.123	8260.000
1108.266	8192.000
1108.409	8353.000
1108.551	8292.000
1108.694	8409.000
1108.837	8420.000
1108.980	8537.000
1109.122	8441.000
1109.265	8649.000
1109.408	8486.000
1109.551	8650.000
1109.693	8648.000
1109.836	8750.000
1109.979	8589.000
1110.121	8901.000
1110.264	8696.000
1110.407	8889.000
1110.549	8852.000
1110.692	9028.000
1110.835	8995.000
1110.977	9123.000
1111.120	9123.000
1111.263	9146.000
1111.405	9178.000
1111.548	9319.000
1111.691	9414.000
1111.833	9391.000
1111.976	9389.000
1112.118	9495.000
1112.261	9528.000
1112.404	9654.000
1112.546	9606.000
1112.689	9737.000
1112.831	9780.000
1112.974	9856.000
1113.116	9856.000
1113.259	10017.000
1113.401	9945.000
1113.544	10196.000
1113.686	10057.000
1113.829	10288.000
1113.971	10271.000
1114.114	10506.000
1114.256	10417.000
1114.399	10666.000
1114.541	10475.000
1114.684	10802.000
1114.826	10640.000
1114.969	10856.000
1115.111	10849.000
1115.254	11044.000
1115.396	11036.000
1115.539	11145.000
1115.681	11222.000
1115.823	11372.000
1115.966	11318.000
1116.108	11468.000
1116.251	11478.000
1116.393	11668.000
1116.535	11740.000
1116.678	11859.000
1116.820	11956.000
1116.962	12010.000
1117.105	11995.000
1117.247	12247.000
1117.389	11992.000
1117.532	12451.000
1117.674	12532.000
1117.816	12618.000
1117.959	12700.000
1118.101	12745.000
1118.243	12743.000
1118.386	12977.000
1118.528	13072.000
1118.670	13219.000
1118.812	13187.000
1118.955	13336.000
1119.097	13383.000
1119.239	13655.000
1119.381	13724.000
1119.524	13836.000
1119.666	13838.000
1119.808	14065.000
1119.950	14093.000
1120.093	14157.000
1120.235	14244.000
1120.377	14491.000
1120.519	14604.000
1120.661	14817.000
1120.803	14926.000
1120.946	14910.000
1121.088	14910.000
1121.230	15152.000
1121.372	15281.000
1121.514	15507.000
1121.656	15392.000
1121.798	15595.000
1121.941	15624.000
1122.083	15772.000
1122.225	15837.000
1122.367	15999.000
1122.509	16115.000
1122.651	16362.000
1122.793	16525.000
1122.935	16833.000
1123.077	16905.000
1123.219	17013.000
1123.361	17010.000
1123.503	17048.000
1123.645	17177.000
1123.787	17339.000
1123.929	17635.000
1124.071	17942.000
1124.213	17920.000
1124.355	18161.000
1124.497	18284.000
1124.639	18363.000
1124.781	18553.000
1124.923	18558.000
1125.065	18455.000
1125.207	18522.000
1125.349	18591.000
1125.491	18871.000
1125.633	19169.000
1125.775	19267.000
1125.917	19431.000
1126.059	19581.000
1126.201	19756.000
1126.343	19885.000
1126.485	20069.000
1126.626	20160.000
1126.768	20253.000
1126.910	20336.000
1127.052	20390.000
1127.194	20448.000
1127.336	20470.000
1127.478	20464.000
1127.619	20445.000
1127.761	20511.000
1127.903	20643.000
1128.045	20835.000
1128.187	21048.000
1128.329	20878.000
1128.470	20968.000
1128.612	20906.000
1128.754	20926.000
1128.896	21053.000
1129.037	21025.000
1129.179	20867.000
1129.321	20812.000
1129.463	20394.000
1129.604	20452.000
1129.746	20288.000
1129.888	20345.000
1130.030	20270.000
1130.171	20076.000
1130.313	19953.000
1130.455	19802.000
1130.596	19576.000
1130.738	19271.000
1130.880	19018.000
1131.021	18746.000
1131.163	18371.000
1131.305	18051.000
1131.446	17560.000
1131.588	17278.000
1131.730	16978.000
1131.871	16518.000
1132.013	16203.000
1132.155	15844.000
1132.296	15469.000
1132.438	15133.000
1132.579	14799.000
1132.721	14521.000
1132.863	14290.000
1133.004	13763.000
1133.146	13676.000
1133.287	13320.000
1133.429	13089.000
1133.570	12845.000
1133.712	12730.000
1133.853	12424.000
1133.995	12335.000
1134.136	12095.000
1134.278	12029.000
1134.419	11732.000
1134.561	11661.000
1134.702	11388.000
1134.844	11528.000
1134.985	11675.000
1135.127	11722.000
1135.268	11675.000
1135.410	11882.000
1135.551	11760.000
1135.693	11920.000
1135.834	11748.000
1135.975	11929.000
1136.117	11815.000
1136.258	12107.000
1136.400	12044.000
1136.541	12123.000
1136.682	11857.000
1136.824	11857.000
1136.965	11647.000
1137.107	11607.000
1137.248	11264.000
1137.389	11193.000
1137.531	10881.000
1137.672	10862.000
1137.813	10584.000
1137.955	10539.000
1138.096	10185.000
1138.237	10168.000
1138.379	9918.000
1138.520	9845.000
1138.661	9675.000
1138.802	9681.000
1138.944	9386.000
1139.085	9493.000
1139.226	9158.000
1139.368	9283.000
1139.509	9069.000
1139.650	9167.000
1139.791	8878.000
1139.933	8919.000
1140.074	8692.000
1140.215	8731.000
1140.356	8611.000
1140.497	8747.000
1140.639	8428.000
1140.780	8551.000
1140.921	8222.000
1141.062	8409.000
1141.203	8324.000
1141.344	8356.000
1141.486	8175.000
1141.627	8291.000
1141.768	8200.000
1141.909	8215.000
1142.050	8062.000
1142.191	8205.000
1142.332	7977.000
1142.473	8142.000
1142.615	7933.000
1142.756	8155.000
1142.897	7900.000
1143.038	8012.000
1143.179	7876.000
1143.320	8058.000
1143.461	7882.000
1143.602	7882.000
1143.743	7753.000
1143.884	7928.000
1144.025	7848.000
1144.166	7963.000
1144.307	7798.000
1144.448	7951.000
1144.589	7741.000
1144.730	7909.000
1144.871	7741.000
1145.012	7908.000
1145.153	7653.000
1145.294	7838.000
1145.435	7754.000
1145.576	7863.000
1145.717	7691.000
1145.858	7859.000
1145.999	7653.000
1146.140	7818.000
1146.281	7559.000
1146.422	7734.000
1146.562	7548.000
1146.703	7632.000
1146.844	7473.000
1146.985	7648.000
1147.126	7582.000
1147.267	7623.000
1147.408	7453.000
1147.549	7598.000
1147.689	7488.000
1147.830	7618.000
1147.971	7433.000
1148.112	7633.000
1148.253	7431.000
1148.394	7565.000
1148.534	7400.000
1148.675	7633.000
1148.816	7416.000
1148.957	7507.000
1149.097	7432.000
1149.238	7537.000
1149.379	7359.000
1149.520	7474.000
1149.661	7336.000
1149.801	7573.000
1149.942	7423.000
1150.083	7509.000
1150.223	7395.000
1150.364	7533.000
1150.505	7420.000
1150.646	7503.000
1150.786	7364.000
1150.927	7540.000
1151.068	7340.000
1151.208	7509.000
1151.349	7413.000
1151.490	7561.000
1151.630	7400.000
1151.771	7531.000
1151.912	7338.000
1152.052	7579.000
1152.193	7421.000
1152.333	7530.000
1152.474	7429.000
1152.615	7542.000
1152.755	7330.000
1152.896	7521.000
1153.036	7530.000
1153.177	7642.000
1153.318	7450.000
1153.458	7558.000
1153.599	7480.000
1153.739	7566.000
1153.880	7402.000
1154.020	7603.000
1154.161	7465.000
1154.301	7562.000
1154.442	7416.000
1154.582	7603.000
1154.723	7435.000
1154.863	7660.000
1155.004	7495.000
1155.144	7671.000
1155.285	7454.000
1155.425	7671.000
1155.566	7455.000
1155.706	7662.000
1155.847	7480.000
1155.987	7717.000
1156.127	7456.000
1156.268	7648.000
1156.408	7491.000
1156.549	7645.000
1156.689	7467.000
1156.829	7742.000
1156.970	7538.000
1157.110	7678.000
1157.251	7604.000
1157.391	7658.000
1157.531	7579.000
1157.672	7723.000
1157.812	7583.000
1157.952	7674.000
1158.093	7553.000
1158.233	7716.000
1158.373	7641.000
1158.514	7692.000
1158.654	7599.000
1158.794	7670.000
1158.935	7614.000
1159.075	7794.000
1159.215	7576.000
1159.355	7701.000
1159.496	7661.000
1159.636	7739.000
1159.776	7588.000
1159.916	7793.000
1160.057	7676.000
1160.197	7787.000
1160.337	7652.000
1160.477	7754.000
1160.617	7634.000
1160.758	7720.000
1160.898	7585.000
1161.038	7736.000
1161.178	7615.000
1161.318	7703.000
1161.459	7671.000
1161.599	7738.000
1161.739	7572.000
1161.879	7646.000
1162.019	7535.000
1162.159	7785.000
1162.299	7527.000
1162.439	7656.000
1162.580	7516.000
1162.720	7747.000
1162.860	7932.000
1163.000	7651.000
1163.140	7522.000
1163.280	7614.000
1163.420	7412.000
1163.560	7651.000
1163.700	7408.000
1163.840	7627.000
1163.980	7422.000
1164.120	7447.000
1164.260	7448.000
1164.400	7531.000
1164.540	7355.000
1164.680	7496.000
1164.820	7359.000
1164.960	7542.000
1165.100	7314.000
1165.240	7430.000
1165.380	7263.000
1165.520	7371.000
1165.660	7255.000
1165.800	7403.000
1165.940	7267.000
1166.080	7363.000
1166.220	7295.000
1166.360	7371.000
1166.500	7227.000
1166.640	7465.000
1166.780	7213.000
1166.919	7345.000
1167.059	7187.000
1167.199	7262.000
1167.339	7203.000
1167.479	7273.000
1167.619	7160.000
1167.759	7205.000
1167.898	7189.000
1168.038	7233.000
1168.178	7189.000
1168.318	7302.000
1168.458	7140.000
1168.598	7281.000
1168.737	7175.000
1168.877	7341.000
1169.017	7156.000
1169.157	7256.000
1169.297	7189.000
1169.436	7226.000
1169.576	7203.000
1169.716	7238.000
1169.856	7209.000
1169.995	7240.000
1170.135	7187.000
1170.275	7278.000
1170.414	7254.000
1170.554	7268.000
1170.694	7180.000
1170.834	7223.000
1170.973	7163.000
1171.113	7242.000
1171.253	7137.000
1171.392	7315.000
1171.532	7164.000
1171.672	7292.000
1171.811	7153.000
1171.951	7244.000
1172.091	7148.000
1172.230	7265.000
1172.370	7096.000
1172.509	7334.000
1172.649	7181.000
1172.789	7317.000
1172.928	7204.000
1173.068	7338.000
1173.207	7158.000
1173.347	7335.000
1173.486	7151.000
1173.626	7277.000
1173.766	7113.000
1173.905	7394.000
1174.045	7138.000
1174.184	7345.000
1174.324	7190.000
1174.463	7372.000
1174.603	7145.000
1174.742	7323.000
1174.882	7193.000
1175.021	7367.000
1175.161	7248.000
1175.300	7350.000
1175.440	7287.000
1175.579	7428.000
1175.719	7277.000
1175.858	7353.000
1175.997	7284.000
1176.137	7419.000
1176.276	7228.000
1176.416	7395.000
1176.555	7263.000
1176.695	7436.000
1176.834	7235.000
1176.973	7451.000
1177.113	7264.000
1177.252	7511.000
1177.391	7382.000
1177.531	7451.000
1177.670	7256.000
1177.809	7449.000
1177.949	7273.000
1178.088	7402.000
1178.227	7334.000
1178.367	7461.000
1178.506	7349.000
1178.645	7449.000
1178.785	7356.000
1178.924	7496.000
1179.063	7395.000
1179.203	7489.000
1179.342	7307.000
1179.481	7532.000
1179.620	7325.000
1179.760	7471.000
1179.899	7325.000
1180.038	7491.000
1180.177	7245.000
1180.317	7527.000
1180.456	7442.000
1180.595	7422.000
1180.734	7407.000
1180.873	7567.000
1181.013	7373.000
1181.152	7528.000
1181.291	7420.000
1181.430	7512.000
1181.569	7364.000
1181.708	7468.000
1181.848	7398.000
1181.987	7456.000
1182.126	7423.000
1182.265	7538.000
1182.404	7409.000
1182.543	7541.000
1182.682	7394.000
1182.821	7599.000
1182.960	7484.000
1183.100	7547.000
1183.239	7510.000
1183.378	7604.000
1183.517	7463.000
1183.656	7618.000
1183.795	6601.000
1183.934	7559.000
1184.073	7453.000
1184.212	7506.000
1184.351	7355.000
1184.490	7581.000
1184.629	7375.000
1184.768	7590.000
1184.907	7456.000
1185.046	7565.000
1185.185	7459.000
1185.324	7526.000
1185.463	7399.000
1185.602	7608.000
1185.741	7457.000
1185.880	7543.000
1186.019	7378.000
1186.158	7579.000
1186.296	7394.000
1186.435	7524.000
1186.574	7442.000
1186.713	7509.000
1186.852	7424.000
1186.991	7579.000
1187.130	7407.000
1187.269	7630.000
1187.408	7382.000
1187.546	7654.000
1187.685	7485.000
1187.824	7545.000
1187.963	7483.000
1188.102	7552.000
1188.241	7430.000
1188.379	7500.000
1188.518	7429.000
1188.657	7511.000
1188.796	7437.000
1188.935	7630.000
1189.073	7462.000
1189.212	7631.000
1189.351	7399.000
1189.490	7543.000
1189.629	7407.000
1189.767	7533.000
1189.906	7337.000
1190.045	7552.000
1190.183	7320.000
1190.322	7545.000
1190.461	7394.000
1190.600	7576.000
1190.738	7498.000
1190.877	7584.000
1191.016	7438.000
1191.154	7673.000
1191.293	7408.000
1191.432	7566.000
1191.570	7471.000
1191.709	7612.000
1191.848	7451.000
1191.986	7701.000
1192.125	10395.000
1192.264	7667.000
1192.402	7531.000
1192.541	7603.000
1192.679	7525.000
1192.818	7641.000
1192.957	7420.000
1193.095	7609.000
1193.234	7591.000
1193.372	7733.000
1193.511	7581.000
1193.649	7617.000
1193.788	7496.000
1193.926	7639.000
1194.065	7578.000
1194.204	7703.000
1194.342	7544.000
1194.481	7647.000
1194.619	7504.000
1194.758	7714.000
1194.896	7562.000
1195.035	7718.000
1195.173	7553.000
1195.311	7695.000
1195.450	7587.000
1195.588	7653.000
1195.727	7528.000
1195.865	7615.000
1196.004	7501.000
1196.142	7721.000
1196.281	7520.000
1196.419	7660.000
1196.557	7490.000
1196.696	7700.000
1196.834	7493.000
1196.973	7697.000
1197.111	7486.000
1197.249	7661.000
1197.388	7380.000
1197.526	7623.000
1197.664	7422.000
1197.803	7649.000
1197.941	7402.000
1198.079	7652.000
1198.218	7436.000
1198.356	7584.000
1198.494	7412.000
1198.633	7635.000
1198.771	7330.000
1198.909	7574.000
1199.048	7422.000
1199.186	7456.000
1199.324	7368.000
1199.462	7560.000
1199.601	7379.000
1199.739	7478.000
1199.877	7348.000
1200.015	7489.000
1200.154	7390.000
1200.292	7448.000
1200.430	7353.000
1200.568	7459.000
1200.706	7319.000
1200.845	7493.000
1200.983	7249.000
1201.121	7464.000
1201.259	7206.000
1201.397	7394.000
1201.535	7322.000
1201.674	7462.000
1201.812	7217.000
1201.950	7357.000
1202.088	7251.000
1202.226	7386.000
1202.364	7191.000
1202.502	7390.000
1202.640	7203.000
1202.778	7378.000
1202.917	7155.000
1203.055	7248.000
1203.193	7143.000
1203.331	7305.000
1203.469	7109.000
1203.607	7099.000
1203.745	7092.000
1203.883	7340.000
1204.021	7143.000
1204.159	7187.000
1204.297	7058.000
1204.435	7124.000
1204.573	7122.000
1204.711	7249.000
