1129.938	9494.000
1130.084	9303.000
1130.229	9328.000
1130.375	9321.000
1130.521	9276.000
1130.667	9359.000
1130.813	9273.000
1130.958	9321.000
1131.104	9318.000
1131.250	9299.000
1131.396	9281.000
1131.542	9351.000
1131.687	9332.000
1131.833	9261.000
1131.979	9291.000
1132.124	9390.000
1132.270	9274.000
1132.416	9470.000
1132.561	9548.000
1132.707	9786.000
1132.853	10055.000
1132.998	10221.000
1133.144	10836.000
1133.290	10759.000
1133.435	11157.000
1133.581	10845.000
1133.727	10941.000
1133.872	10364.000
1134.018	10183.000
1134.163	9765.000
1134.309	9638.000
1134.455	9435.000
1134.600	9356.000
1134.746	9212.000
1134.891	9116.000
1135.037	9096.000
1135.182	9131.000
1135.328	9028.000
1135.473	9074.000
1135.619	9031.000
1135.764	8998.000
1135.910	9025.000
1136.055	8930.000
1136.201	9012.000
1136.346	8891.000
1136.492	8900.000
1136.637	8945.000
1136.783	8871.000
1136.928	8886.000
1137.074	8911.000
1137.219	8863.000
1137.364	8831.000
1137.510	8892.000
1137.655	8894.000
1137.801	8802.000
1137.946	8852.000
1138.091	8734.000
1138.237	8862.000
1138.382	8747.000
1138.527	8772.000
1138.673	8798.000
1138.818	8751.000
1138.963	8739.000
1139.109	8773.000
1139.254	8687.000
1139.399	8800.000
1139.544	8751.000
1139.690	8708.000
1139.835	8698.000
1139.980	8760.000
1140.125	8693.000
1140.271	8700.000
1140.416	8730.000
1140.561	8734.000
1140.706	8605.000
1140.851	8666.000
1140.997	8596.000
1141.142	8677.000
1141.287	8648.000
1141.432	8740.000
1141.577	8574.000
1141.723	8698.000
1141.868	8672.000
1142.013	8651.000
1142.158	8560.000
1142.303	8609.000
1142.448	8567.000
1142.593	8596.000
1142.738	8591.000
1142.883	8621.000
1143.028	8540.000
1143.174	8621.000
1143.319	8582.000
1143.464	8634.000
1143.609	8613.000
1143.754	8575.000
1143.899	8532.000
1144.044	8592.000
1144.189	8573.000
1144.334	8615.000
1144.479	8536.000
1144.624	8549.000
1144.769	8506.000
1144.914	8489.000
1145.059	8480.000
1145.204	8633.000
1145.348	8471.000
1145.493	8562.000
1145.638	8505.000
1145.783	8539.000
1145.928	8497.000
1146.073	8592.000
1146.218	8361.000
1146.363	8624.000
1146.508	8498.000
1146.653	8521.000
1146.797	8523.000
1146.942	8560.000
1147.087	8536.000
1147.232	8553.000
1147.377	8486.000
1147.522	8549.000
1147.666	8486.000
1147.811	8610.000
1147.956	8466.000
1148.101	8580.000
1148.245	8384.000
1148.390	8481.000
1148.535	8582.000
1148.680	8581.000
1148.824	8516.000
1148.969	8587.000
1149.114	8535.000
1149.259	8531.000
1149.403	8475.000
1149.548	8541.000
1149.693	8566.000
1149.837	8602.000
1149.982	8499.000
1150.127	8570.000
1150.271	8524.000
1150.416	8595.000
1150.561	8505.000
1150.705	8475.000
1150.850	8509.000
1150.994	8627.000
1151.139	8588.000
1151.284	8545.000
1151.428	8499.000
1151.573	8580.000
1151.717	8523.000
1151.862	8523.000
1152.006	8443.000
1152.151	8547.000
1152.295	8433.000
1152.440	8619.000
1152.584	8530.000
1152.729	8552.000
1152.873	8505.000
1153.018	8558.000
1153.162	8514.000
1153.307	8487.000
1153.451	8469.000
1153.596	8569.000
1153.740	8430.000
1153.885	8526.000
1154.029	8532.000
1154.174	8506.000
1154.318	8470.000
1154.462	8554.000
1154.607	8381.000
1154.751	8562.000
1154.896	8471.000
1155.040	8494.000
1155.184	8517.000
1155.329	8543.000
1155.473	8417.000
1155.617	8516.000
1155.762	8335.000
1155.906	8452.000
1156.050	8430.000
1156.194	8585.000
1156.339	8443.000
1156.483	8495.000
1156.627	8339.000
1156.772	8401.000
1156.916	8421.000
1157.060	8468.000
1157.204	8451.000
1157.349	8529.000
1157.493	8352.000
1157.637	8444.000
1157.781	8355.000
1157.925	8475.000
1158.070	8362.000
1158.214	8520.000
1158.358	8324.000
1158.502	8456.000
1158.646	8292.000
1158.790	8514.000
1158.935	8471.000
1159.079	8388.000
1159.223	8423.000
1159.367	8410.000
1159.511	8321.000
1159.655	8443.000
1159.799	8375.000
1159.943	8490.000
1160.087	8312.000
1160.231	8445.000
1160.375	8342.000
1160.519	8445.000
1160.664	8311.000
1160.808	8497.000
1160.952	8329.000
1161.096	8418.000
1161.240	8298.000
1161.384	8427.000
1161.528	8242.000
1161.672	8423.000
1161.815	8349.000
1161.959	8477.000
1162.103	8325.000
1162.247	8460.000
1162.391	8187.000
1162.535	8448.000
1162.679	8251.000
1162.823	8437.000
1162.967	8298.000
1163.111	8483.000
1163.255	8352.000
1163.399	8411.000
1163.542	8297.000
1163.686	8432.000
1163.830	8285.000
1163.974	8395.000
1164.118	8303.000
1164.262	8421.000
1164.405	8263.000
1164.549	8360.000
1164.693	8257.000
1164.837	8407.000
1164.981	8310.000
1165.124	8388.000
1165.268	8251.000
1165.412	8456.000
1165.556	8306.000
1165.699	8461.000
1165.843	8427.000
1165.987	8482.000
1166.131	8384.000
1166.274	8342.000
1166.418	8267.000
1166.562	8429.000
1166.705	8296.000
1166.849	8456.000
1166.993	8467.000
1167.136	8469.000
1167.280	8321.000
1167.424	8498.000
1167.567	8432.000
1167.711	8388.000
1167.854	8310.000
1167.998	8452.000
1168.142	8363.000
1168.285	8434.000
1168.429	8336.000
1168.572	8493.000
1168.716	8354.000
1168.859	8447.000
1169.003	8395.000
1169.147	8463.000
1169.290	8421.000
1169.434	8504.000
1169.577	8415.000
1169.721	8482.000
1169.864	8346.000
1170.008	8565.000
1170.151	8411.000
1170.294	8432.000
1170.438	8410.000
1170.581	8498.000
1170.725	8311.000
1170.868	8453.000
1171.012	8445.000
1171.155	8494.000
1171.298	8334.000
1171.442	8404.000
1171.585	8366.000
1171.729	8462.000
1171.872	8339.000
1172.015	8417.000
1172.159	8387.000
1172.302	8467.000
1172.445	8351.000
1172.589	8404.000
1172.732	8207.000
1172.875	8513.000
1173.019	8317.000
1173.162	8406.000
1173.305	8299.000
1173.449	8464.000
1173.592	8295.000
1173.735	8412.000
1173.878	8393.000
1174.022	8378.000
1174.165	8275.000
1174.308	8432.000
1174.451	8325.000
1174.594	8401.000
1174.738	8278.000
1174.881	8518.000
1175.024	8397.000
1175.167	8425.000
1175.310	8269.000
1175.454	8406.000
1175.597	8343.000
1175.740	8463.000
1175.883	8253.000
1176.026	8465.000
1176.169	8325.000
1176.312	8333.000
1176.455	8318.000
1176.598	8399.000
1176.742	8290.000
1176.885	8505.000
1177.028	8272.000
1177.171	8275.000
1177.314	8297.000
1177.457	8469.000
1177.600	8331.000
1177.743	8351.000
1177.886	8221.000
1178.029	8444.000
1178.172	8281.000
1178.315	8401.000
1178.458	8291.000
1178.601	8397.000
1178.744	8283.000
1178.887	8420.000
1179.030	8363.000
1179.173	8451.000
1179.316	8283.000
1179.458	8460.000
1179.601	8243.000
1179.744	8345.000
1179.887	8309.000
1180.030	8423.000
1180.173	8206.000
1180.316	8458.000
1180.459	8205.000
1180.602	8347.000
1180.744	8255.000
1180.887	8426.000
1181.030	8283.000
1181.173	8397.000
1181.316	8295.000
1181.458	8349.000
1181.601	8232.000
1181.744	8316.000
1181.887	8359.000
1182.030	8308.000
1182.172	8272.000
1182.315	8326.000
1182.458	8298.000
1182.601	8405.000
1182.743	8291.000
1182.886	8330.000
1183.029	8265.000
1183.171	8365.000
1183.314	8255.000
1183.457	8343.000
1183.599	8240.000
1183.742	8433.000
1183.885	8209.000
1184.027	8353.000
1184.170	8250.000
1184.313	8463.000
1184.455	8257.000
1184.598	8470.000
1184.741	8214.000
1184.883	8514.000
1185.026	8293.000
1185.168	8425.000
1185.311	8268.000
1185.453	8437.000
1185.596	8329.000
1185.739	8365.000
1185.881	8279.000
1186.024	8443.000
1186.166	8267.000
1186.309	8388.000
1186.451	8271.000
1186.594	8457.000
1186.736	8349.000
1186.879	8447.000
1187.021	8384.000
1187.164	8435.000
1187.306	8251.000
1187.448	8451.000
1187.591	7970.000
1187.733	8448.000
1187.876	8350.000
1188.018	8418.000
1188.160	8395.000
1188.303	8409.000
1188.445	8257.000
1188.588	8380.000
1188.730	8355.000
1188.872	8540.000
1189.015	8341.000
1189.157	8387.000
1189.299	8317.000
1189.442	8498.000
1189.584	8353.000
1189.726	8426.000
1189.869	8297.000
1190.011	8488.000
1190.153	8424.000
1190.295	8478.000
1190.438	8306.000
1190.580	8506.000
1190.722	8349.000
1190.864	8516.000
1191.007	8429.000
1191.149	8444.000
1191.291	8298.000
1191.433	8451.000
1191.576	8375.000
1191.718	8603.000
1191.860	8343.000
1192.002	8518.000
1192.144	8428.000
1192.286	8522.000
1192.429	8401.000
1192.571	8562.000
1192.713	8397.000
1192.855	8592.000
1192.997	8432.000
1193.139	8536.000
1193.281	8432.000
1193.423	8615.000
1193.565	8466.000
1193.707	8589.000
1193.850	8438.000
1193.992	8509.000
1194.134	8406.000
1194.276	8595.000
1194.418	8411.000
1194.560	8536.000
1194.702	8406.000
1194.844	8515.000
1194.986	8443.000
1195.128	8551.000
1195.270	8500.000
1195.412	8605.000
1195.554	8428.000
1195.696	8588.000
1195.837	8497.000
1195.979	8556.000
1196.121	8429.000
1196.263	8592.000
1196.405	8523.000
1196.547	8577.000
1196.689	8419.000
1196.831	8612.000
1196.973	8470.000
1197.115	8536.000
1197.256	8427.000
1197.398	8577.000
1197.540	8450.000
1197.682	8555.000
1197.824	8406.000
1197.966	8627.000
1198.107	8442.000
1198.249	8578.000
1198.391	8533.000
1198.533	8577.000
1198.675	8452.000
1198.816	8576.000
1198.958	8430.000
1199.100	8638.000
1199.242	8560.000
1199.383	8575.000
1199.525	8489.000
1199.667	8491.000
1199.808	8506.000
1199.950	8600.000
1200.092	8550.000
1200.233	8645.000
1200.375	8452.000
1200.517	8583.000
1200.658	8473.000
1200.800	8592.000
1200.942	8445.000
1201.083	8589.000
1201.225	8500.000
1201.367	8626.000
1201.508	8453.000
1201.650	8427.000
1201.791	8341.000
1201.933	8597.000
1202.074	8324.000
1202.216	8499.000
1202.358	8363.000
1202.499	8444.000
1202.641	8357.000
1202.782	8467.000
1202.924	8330.000
1203.065	8521.000
1203.207	8246.000
1203.348	8535.000
1203.490	8361.000
1203.631	8438.000
1203.773	8368.000
1203.914	8475.000
1204.056	8345.000
1204.197	8471.000
1204.338	8331.000
1204.480	8442.000
1204.621	8349.000
1204.763	8493.000
1204.904	8319.000
1205.045	8475.000
1205.187	8518.000
1205.328	8511.000
1205.470	8385.000
1205.611	8526.000
1205.752	8341.000
1205.894	8497.000
1206.035	8375.000
1206.176	8526.000
1206.318	8305.000
1206.459	8643.000
1206.600	8416.000
1206.741	8575.000
1206.883	8384.000
1207.024	8551.000
1207.165	8444.000
1207.306	8499.000
1207.448	8352.000
1207.589	8474.000
1207.730	8375.000
1207.871	8576.000
1208.013	8441.000
1208.154	8516.000
1208.295	8310.000
1208.436	8502.000
1208.577	8372.000
1208.719	8459.000
1208.860	8396.000
1209.001	8478.000
1209.142	8298.000
1209.283	8503.000
1209.424	8329.000
1209.565	8525.000
1209.706	8397.000
1209.848	8574.000
1209.989	8389.000
1210.130	8477.000
1210.271	8350.000
1210.412	8416.000
1210.553	8422.000
1210.694	8561.000
1210.835	8359.000
1210.976	8523.000
1211.117	8252.000
1211.258	8502.000
1211.399	8415.000
1211.540	8531.000
1211.681	8322.000
1211.822	8494.000
1211.963	8465.000
1212.104	8462.000
1212.245	8387.000
1212.386	8551.000
1212.527	8357.000
1212.668	8515.000
1212.809	8344.000
1212.950	8580.000
1213.090	8366.000
1213.231	8485.000
1213.372	8322.000
1213.513	8532.000
1213.654	8378.000
1213.795	8448.000
1213.936	8281.000
1214.077	8506.000
1214.217	8445.000
1214.358	8535.000
1214.499	8400.000
1214.640	8569.000
1214.781	8347.000
1214.921	8539.000
1215.062	8367.000
1215.203	8491.000
1215.344	8264.000
1215.485	8495.000
1215.625	8440.000
1215.766	8547.000
1215.907	8352.000
1216.047	8548.000
1216.188	8372.000
1216.329	8498.000
1216.470	8303.000
1216.610	8508.000
1216.751	8356.000
1216.892	8434.000
1217.032	8265.000
1217.173	8449.000
1217.314	8416.000
1217.454	8451.000
1217.595	8346.000
1217.735	8480.000
1217.876	8374.000
1218.017	8493.000
1218.157	8333.000
1218.298	8505.000
1218.438	8323.000
1218.579	8469.000
1218.720	8315.000
1218.860	8576.000
1219.001	8367.000
1219.141	8444.000
1219.282	8368.000
1219.422	8437.000
1219.563	8291.000
1219.703	8413.000
1219.844	8326.000
1219.984	8535.000
1220.125	8391.000
1220.265	8466.000
1220.406	8345.000
1220.546	8539.000
1220.687	8369.000
1220.827	8443.000
1220.967	8322.000
1221.108	8469.000
1221.248	8303.000
1221.389	8456.000
1221.529	8352.000
1221.669	8497.000
1221.810	8377.000
1221.950	8422.000
1222.091	8302.000
1222.231	8525.000
1222.371	8383.000
1222.512	8468.000
1222.652	8396.000
1222.792	8543.000
1222.933	8299.000
1223.073	8452.000
1223.213	8433.000
1223.353	8575.000
1223.494	8404.000
1223.634	8443.000
1223.774	8395.000
1223.914	8451.000
1224.055	8336.000
1224.195	8512.000
1224.335	8365.000
1224.475	8514.000
1224.616	8368.000
1224.756	8509.000
1224.896	8356.000
1225.036	8585.000
1225.176	8381.000
1225.316	8576.000
1225.457	8336.000
1225.597	8565.000
1225.737	8421.000
1225.877	8554.000
1226.017	8383.000
1226.157	8599.000
1226.297	8368.000
1226.437	8530.000
1226.578	8367.000
1226.718	8563.000
1226.858	8413.000
1226.998	8583.000
1227.138	8460.000
1227.278	8536.000
1227.418	8475.000
1227.558	8519.000
1227.698	8492.000
1227.838	8645.000
1227.978	8481.000
1228.118	8552.000
1228.258	8405.000
1228.398	8619.000
1228.538	8499.000
1228.678	8511.000
1228.818	8469.000
1228.958	8568.000
1229.098	8468.000
1229.238	8656.000
1229.377	8441.000
1229.517	8574.000
1229.657	8524.000
1229.797	8611.000
1229.937	8483.000
1230.077	8690.000
1230.217	8531.000
1230.357	8626.000
1230.496	8571.000
1230.636	8695.000
1230.776	8548.000
1230.916	8634.000
1231.056	8526.000
1231.196	8657.000
1231.335	8520.000
1231.475	8599.000
1231.615	8588.000
1231.755	8653.000
1231.894	8528.000
1232.034	8583.000
1232.174	8491.000
1232.314	8717.000
1232.453	8492.000
1232.593	8631.000
1232.733	8568.000
1232.873	8713.000
1233.012	9143.000
1233.152	8646.000
1233.292	8515.000
1233.431	8631.000
1233.571	8486.000
1233.711	8718.000
1233.850	8509.000
1233.990	8714.000
1234.129	8537.000
1234.269	8563.000
1234.409	8601.000
1234.548	8646.000
1234.688	8521.000
1234.828	8657.000
1234.967	8566.000
1235.107	8704.000
1235.246	8516.000
1235.386	8583.000
1235.525	8476.000
1235.665	8586.000
1235.804	8484.000
1235.944	8629.000
1236.083	8508.000
1236.223	8617.000
1236.362	8567.000
1236.502	8583.000
1236.641	8475.000
1236.781	8735.000
1236.920	8502.000
1237.060	8604.000
1237.199	8492.000
1237.339	8549.000
1237.478	8513.000
1237.617	8580.000
1237.757	8491.000
1237.896	8492.000
1238.036	8502.000
1238.175	8541.000
1238.314	8510.000
1238.454	8583.000
1238.593	8452.000
1238.732	8598.000
1238.872	8506.000
1239.011	8678.000
1239.150	8487.000
1239.290	8539.000
1239.429	8533.000
1239.568	8569.000
1239.708	8524.000
1239.847	8606.000
1239.986	8495.000
1240.125	8572.000
1240.265	8520.000
1240.404	8596.000
1240.543	8548.000
1240.682	8556.000
1240.822	8513.000
1240.961	8504.000
1241.100	8497.000
1241.239	8578.000
1241.378	8459.000
1241.518	8649.000
1241.657	8500.000
1241.796	8635.000
1241.935	8505.000
1242.074	8552.000
1242.213	8500.000
1242.352	8580.000
1242.492	8442.000
1242.631	8643.000
1242.770	8515.000
1242.909	8670.000
1243.048	8533.000
1243.187	8650.000
1243.326	8508.000
1243.465	8647.000
1243.604	8489.000
1243.743	8612.000
1243.882	8490.000
1244.021	8702.000
1244.160	8462.000
1244.299	8662.000
1244.438	8504.000
1244.577	8664.000
1244.716	8447.000
1244.855	8608.000
1244.994	8556.000
1245.133	8686.000
1245.272	8579.000
1245.411	8651.000
1245.550	8608.000
1245.689	8724.000
1245.828	8605.000
1245.967	8637.000
1246.106	8577.000
1246.244	8732.000
1246.383	8573.000
1246.522	8663.000
1246.661	8558.000
1246.800	8739.000
1246.939	8498.000
1247.078	8720.000
1247.216	8527.000
1247.355	8785.000
1247.494	8639.000
1247.633	8723.000
1247.772	8517.000
1247.910	8659.000
1248.049	8554.000
1248.188	8637.000
1248.327	8547.000
1248.465	8688.000
1248.604	8613.000
1248.743	8638.000
1248.882	8593.000
1249.020	8714.000
1249.159	8599.000
1249.298	8665.000
1249.436	8516.000
1249.575	8712.000
1249.714	8497.000
1249.852	8621.000
1249.991	8481.000
1250.130	8665.000
1250.268	8432.000
1250.407	8697.000
1250.546	8569.000
1250.684	8591.000
1250.823	8568.000
1250.961	8673.000
1251.100	8494.000
1251.239	8666.000
1251.377	8550.000
1251.516	8610.000
1251.654	8455.000
1251.793	8581.000
1251.931	8468.000
1252.070	8562.000
1252.208	8483.000
1252.347	8587.000
1252.485	8493.000
1252.624	8587.000
1252.762	8428.000
1252.901	8671.000
1253.039	8562.000
1253.178	8620.000
1253.316	8537.000
1253.455	8613.000
1253.593	8492.000
1253.732	8608.000
1253.870	7315.000
1254.008	8576.000
1254.147	8465.000
1254.285	8512.000
1254.424	8378.000
1254.562	8555.000
1254.700	8395.000
1254.839	8563.000
1254.977	8473.000
1255.115	8588.000
1255.254	8432.000
1255.392	8520.000
1255.530	8395.000
1255.669	8592.000
1255.807	8450.000
1255.945	8528.000
1256.084	8353.000
1256.222	8543.000
1256.360	8331.000
1256.498	8449.000
1256.637	8419.000
1256.775	8465.000
1256.913	8393.000
1257.051	8493.000
1257.189	8328.000
1257.328	8532.000
1257.466	8329.000
1257.604	8564.000
1257.742	8380.000
1257.880	8431.000
1258.019	8408.000
1258.157	8397.000
1258.295	8324.000
1258.433	8367.000
1258.571	8290.000
1258.709	8342.000
1258.847	8275.000
1258.986	8487.000
1259.124	8307.000
1259.262	8476.000
1259.400	8235.000
1259.538	8401.000
1259.676	8269.000
1259.814	8369.000
1259.952	8219.000
1260.090	8378.000
1260.228	8180.000
1260.366	8342.000
1260.504	8234.000
1260.642	8355.000
1260.780	8329.000
1260.918	8342.000
1261.056	8253.000
1261.194	8470.000
1261.332	8209.000
1261.470	8355.000
1261.608	8317.000
1261.746	8426.000
1261.884	8229.000
1262.022	8436.000
1262.160	12973.000
1262.297	8453.000
1262.435	8282.000
1262.573	8391.000
1262.711	8302.000
1262.849	8426.000
1262.987	8197.000
1263.125	8362.000
1263.262	8384.000
1263.400	8529.000
1263.538	8383.000
1263.676	8420.000
1263.814	8321.000
1263.952	8424.000
1264.089	8403.000
1264.227	8480.000
1264.365	8351.000
1264.503	8445.000
1264.640	8294.000
1264.778	8474.000
1264.916	8362.000
1265.054	8523.000
1265.191	8382.000
1265.329	8497.000
1265.467	8383.000
1265.604	8534.000
1265.742	8338.000
1265.880	8412.000
1266.017	8350.000
1266.155	8518.000
1266.293	8324.000
1266.430	8501.000
1266.568	8332.000
1266.706	8628.000
1266.843	8494.000
1266.981	8508.000
1267.119	8312.000
1267.256	8495.000
1267.394	8226.000
1267.531	8470.000
1267.669	8299.000
1267.806	8507.000
1267.944	8306.000
1268.081	8510.000
1268.219	8391.000
1268.357	8471.000
1268.494	8335.000
1268.632	8553.000
1268.769	8285.000
1268.907	8558.000
1269.044	8406.000
1269.182	8421.000
1269.319	8333.000
1269.456	8537.000
1269.594	8388.000
1269.731	8474.000
1269.869	8379.000
1270.006	8471.000
1270.144	8406.000
1270.281	8501.000
1270.418	8430.000
1270.556	8509.000
1270.693	8383.000
1270.831	8562.000
1270.968	8374.000
1271.105	8533.000
1271.243	8323.000
1271.380	8490.000
1271.517	8466.000
1271.655	8611.000
1271.792	8404.000
1271.929	8490.000
1272.066	8438.000
1272.204	8619.000
1272.341	8448.000
1272.478	8614.000
1272.616	8459.000
1272.753	8647.000
1272.890	8436.000
1273.027	8511.000
1273.165	8451.000
1273.302	8602.000
1273.439	8453.000
1273.576	8458.000
1273.713	8467.000
1273.851	8644.000
1273.988	8519.000
1274.125	8542.000
1274.262	8481.000
1274.399	8532.000
1274.536	8536.000
1274.673	8609.000
