929.762	8864.000
929.906	8845.000
930.049	8815.000
930.193	8919.000
930.337	8823.000
930.481	8951.000
930.625	8831.000
930.769	8874.000
930.913	8808.000
931.057	8868.000
931.201	8763.000
931.345	8890.000
931.488	8819.000
931.632	8806.000
931.776	8809.000
931.920	8933.000
932.064	8729.000
932.208	8897.000
932.352	8764.000
932.495	8924.000
932.639	8781.000
932.783	8786.000
932.927	8910.000
933.071	8853.000
933.215	8816.000
933.359	8806.000
933.502	8826.000
933.646	8796.000
933.790	8770.000
933.934	8810.000
934.078	8816.000
934.221	8873.000
934.365	8831.000
934.509	8817.000
934.653	8732.000
934.797	8811.000
934.940	8814.000
935.084	8779.000
935.228	8850.000
935.372	8820.000
935.515	8807.000
935.659	8850.000
935.803	8753.000
935.947	8874.000
936.090	8718.000
936.234	8798.000
936.378	8793.000
936.522	8765.000
936.665	8756.000
936.809	8809.000
936.953	8741.000
937.097	8741.000
937.240	8796.000
937.384	8821.000
937.528	8751.000
937.671	8803.000
937.815	8719.000
937.959	8804.000
938.102	8695.000
938.246	8733.000
938.390	8762.000
938.534	8705.000
938.677	8687.000
938.821	8680.000
938.965	8617.000
939.108	8794.000
939.252	8691.000
939.396	8626.000
939.539	8663.000
939.683	8726.000
939.826	8683.000
939.970	8655.000
940.114	8679.000
940.257	8722.000
940.401	8579.000
940.545	8645.000
940.688	8571.000
940.832	8640.000
940.975	8615.000
941.119	8725.000
941.263	8610.000
941.406	8653.000
941.550	8603.000
941.693	8611.000
941.837	8533.000
941.981	8591.000
942.124	8550.000
942.268	8564.000
942.411	8579.000
942.555	8591.000
942.698	8567.000
942.842	8571.000
942.986	8579.000
943.129	8553.000
943.273	8589.000
943.416	8552.000
943.560	8508.000
943.703	8579.000
943.847	8574.000
943.990	8613.000
944.134	8506.000
944.277	8504.000
944.421	8469.000
944.564	8455.000
944.708	8482.000
944.851	8611.000
944.995	8461.000
945.138	8556.000
945.282	8474.000
945.425	8496.000
945.569	8490.000
945.712	8553.000
945.856	8361.000
945.999	8582.000
946.143	8411.000
946.286	8470.000
946.430	8523.000
946.573	8542.000
946.716	8490.000
946.860	8501.000
947.003	8470.000
947.147	8520.000
947.290	8461.000
947.434	8582.000
947.577	8456.000
947.720	8548.000
947.864	8383.000
948.007	8446.000
948.151	8542.000
948.294	8555.000
948.437	8480.000
948.581	8562.000
948.724	8533.000
948.868	8510.000
949.011	8455.000
949.154	8513.000
949.298	8528.000
949.441	8590.000
949.584	8462.000
949.728	8550.000
949.871	8480.000
950.015	8580.000
950.158	8452.000
950.301	8456.000
950.445	8488.000
950.588	8600.000
950.731	8536.000
950.875	8509.000
951.018	8474.000
951.161	8561.000
951.304	8490.000
951.448	8474.000
951.591	8398.000
951.734	8510.000
951.878	8414.000
952.021	8522.000
952.164	8506.000
952.308	8540.000
952.451	8455.000
952.594	8508.000
952.737	8445.000
952.881	8447.000
953.024	8420.000
953.167	8523.000
953.310	8363.000
953.454	8491.000
953.597	8462.000
953.740	8448.000
953.883	8448.000
954.027	8532.000
954.170	8381.000
954.313	8514.000
954.456	8427.000
954.600	8413.000
954.743	8462.000
954.886	8490.000
955.029	8360.000
955.172	8504.000
955.316	8287.000
955.459	8414.000
955.602	8387.000
955.745	8516.000
955.888	8409.000
956.032	8485.000
956.175	8307.000
956.318	8379.000
956.461	8363.000
956.604	8414.000
956.747	8345.000
956.890	8505.000
957.034	8299.000
957.177	8394.000
957.320	8272.000
957.463	8443.000
957.606	8313.000
957.749	8478.000
957.892	8279.000
958.036	8438.000
958.179	8258.000
958.322	8450.000
958.465	8442.000
958.608	8346.000
958.751	8366.000
958.894	8399.000
959.037	8265.000
959.180	8386.000
959.323	8297.000
959.467	8440.000
959.610	8282.000
959.753	8424.000
959.896	8283.000
960.039	8410.000
960.182	8230.000
960.325	8466.000
960.468	8311.000
960.611	8361.000
960.754	8236.000
960.897	8357.000
961.040	8218.000
961.183	8370.000
961.326	8313.000
961.469	8434.000
961.612	8298.000
961.755	8397.000
961.898	8163.000
962.041	8430.000
962.184	8253.000
962.327	8384.000
962.470	8262.000
962.613	8453.000
962.756	8340.000
962.899	8417.000
963.042	8286.000
963.185	8425.000
963.328	8267.000
963.471	8364.000
963.614	8287.000
963.757	8431.000
963.900	8249.000
964.043	8358.000
964.186	8235.000
964.329	8353.000
964.472	8287.000
964.615	8384.000
964.758	8277.000
964.900	8425.000
965.043	8298.000
965.186	8437.000
965.329	8393.000
965.472	8473.000
965.615	8353.000
965.758	8341.000
965.901	8259.000
966.044	8368.000
966.187	8242.000
966.329	8401.000
966.472	8421.000
966.615	8448.000
966.758	8286.000
966.901	8459.000
967.044	8415.000
967.187	8369.000
967.330	8283.000
967.472	8466.000
967.615	8321.000
967.758	8431.000
967.901	8300.000
968.044	8471.000
968.187	8286.000
968.329	8390.000
968.472	8330.000
968.615	8418.000
968.758	8329.000
968.901	8419.000
969.043	8347.000
969.186	8402.000
969.329	8304.000
969.472	8529.000
969.615	8344.000
969.757	8355.000
969.900	8391.000
970.043	8461.000
970.186	8281.000
970.328	8443.000
970.471	8423.000
970.614	8481.000
970.757	8326.000
970.899	8369.000
971.042	8329.000
971.185	8416.000
971.328	8307.000
971.470	8392.000
971.613	8320.000
971.756	8462.000
971.899	8335.000
972.041	8419.000
972.184	8157.000
972.327	8472.000
972.469	8302.000
972.612	8371.000
972.755	8286.000
972.898	8474.000
973.040	8279.000
973.183	8406.000
973.326	8367.000
973.468	8319.000
973.611	8270.000
973.754	8433.000
973.896	8294.000
974.039	8376.000
974.182	8231.000
974.324	8469.000
974.467	8401.000
974.610	8442.000
974.752	8302.000
974.895	8426.000
975.037	8333.000
975.180	8435.000
975.323	8253.000
975.465	8442.000
975.608	8283.000
975.751	8259.000
975.893	8323.000
976.036	8374.000
976.178	8232.000
976.321	8479.000
976.464	8216.000
976.606	8252.000
976.749	8257.000
976.891	8469.000
977.034	8284.000
977.176	8314.000
977.319	8180.000
977.462	8387.000
977.604	8211.000
977.747	8392.000
977.889	8246.000
978.032	8403.000
978.174	8272.000
978.317	8350.000
978.459	8320.000
978.602	8400.000
978.744	8249.000
978.887	8399.000
979.029	8195.000
979.172	8306.000
979.314	8274.000
979.457	8341.000
979.599	8131.000
979.742	8409.000
979.884	8180.000
980.027	8264.000
980.169	8178.000
980.312	8369.000
980.454	8245.000
980.597	8364.000
980.739	8245.000
980.882	8265.000
981.024	8185.000
981.167	8314.000
981.309	8298.000
981.452	8262.000
981.594	8214.000
981.736	8243.000
981.879	8222.000
982.021	8298.000
982.164	8206.000
982.306	8300.000
982.449	8242.000
982.591	8296.000
982.733	8206.000
982.876	8323.000
983.018	8194.000
983.161	8356.000
983.303	8164.000
983.445	8328.000
983.588	8167.000
983.730	8379.000
983.873	8206.000
984.015	8426.000
984.157	8114.000
984.300	8448.000
984.442	8211.000
984.584	8364.000
984.727	8218.000
984.869	8372.000
985.011	8235.000
985.154	8263.000
985.296	8214.000
985.438	8362.000
985.581	8181.000
985.723	8276.000
985.865	8234.000
986.008	8361.000
986.150	8273.000
986.292	8356.000
986.435	8273.000
986.577	8337.000
986.719	8200.000
986.861	8353.000
987.004	7870.000
987.146	8366.000
987.288	8287.000
987.431	8302.000
987.573	8273.000
987.715	8278.000
987.857	8145.000
988.000	8303.000
988.142	8260.000
988.284	8386.000
988.426	8212.000
988.569	8303.000
988.711	8169.000
988.853	8366.000
988.995	8209.000
989.138	8293.000
989.280	8148.000
989.422	8366.000
989.564	8265.000
989.706	8320.000
989.849	8200.000
989.991	8383.000
990.133	8178.000
990.275	8368.000
990.417	8243.000
990.560	8271.000
990.702	8109.000
990.844	8305.000
990.986	8240.000
991.128	8490.000
991.270	8206.000
991.413	8373.000
991.555	8239.000
991.697	8347.000
991.839	8232.000
991.981	8381.000
992.123	8230.000
992.265	8388.000
992.408	8244.000
992.550	8341.000
992.692	8250.000
992.834	8380.000
992.976	8245.000
993.118	8406.000
993.260	8219.000
993.402	8279.000
993.544	8171.000
993.687	8412.000
993.829	8200.000
993.971	8303.000
994.113	8169.000
994.255	8286.000
994.397	8189.000
994.539	8354.000
994.681	8228.000
994.823	8343.000
994.965	8195.000
995.107	8375.000
995.249	8266.000
995.391	8317.000
995.533	8196.000
995.675	8356.000
995.817	8291.000
995.959	8340.000
996.101	8182.000
996.243	8374.000
996.385	8238.000
996.527	8323.000
996.669	8208.000
996.811	8337.000
996.953	8220.000
997.095	8305.000
997.237	8200.000
997.379	8351.000
997.521	8172.000
997.663	8320.000
997.805	8283.000
997.947	8308.000
998.089	8217.000
998.231	8283.000
998.373	8157.000
998.515	8385.000
998.657	8295.000
998.799	8290.000
998.941	8174.000
999.083	8224.000
999.225	8255.000
999.367	8349.000
999.509	8279.000
999.651	8420.000
999.793	8197.000
999.934	8339.000
1000.076	8220.000
1000.218	8371.000
1000.360	8235.000
1000.502	8365.000
1000.644	8256.000
1000.786	8374.000
1000.928	8275.000
1001.070	8233.000
1001.212	8163.000
1001.353	8378.000
1001.495	8144.000
1001.637	8305.000
1001.779	8178.000
1001.921	8275.000
1002.063	8197.000
1002.205	8292.000
1002.346	8197.000
1002.488	8388.000
1002.630	8084.000
1002.772	8361.000
1002.914	8188.000
1003.055	8323.000
1003.197	8205.000
1003.339	8278.000
1003.481	8188.000
1003.623	8346.000
1003.765	8127.000
1003.906	8270.000
1004.048	8199.000
1004.190	8309.000
1004.332	8161.000
1004.473	8303.000
1004.615	8321.000
1004.757	8324.000
1004.899	8207.000
1005.041	8353.000
1005.182	8169.000
1005.324	8325.000
1005.466	8196.000
1005.608	8351.000
1005.749	8122.000
1005.891	8428.000
1006.033	8223.000
1006.175	8404.000
1006.316	8167.000
1006.458	8360.000
1006.600	8215.000
1006.741	8351.000
1006.883	8171.000
1007.025	8305.000
1007.167	8165.000
1007.308	8337.000
1007.450	8267.000
1007.592	8332.000
1007.733	8124.000
1007.875	8314.000
1008.017	8221.000
1008.158	8273.000
1008.300	8189.000
1008.442	8311.000
1008.583	8112.000
1008.725	8358.000
1008.867	8121.000
1009.008	8365.000
1009.150	8211.000
1009.292	8399.000
1009.433	8186.000
1009.575	8290.000
1009.716	8166.000
1009.858	8242.000
1010.000	8211.000
1010.141	8351.000
1010.283	8172.000
1010.425	8353.000
1010.566	8058.000
1010.708	8319.000
1010.849	8202.000
1010.991	8348.000
1011.132	8146.000
1011.274	8275.000
1011.416	8263.000
1011.557	8256.000
1011.699	8210.000
1011.840	8366.000
1011.982	8145.000
1012.123	8316.000
1012.265	8144.000
1012.407	8352.000
1012.548	8165.000
1012.690	8241.000
1012.831	8141.000
1012.973	8311.000
1013.114	8184.000
1013.256	8352.000
1013.397	8266.000
1013.539	8583.000
1013.680	8556.000
1013.822	8713.000
1013.963	8630.000
1014.105	8783.000
1014.246	8664.000
1014.388	8967.000
1014.529	8967.000
1014.671	9141.000
1014.812	8608.000
1014.954	8557.000
1015.095	8345.000
1015.237	8368.000
1015.378	8154.000
1015.520	8313.000
1015.661	8091.000
1015.803	8252.000
1015.944	8013.000
1016.085	8227.000
1016.227	8076.000
1016.368	8153.000
1016.510	7988.000
1016.651	8179.000
1016.793	8128.000
1016.934	8180.000
1017.075	8080.000
1017.217	8187.000
1017.358	8067.000
1017.500	8212.000
1017.641	8038.000
1017.782	8242.000
1017.924	8052.000
1018.065	8178.000
1018.207	8018.000
1018.348	8263.000
1018.489	8015.000
1018.631	8148.000
1018.772	8077.000
1018.913	8175.000
1019.055	8010.000
1019.196	8088.000
1019.337	7995.000
1019.479	8235.000
1019.620	8093.000
1019.761	8146.000
1019.903	8026.000
1020.044	8180.000
1020.185	8047.000
1020.327	8108.000
1020.468	7962.000
1020.609	8167.000
1020.751	7932.000
1020.892	8121.000
1021.033	7973.000
1021.175	8134.000
1021.316	8018.000
1021.457	8085.000
1021.598	7977.000
1021.740	8160.000
1021.881	8036.000
1022.022	8092.000
1022.164	8029.000
1022.305	8175.000
1022.446	7923.000
1022.587	8104.000
1022.729	8084.000
1022.870	8210.000
1023.011	8013.000
1023.152	8108.000
1023.294	8016.000
1023.435	8090.000
1023.576	7980.000
1023.717	8150.000
1023.858	7997.000
1024.000	8137.000
1024.141	8015.000
1024.282	8091.000
1024.423	7997.000
1024.564	8211.000
1024.706	8036.000
1024.847	8174.000
1024.988	7966.000
1025.129	8192.000
1025.270	8010.000
1025.412	8208.000
1025.553	7987.000
1025.694	8203.000
1025.835	7998.000
1025.976	8123.000
1026.117	8013.000
1026.258	8194.000
1026.400	7983.000
1026.541	8204.000
1026.682	8048.000
1026.823	8152.000
1026.964	8096.000
1027.105	8119.000
1027.246	8087.000
1027.388	8242.000
1027.529	8063.000
1027.670	8126.000
1027.811	8005.000
1027.952	8168.000
1028.093	8066.000
1028.234	8100.000
1028.375	8034.000
1028.516	8154.000
1028.657	8099.000
1028.798	8225.000
1028.939	8032.000
1029.081	8171.000
1029.222	8155.000
1029.363	8192.000
1029.504	8043.000
1029.645	8244.000
1029.786	8081.000
1029.927	8251.000
1030.068	8154.000
1030.209	8220.000
1030.350	8101.000
1030.491	8176.000
1030.632	8107.000
1030.773	8234.000
1030.914	8087.000
1031.055	8139.000
1031.196	8180.000
1031.337	8216.000
1031.478	8107.000
1031.619	8155.000
1031.760	8061.000
1031.901	8301.000
1032.042	8095.000
1032.183	8197.000
1032.324	8129.000
1032.465	8317.000
1032.606	8682.000
1032.747	8221.000
1032.888	8106.000
1033.029	8211.000
1033.170	8058.000
1033.311	8274.000
1033.452	8047.000
1033.592	8277.000
1033.733	8096.000
1033.874	8145.000
1034.015	8165.000
1034.156	8209.000
1034.297	8105.000
1034.438	8160.000
1034.579	8080.000
1034.720	8249.000
1034.861	8060.000
1035.002	8145.000
1035.142	8051.000
1035.283	8162.000
1035.424	8064.000
1035.565	8192.000
1035.706	8108.000
1035.847	8138.000
1035.988	8102.000
1036.129	8149.000
1036.269	8020.000
1036.410	8291.000
1036.551	8066.000
1036.692	8163.000
1036.833	8075.000
1036.974	8105.000
1037.114	8067.000
1037.255	8132.000
1037.396	8054.000
1037.537	8063.000
1037.678	8064.000
1037.819	8115.000
1037.959	8069.000
1038.100	8136.000
1038.241	8038.000
1038.382	8136.000
1038.523	8056.000
1038.663	8227.000
1038.804	8079.000
1038.945	8149.000
1039.086	8077.000
1039.226	8134.000
1039.367	8093.000
1039.508	8125.000
1039.649	8087.000
1039.789	8154.000
1039.930	8110.000
1040.071	8169.000
1040.212	8135.000
1040.352	8155.000
1040.493	8064.000
1040.634	8101.000
1040.775	8087.000
1040.915	8140.000
1041.056	8055.000
1041.197	8240.000
1041.337	8097.000
1041.478	8234.000
1041.619	8052.000
1041.760	8162.000
1041.900	8074.000
1042.041	8183.000
1042.182	8033.000
1042.322	8260.000
1042.463	8104.000
1042.604	8266.000
1042.744	8141.000
1042.885	8243.000
1043.026	8076.000
1043.166	8275.000
1043.307	8077.000
1043.448	8201.000
1043.588	8058.000
1043.729	8288.000
1043.869	8106.000
1044.010	8279.000
1044.151	8115.000
1044.291	8278.000
1044.432	8068.000
1044.573	8241.000
1044.713	8108.000
1044.854	8291.000
1044.994	8174.000
1045.135	8271.000
1045.276	8221.000
1045.416	8334.000
1045.557	8219.000
1045.697	8248.000
1045.838	8204.000
1045.978	8351.000
1046.119	8168.000
1046.260	8301.000
1046.400	8182.000
1046.541	8349.000
1046.681	8148.000
1046.822	8352.000
1046.962	8161.000
1047.103	8423.000
1047.243	8306.000
1047.384	8344.000
1047.524	8157.000
1047.665	8289.000
1047.805	8220.000
1047.946	8307.000
1048.087	8216.000
1048.227	8366.000
1048.368	8239.000
1048.508	8308.000
1048.649	8224.000
1048.789	8348.000
1048.929	8277.000
1049.070	8330.000
1049.210	8211.000
1049.351	8407.000
1049.491	8197.000
1049.632	8311.000
1049.772	8192.000
1049.913	8333.000
1050.053	8128.000
1050.194	8330.000
1050.334	8273.000
1050.475	8273.000
1050.615	8249.000
1050.755	8366.000
1050.896	8215.000
1051.036	8367.000
1051.177	8236.000
1051.317	8325.000
1051.458	8177.000
1051.598	8291.000
1051.738	8213.000
1051.879	8265.000
1052.019	8209.000
1052.160	8312.000
1052.300	8201.000
1052.440	8290.000
1052.581	8192.000
1052.721	8361.000
1052.861	8268.000
1053.002	8340.000
1053.142	8278.000
1053.282	8343.000
1053.423	8221.000
1053.563	8322.000
1053.704	7102.000
1053.844	8294.000
1053.984	8218.000
1054.125	8269.000
1054.265	8162.000
1054.405	8296.000
1054.546	8179.000
1054.686	8303.000
1054.826	8241.000
1054.966	8317.000
1055.107	8228.000
1055.247	8296.000
1055.387	8168.000
1055.528	8373.000
1055.668	8224.000
1055.808	8303.000
1055.948	8113.000
1056.089	8308.000
1056.229	8097.000
1056.369	8255.000
1056.510	8185.000
1056.650	8234.000
1056.790	8142.000
1056.930	8267.000
1057.071	8110.000
1057.211	8343.000
1057.351	8071.000
1057.491	8370.000
1057.632	8161.000
1057.772	8233.000
1057.912	8180.000
1058.052	8202.000
1058.192	8073.000
1058.333	8168.000
1058.473	8056.000
1058.613	8134.000
1058.753	8080.000
1058.893	8259.000
1059.034	8097.000
1059.174	8252.000
1059.314	8035.000
1059.454	8170.000
1059.594	8026.000
1059.734	8153.000
1059.875	7979.000
1060.015	8137.000
1060.155	7990.000
1060.295	8150.000
1060.435	8003.000
1060.575	8171.000
1060.716	8132.000
1060.856	8181.000
1060.996	8050.000
1061.136	8248.000
1061.276	7982.000
1061.416	8145.000
1061.556	8104.000
1061.696	8225.000
1061.837	8094.000
1061.977	8276.000
1062.117	12626.000
1062.257	8252.000
1062.397	8097.000
1062.537	8205.000
1062.677	8143.000
1062.817	8244.000
1062.957	8002.000
1063.097	8184.000
1063.237	8200.000
1063.377	8313.000
1063.517	8240.000
1063.658	8375.000
1063.798	8319.000
1063.938	8475.000
1064.078	8513.000
1064.218	8645.000
1064.358	8494.000
1064.498	8655.000
1064.638	8543.000
1064.778	8779.000
1064.918	8796.000
1065.058	8971.000
1065.198	8804.000
1065.338	8658.000
1065.478	8380.000
1065.618	8336.000
1065.758	8148.000
1065.898	8242.000
1066.038	8190.000
1066.178	8345.000
1066.318	8154.000
1066.458	8278.000
1066.598	8145.000
1066.738	8373.000
1066.878	8171.000
1067.018	8350.000
1067.158	8136.000
1067.297	8289.000
1067.437	8034.000
1067.577	8289.000
1067.717	8082.000
1067.857	8316.000
1067.997	8126.000
1068.137	8325.000
1068.277	8146.000
1068.417	8276.000
1068.557	8150.000
1068.697	8343.000
1068.837	8084.000
1068.977	8372.000
1069.116	8183.000
1069.256	8193.000
1069.396	8120.000
1069.536	8304.000
1069.676	8208.000
1069.816	8266.000
1069.956	8169.000
1070.096	8274.000
1070.235	8209.000
1070.375	8249.000
1070.515	8220.000
1070.655	8353.000
1070.795	8195.000
1070.935	8366.000
1071.074	8161.000
1071.214	8310.000
1071.354	8106.000
1071.494	8271.000
1071.634	8268.000
1071.774	8396.000
1071.913	8186.000
1072.053	8304.000
1072.193	8254.000
1072.333	8395.000
1072.473	8279.000
1072.612	8389.000
1072.752	8241.000
1072.892	8394.000
1073.032	8218.000
1073.172	8314.000
1073.311	8234.000
1073.451	8385.000
1073.591	8255.000
1073.731	8254.000
1073.870	8289.000
1074.010	8444.000
1074.150	8318.000
1074.290	8310.000
1074.429	8271.000
1074.569	8315.000
1074.709	8325.000
1074.848	8442.000
