1229.956	33223.000
1230.103	32263.000
1230.250	33191.000
1230.397	32130.000
1230.544	33147.000
1230.691	32293.000
1230.838	33144.000
1230.985	32141.000
1231.132	33109.000
1231.278	32108.000
1231.425	33006.000
1231.572	32174.000
1231.719	33067.000
1231.866	32070.000
1232.013	33088.000
1232.159	32298.000
1232.306	32913.000
1232.453	32166.000
1232.600	33128.000
1232.746	32176.000
1232.893	33057.000
1233.040	32095.000
1233.186	33192.000
1233.333	32073.000
1233.480	33005.000
1233.627	32086.000
1233.773	33058.000
1233.920	31955.000
1234.066	32914.000
1234.213	32027.000
1234.360	32978.000
1234.506	32016.000
1234.653	32940.000
1234.800	31993.000
1234.946	32882.000
1235.093	31883.000
1235.239	32934.000
1235.386	31814.000
1235.532	32871.000
1235.679	31927.000
1235.825	32894.000
1235.972	31914.000
1236.118	32787.000
1236.265	31964.000
1236.411	32710.000
1236.558	31827.000
1236.704	32815.000
1236.851	31731.000
1236.997	32725.000
1237.143	31773.000
1237.290	32723.000
1237.436	31666.000
1237.583	32802.000
1237.729	31750.000
1237.875	32666.000
1238.022	31699.000
1238.168	32592.000
1238.314	31696.000
1238.461	32535.000
1238.607	31551.000
1238.753	32534.000
1238.900	31595.000
1239.046	32422.000
1239.192	31567.000
1239.338	32446.000
1239.485	31528.000
1239.631	32451.000
1239.777	31338.000
1239.923	32435.000
1240.070	31499.000
1240.216	32374.000
1240.362	31386.000
1240.508	32334.000
1240.654	31537.000
1240.800	32282.000
1240.947	31354.000
1241.093	32192.000
1241.239	31331.000
1241.385	32132.000
1241.531	31404.000
1241.677	32135.000
1241.823	31410.000
1241.969	32159.000
1242.115	31184.000
1242.261	32007.000
1242.407	31228.000
1242.553	32025.000
1242.699	31129.000
1242.845	32006.000
1242.991	31101.000
1243.137	31935.000
1243.283	31141.000
1243.429	31905.000
1243.575	31089.000
1243.721	31957.000
1243.867	31039.000
1244.013	31840.000
1244.159	31014.000
1244.305	31932.000
1244.451	31056.000
1244.596	31830.000
1244.742	30929.000
1244.888	31754.000
1245.034	30834.000
1245.180	31719.000
1245.326	31086.000
1245.471	31654.000
1245.617	30893.000
1245.763	31663.000
1245.909	30878.000
1246.055	31664.000
1246.200	30888.000
1246.346	31538.000
1246.492	31014.000
1246.638	31565.000
1246.783	30691.000
1246.929	31635.000
1247.075	30786.000
1247.220	31586.000
1247.366	30770.000
1247.512	31460.000
1247.657	30861.000
1247.803	31446.000
1247.949	30786.000
1248.094	31456.000
1248.240	30762.000
1248.385	31250.000
1248.531	30648.000
1248.676	31576.000
1248.822	30771.000
1248.968	31427.000
1249.113	30685.000
1249.259	31498.000
1249.404	30742.000
1249.550	31442.000
1249.695	30720.000
1249.841	31549.000
1249.986	30814.000
1250.132	31418.000
1250.277	30708.000
1250.422	31359.000
1250.568	30694.000
1250.713	31458.000
1250.859	30462.000
1251.004	31339.000
1251.150	30657.000
1251.295	31290.000
1251.440	30502.000
1251.586	31161.000
1251.731	30636.000
1251.876	31225.000
1252.022	30418.000
1252.167	31051.000
1252.312	30557.000
1252.458	31056.000
1252.603	30550.000
1252.748	31141.000
1252.893	30589.000
1253.039	31152.000
1253.184	30394.000
1253.329	31103.000
1253.474	30423.000
1253.619	30962.000
1253.765	30469.000
1253.910	30924.000
1254.055	30407.000
1254.200	31011.000
1254.345	30272.000
1254.490	31010.000
1254.636	30358.000
1254.781	30891.000
1254.926	30306.000
1255.071	30859.000
1255.216	30282.000
1255.361	30953.000
1255.506	30328.000
1255.651	30828.000
1255.796	30280.000
1255.941	30643.000
1256.086	30167.000
1256.231	30765.000
1256.376	30296.000
1256.521	30704.000
1256.666	30167.000
1256.811	30616.000
1256.956	30180.000
1257.101	30652.000
1257.246	30086.000
1257.391	30759.000
1257.536	30252.000
1257.681	30534.000
1257.826	30031.000
1257.971	30522.000
1258.116	30055.000
1258.260	30472.000
1258.405	30058.000
1258.550	30495.000
1258.695	30044.000
1258.840	30389.000
1258.985	30035.000
1259.129	30611.000
1259.274	29885.000
1259.419	30513.000
1259.564	29917.000
1259.708	30479.000
1259.853	29907.000
1259.998	30415.000
1260.143	29918.000
1260.287	30323.000
1260.432	29964.000
1260.577	30337.000
1260.721	29830.000
1260.866	30215.000
1261.011	29908.000
1261.155	30336.000
1261.300	29705.000
1261.445	30205.000
1261.589	29734.000
1261.734	30092.000
1261.878	29819.000
1262.023	30242.000
1262.168	29859.000
1262.312	30218.000
1262.457	29725.000
1262.601	30038.000
1262.746	29730.000
1262.890	30003.000
1263.035	29708.000
1263.179	30066.000
1263.324	29797.000
1263.468	30068.000
1263.613	29589.000
1263.757	30078.000
1263.902	29677.000
1264.046	29961.000
1264.191	29615.000
1264.335	29958.000
1264.479	29649.000
1264.624	29902.000
1264.768	29464.000
1264.912	29922.000
1265.057	29460.000
1265.201	29872.000
1265.346	29450.000
1265.490	29868.000
1265.634	29566.000
1265.778	29816.000
1265.923	29530.000
1266.067	30014.000
1266.211	29492.000
1266.356	29948.000
1266.500	29280.000
1266.644	29707.000
1266.788	29356.000
1266.933	29625.000
1267.077	29333.000
1267.221	29892.000
1267.365	29400.000
1267.509	29705.000
1267.653	29300.000
1267.798	29732.000
1267.942	29279.000
1268.086	29539.000
1268.230	29210.000
1268.374	29619.000
1268.518	29207.000
1268.662	29514.000
1268.806	29177.000
1268.950	29442.000
1269.095	29117.000
1269.239	29536.000
1269.383	29087.000
1269.527	29499.000
1269.671	29086.000
1269.815	29493.000
1269.959	28979.000
1270.103	29309.000
1270.247	29131.000
1270.391	29391.000
1270.535	28870.000
1270.679	29389.000
1270.822	28941.000
1270.966	29189.000
1271.110	29001.000
1271.254	29330.000
1271.398	29010.000
1271.542	29171.000
1271.686	28783.000
1271.830	29228.000
1271.973	28810.000
1272.117	29007.000
1272.261	28681.000
1272.405	29093.000
1272.549	28702.000
1272.693	29029.000
1272.836	28634.000
1272.980	28804.000
1273.124	28781.000
1273.268	28845.000
1273.411	28564.000
1273.555	28826.000
1273.699	28593.000
1273.843	28759.000
1273.986	28442.000
1274.130	28849.000
1274.274	28330.000
1274.417	28620.000
1274.561	28375.000
1274.705	28672.000
1274.848	28356.000
1274.992	28510.000
1275.135	28428.000
1275.279	28677.000
1275.423	28271.000
1275.566	28575.000
1275.710	28196.000
1275.853	28495.000
1275.997	28272.000
1276.140	28373.000
1276.284	28140.000
1276.427	28373.000
1276.571	27954.000
1276.714	28313.000
1276.858	27970.000
1277.001	28210.000
1277.145	28103.000
1277.288	28092.000
1277.432	27816.000
1277.575	28107.000
1277.719	28115.000
1277.862	28155.000
1278.005	27716.000
1278.149	28005.000
1278.292	27915.000
1278.435	27956.000
1278.579	27824.000
1278.722	28012.000
1278.865	27682.000
1279.009	27941.000
1279.152	27664.000
1279.295	27938.000
1279.439	27755.000
1279.582	27900.000
1279.725	27705.000
1279.868	27699.000
1280.012	27536.000
1280.155	27784.000
1280.298	27454.000
1280.441	27605.000
1280.585	27680.000
1280.728	27590.000
1280.871	27328.000
1281.014	27679.000
1281.157	27467.000
1281.300	27714.000
1281.444	27416.000
1281.587	27587.000
1281.730	27317.000
1281.873	27433.000
1282.016	27169.000
1282.159	27620.000
1282.302	27167.000
1282.445	27392.000
1282.588	27088.000
1282.731	27378.000
1282.874	27184.000
1283.017	27374.000
1283.160	27008.000
1283.303	27351.000
1283.446	27077.000
1283.589	27328.000
1283.732	27001.000
1283.875	27209.000
1284.018	27007.000
1284.161	27182.000
1284.304	26949.000
1284.447	27123.000
1284.590	27030.000
1284.733	27140.000
1284.876	27048.000
1285.019	26963.000
1285.161	27037.000
1285.304	27021.000
1285.447	26820.000
1285.590	26964.000
1285.733	26903.000
1285.876	27009.000
1286.018	26665.000
1286.161	26999.000
1286.304	26833.000
1286.447	26887.000
1286.589	26600.000
1286.732	26886.000
1286.875	26732.000
1287.018	26876.000
1287.160	26609.000
1287.303	26846.000
1287.446	26678.000
1287.588	26690.000
1287.731	26539.000
1287.874	26010.000
1288.016	26663.000
1288.159	26722.000
1288.302	26469.000
1288.444	26711.000
1288.587	26432.000
1288.729	26508.000
1288.872	26374.000
1289.015	26638.000
1289.157	26468.000
1289.300	26417.000
1289.442	26279.000
1289.585	26461.000
1289.727	26376.000
1289.870	26419.000
1290.012	26170.000
1290.155	26342.000
1290.297	26291.000
1290.440	26408.000
1290.582	26208.000
1290.725	26330.000
1290.867	26288.000
1291.009	26303.000
1291.152	26124.000
1291.294	26322.000
1291.437	26127.000
1291.579	26123.000
1291.721	25995.000
1291.864	26195.000
1292.006	26227.000
1292.148	26127.000
1292.291	26023.000
1292.433	26118.000
1292.575	26027.000
1292.718	26063.000
1292.860	25931.000
1293.002	26054.000
1293.145	25960.000
1293.287	26008.000
1293.429	25857.000
1293.571	25874.000
1293.713	25884.000
1293.856	26016.000
1293.998	25815.000
1294.140	25888.000
1294.282	25725.000
1294.424	25795.000
1294.567	25759.000
1294.709	25740.000
1294.851	25609.000
1294.993	25734.000
1295.135	25528.000
1295.277	25716.000
1295.419	25614.000
1295.561	25659.000
1295.703	25595.000
1295.845	25601.000
1295.987	25605.000
1296.129	25673.000
1296.272	25382.000
1296.414	25507.000
1296.556	25486.000
1296.698	25571.000
1296.840	25389.000
1296.981	25391.000
1297.123	25368.000
1297.265	25498.000
1297.407	25268.000
1297.549	25370.000
1297.691	25301.000
1297.833	25357.000
1297.975	25121.000
1298.117	25309.000
1298.259	25284.000
1298.401	25260.000
1298.542	25144.000
1298.684	25333.000
1298.826	25129.000
1298.968	25290.000
1299.110	24974.000
1299.252	25166.000
1299.393	25185.000
1299.535	25267.000
1299.677	24958.000
1299.819	25134.000
1299.960	24886.000
1300.102	25112.000
1300.244	24908.000
1300.386	25131.000
1300.527	25008.000
1300.669	24998.000
1300.811	24930.000
1300.952	24930.000
1301.094	24915.000
1301.236	24907.000
1301.377	24828.000
1301.519	25018.000
1301.661	24853.000
1301.802	24948.000
1301.944	24638.000
1302.085	24735.000
1302.227	24763.000
1302.368	24720.000
1302.510	24557.000
1302.652	24671.000
1302.793	24569.000
1302.935	24666.000
1303.076	24547.000
1303.218	24590.000
1303.359	24662.000
1303.501	24555.000
1303.642	24545.000
1303.783	24552.000
1303.925	24516.000
1304.066	24454.000
1304.208	24403.000
1304.349	24461.000
1304.491	24482.000
1304.632	24348.000
1304.773	24311.000
1304.915	24375.000
1305.056	24373.000
1305.197	24276.000
1305.339	24247.000
1305.480	24549.000
1305.621	24288.000
1305.763	24359.000
1305.904	24270.000
1306.045	24294.000
1306.187	24285.000
1306.328	24219.000
1306.469	24224.000
1306.610	24143.000
1306.752	24315.000
1306.893	24303.000
1307.034	24176.000
1307.175	24147.000
1307.316	24139.000
1307.458	24224.000
1307.599	24089.000
1307.740	24115.000
1307.881	24022.000
1308.022	24027.000
1308.163	24083.000
1308.304	24072.000
1308.446	24030.000
1308.587	24024.000
1308.728	23873.000
1308.869	24010.000
1309.010	23926.000
1309.151	23964.000
1309.292	23889.000
1309.433	23814.000
1309.574	23916.000
1309.715	23792.000
1309.856	23826.000
1309.997	23834.000
1310.138	23928.000
1310.279	23875.000
1310.420	23756.000
1310.561	23779.000
1310.702	23626.000
1310.843	23798.000
1310.984	23718.000
1311.124	23675.000
1311.265	23720.000
1311.406	23502.000
1311.547	23628.000
1311.688	23677.000
1311.829	23628.000
1311.970	23526.000
1312.110	23580.000
1312.251	23696.000
1312.392	23501.000
1312.533	23556.000
1312.674	23521.000
1312.814	23514.000
1312.955	23577.000
1313.096	23431.000
1313.237	23453.000
1313.377	23341.000
1313.518	23383.000
1313.659	23261.000
1313.800	23306.000
1313.940	23394.000
1314.081	23267.000
1314.222	23214.000
1314.362	23230.000
1314.503	23361.000
1314.644	23351.000
1314.784	23257.000
1314.925	23247.000
1315.065	23167.000
1315.206	23252.000
1315.347	23043.000
1315.487	23077.000
1315.628	23065.000
1315.768	23123.000
1315.909	23110.000
1316.049	23145.000
1316.190	23112.000
1316.330	23102.000
1316.471	22991.000
1316.611	22943.000
1316.752	22922.000
1316.892	22923.000
1317.033	22919.000
1317.173	22746.000
1317.313	22804.000
1317.454	22867.000
1317.594	22918.000
1317.735	22710.000
1317.875	22799.000
1318.015	22739.000
1318.156	22729.000
1318.296	22732.000
1318.437	22662.000
1318.577	22756.000
1318.717	22627.000
1318.857	22646.000
1318.998	22585.000
1319.138	22707.000
1319.278	22601.000
1319.419	22498.000
1319.559	22642.000
1319.699	22535.000
1319.839	22477.000
1319.980	22403.000
1320.120	22503.000
1320.260	22512.000
1320.400	22502.000
1320.540	22418.000
1320.681	22418.000
1320.821	22502.000
1320.961	22461.000
1321.101	22235.000
1321.241	22290.000
1321.381	22419.000
1321.521	22275.000
1321.661	22285.000
1321.802	22292.000
1321.942	22324.000
1322.082	22348.000
1322.222	22197.000
1322.362	22200.000
1322.502	22302.000
1322.642	22267.000
1322.782	22170.000
1322.922	22185.000
1323.062	22305.000
1323.202	22134.000
1323.342	22174.000
1323.482	22247.000
1323.622	22281.000
1323.762	22248.000
1323.902	22058.000
1324.041	22144.000
1324.181	22124.000
1324.321	22106.000
1324.461	22136.000
1324.601	22074.000
1324.741	22150.000
1324.881	22031.000
1325.021	22032.000
1325.160	22038.000
1325.300	22255.000
1325.440	22140.000
1325.580	22125.000
1325.720	21999.000
1325.859	22136.000
1325.999	22087.000
1326.139	22115.000
1326.279	21990.000
1326.418	22155.000
1326.558	22039.000
1326.698	21963.000
1326.838	21986.000
1326.977	22089.000
1327.117	21921.000
1327.257	21985.000
1327.396	22012.000
1327.536	21986.000
1327.675	22056.000
1327.815	21888.000
1327.955	22046.000
1328.094	22067.000
1328.234	21918.000
1328.374	21906.000
1328.513	21829.000
1328.653	21952.000
1328.792	21886.000
1328.932	21803.000
1329.071	21899.000
1329.211	21926.000
1329.350	21897.000
1329.490	21910.000
1329.629	21789.000
1329.769	21878.000
1329.908	21946.000
1330.048	21850.000
1330.187	21843.000
1330.327	21931.000
1330.466	21935.000
1330.605	21882.000
1330.745	21927.000
1330.884	21870.000
1331.024	21896.000
1331.163	21770.000
1331.302	21871.000
1331.442	21860.000
1331.581	21699.000
1331.720	21775.000
1331.860	21916.000
1331.999	21827.000
1332.138	21810.000
1332.277	21682.000
1332.417	21735.000
1332.556	21891.000
1332.695	21660.000
1332.834	21667.000
1332.974	21755.000
1333.113	21869.000
1333.252	22576.000
1333.391	21694.000
1333.531	21689.000
1333.670	21768.000
1333.809	21607.000
1333.948	21700.000
1334.087	21613.000
1334.226	21759.000
1334.365	21658.000
1334.505	21485.000
1334.644	21694.000
1334.783	21647.000
1334.922	21646.000
1335.061	21565.000
1335.200	21606.000
1335.339	21745.000
1335.478	21533.000
1335.617	21491.000
1335.756	21498.000
1335.895	21559.000
1336.034	21478.000
1336.173	21483.000
1336.312	21505.000
1336.451	21427.000
1336.590	21509.000
1336.729	21326.000
1336.868	21382.000
1337.007	21522.000
1337.146	21502.000
1337.285	21323.000
1337.423	21397.000
1337.562	21311.000
1337.701	21393.000
1337.840	21281.000
1337.979	21407.000
1338.118	21204.000
1338.256	21371.000
1338.395	21300.000
1338.534	21267.000
1338.673	21338.000
1338.812	21198.000
1338.950	21251.000
1339.089	21263.000
1339.228	21445.000
1339.367	21349.000
1339.505	21217.000
1339.644	21328.000
1339.783	21295.000
1339.922	21282.000
1340.060	21265.000
1340.199	21286.000
1340.338	21262.000
1340.476	21293.000
1340.615	21233.000
1340.753	21341.000
1340.892	21243.000
1341.031	21296.000
1341.169	21158.000
1341.308	21273.000
1341.446	21244.000
1341.585	21195.000
1341.724	21259.000
1341.862	21240.000
1342.001	21304.000
1342.139	21268.000
1342.278	21249.000
1342.416	21271.000
1342.555	21226.000
1342.693	21155.000
1342.832	21295.000
1342.970	21289.000
1343.109	21314.000
1343.247	21253.000
1343.385	21306.000
1343.524	21207.000
1343.662	21282.000
1343.801	21215.000
1343.939	21232.000
1344.077	21164.000
1344.216	21267.000
1344.354	21206.000
1344.492	21219.000
1344.631	21182.000
1344.769	21288.000
1344.907	21155.000
1345.046	21178.000
1345.184	21157.000
1345.322	21267.000
1345.460	21238.000
1345.599	21227.000
1345.737	21333.000
1345.875	21327.000
1346.013	21308.000
1346.152	21189.000
1346.290	21308.000
1346.428	21360.000
1346.566	21287.000
1346.704	21189.000
1346.843	21326.000
1346.981	21391.000
1347.119	21213.000
1347.257	21304.000
1347.395	21216.000
1347.533	21474.000
1347.671	21368.000
1347.809	21263.000
1347.947	21150.000
1348.085	21186.000
1348.224	21158.000
1348.362	21128.000
1348.500	21061.000
1348.638	21129.000
1348.776	21076.000
1348.914	20963.000
1349.052	21039.000
1349.190	21072.000
1349.328	21143.000
1349.466	21110.000
1349.603	21090.000
1349.741	21261.000
1349.879	21080.000
1350.017	21248.000
1350.155	21147.000
1350.293	21235.000
1350.431	21050.000
1350.569	21213.000
1350.707	21147.000
1350.844	20971.000
1350.982	20974.000
1351.120	20988.000
1351.258	20995.000
1351.396	21009.000
1351.534	20974.000
1351.671	20891.000
1351.809	20938.000
1351.947	20991.000
1352.085	20950.000
1352.222	20894.000
1352.360	21001.000
1352.498	20956.000
1352.636	20944.000
1352.773	20850.000
1352.911	20769.000
1353.049	20902.000
1353.186	20958.000
1353.324	20825.000
1353.462	20870.000
1353.599	20844.000
1353.737	20750.000
1353.874	20747.000
1354.012	18184.000
1354.150	20818.000
1354.287	20779.000
1354.425	20732.000
1354.562	20746.000
1354.700	20880.000
1354.837	20696.000
1354.975	20649.000
1355.112	20522.000
1355.250	20532.000
1355.387	20284.000
1355.525	20312.000
1355.662	20230.000
1355.800	20427.000
1355.937	20257.000
1356.075	20222.000
1356.212	20101.000
1356.350	20281.000
1356.487	20147.000
1356.624	20157.000
1356.762	20356.000
1356.899	20343.000
1357.037	20394.000
1357.174	20399.000
1357.311	20350.000
1357.449	20576.000
1357.586	20416.000
1357.723	20520.000
1357.860	20354.000
1357.998	20332.000
1358.135	20277.000
1358.272	20139.000
1358.410	20217.000
1358.547	20264.000
1358.684	20249.000
1358.821	20245.000
1358.959	20316.000
1359.096	20383.000
1359.233	20373.000
1359.370	20429.000
1359.507	20286.000
1359.644	20311.000
1359.782	20107.000
1359.919	20098.000
1360.056	19995.000
1360.193	20060.000
1360.330	19959.000
1360.467	19948.000
1360.604	19980.000
1360.741	20106.000
1360.878	20180.000
1361.015	20208.000
1361.152	20163.000
1361.290	20236.000
1361.427	19937.000
1361.564	19975.000
1361.701	19915.000
1361.838	19919.000
1361.975	19617.000
1362.112	19773.000
1362.248	26931.000
1362.385	19718.000
1362.522	19455.000
1362.659	19338.000
1362.796	19260.000
1362.933	19337.000
1363.070	19303.000
1363.207	19514.000
1363.344	19748.000
1363.481	19977.000
1363.617	20072.000
1363.754	20241.000
1363.891	20501.000
1364.028	20699.000
1364.165	20810.000
1364.302	20766.000
1364.438	20728.000
1364.575	20717.000
1364.712	20382.000
1364.849	20262.000
1364.985	20132.000
1365.122	20085.000
1365.259	19913.000
1365.396	19908.000
1365.532	19790.000
1365.669	19793.000
1365.806	19728.000
1365.942	19832.000
1366.079	20107.000
1366.216	20341.000
1366.352	20296.000
1366.489	20424.000
1366.625	20480.000
1366.762	20826.000
1366.899	20716.000
1367.035	20812.000
1367.172	20644.000
1367.308	20751.000
1367.445	20474.000
1367.581	20597.000
1367.718	20415.000
1367.855	20406.000
1367.991	20145.000
1368.128	20263.000
1368.264	20156.000
1368.401	20207.000
1368.537	20033.000
1368.673	20013.000
1368.810	19786.000
1368.946	20125.000
1369.083	20093.000
1369.219	20082.000
1369.356	20230.000
1369.492	20486.000
1369.628	20442.000
1369.765	20528.000
1369.901	20617.000
1370.037	20735.000
1370.174	20715.000
1370.310	20635.000
1370.446	20707.000
1370.583	20697.000
1370.719	20589.000
1370.855	20655.000
1370.992	20459.000
1371.128	20460.000
1371.264	20243.000
1371.400	20410.000
1371.537	20490.000
1371.673	20548.000
1371.809	20346.000
1371.945	20346.000
1372.081	20478.000
1372.218	20678.000
1372.354	20578.000
1372.490	20688.000
1372.626	20613.000
1372.762	20775.000
1372.898	20667.000
1373.034	20698.000
1373.170	20801.000
1373.307	20954.000
1373.443	20870.000
1373.579	20863.000
1373.715	20982.000
1373.851	21263.000
1373.987	21096.000
1374.123	21032.000
1374.259	21093.000
1374.395	21077.000
1374.531	21165.000
1374.667	21128.000
