1129.938	23977.000
1130.084	23425.000
1130.229	23985.000
1130.375	23459.000
1130.521	23993.000
1130.667	23558.000
1130.813	24034.000
1130.958	23424.000
1131.104	23966.000
1131.250	23457.000
1131.396	23900.000
1131.542	23506.000
1131.687	23979.000
1131.833	23414.000
1131.979	24031.000
1132.124	23581.000
1132.270	23888.000
1132.416	23458.000
1132.561	23984.000
1132.707	23438.000
1132.853	23873.000
1132.998	23288.000
1133.144	24102.000
1133.290	23395.000
1133.435	23926.000
1133.581	23463.000
1133.727	24148.000
1133.872	23486.000
1134.018	24123.000
1134.163	23607.000
1134.309	24278.000
1134.455	23685.000
1134.600	24260.000
1134.746	23728.000
1134.891	24218.000
1135.037	23655.000
1135.182	24382.000
1135.328	23744.000
1135.473	24477.000
1135.619	23854.000
1135.764	24458.000
1135.910	23922.000
1136.055	24441.000
1136.201	23972.000
1136.346	24429.000
1136.492	23909.000
1136.637	24588.000
1136.783	23828.000
1136.928	24473.000
1137.074	23933.000
1137.219	24552.000
1137.364	23885.000
1137.510	24707.000
1137.655	24100.000
1137.801	24695.000
1137.946	24066.000
1138.091	24646.000
1138.237	24110.000
1138.382	24672.000
1138.527	23999.000
1138.673	24702.000
1138.818	24043.000
1138.963	24606.000
1139.109	24056.000
1139.254	24708.000
1139.399	24127.000
1139.544	24690.000
1139.690	23968.000
1139.835	24739.000
1139.980	24143.000
1140.125	24754.000
1140.271	24098.000
1140.416	24754.000
1140.561	24269.000
1140.706	24747.000
1140.851	24218.000
1140.997	24746.000
1141.142	24201.000
1141.287	24738.000
1141.432	24375.000
1141.577	24797.000
1141.723	24413.000
1141.868	24974.000
1142.013	24303.000
1142.158	24771.000
1142.303	24331.000
1142.448	24809.000
1142.593	24251.000
1142.738	24841.000
1142.883	24261.000
1143.028	24862.000
1143.174	24306.000
1143.319	24871.000
1143.464	24358.000
1143.609	24988.000
1143.754	24329.000
1143.899	24946.000
1144.044	24470.000
1144.189	25134.000
1144.334	24547.000
1144.479	25072.000
1144.624	24508.000
1144.769	25063.000
1144.914	24445.000
1145.059	25082.000
1145.204	24676.000
1145.348	25083.000
1145.493	24647.000
1145.638	25126.000
1145.783	24622.000
1145.928	25167.000
1146.073	24701.000
1146.218	25164.000
1146.363	24918.000
1146.508	25280.000
1146.653	24725.000
1146.797	25461.000
1146.942	24881.000
1147.087	25469.000
1147.232	24918.000
1147.377	25416.000
1147.522	25033.000
1147.666	25469.000
1147.811	25084.000
1147.956	25528.000
1148.101	25095.000
1148.245	25379.000
1148.390	24958.000
1148.535	25687.000
1148.680	25159.000
1148.824	25608.000
1148.969	25183.000
1149.114	25772.000
1149.259	25262.000
1149.403	25756.000
1149.548	25261.000
1149.693	25926.000
1149.837	25433.000
1149.982	25888.000
1150.127	25439.000
1150.271	25923.000
1150.416	25475.000
1150.561	26016.000
1150.705	25306.000
1150.850	26005.000
1150.994	25576.000
1151.139	26088.000
1151.284	25467.000
1151.428	25946.000
1151.573	25597.000
1151.717	26065.000
1151.862	25486.000
1152.006	25976.000
1152.151	25689.000
1152.295	26067.000
1152.440	25787.000
1152.584	26308.000
1152.729	25831.000
1152.873	26293.000
1153.018	25710.000
1153.162	26309.000
1153.307	25816.000
1153.451	26243.000
1153.596	25890.000
1153.740	26260.000
1153.885	25931.000
1154.029	26426.000
1154.174	25917.000
1154.318	26405.000
1154.462	26008.000
1154.607	26418.000
1154.751	26056.000
1154.896	26479.000
1155.040	26034.000
1155.184	26600.000
1155.329	26116.000
1155.473	26542.000
1155.617	26209.000
1155.762	26434.000
1155.906	26151.000
1156.050	26568.000
1156.194	26289.000
1156.339	26646.000
1156.483	26249.000
1156.627	26616.000
1156.772	26240.000
1156.916	26661.000
1157.060	26236.000
1157.204	26810.000
1157.349	26403.000
1157.493	26671.000
1157.637	26288.000
1157.781	26701.000
1157.925	26376.000
1158.070	26751.000
1158.214	26462.000
1158.358	26814.000
1158.502	26466.000
1158.646	26771.000
1158.790	26533.000
1158.935	27009.000
1159.079	26448.000
1159.223	27026.000
1159.367	26448.000
1159.511	27010.000
1159.655	26615.000
1159.799	27040.000
1159.943	26661.000
1160.087	27063.000
1160.231	26782.000
1160.375	27113.000
1160.519	26698.000
1160.664	27090.000
1160.808	26867.000
1160.952	27246.000
1161.096	26707.000
1161.240	27174.000
1161.384	26767.000
1161.528	27123.000
1161.672	26882.000
1161.815	27316.000
1161.959	27034.000
1162.103	27367.000
1162.247	27014.000
1162.391	27250.000
1162.535	27075.000
1162.679	27332.000
1162.823	27100.000
1162.967	27435.000
1163.111	27256.000
1163.255	27561.000
1163.399	27136.000
1163.542	27638.000
1163.686	27305.000
1163.830	27561.000
1163.974	27268.000
1164.118	27633.000
1164.262	27424.000
1164.405	27680.000
1164.549	27298.000
1164.693	27727.000
1164.837	27323.000
1164.981	27736.000
1165.124	27408.000
1165.268	27817.000
1165.412	27549.000
1165.556	27792.000
1165.699	27546.000
1165.843	28088.000
1165.987	27622.000
1166.131	28084.000
1166.274	27524.000
1166.418	27987.000
1166.562	27670.000
1166.705	27982.000
1166.849	27654.000
1166.993	28255.000
1167.136	27866.000
1167.280	28200.000
1167.424	27807.000
1167.567	28299.000
1167.711	27854.000
1167.854	28245.000
1167.998	27918.000
1168.142	28319.000
1168.285	27958.000
1168.429	28299.000
1168.572	28012.000
1168.716	28319.000
1168.859	27999.000
1169.003	28467.000
1169.147	28051.000
1169.290	28510.000
1169.434	28145.000
1169.577	28550.000
1169.721	28069.000
1169.864	28483.000
1170.008	28346.000
1170.151	28602.000
1170.294	28098.000
1170.438	28728.000
1170.581	28314.000
1170.725	28551.000
1170.868	28361.000
1171.012	28821.000
1171.155	28449.000
1171.298	28729.000
1171.442	28436.000
1171.585	28839.000
1171.729	28462.000
1171.872	28739.000
1172.015	28403.000
1172.159	28837.000
1172.302	28551.000
1172.445	28945.000
1172.589	28544.000
1172.732	28682.000
1172.875	28729.000
1173.019	28861.000
1173.162	28548.000
1173.305	28934.000
1173.449	28713.000
1173.592	28984.000
1173.735	28637.000
1173.878	29158.000
1174.022	28680.000
1174.165	29002.000
1174.308	28754.000
1174.451	29091.000
1174.594	28851.000
1174.738	29090.000
1174.881	28940.000
1175.024	29235.000
1175.167	28947.000
1175.310	29185.000
1175.454	28934.000
1175.597	29238.000
1175.740	29047.000
1175.883	29191.000
1176.026	29050.000
1176.169	29269.000
1176.312	28913.000
1176.455	29315.000
1176.598	28970.000
1176.742	29307.000
1176.885	29250.000
1177.028	29255.000
1177.171	28974.000
1177.314	29395.000
1177.457	29339.000
1177.600	29393.000
1177.743	29053.000
1177.886	29437.000
1178.029	29280.000
1178.172	29480.000
1178.315	29282.000
1178.458	29508.000
1178.601	29263.000
1178.744	29536.000
1178.887	29297.000
1179.030	29643.000
1179.173	29451.000
1179.316	29660.000
1179.458	29400.000
1179.601	29567.000
1179.744	29344.000
1179.887	29717.000
1180.030	29347.000
1180.173	29640.000
1180.316	29657.000
1180.459	29671.000
1180.602	29395.000
1180.744	29787.000
1180.887	29637.000
1181.030	29915.000
1181.173	29596.000
1181.316	29847.000
1181.458	29562.000
1181.601	29757.000
1181.744	29473.000
1181.887	29940.000
1182.030	29573.000
1182.172	29847.000
1182.315	29547.000
1182.458	29953.000
1182.601	29678.000
1182.743	29968.000
1182.886	29586.000
1183.029	30059.000
1183.171	29749.000
1183.314	30030.000
1183.457	29754.000
1183.599	29989.000
1183.742	29808.000
1183.885	30055.000
1184.027	29760.000
1184.170	30103.000
1184.313	29931.000
1184.455	30072.000
1184.598	30005.000
1184.741	30000.000
1184.883	30074.000
1185.026	30085.000
1185.168	29907.000
1185.311	30105.000
1185.453	30031.000
1185.596	30234.000
1185.739	29918.000
1185.881	30192.000
1186.024	30101.000
1186.166	30190.000
1186.309	29905.000
1186.451	30253.000
1186.594	30037.000
1186.736	30270.000
1186.879	29972.000
1187.021	30272.000
1187.164	30103.000
1187.306	30248.000
1187.448	30022.000
1187.591	29610.000
1187.733	30192.000
1187.876	30359.000
1188.018	29981.000
1188.160	30376.000
1188.303	30088.000
1188.445	30232.000
1188.588	30016.000
1188.730	30405.000
1188.872	30184.000
1189.015	30242.000
1189.157	30014.000
1189.299	30316.000
1189.442	30155.000
1189.584	30351.000
1189.726	29995.000
1189.869	30245.000
1190.011	30095.000
1190.153	30360.000
1190.295	30079.000
1190.438	30258.000
1190.580	30222.000
1190.722	30350.000
1190.864	30148.000
1191.007	30424.000
1191.149	30168.000
1191.291	30233.000
1191.433	30013.000
1191.576	30394.000
1191.718	30433.000
1191.860	30354.000
1192.002	30194.000
1192.144	30418.000
1192.286	30268.000
1192.429	30338.000
1192.571	30182.000
1192.713	30387.000
1192.855	30295.000
1192.997	30411.000
1193.139	30217.000
1193.281	30397.000
1193.423	30319.000
1193.565	30548.000
1193.707	30253.000
1193.850	30441.000
1193.992	30237.000
1194.134	30531.000
1194.276	30358.000
1194.418	30386.000
1194.560	30286.000
1194.702	30477.000
1194.844	30195.000
1194.986	30509.000
1195.128	30316.000
1195.270	30497.000
1195.412	30336.000
1195.554	30475.000
1195.696	30508.000
1195.837	30657.000
1195.979	30263.000
1196.121	30552.000
1196.263	30444.000
1196.405	30646.000
1196.547	30405.000
1196.689	30599.000
1196.831	30507.000
1196.973	30728.000
1197.115	30418.000
1197.256	30625.000
1197.398	30493.000
1197.540	30668.000
1197.682	30348.000
1197.824	30690.000
1197.966	30605.000
1198.107	30723.000
1198.249	30522.000
1198.391	30881.000
1198.533	30541.000
1198.675	30844.000
1198.816	30415.000
1198.958	30778.000
1199.100	30711.000
1199.242	30924.000
1199.383	30563.000
1199.525	30870.000
1199.667	30515.000
1199.808	30840.000
1199.950	30586.000
1200.092	30984.000
1200.233	30786.000
1200.375	30893.000
1200.517	30694.000
1200.658	30877.000
1200.800	30781.000
1200.942	30907.000
1201.083	30726.000
1201.225	31083.000
1201.367	30758.000
1201.508	31084.000
1201.650	30624.000
1201.791	30949.000
1201.933	30902.000
1202.074	30955.000
1202.216	30703.000
1202.358	30949.000
1202.499	30771.000
1202.641	30979.000
1202.782	30759.000
1202.924	31019.000
1203.065	30880.000
1203.207	30967.000
1203.348	30850.000
1203.490	31038.000
1203.631	30944.000
1203.773	31028.000
1203.914	30778.000
1204.056	31023.000
1204.197	30931.000
1204.338	30978.000
1204.480	30816.000
1204.621	31049.000
1204.763	31055.000
1204.904	31054.000
1205.045	30867.000
1205.187	31259.000
1205.328	31027.000
1205.470	31157.000
1205.611	30980.000
1205.752	31121.000
1205.894	31123.000
1206.035	31171.000
1206.176	31016.000
1206.318	31079.000
1206.459	31247.000
1206.600	31327.000
1206.741	31131.000
1206.883	31258.000
1207.024	31205.000
1207.165	31316.000
1207.306	31106.000
1207.448	31287.000
1207.589	31172.000
1207.730	31223.000
1207.871	31243.000
1208.013	31283.000
1208.154	31231.000
1208.295	31307.000
1208.436	31057.000
1208.577	31349.000
1208.719	31288.000
1208.860	31322.000
1209.001	31189.000
1209.142	31252.000
1209.283	31340.000
1209.424	31227.000
1209.565	31185.000
1209.706	31356.000
1209.848	31360.000
1209.989	31403.000
1210.130	31147.000
1210.271	31340.000
1210.412	31112.000
1210.553	31373.000
1210.694	31239.000
1210.835	31369.000
1210.976	31285.000
1211.117	31132.000
1211.258	31172.000
1211.399	31347.000
1211.540	31170.000
1211.681	31220.000
1211.822	31278.000
1211.963	31407.000
1212.104	31242.000
1212.245	31335.000
1212.386	31297.000
1212.527	31305.000
1212.668	31366.000
1212.809	31243.000
1212.950	31260.000
1213.090	31210.000
1213.231	31289.000
1213.372	31176.000
1213.513	31230.000
1213.654	31315.000
1213.795	31185.000
1213.936	31178.000
1214.077	31141.000
1214.217	31369.000
1214.358	31322.000
1214.499	31315.000
1214.640	31239.000
1214.781	31142.000
1214.921	31271.000
1215.062	31128.000
1215.203	31138.000
1215.344	31213.000
1215.485	31252.000
1215.625	31300.000
1215.766	31259.000
1215.907	31375.000
1216.047	31264.000
1216.188	31235.000
1216.329	31114.000
1216.470	31167.000
1216.610	31207.000
1216.751	31234.000
1216.892	30920.000
1217.032	31041.000
1217.173	31125.000
1217.314	31267.000
1217.454	31058.000
1217.595	31160.000
1217.735	31128.000
1217.876	31138.000
1218.017	31100.000
1218.157	31096.000
1218.298	31136.000
1218.438	31057.000
1218.579	31067.000
1218.720	31009.000
1218.860	31235.000
1219.001	31070.000
1219.141	30958.000
1219.282	31200.000
1219.422	31053.000
1219.563	31068.000
1219.703	30911.000
1219.844	31083.000
1219.984	31179.000
1220.125	31111.000
1220.265	31041.000
1220.406	31086.000
1220.546	31149.000
1220.687	31088.000
1220.827	30912.000
1220.967	30965.000
1221.108	31144.000
1221.248	30985.000
1221.389	30909.000
1221.529	31046.000
1221.669	31018.000
1221.810	31047.000
1221.950	30914.000
1222.091	30982.000
1222.231	31054.000
1222.371	31088.000
1222.512	30990.000
1222.652	31023.000
1222.792	31163.000
1222.933	30990.000
1223.073	30948.000
1223.213	31191.000
1223.353	31173.000
1223.494	31096.000
1223.634	30970.000
1223.774	31085.000
1223.914	30978.000
1224.055	31105.000
1224.195	31072.000
1224.335	31100.000
1224.475	31086.000
1224.616	31046.000
1224.756	30958.000
1224.896	31053.000
1225.036	31200.000
1225.176	31111.000
1225.316	31083.000
1225.457	31021.000
1225.597	31104.000
1225.737	31136.000
1225.877	31092.000
1226.017	31030.000
1226.157	31217.000
1226.297	31084.000
1226.437	30989.000
1226.578	31080.000
1226.718	31138.000
1226.858	31025.000
1226.998	31008.000
1227.138	31274.000
1227.278	31073.000
1227.418	31228.000
1227.558	30918.000
1227.698	31219.000
1227.838	31229.000
1227.978	31131.000
1228.118	31004.000
1228.258	31045.000
1228.398	31175.000
1228.538	31083.000
1228.678	31023.000
1228.818	31106.000
1228.958	31070.000
1229.098	31154.000
1229.238	31078.000
1229.377	31043.000
1229.517	31090.000
1229.657	31193.000
1229.797	31009.000
1229.937	31049.000
1230.077	31142.000
1230.217	31213.000
1230.357	31084.000
1230.496	31143.000
1230.636	31129.000
1230.776	31086.000
1230.916	30936.000
1231.056	31141.000
1231.196	31104.000
1231.335	31026.000
1231.475	30958.000
1231.615	31174.000
1231.755	30984.000
1231.894	31074.000
1232.034	30844.000
1232.174	31010.000
1232.314	31172.000
1232.453	30964.000
1232.593	30920.000
1232.733	31035.000
1232.873	31103.000
1233.012	31742.000
1233.152	30887.000
1233.292	31020.000
1233.431	31014.000
1233.571	30859.000
1233.711	30996.000
1233.850	30899.000
1233.990	31026.000
1234.129	30967.000
1234.269	30680.000
1234.409	30963.000
1234.548	30906.000
1234.688	30891.000
1234.828	30796.000
1234.967	30901.000
1235.107	31006.000
1235.246	30848.000
1235.386	30670.000
1235.525	30760.000
1235.665	30754.000
1235.804	30740.000
1235.944	30684.000
1236.083	30739.000
1236.223	30666.000
1236.362	30807.000
1236.502	30639.000
1236.641	30682.000
1236.781	30856.000
1236.920	30767.000
1237.060	30494.000
1237.199	30646.000
1237.339	30553.000
1237.478	30646.000
1237.617	30482.000
1237.757	30625.000
1237.896	30410.000
1238.036	30571.000
1238.175	30440.000
1238.314	30488.000
1238.454	30524.000
1238.593	30451.000
1238.732	30333.000
1238.872	30475.000
1239.011	30635.000
1239.150	30494.000
1239.290	30289.000
1239.429	30588.000
1239.568	30403.000
1239.708	30523.000
1239.847	30341.000
1239.986	30477.000
1240.125	30381.000
1240.265	30460.000
1240.404	30333.000
1240.543	30557.000
1240.682	30386.000
1240.822	30468.000
1240.961	30282.000
1241.100	30443.000
1241.239	30370.000
1241.378	30318.000
1241.518	30383.000
1241.657	30434.000
1241.796	30470.000
1241.935	30433.000
1242.074	30334.000
1242.213	30456.000
1242.352	30339.000
1242.492	30326.000
1242.631	30366.000
1242.770	30415.000
1242.909	30458.000
1243.048	30355.000
1243.187	30366.000
1243.326	30289.000
1243.465	30369.000
1243.604	30253.000
1243.743	30273.000
1243.882	30234.000
1244.021	30376.000
1244.160	30290.000
1244.299	30228.000
1244.438	30230.000
1244.577	30324.000
1244.716	30169.000
1244.855	30190.000
1244.994	30203.000
1245.133	30327.000
1245.272	30313.000
1245.411	30220.000
1245.550	30385.000
1245.689	30360.000
1245.828	30319.000
1245.967	30193.000
1246.106	30234.000
1246.244	30390.000
1246.383	30236.000
1246.522	30089.000
1246.661	30284.000
1246.800	30307.000
1246.939	30116.000
1247.078	30206.000
1247.216	30138.000
1247.355	30379.000
1247.494	30332.000
1247.633	30083.000
1247.772	30115.000
1247.910	30143.000
1248.049	30110.000
1248.188	30073.000
1248.327	30034.000
1248.465	30180.000
1248.604	30102.000
1248.743	29947.000
1248.882	29991.000
1249.020	30086.000
1249.159	30026.000
1249.298	29989.000
1249.436	29958.000
1249.575	30089.000
1249.714	29869.000
1249.852	29944.000
1249.991	29845.000
1250.130	30008.000
1250.268	29714.000
1250.407	29967.000
1250.546	29983.000
1250.684	29777.000
1250.823	29798.000
1250.961	29815.000
1251.100	29847.000
1251.239	29796.000
1251.377	29799.000
1251.516	29703.000
1251.654	29683.000
1251.793	29739.000
1251.931	29675.000
1252.070	29581.000
1252.208	29701.000
1252.347	29658.000
1252.485	29733.000
1252.624	29646.000
1252.762	29531.000
1252.901	29740.000
1253.039	29698.000
1253.178	29616.000
1253.316	29656.000
1253.455	29659.000
1253.593	29526.000
1253.732	29512.000
1253.870	26661.000
1254.008	29597.000
1254.147	29521.000
1254.285	29392.000
1254.424	29373.000
1254.562	29542.000
1254.700	29335.000
1254.839	29333.000
1254.977	29250.000
1255.115	29396.000
1255.254	29181.000
1255.392	29231.000
1255.530	29147.000
1255.669	29382.000
1255.807	29191.000
1255.945	29162.000
1256.084	29092.000
1256.222	29262.000
1256.360	29034.000
1256.498	28964.000
1256.637	29129.000
1256.775	29079.000
1256.913	29078.000
1257.051	28933.000
1257.189	28930.000
1257.328	29217.000
1257.466	28947.000
1257.604	29104.000
1257.742	29005.000
1257.880	29019.000
1258.019	28973.000
1258.157	28865.000
1258.295	28841.000
1258.433	28900.000
1258.571	28837.000
1258.709	28753.000
1258.847	28892.000
1258.986	28870.000
1259.124	28829.000
1259.262	28879.000
1259.400	28723.000
1259.538	28862.000
1259.676	28720.000
1259.814	28769.000
1259.952	28685.000
1260.090	28779.000
1260.228	28690.000
1260.366	28704.000
1260.504	28629.000
1260.642	28783.000
1260.780	28749.000
1260.918	28651.000
1261.056	28626.000
1261.194	28808.000
1261.332	28604.000
1261.470	28558.000
1261.608	28658.000
1261.746	28723.000
1261.884	28519.000
1262.022	28717.000
1262.160	34721.000
1262.297	28756.000
1262.435	28514.000
1262.573	28512.000
1262.711	28545.000
1262.849	28623.000
1262.987	28470.000
1263.125	28518.000
1263.262	28596.000
1263.400	28749.000
1263.538	28576.000
1263.676	28542.000
1263.814	28528.000
1263.952	28570.000
1264.089	28612.000
1264.227	28521.000
1264.365	28540.000
1264.503	28609.000
1264.640	28409.000
1264.778	28511.000
1264.916	28444.000
1265.054	28580.000
1265.191	28411.000
1265.329	28483.000
1265.467	28391.000
1265.604	28477.000
1265.742	28429.000
1265.880	28253.000
1266.017	28321.000
1266.155	28413.000
1266.293	28262.000
1266.430	28306.000
1266.568	28233.000
1266.706	28437.000
1266.843	28198.000
1266.981	28276.000
1267.119	28092.000
1267.256	28236.000
1267.394	27943.000
1267.531	28112.000
1267.669	28006.000
1267.806	28206.000
1267.944	27954.000
1268.081	28182.000
1268.219	28015.000
1268.357	28074.000
1268.494	27966.000
1268.632	28001.000
1268.769	27855.000
1268.907	28245.000
1269.044	28000.000
1269.182	27820.000
1269.319	27887.000
1269.456	28042.000
1269.594	27949.000
1269.731	27918.000
1269.869	27785.000
1270.006	28001.000
1270.144	27963.000
1270.281	27796.000
1270.418	27874.000
1270.556	27912.000
1270.693	27750.000
1270.831	27869.000
1270.968	27787.000
1271.105	27898.000
1271.243	27598.000
1271.380	27783.000
1271.517	27765.000
1271.655	27934.000
1271.792	27752.000
1271.929	27654.000
1272.066	27742.000
1272.204	27903.000
1272.341	27760.000
1272.478	27774.000
1272.616	27650.000
1272.753	27848.000
1272.890	27613.000
1273.027	27580.000
1273.165	27680.000
1273.302	27752.000
1273.439	27563.000
1273.576	27483.000
1273.713	27577.000
1273.851	27817.000
1273.988	27587.000
1274.125	27517.000
1274.262	27634.000
1274.399	27522.000
1274.536	27641.000
1274.673	27532.000
