1029.870	8896.000
1030.015	8898.000
1030.160	8852.000
1030.305	8908.000
1030.449	8781.000
1030.594	8906.000
1030.739	8831.000
1030.884	8874.000
1031.029	8788.000
1031.173	8891.000
1031.318	8765.000
1031.463	8886.000
1031.608	8803.000
1031.752	8803.000
1031.897	8805.000
1032.042	8955.000
1032.187	8696.000
1032.331	8898.000
1032.476	8771.000
1032.621	8920.000
1032.765	8771.000
1032.910	8778.000
1033.055	8905.000
1033.200	8861.000
1033.344	8827.000
1033.489	8806.000
1033.634	8822.000
1033.778	8812.000
1033.923	8793.000
1034.068	8796.000
1034.212	8807.000
1034.357	8849.000
1034.502	8811.000
1034.646	8827.000
1034.791	8710.000
1034.935	8811.000
1035.080	8831.000
1035.225	8729.000
1035.369	8816.000
1035.514	8852.000
1035.658	8778.000
1035.803	8851.000
1035.947	8752.000
1036.092	8854.000
1036.237	8707.000
1036.381	8812.000
1036.526	8796.000
1036.670	8768.000
1036.815	8771.000
1036.959	8801.000
1037.104	8742.000
1037.248	8755.000
1037.393	8793.000
1037.537	8822.000
1037.682	8743.000
1037.826	8794.000
1037.971	8735.000
1038.115	8814.000
1038.260	8648.000
1038.404	8703.000
1038.549	8749.000
1038.693	8692.000
1038.838	8668.000
1038.982	8713.000
1039.126	8636.000
1039.271	8762.000
1039.415	8695.000
1039.560	8642.000
1039.704	8693.000
1039.848	8726.000
1039.993	8665.000
1040.137	8664.000
1040.282	8657.000
1040.426	8710.000
1040.570	8564.000
1040.715	8639.000
1040.859	8574.000
1041.003	8649.000
1041.148	8623.000
1041.292	8693.000
1041.436	8580.000
1041.581	8640.000
1041.725	8638.000
1041.869	8624.000
1042.014	8509.000
1042.158	8633.000
1042.302	8523.000
1042.447	8563.000
1042.591	8558.000
1042.735	8586.000
1042.879	8521.000
1043.024	8608.000
1043.168	8561.000
1043.312	8595.000
1043.456	8573.000
1043.601	8575.000
1043.745	8505.000
1043.889	8569.000
1044.033	8537.000
1044.178	8594.000
1044.322	8520.000
1044.466	8521.000
1044.610	8443.000
1044.754	8444.000
1044.899	8505.000
1045.043	8616.000
1045.187	8472.000
1045.331	8528.000
1045.475	8486.000
1045.619	8516.000
1045.763	8516.000
1045.908	8571.000
1046.052	8384.000
1046.196	8604.000
1046.340	8439.000
1046.484	8449.000
1046.628	8532.000
1046.772	8554.000
1046.916	8505.000
1047.060	8513.000
1047.205	8459.000
1047.349	8531.000
1047.493	8493.000
1047.637	8572.000
1047.781	8435.000
1047.925	8538.000
1048.069	8396.000
1048.213	8488.000
1048.357	8588.000
1048.501	8564.000
1048.645	8494.000
1048.789	8550.000
1048.933	8528.000
1049.077	8488.000
1049.221	8474.000
1049.365	8527.000
1049.509	8531.000
1049.653	8615.000
1049.797	8482.000
1049.941	8550.000
1050.085	8499.000
1050.229	8610.000
1050.373	8496.000
1050.517	8437.000
1050.660	8526.000
1050.804	8571.000
1050.948	8550.000
1051.092	8536.000
1051.236	8435.000
1051.380	8567.000
1051.524	8503.000
1051.668	8486.000
1051.812	8420.000
1051.956	8500.000
1052.099	8387.000
1052.243	8618.000
1052.387	8527.000
1052.531	8571.000
1052.675	8481.000
1052.819	8543.000
1052.962	8458.000
1053.106	8441.000
1053.250	8447.000
1053.394	8568.000
1053.538	8411.000
1053.681	8511.000
1053.825	8493.000
1053.969	8482.000
1054.113	8483.000
1054.257	8548.000
1054.400	8384.000
1054.544	8533.000
1054.688	8427.000
1054.832	8470.000
1054.975	8459.000
1055.119	8533.000
1055.263	8393.000
1055.407	8544.000
1055.550	8299.000
1055.694	8448.000
1055.838	8436.000
1055.981	8527.000
1056.125	8414.000
1056.269	8487.000
1056.412	8325.000
1056.556	8401.000
1056.700	8393.000
1056.843	8441.000
1056.987	8422.000
1057.131	8483.000
1057.274	8366.000
1057.418	8431.000
1057.562	8325.000
1057.705	8459.000
1057.849	8386.000
1057.992	8509.000
1058.136	8308.000
1058.280	8421.000
1058.423	8274.000
1058.567	8487.000
1058.710	8456.000
1058.854	8391.000
1058.997	8420.000
1059.141	8376.000
1059.285	8304.000
1059.428	8418.000
1059.572	8356.000
1059.715	8460.000
1059.859	8316.000
1060.002	8458.000
1060.146	8317.000
1060.289	8444.000
1060.433	8273.000
1060.576	8497.000
1060.720	8339.000
1060.863	8403.000
1061.007	8271.000
1061.150	8374.000
1061.294	8260.000
1061.437	8405.000
1061.580	8328.000
1061.724	8454.000
1061.867	8319.000
1062.011	8435.000
1062.154	8188.000
1062.298	8480.000
1062.441	8260.000
1062.584	8438.000
1062.728	8326.000
1062.871	8519.000
1063.015	8436.000
1063.158	8664.000
1063.301	8706.000
1063.445	8962.000
1063.588	8860.000
1063.731	9033.000
1063.875	8929.000
1064.018	9155.000
1064.161	8976.000
1064.305	9170.000
1064.448	9145.000
1064.591	9285.000
1064.735	9021.000
1064.878	8769.000
1065.021	8388.000
1065.165	8503.000
1065.308	8323.000
1065.451	8466.000
1065.594	8427.000
1065.738	8491.000
1065.881	8387.000
1066.024	8388.000
1066.167	8290.000
1066.311	8411.000
1066.454	8261.000
1066.597	8450.000
1066.740	8444.000
1066.884	8477.000
1067.027	8307.000
1067.170	8497.000
1067.313	8473.000
1067.456	8423.000
1067.599	8286.000
1067.743	8438.000
1067.886	8326.000
1068.029	8470.000
1068.172	8306.000
1068.315	8475.000
1068.458	8328.000
1068.602	8404.000
1068.745	8336.000
1068.888	8421.000
1069.031	8372.000
1069.174	8428.000
1069.317	8396.000
1069.460	8410.000
1069.603	8325.000
1069.746	8533.000
1069.890	8363.000
1070.033	8372.000
1070.176	8359.000
1070.319	8460.000
1070.462	8268.000
1070.605	8492.000
1070.748	8413.000
1070.891	8495.000
1071.034	8395.000
1071.177	8419.000
1071.320	8351.000
1071.463	8404.000
1071.606	8304.000
1071.749	8401.000
1071.892	8366.000
1072.035	8495.000
1072.178	8378.000
1072.321	8412.000
1072.464	8193.000
1072.607	8519.000
1072.750	8336.000
1072.893	8406.000
1073.036	8323.000
1073.179	8464.000
1073.322	8304.000
1073.465	8401.000
1073.607	8401.000
1073.750	8340.000
1073.893	8281.000
1074.036	8414.000
1074.179	8326.000
1074.322	8415.000
1074.465	8262.000
1074.608	8488.000
1074.751	8409.000
1074.893	8425.000
1075.036	8280.000
1075.179	8431.000
1075.322	8307.000
1075.465	8399.000
1075.608	8258.000
1075.750	8430.000
1075.893	8271.000
1076.036	8279.000
1076.179	8307.000
1076.322	8393.000
1076.464	8255.000
1076.607	8501.000
1076.750	8243.000
1076.893	8275.000
1077.036	8242.000
1077.178	8447.000
1077.321	8313.000
1077.464	8324.000
1077.607	8175.000
1077.749	8458.000
1077.892	8249.000
1078.035	8377.000
1078.177	8234.000
1078.320	8403.000
1078.463	8249.000
1078.606	8388.000
1078.748	8304.000
1078.891	8424.000
1079.034	8286.000
1079.176	8416.000
1079.319	8207.000
1079.462	8310.000
1079.604	8301.000
1079.747	8377.000
1079.890	8153.000
1080.032	8411.000
1080.175	8160.000
1080.317	8294.000
1080.460	8236.000
1080.603	8407.000
1080.745	8266.000
1080.888	8381.000
1081.030	8278.000
1081.173	8269.000
1081.316	8206.000
1081.458	8322.000
1081.601	8342.000
1081.743	8303.000
1081.886	8253.000
1082.028	8270.000
1082.171	8266.000
1082.313	8369.000
1082.456	8209.000
1082.598	8297.000
1082.741	8228.000
1082.883	8344.000
1083.026	8229.000
1083.168	8351.000
1083.311	8187.000
1083.453	8380.000
1083.596	8188.000
1083.738	8339.000
1083.881	8213.000
1084.023	8402.000
1084.166	8242.000
1084.308	8456.000
1084.451	8169.000
1084.593	8471.000
1084.736	8225.000
1084.878	8379.000
1085.020	8237.000
1085.163	8374.000
1085.305	8259.000
1085.448	8283.000
1085.590	8259.000
1085.732	8375.000
1085.875	8218.000
1086.017	8349.000
1086.159	8274.000
1086.302	8343.000
1086.444	8335.000
1086.586	8386.000
1086.729	8305.000
1086.871	8372.000
1087.013	8211.000
1087.156	8390.000
1087.298	7923.000
1087.440	8413.000
1087.583	8304.000
1087.725	8353.000
1087.867	8360.000
1088.010	8334.000
1088.152	8179.000
1088.294	8312.000
1088.436	8282.000
1088.579	8440.000
1088.721	8237.000
1088.863	8368.000
1089.005	8216.000
1089.148	8425.000
1089.290	8286.000
1089.432	8350.000
1089.574	8197.000
1089.716	8403.000
1089.859	8304.000
1090.001	8371.000
1090.143	8227.000
1090.285	8417.000
1090.427	8241.000
1090.569	8406.000
1090.712	8307.000
1090.854	8309.000
1090.996	8183.000
1091.138	8337.000
1091.280	8279.000
1091.422	8525.000
1091.564	8228.000
1091.707	8393.000
1091.849	8248.000
1091.991	8352.000
1092.133	8276.000
1092.275	8417.000
1092.417	8235.000
1092.559	8410.000
1092.701	8245.000
1092.843	8386.000
1092.985	8253.000
1093.127	8391.000
1093.269	8260.000
1093.411	8425.000
1093.554	8218.000
1093.696	8333.000
1093.838	8208.000
1093.980	8387.000
1094.122	8182.000
1094.264	8328.000
1094.406	8238.000
1094.548	8286.000
1094.690	8242.000
1094.832	8342.000
1094.973	8249.000
1095.115	8376.000
1095.257	8225.000
1095.399	8442.000
1095.541	8316.000
1095.683	8332.000
1095.825	8233.000
1095.967	8385.000
1096.109	8316.000
1096.251	8371.000
1096.393	8210.000
1096.535	8383.000
1096.677	8251.000
1096.819	8288.000
1096.960	8233.000
1097.102	8331.000
1097.244	8239.000
1097.386	8325.000
1097.528	8182.000
1097.670	8355.000
1097.812	8192.000
1097.953	8339.000
1098.095	8277.000
1098.237	8319.000
1098.379	8218.000
1098.521	8284.000
1098.662	8164.000
1098.804	8420.000
1098.946	8307.000
1099.088	8315.000
1099.230	8207.000
1099.371	8277.000
1099.513	8255.000
1099.655	8355.000
1099.797	8288.000
1099.938	8435.000
1100.080	8240.000
1100.222	8321.000
1100.364	8233.000
1100.505	8384.000
1100.647	8233.000
1100.789	8405.000
1100.931	8289.000
1101.072	8403.000
1101.214	8274.000
1101.356	8232.000
1101.497	8183.000
1101.639	8357.000
1101.781	8132.000
1101.922	8284.000
1102.064	8190.000
1102.206	8283.000
1102.347	8182.000
1102.489	8322.000
1102.631	8185.000
1102.772	8347.000
1102.914	8097.000
1103.055	8373.000
1103.197	8201.000
1103.339	8312.000
1103.480	8246.000
1103.622	8315.000
1103.763	8192.000
1103.905	8328.000
1104.046	8158.000
1104.188	8279.000
1104.330	8200.000
1104.471	8309.000
1104.613	8149.000
1104.754	8326.000
1104.896	8327.000
1105.037	8329.000
1105.179	8212.000
1105.320	8348.000
1105.462	8192.000
1105.603	8347.000
1105.745	8170.000
1105.886	8343.000
1106.028	8167.000
1106.169	8443.000
1106.311	8236.000
1106.452	8397.000
1106.594	8209.000
1106.735	8353.000
1106.876	8223.000
1107.018	8332.000
1107.159	8179.000
1107.301	8306.000
1107.442	8167.000
1107.584	8347.000
1107.725	8232.000
1107.866	8343.000
1108.008	8124.000
1108.149	8325.000
1108.291	8214.000
1108.432	8290.000
1108.573	8239.000
1108.715	8317.000
1108.856	8112.000
1108.997	8335.000
1109.139	8140.000
1109.280	8344.000
1109.421	8189.000
1109.563	8400.000
1109.704	8194.000
1109.845	8290.000
1109.987	8182.000
1110.128	8245.000
1110.269	8229.000
1110.410	8369.000
1110.552	8162.000
1110.693	8344.000
1110.834	8082.000
1110.975	8325.000
1111.117	8193.000
1111.258	8333.000
1111.399	8166.000
1111.540	8295.000
1111.682	8294.000
1111.823	8257.000
1111.964	8230.000
1112.105	8316.000
1112.247	8181.000
1112.388	8356.000
1112.529	8123.000
1112.670	8356.000
1112.811	8180.000
1112.952	8264.000
1113.094	8146.000
1113.235	8290.000
1113.376	8181.000
1113.517	8255.000
1113.658	8074.000
1113.799	8289.000
1113.940	8247.000
1114.082	8359.000
1114.223	8224.000
1114.364	8368.000
1114.505	8161.000
1114.646	8314.000
1114.787	8189.000
1114.928	8282.000
1115.069	8104.000
1115.210	8273.000
1115.351	8221.000
1115.492	8332.000
1115.633	8152.000
1115.774	8340.000
1115.916	8163.000
1116.057	8303.000
1116.198	8095.000
1116.339	8270.000
1116.480	8141.000
1116.621	8215.000
1116.762	8089.000
1116.903	8268.000
1117.044	8212.000
1117.185	8251.000
1117.326	8138.000
1117.466	8284.000
1117.607	8184.000
1117.748	8289.000
1117.889	8168.000
1118.030	8343.000
1118.171	8180.000
1118.312	8308.000
1118.453	8143.000
1118.594	8392.000
1118.735	8192.000
1118.876	8239.000
1119.017	8181.000
1119.158	8279.000
1119.298	8153.000
1119.439	8255.000
1119.580	8155.000
1119.721	8350.000
1119.862	8250.000
1120.003	8333.000
1120.144	8249.000
1120.284	8364.000
1120.425	8241.000
1120.566	8277.000
1120.707	8208.000
1120.848	8387.000
1120.989	8188.000
1121.129	8351.000
1121.270	8249.000
1121.411	8385.000
1121.552	8285.000
1121.693	8363.000
1121.833	8224.000
1121.974	8471.000
1122.115	8353.000
1122.256	8405.000
1122.396	8363.000
1122.537	8485.000
1122.678	8312.000
1122.819	8458.000
1122.959	8466.000
1123.100	8589.000
1123.241	8449.000
1123.381	8521.000
1123.522	8458.000
1123.663	8534.000
1123.803	8432.000
1123.944	8597.000
1124.085	8494.000
1124.225	8654.000
1124.366	8526.000
1124.507	8661.000
1124.647	8552.000
1124.788	8801.000
1124.929	8636.000
1125.069	8839.000
1125.210	8647.000
1125.351	8863.000
1125.491	8692.000
1125.632	8874.000
1125.772	8714.000
1125.913	8946.000
1126.054	8764.000
1126.194	8946.000
1126.335	8832.000
1126.475	8997.000
1126.616	8870.000
1126.756	9127.000
1126.897	8999.000
1127.037	9104.000
1127.178	9049.000
1127.318	9108.000
1127.459	9079.000
1127.600	9226.000
1127.740	9106.000
1127.881	9211.000
1128.021	9121.000
1128.162	9273.000
1128.302	9241.000
1128.442	9277.000
1128.583	9241.000
1128.723	9327.000
1128.864	9274.000
1129.004	9417.000
1129.145	9217.000
1129.285	9374.000
1129.426	9313.000
1129.566	9398.000
1129.706	9234.000
1129.847	9354.000
1129.987	9199.000
1130.128	9208.000
1130.268	9155.000
1130.408	9184.000
1130.549	9051.000
1130.689	9036.000
1130.830	8918.000
1130.970	8976.000
1131.110	8751.000
1131.251	8810.000
1131.391	8765.000
1131.531	8758.000
1131.672	8587.000
1131.812	8651.000
1131.952	8507.000
1132.093	8724.000
1132.233	8476.000
1132.373	8591.000
1132.513	8472.000
1132.654	8666.000
1132.794	9002.000
1132.934	8556.000
1133.075	8438.000
1133.215	8542.000
1133.355	8382.000
1133.495	8589.000
1133.636	8372.000
1133.776	8587.000
1133.916	8387.000
1134.056	8436.000
1134.196	8489.000
1134.337	8557.000
1134.477	8431.000
1134.617	8550.000
1134.757	8474.000
1134.897	8663.000
1135.038	8457.000
1135.178	8548.000
1135.318	8446.000
1135.458	8526.000
1135.598	8387.000
1135.738	8510.000
1135.879	8378.000
1136.019	8404.000
1136.159	8363.000
1136.299	8353.000
1136.439	8219.000
1136.579	8441.000
1136.719	8225.000
1136.859	8310.000
1136.999	8189.000
1137.140	8260.000
1137.280	8170.000
1137.420	8253.000
1137.560	8162.000
1137.700	8153.000
1137.840	8164.000
1137.980	8205.000
1138.120	8161.000
1138.260	8233.000
1138.400	8115.000
1138.540	8255.000
1138.680	8135.000
1138.820	8298.000
1138.960	8112.000
1139.100	8202.000
1139.240	8179.000
1139.380	8214.000
1139.520	8155.000
1139.660	8212.000
1139.800	8090.000
1139.940	8207.000
1140.080	8116.000
1140.220	8215.000
1140.360	8212.000
1140.500	8184.000
1140.640	8106.000
1140.780	8131.000
1140.919	8106.000
1141.059	8193.000
1141.199	8078.000
1141.339	8268.000
1141.479	8110.000
1141.619	8266.000
1141.759	8088.000
1141.899	8173.000
1142.039	8129.000
1142.178	8219.000
1142.318	8052.000
1142.458	8250.000
1142.598	8108.000
1142.738	8281.000
1142.878	8166.000
1143.017	8286.000
1143.157	8092.000
1143.297	8292.000
1143.437	8087.000
1143.577	8219.000
1143.716	8066.000
1143.856	8314.000
1143.996	8086.000
1144.136	8299.000
1144.275	8139.000
1144.415	8281.000
1144.555	8118.000
1144.695	8276.000
1144.834	8148.000
1144.974	8299.000
1145.114	8207.000
1145.254	8242.000
1145.393	8221.000
1145.533	8349.000
1145.673	8218.000
1145.812	8258.000
1145.952	8221.000
1146.092	8375.000
1146.231	8195.000
1146.371	8295.000
1146.511	8203.000
1146.650	8370.000
1146.790	8145.000
1146.930	8376.000
1147.069	8216.000
1147.209	8428.000
1147.349	8316.000
1147.488	8350.000
1147.628	8172.000
1147.767	8325.000
1147.907	8240.000
1148.047	8286.000
1148.186	8237.000
1148.326	8357.000
1148.465	8245.000
1148.605	8306.000
1148.744	8239.000
1148.884	8351.000
1149.024	8259.000
1149.163	8344.000
1149.303	8192.000
1149.442	8427.000
1149.582	8174.000
1149.721	8332.000
1149.861	8192.000
1150.000	8331.000
1150.140	8149.000
1150.279	8356.000
1150.419	8283.000
1150.558	8274.000
1150.698	8264.000
1150.837	8363.000
1150.977	8207.000
1151.116	8350.000
1151.255	8234.000
1151.395	8301.000
1151.534	8208.000
1151.674	8270.000
1151.813	8177.000
1151.953	8266.000
1152.092	8221.000
1152.231	8337.000
1152.371	8250.000
1152.510	8281.000
1152.650	8160.000
1152.789	8410.000
1152.928	8324.000
1153.068	8304.000
1153.207	8290.000
1153.346	8308.000
1153.486	8221.000
1153.625	8335.000
1153.764	7123.000
1153.904	8314.000
1154.043	8217.000
1154.182	8263.000
1154.322	8129.000
1154.461	8325.000
1154.600	8166.000
1154.740	8323.000
1154.879	8245.000
1155.018	8323.000
1155.157	8208.000
1155.297	8295.000
1155.436	8199.000
1155.575	8376.000
1155.714	8236.000
1155.854	8309.000
1155.993	8136.000
1156.132	8358.000
1156.271	8132.000
1156.411	8230.000
1156.550	8215.000
1156.689	8260.000
1156.828	8136.000
1156.967	8252.000
1157.107	8104.000
1157.246	8340.000
1157.385	8082.000
1157.524	8342.000
1157.663	8169.000
1157.802	8240.000
1157.941	8179.000
1158.081	8182.000
1158.220	8066.000
1158.359	8166.000
1158.498	8074.000
1158.637	8140.000
1158.776	8056.000
1158.915	8260.000
1159.054	8086.000
1159.193	8261.000
1159.333	8050.000
1159.472	8165.000
1159.611	8043.000
1159.750	8147.000
1159.889	7979.000
1160.028	8160.000
1160.167	7970.000
1160.306	8106.000
1160.445	7988.000
1160.584	8176.000
1160.723	8140.000
1160.862	8149.000
1161.001	8036.000
1161.140	8259.000
1161.279	8011.000
1161.418	8163.000
1161.557	8063.000
1161.696	8226.000
1161.835	8032.000
1161.974	8295.000
1162.113	12733.000
1162.252	8261.000
1162.391	8100.000
1162.530	8186.000
1162.669	8117.000
1162.808	8189.000
1162.946	8006.000
1163.085	8199.000
1163.224	8183.000
1163.363	8290.000
1163.502	8190.000
1163.641	8191.000
1163.780	8117.000
1163.919	8257.000
1164.058	8201.000
1164.196	8307.000
1164.335	8157.000
1164.474	8263.000
1164.613	8118.000
1164.752	8291.000
1164.891	8167.000
1165.029	8315.000
1165.168	8179.000
1165.307	8312.000
1165.446	8180.000
1165.585	8281.000
1165.723	8119.000
1165.862	8243.000
1166.001	8158.000
1166.140	8335.000
1166.279	8135.000
1166.417	8287.000
1166.556	8129.000
1166.695	8352.000
1166.834	8181.000
1166.972	8347.000
1167.111	8139.000
1167.250	8295.000
1167.388	8048.000
1167.527	8313.000
1167.666	8095.000
1167.805	8306.000
1167.943	8135.000
1168.082	8348.000
1168.221	8189.000
1168.359	8299.000
1168.498	8153.000
1168.637	8331.000
1168.775	8103.000
1168.914	8340.000
1169.052	8235.000
1169.191	8241.000
1169.330	8155.000
1169.468	8368.000
1169.607	8180.000
1169.746	8275.000
1169.884	8167.000
1170.023	8259.000
1170.161	8221.000
1170.300	8253.000
1170.439	8252.000
1170.577	8346.000
1170.716	8235.000
1170.854	8384.000
1170.993	8178.000
1171.131	8340.000
1171.270	8124.000
1171.408	8333.000
1171.547	8307.000
1171.685	8418.000
1171.824	8210.000
1171.962	8322.000
1172.101	8262.000
1172.239	8426.000
1172.378	8260.000
1172.516	8407.000
1172.655	8262.000
1172.793	8425.000
1172.932	8256.000
1173.070	8321.000
1173.209	8278.000
1173.347	8409.000
1173.486	8276.000
1173.624	8262.000
1173.762	8299.000
1173.901	8492.000
1174.039	8336.000
1174.178	8384.000
1174.316	8318.000
1174.454	8326.000
1174.593	8343.000
1174.731	8432.000
