1129.938	9119.000
1130.084	9033.000
1130.229	9080.000
1130.375	9088.000
1130.521	9043.000
1130.667	9085.000
1130.813	9042.000
1130.958	9053.000
1131.104	9011.000
1131.250	9023.000
1131.396	8963.000
1131.542	9084.000
1131.687	9019.000
1131.833	8981.000
1131.979	9040.000
1132.124	9075.000
1132.270	8894.000
1132.416	9061.000
1132.561	8975.000
1132.707	9086.000
1132.853	8978.000
1132.998	8954.000
1133.144	9138.000
1133.290	9047.000
1133.435	9063.000
1133.581	9011.000
1133.727	9074.000
1133.872	8955.000
1134.018	9002.000
1134.163	8953.000
1134.309	9028.000
1134.455	8999.000
1134.600	8908.000
1134.746	8962.000
1134.891	8873.000
1135.037	8888.000
1135.182	8932.000
1135.328	8871.000
1135.473	8914.000
1135.619	8936.000
1135.764	8882.000
1135.910	8904.000
1136.055	8857.000
1136.201	8913.000
1136.346	8781.000
1136.492	8865.000
1136.637	8874.000
1136.783	8783.000
1136.928	8827.000
1137.074	8858.000
1137.219	8810.000
1137.364	8816.000
1137.510	8859.000
1137.655	8906.000
1137.801	8778.000
1137.946	8839.000
1138.091	8752.000
1138.237	8835.000
1138.382	8734.000
1138.527	8750.000
1138.673	8793.000
1138.818	8737.000
1138.963	8710.000
1139.109	8724.000
1139.254	8684.000
1139.399	8809.000
1139.544	8727.000
1139.690	8691.000
1139.835	8680.000
1139.980	8710.000
1140.125	8703.000
1140.271	8681.000
1140.416	8715.000
1140.561	8747.000
1140.706	8606.000
1140.851	8688.000
1140.997	8639.000
1141.142	8637.000
1141.287	8642.000
1141.432	8729.000
1141.577	8586.000
1141.723	8679.000
1141.868	8657.000
1142.013	8649.000
1142.158	8545.000
1142.303	8611.000
1142.448	8563.000
1142.593	8582.000
1142.738	8596.000
1142.883	8607.000
1143.028	8557.000
1143.174	8619.000
1143.319	8603.000
1143.464	8586.000
1143.609	8621.000
1143.754	8557.000
1143.899	8574.000
1144.044	8616.000
1144.189	8588.000
1144.334	8604.000
1144.479	8543.000
1144.624	8545.000
1144.769	8513.000
1144.914	8486.000
1145.059	8512.000
1145.204	8611.000
1145.348	8500.000
1145.493	8573.000
1145.638	8512.000
1145.783	8543.000
1145.928	8512.000
1146.073	8557.000
1146.218	8394.000
1146.363	8616.000
1146.508	8444.000
1146.653	8505.000
1146.797	8526.000
1146.942	8558.000
1147.087	8551.000
1147.232	8534.000
1147.377	8490.000
1147.522	8564.000
1147.666	8499.000
1147.811	8587.000
1147.956	8440.000
1148.101	8551.000
1148.245	8404.000
1148.390	8462.000
1148.535	8589.000
1148.680	8575.000
1148.824	8491.000
1148.969	8579.000
1149.114	8480.000
1149.259	8553.000
1149.403	8505.000
1149.548	8503.000
1149.693	8522.000
1149.837	8601.000
1149.982	8492.000
1150.127	8553.000
1150.271	8528.000
1150.416	8571.000
1150.561	8525.000
1150.705	8474.000
1150.850	8493.000
1150.994	8614.000
1151.139	8535.000
1151.284	8542.000
1151.428	8498.000
1151.573	8576.000
1151.717	8509.000
1151.862	8495.000
1152.006	8397.000
1152.151	8542.000
1152.295	8433.000
1152.440	8581.000
1152.584	8526.000
1152.729	8582.000
1152.873	8503.000
1153.018	8546.000
1153.162	8474.000
1153.307	8443.000
1153.451	8452.000
1153.596	8554.000
1153.740	8405.000
1153.885	8532.000
1154.029	8497.000
1154.174	8479.000
1154.318	8479.000
1154.462	8550.000
1154.607	8396.000
1154.751	8522.000
1154.896	8453.000
1155.040	8474.000
1155.184	8508.000
1155.329	8532.000
1155.473	8405.000
1155.617	8496.000
1155.762	8309.000
1155.906	8415.000
1156.050	8440.000
1156.194	8527.000
1156.339	8446.000
1156.483	8507.000
1156.627	8309.000
1156.772	8409.000
1156.916	8412.000
1157.060	8433.000
1157.204	8454.000
1157.349	8513.000
1157.493	8379.000
1157.637	8429.000
1157.781	8322.000
1157.925	8451.000
1158.070	8371.000
1158.214	8513.000
1158.358	8342.000
1158.502	8444.000
1158.646	8262.000
1158.790	8488.000
1158.935	8463.000
1159.079	8378.000
1159.223	8427.000
1159.367	8394.000
1159.511	8335.000
1159.655	8439.000
1159.799	8330.000
1159.943	8505.000
1160.087	8295.000
1160.231	8455.000
1160.375	8304.000
1160.519	8453.000
1160.664	8262.000
1160.808	8498.000
1160.952	8361.000
1161.096	8410.000
1161.240	8285.000
1161.384	8398.000
1161.528	8253.000
1161.672	8397.000
1161.815	8348.000
1161.959	8491.000
1162.103	8339.000
1162.247	8450.000
1162.391	8222.000
1162.535	8479.000
1162.679	8286.000
1162.823	8423.000
1162.967	8292.000
1163.111	8515.000
1163.255	8380.000
1163.399	8426.000
1163.542	8318.000
1163.686	8489.000
1163.830	8315.000
1163.974	8413.000
1164.118	8321.000
1164.262	8459.000
1164.405	8301.000
1164.549	8358.000
1164.693	8289.000
1164.837	8407.000
1164.981	8342.000
1165.124	8448.000
1165.268	8294.000
1165.412	8480.000
1165.556	8327.000
1165.699	8457.000
1165.843	8431.000
1165.987	8491.000
1166.131	8371.000
1166.274	8378.000
1166.418	8293.000
1166.562	8388.000
1166.705	8262.000
1166.849	8456.000
1166.993	8452.000
1167.136	8507.000
1167.280	8332.000
1167.424	8511.000
1167.567	8455.000
1167.711	8414.000
1167.854	8323.000
1167.998	8467.000
1168.142	8348.000
1168.285	8435.000
1168.429	8345.000
1168.572	8499.000
1168.716	8328.000
1168.859	8426.000
1169.003	8374.000
1169.147	8448.000
1169.290	8402.000
1169.434	8469.000
1169.577	8417.000
1169.721	8460.000
1169.864	8365.000
1170.008	8582.000
1170.151	8402.000
1170.294	8407.000
1170.438	8411.000
1170.581	8486.000
1170.725	8299.000
1170.868	8473.000
1171.012	8466.000
1171.155	8511.000
1171.298	8390.000
1171.442	8460.000
1171.585	8400.000
1171.729	8454.000
1171.872	8372.000
1172.015	8439.000
1172.159	8392.000
1172.302	8476.000
1172.445	8349.000
1172.589	8446.000
1172.732	8233.000
1172.875	8535.000
1173.019	8339.000
1173.162	8424.000
1173.305	8329.000
1173.449	8495.000
1173.592	8339.000
1173.735	8446.000
1173.878	8410.000
1174.022	8384.000
1174.165	8292.000
1174.308	8468.000
1174.451	8360.000
1174.594	8417.000
1174.738	8312.000
1174.881	8524.000
1175.024	8417.000
1175.167	8463.000
1175.310	8307.000
1175.454	8447.000
1175.597	8384.000
1175.740	8468.000
1175.883	8276.000
1176.026	8441.000
1176.169	8307.000
1176.312	8336.000
1176.455	8360.000
1176.598	8404.000
1176.742	8308.000
1176.885	8533.000
1177.028	8269.000
1177.171	8281.000
1177.314	8302.000
1177.457	8468.000
1177.600	8344.000
1177.743	8355.000
1177.886	8227.000
1178.029	8489.000
1178.172	8305.000
1178.315	8413.000
1178.458	8288.000
1178.601	8455.000
1178.744	8326.000
1178.887	8411.000
1179.030	8345.000
1179.173	8442.000
1179.316	8329.000
1179.458	8442.000
1179.601	8254.000
1179.744	8381.000
1179.887	8342.000
1180.030	8419.000
1180.173	8235.000
1180.316	8465.000
1180.459	8253.000
1180.602	8357.000
1180.744	8277.000
1180.887	8450.000
1181.030	8308.000
1181.173	8430.000
1181.316	8308.000
1181.458	8330.000
1181.601	8255.000
1181.744	8373.000
1181.887	8383.000
1182.030	8311.000
1182.172	8269.000
1182.315	8328.000
1182.458	8310.000
1182.601	8421.000
1182.743	8283.000
1182.886	8333.000
1183.029	8297.000
1183.171	8374.000
1183.314	8280.000
1183.457	8365.000
1183.599	8204.000
1183.742	8432.000
1183.885	8234.000
1184.027	8428.000
1184.170	8263.000
1184.313	8434.000
1184.455	8266.000
1184.598	8486.000
1184.741	8191.000
1184.883	8508.000
1185.026	8246.000
1185.168	8421.000
1185.311	8281.000
1185.453	8428.000
1185.596	8287.000
1185.739	8332.000
1185.881	8279.000
1186.024	8409.000
1186.166	8251.000
1186.309	8386.000
1186.451	8295.000
1186.594	8412.000
1186.736	8330.000
1186.879	8440.000
1187.021	8321.000
1187.164	8395.000
1187.306	8234.000
1187.448	8436.000
1187.591	7958.000
1187.733	8440.000
1187.876	8338.000
1188.018	8384.000
1188.160	8384.000
1188.303	8342.000
1188.445	8207.000
1188.588	8355.000
1188.730	8329.000
1188.872	8507.000
1189.015	8304.000
1189.157	8391.000
1189.299	8221.000
1189.442	8459.000
1189.584	8295.000
1189.726	8395.000
1189.869	8238.000
1190.011	8435.000
1190.153	8341.000
1190.295	8438.000
1190.438	8258.000
1190.580	8431.000
1190.722	8267.000
1190.864	8439.000
1191.007	8322.000
1191.149	8381.000
1191.291	8191.000
1191.433	8406.000
1191.576	8337.000
1191.718	8564.000
1191.860	8294.000
1192.002	8442.000
1192.144	8320.000
1192.286	8425.000
1192.429	8307.000
1192.571	8457.000
1192.713	8311.000
1192.855	8470.000
1192.997	8331.000
1193.139	8420.000
1193.281	8333.000
1193.423	8488.000
1193.565	8321.000
1193.707	8500.000
1193.850	8317.000
1193.992	8376.000
1194.134	8275.000
1194.276	8496.000
1194.418	8250.000
1194.560	8375.000
1194.702	8299.000
1194.844	8383.000
1194.986	8268.000
1195.128	8414.000
1195.270	8348.000
1195.412	8452.000
1195.554	8302.000
1195.696	8470.000
1195.837	8332.000
1195.979	8410.000
1196.121	8294.000
1196.263	8463.000
1196.405	8384.000
1196.547	8472.000
1196.689	8283.000
1196.831	8464.000
1196.973	8347.000
1197.115	8411.000
1197.256	8283.000
1197.398	8444.000
1197.540	8344.000
1197.682	8388.000
1197.824	8266.000
1197.966	8465.000
1198.107	8279.000
1198.249	8417.000
1198.391	8410.000
1198.533	8408.000
1198.675	8310.000
1198.816	8384.000
1198.958	8291.000
1199.100	8503.000
1199.242	8364.000
1199.383	8404.000
1199.525	8315.000
1199.667	8312.000
1199.808	8367.000
1199.950	8410.000
1200.092	8408.000
1200.233	8480.000
1200.375	8262.000
1200.517	8439.000
1200.658	8315.000
1200.800	8469.000
1200.942	8286.000
1201.083	8443.000
1201.225	8342.000
1201.367	8473.000
1201.508	8342.000
1201.650	8326.000
1201.791	8267.000
1201.933	8463.000
1202.074	8202.000
1202.216	8389.000
1202.358	8256.000
1202.499	8358.000
1202.641	8266.000
1202.782	8365.000
1202.924	8246.000
1203.065	8442.000
1203.207	8166.000
1203.348	8430.000
1203.490	8270.000
1203.631	8404.000
1203.773	8284.000
1203.914	8391.000
1204.056	8254.000
1204.197	8405.000
1204.338	8194.000
1204.480	8368.000
1204.621	8262.000
1204.763	8388.000
1204.904	8196.000
1205.045	8379.000
1205.187	8413.000
1205.328	8392.000
1205.470	8288.000
1205.611	8418.000
1205.752	8236.000
1205.894	8428.000
1206.035	8246.000
1206.176	8422.000
1206.318	8181.000
1206.459	8509.000
1206.600	8332.000
1206.741	8455.000
1206.883	8275.000
1207.024	8433.000
1207.165	8328.000
1207.306	8419.000
1207.448	8232.000
1207.589	8391.000
1207.730	8248.000
1207.871	8443.000
1208.013	8316.000
1208.154	8448.000
1208.295	8192.000
1208.436	8378.000
1208.577	8290.000
1208.719	8396.000
1208.860	8305.000
1209.001	8401.000
1209.142	8219.000
1209.283	8417.000
1209.424	8209.000
1209.565	8444.000
1209.706	8287.000
1209.848	8485.000
1209.989	8281.000
1210.130	8405.000
1210.271	8251.000
1210.412	8365.000
1210.553	8316.000
1210.694	8476.000
1210.835	8248.000
1210.976	8456.000
1211.117	8154.000
1211.258	8408.000
1211.399	8304.000
1211.540	8439.000
1211.681	8259.000
1211.822	8386.000
1211.963	8362.000
1212.104	8347.000
1212.245	8305.000
1212.386	8439.000
1212.527	8276.000
1212.668	8412.000
1212.809	8248.000
1212.950	8479.000
1213.090	8264.000
1213.231	8364.000
1213.372	8248.000
1213.513	8403.000
1213.654	8281.000
1213.795	8355.000
1213.936	8166.000
1214.077	8391.000
1214.217	8353.000
1214.358	8490.000
1214.499	8342.000
1214.640	8487.000
1214.781	8249.000
1214.921	8438.000
1215.062	8242.000
1215.203	8376.000
1215.344	8180.000
1215.485	8387.000
1215.625	8335.000
1215.766	8452.000
1215.907	8281.000
1216.047	8424.000
1216.188	8267.000
1216.329	8385.000
1216.470	8159.000
1216.610	8383.000
1216.751	8236.000
1216.892	8336.000
1217.032	8142.000
1217.173	8319.000
1217.314	8288.000
1217.454	8309.000
1217.595	8227.000
1217.735	8354.000
1217.876	8248.000
1218.017	8371.000
1218.157	8202.000
1218.298	8426.000
1218.438	8221.000
1218.579	8339.000
1218.720	8189.000
1218.860	8419.000
1219.001	8240.000
1219.141	8320.000
1219.282	8236.000
1219.422	8330.000
1219.563	8196.000
1219.703	8274.000
1219.844	8201.000
1219.984	8392.000
1220.125	8277.000
1220.265	8366.000
1220.406	8217.000
1220.546	8369.000
1220.687	8240.000
1220.827	8309.000
1220.967	8181.000
1221.108	8360.000
1221.248	8149.000
1221.389	8327.000
1221.529	8235.000
1221.669	8350.000
1221.810	8233.000
1221.950	8314.000
1222.091	8154.000
1222.231	8385.000
1222.371	8253.000
1222.512	8351.000
1222.652	8253.000
1222.792	8406.000
1222.933	8184.000
1223.073	8330.000
1223.213	8331.000
1223.353	8433.000
1223.494	8284.000
1223.634	8334.000
1223.774	8275.000
1223.914	8352.000
1224.055	8208.000
1224.195	8381.000
1224.335	8264.000
1224.475	8378.000
1224.616	8220.000
1224.756	8321.000
1224.896	8203.000
1225.036	8486.000
1225.176	8302.000
1225.316	8438.000
1225.457	8242.000
1225.597	8448.000
1225.737	8269.000
1225.877	8469.000
1226.017	8295.000
1226.157	8473.000
1226.297	8277.000
1226.437	8394.000
1226.578	8274.000
1226.718	8447.000
1226.858	8269.000
1226.998	8497.000
1227.138	8352.000
1227.278	8430.000
1227.418	8360.000
1227.558	8406.000
1227.698	8371.000
1227.838	8491.000
1227.978	8349.000
1228.118	8435.000
1228.258	8313.000
1228.398	8465.000
1228.538	8367.000
1228.678	8404.000
1228.818	8353.000
1228.958	8496.000
1229.098	8399.000
1229.238	8559.000
1229.377	8383.000
1229.517	8492.000
1229.657	8455.000
1229.797	8515.000
1229.937	8385.000
1230.077	8581.000
1230.217	8443.000
1230.357	8517.000
1230.496	8478.000
1230.636	8575.000
1230.776	8435.000
1230.916	8539.000
1231.056	8439.000
1231.196	8586.000
1231.335	8414.000
1231.475	8511.000
1231.615	8499.000
1231.755	8572.000
1231.894	8471.000
1232.034	8529.000
1232.174	8424.000
1232.314	8688.000
1232.453	8440.000
1232.593	8548.000
1232.733	8476.000
1232.873	8692.000
1233.012	9040.000
1233.152	8571.000
1233.292	8505.000
1233.431	8600.000
1233.571	8442.000
1233.711	8640.000
1233.850	8438.000
1233.990	8663.000
1234.129	8474.000
1234.269	8520.000
1234.409	8539.000
1234.548	8609.000
1234.688	8500.000
1234.828	8608.000
1234.967	8486.000
1235.107	8691.000
1235.246	8477.000
1235.386	8552.000
1235.525	8484.000
1235.665	8582.000
1235.804	8450.000
1235.944	8585.000
1236.083	8476.000
1236.223	8575.000
1236.362	8523.000
1236.502	8570.000
1236.641	8464.000
1236.781	8687.000
1236.920	8468.000
1237.060	8582.000
1237.199	8478.000
1237.339	8537.000
1237.478	8483.000
1237.617	8565.000
1237.757	8476.000
1237.896	8501.000
1238.036	8495.000
1238.175	8506.000
1238.314	8501.000
1238.454	8601.000
1238.593	8446.000
1238.732	8600.000
1238.872	8492.000
1239.011	8676.000
1239.150	8507.000
1239.290	8545.000
1239.429	8549.000
1239.568	8566.000
1239.708	8546.000
1239.847	8623.000
1239.986	8503.000
1240.125	8586.000
1240.265	8562.000
1240.404	8627.000
1240.543	8588.000
1240.682	8617.000
1240.822	8538.000
1240.961	8570.000
1241.100	8532.000
1241.239	8586.000
1241.378	8486.000
1241.518	8662.000
1241.657	8552.000
1241.796	8675.000
1241.935	8522.000
1242.074	8594.000
1242.213	8535.000
1242.352	8626.000
1242.492	8481.000
1242.631	8671.000
1242.770	8551.000
1242.909	8677.000
1243.048	8580.000
1243.187	8733.000
1243.326	8528.000
1243.465	8684.000
1243.604	8512.000
1243.743	8648.000
1243.882	8511.000
1244.021	8702.000
1244.160	8519.000
1244.299	8708.000
1244.438	8553.000
1244.577	8739.000
1244.716	8514.000
1244.855	8657.000
1244.994	8555.000
1245.133	8707.000
1245.272	8631.000
1245.411	8694.000
1245.550	8646.000
1245.689	8772.000
1245.828	8632.000
1245.967	8641.000
1246.106	8586.000
1246.244	8788.000
1246.383	8582.000
1246.522	8687.000
1246.661	8588.000
1246.800	8775.000
1246.939	8522.000
1247.078	8760.000
1247.216	8569.000
1247.355	8788.000
1247.494	8682.000
1247.633	8732.000
1247.772	8508.000
1247.910	8701.000
1248.049	8588.000
1248.188	8670.000
1248.327	8558.000
1248.465	8687.000
1248.604	8610.000
1248.743	8668.000
1248.882	8596.000
1249.020	8688.000
1249.159	8596.000
1249.298	8632.000
1249.436	8560.000
1249.575	8713.000
1249.714	8525.000
1249.852	8648.000
1249.991	8532.000
1250.130	8643.000
1250.268	8443.000
1250.407	8683.000
1250.546	8582.000
1250.684	8593.000
1250.823	8564.000
1250.961	8712.000
1251.100	8476.000
1251.239	8634.000
1251.377	8550.000
1251.516	8563.000
1251.654	8479.000
1251.793	8554.000
1251.931	8477.000
1252.070	8580.000
1252.208	8525.000
1252.347	8588.000
1252.485	8492.000
1252.624	8579.000
1252.762	8451.000
1252.901	8643.000
1253.039	8565.000
1253.178	8583.000
1253.316	8549.000
1253.455	8611.000
1253.593	8497.000
1253.732	8583.000
1253.870	7307.000
1254.008	8556.000
1254.147	8439.000
1254.285	8506.000
1254.424	8380.000
1254.562	8586.000
1254.700	8395.000
1254.839	8589.000
1254.977	8496.000
1255.115	8576.000
1255.254	8460.000
1255.392	8521.000
1255.530	8426.000
1255.669	8603.000
1255.807	8463.000
1255.945	8546.000
1256.084	8373.000
1256.222	8578.000
1256.360	8358.000
1256.498	8438.000
1256.637	8416.000
1256.775	8464.000
1256.913	8393.000
1257.051	8500.000
1257.189	8351.000
1257.328	8547.000
1257.466	8342.000
1257.604	8583.000
1257.742	8393.000
1257.880	8470.000
1258.019	8433.000
1258.157	8439.000
1258.295	8362.000
1258.433	8423.000
1258.571	8294.000
1258.709	8390.000
1258.847	8306.000
1258.986	8501.000
1259.124	8325.000
1259.262	8469.000
1259.400	8290.000
1259.538	8417.000
1259.676	8276.000
1259.814	8379.000
1259.952	8250.000
1260.090	8408.000
1260.228	8215.000
1260.366	8376.000
1260.504	8228.000
1260.642	8376.000
1260.780	8375.000
1260.918	8419.000
1261.056	8298.000
1261.194	8513.000
1261.332	8234.000
1261.470	8401.000
1261.608	8343.000
1261.746	8444.000
1261.884	8260.000
1262.022	8535.000
1262.160	12797.000
1262.297	8521.000
1262.435	8354.000
1262.573	8433.000
1262.711	8356.000
1262.849	8475.000
1262.987	8297.000
1263.125	8436.000
1263.262	8451.000
1263.400	8566.000
1263.538	8409.000
1263.676	8448.000
1263.814	8372.000
1263.952	8473.000
1264.089	8455.000
1264.227	8545.000
1264.365	8393.000
1264.503	8533.000
1264.640	8391.000
1264.778	8525.000
1264.916	8453.000
1265.054	8583.000
1265.191	8419.000
1265.329	8535.000
1265.467	8458.000
1265.604	8547.000
1265.742	8388.000
1265.880	8484.000
1266.017	8387.000
1266.155	8590.000
1266.293	8412.000
1266.430	8561.000
1266.568	8407.000
1266.706	8629.000
1266.843	8435.000
1266.981	8571.000
1267.119	8390.000
1267.256	8547.000
1267.394	8315.000
1267.531	8530.000
1267.669	8345.000
1267.806	8558.000
1267.944	8339.000
1268.081	8580.000
1268.219	8405.000
1268.357	8526.000
1268.494	8392.000
1268.632	8579.000
1268.769	8329.000
1268.907	8586.000
1269.044	8449.000
1269.182	8456.000
1269.319	8329.000
1269.456	8553.000
1269.594	8429.000
1269.731	8508.000
1269.869	8398.000
1270.006	8516.000
1270.144	8439.000
1270.281	8524.000
1270.418	8465.000
1270.556	8540.000
1270.693	8468.000
1270.831	8601.000
1270.968	8380.000
1271.105	8593.000
1271.243	8346.000
1271.380	8532.000
1271.517	8506.000
1271.655	8636.000
1271.792	8435.000
1271.929	8537.000
1272.066	8476.000
1272.204	8625.000
1272.341	8482.000
1272.478	8620.000
1272.616	8471.000
1272.753	8618.000
1272.890	8440.000
1273.027	8525.000
1273.165	8465.000
1273.302	8599.000
1273.439	8439.000
1273.576	8481.000
1273.713	8469.000
1273.851	8648.000
1273.988	8506.000
1274.125	8534.000
1274.262	8479.000
1274.399	8519.000
1274.536	8528.000
1274.673	8601.000
