1429.840	6229.000
1429.989	6306.000
1430.138	6184.000
1430.288	6382.000
1430.437	6203.000
1430.587	6381.000
1430.736	6186.000
1430.885	6338.000
1431.035	6208.000
1431.184	6298.000
1431.333	6150.000
1431.482	6362.000
1431.632	6216.000
1431.781	6278.000
1431.930	6188.000
1432.079	6402.000
1432.229	6159.000
1432.378	6371.000
1432.527	6155.000
1432.676	6348.000
1432.825	6154.000
1432.974	6286.000
1433.123	6306.000
1433.273	6344.000
1433.422	6217.000
1433.571	6310.000
1433.720	6252.000
1433.869	6288.000
1434.018	6171.000
1434.167	6276.000
1434.316	6197.000
1434.465	6358.000
1434.614	6245.000
1434.763	6310.000
1434.911	6142.000
1435.060	6319.000
1435.209	6245.000
1435.358	6286.000
1435.507	6216.000
1435.656	6348.000
1435.805	6188.000
1435.954	6353.000
1436.102	6164.000
1436.251	6348.000
1436.400	6127.000
1436.549	6281.000
1436.697	6193.000
1436.846	6274.000
1436.995	6174.000
1437.144	6281.000
1437.292	6157.000
1437.441	6247.000
1437.590	6193.000
1437.738	6299.000
1437.887	6137.000
1438.035	6291.000
1438.184	6117.000
1438.333	6283.000
1438.481	6109.000
1438.630	6203.000
1438.778	6179.000
1438.927	6212.000
1439.075	6127.000
1439.224	6187.000
1439.372	6060.000
1439.521	6254.000
1439.669	6137.000
1439.818	6178.000
1439.966	6083.000
1440.114	6203.000
1440.263	6123.000
1440.411	6184.000
1440.559	6111.000
1440.708	6208.000
1440.856	6038.000
1441.004	6179.000
1441.153	6069.000
1441.301	6170.000
1441.449	6109.000
1441.597	6272.000
1441.746	6048.000
1441.894	6143.000
1442.042	6100.000
1442.190	6191.000
1442.338	5993.000
1442.487	6147.000
1442.635	6015.000
1442.783	6137.000
1442.931	6083.000
1443.079	6144.000
1443.227	6000.000
1443.375	6141.000
1443.523	6070.000
1443.671	6144.000
1443.819	6048.000
1443.967	6104.000
1444.115	6016.000
1444.263	6148.000
1444.411	6039.000
1444.559	6140.000
1444.707	5994.000
1444.855	6070.000
1445.003	5950.000
1445.151	6059.000
1445.299	5972.000
1445.447	6164.000
1445.594	5985.000
1445.742	6065.000
1445.890	5960.000
1446.038	6070.000
1446.186	5991.000
1446.333	6102.000
1446.481	5875.000
1446.629	6152.000
1446.776	5942.000
1446.924	6048.000
1447.072	6002.000
1447.220	6122.000
1447.367	6002.000
1447.515	6085.000
1447.662	5975.000
1447.810	6061.000
1447.958	5969.000
1448.105	6170.000
1448.253	5931.000
1448.400	6120.000
1448.548	5894.000
1448.695	6013.000
1448.843	6047.000
1448.990	6104.000
1449.138	5983.000
1449.285	6096.000
1449.433	5989.000
1449.580	6072.000
1449.728	5981.000
1449.875	6093.000
1450.022	5999.000
1450.170	6111.000
1450.317	5959.000
1450.464	6123.000
1450.612	6017.000
1450.759	6124.000
1450.906	5982.000
1451.054	6047.000
1451.201	6003.000
1451.348	6115.000
1451.495	6027.000
1451.643	6089.000
1451.790	5965.000
1451.937	6120.000
1452.084	5984.000
1452.231	6081.000
1452.378	5923.000
1452.526	6061.000
1452.673	5897.000
1452.820	6111.000
1452.967	5989.000
1453.114	6122.000
1453.261	5970.000
1453.408	6087.000
1453.555	5971.000
1453.702	6044.000
1453.849	5939.000
1453.996	6107.000
1454.143	5889.000
1454.290	6056.000
1454.437	5996.000
1454.584	6071.000
1454.731	5985.000
1454.878	6108.000
1455.024	5875.000
1455.171	6079.000
1455.318	5918.000
1455.465	6038.000
1455.612	6005.000
1455.759	6083.000
1455.905	5876.000
1456.052	6092.000
1456.199	5825.000
1456.346	5999.000
1456.492	5912.000
1456.639	6119.000
1456.786	5943.000
1456.932	6053.000
1457.079	5843.000
1457.226	5983.000
1457.372	5902.000
1457.519	6024.000
1457.665	5943.000
1457.812	6085.000
1457.959	5857.000
1458.105	6019.000
1458.252	5847.000
1458.398	6032.000
1458.545	5862.000
1458.691	6098.000
1458.838	5853.000
1458.984	6000.000
1459.131	5805.000
1459.277	6083.000
1459.423	5973.000
1459.570	5969.000
1459.716	5935.000
1459.863	5989.000
1460.009	5845.000
1460.155	5992.000
1460.302	5874.000
1460.448	6074.000
1460.594	5831.000
1460.741	6014.000
1460.887	5859.000
1461.033	6014.000
1461.179	5807.000
1461.326	6063.000
1461.472	5871.000
1461.618	5983.000
1461.764	5823.000
1461.910	5987.000
1462.056	5780.000
1462.203	5977.000
1462.349	5892.000
1462.495	6049.000
1462.641	5862.000
1462.787	6018.000
1462.933	5751.000
1463.079	6027.000
1463.225	5798.000
1463.371	5995.000
1463.517	5830.000
1463.663	6100.000
1463.809	5879.000
1463.955	5977.000
1464.101	5829.000
1464.247	6032.000
1464.393	5827.000
1464.539	5983.000
1464.684	5868.000
1464.830	6054.000
1464.976	5810.000
1465.122	5971.000
1465.268	5834.000
1465.414	5990.000
1465.559	5857.000
1465.705	5983.000
1465.851	5805.000
1465.997	6027.000
1466.142	5870.000
1466.288	6043.000
1466.434	5911.000
1466.579	6090.000
1466.725	5894.000
1466.871	5944.000
1467.016	5806.000
1467.162	5985.000
1467.308	5817.000
1467.453	6026.000
1467.599	5961.000
1467.744	6060.000
1467.890	5842.000
1468.035	6074.000
1468.181	5984.000
1468.326	5968.000
1468.472	5830.000
1468.617	6052.000
1468.763	5869.000
1468.908	6035.000
1469.054	5871.000
1469.199	6090.000
1469.344	5861.000
1469.490	6010.000
1469.635	5898.000
1469.780	6013.000
1469.926	5883.000
1470.071	6043.000
1470.216	5896.000
1470.362	6023.000
1470.507	5869.000
1470.652	6137.000
1470.797	5929.000
1470.943	5963.000
1471.088	5921.000
1471.233	6064.000
1471.378	5853.000
1471.523	6067.000
1471.668	5985.000
1471.814	6086.000
1471.959	5901.000
1472.104	5999.000
1472.249	5921.000
1472.394	6044.000
1472.539	5875.000
1472.684	6035.000
1472.829	5919.000
1472.974	6053.000
1473.119	5914.000
1473.264	6038.000
1473.409	5740.000
1473.554	6067.000
1473.699	5877.000
1473.844	6015.000
1473.989	5843.000
1474.134	6078.000
1474.279	5827.000
1474.423	6006.000
1474.568	5951.000
1474.713	5915.000
1474.858	5804.000
1475.003	6039.000
1475.147	5881.000
1475.292	5996.000
1475.437	5815.000
1475.582	6054.000
1475.726	5936.000
1475.871	6012.000
1476.016	5855.000
1476.161	5992.000
1476.305	5899.000
1476.450	6014.000
1476.594	5797.000
1476.739	6036.000
1476.884	5843.000
1477.028	5927.000
1477.173	5875.000
1477.317	5984.000
1477.462	5818.000
1477.606	6088.000
1477.751	5779.000
1477.895	5874.000
1478.040	5812.000
1478.184	6053.000
1478.329	5899.000
1478.473	5944.000
1478.618	5782.000
1478.762	6039.000
1478.907	5844.000
1479.051	5978.000
1479.195	5807.000
1479.340	6014.000
1479.484	5830.000
1479.628	5997.000
1479.773	5934.000
1479.917	6008.000
1480.061	5839.000
1480.205	6013.000
1480.350	5792.000
1480.494	5955.000
1480.638	5885.000
1480.782	5962.000
1480.926	5747.000
1481.071	6051.000
1481.215	5748.000
1481.359	5921.000
1481.503	5827.000
1481.647	5999.000
1481.791	5838.000
1481.935	5963.000
1482.079	5827.000
1482.223	5881.000
1482.367	5798.000
1482.511	5944.000
1482.655	5905.000
1482.799	5910.000
1482.943	5789.000
1483.087	5927.000
1483.231	5844.000
1483.375	5983.000
1483.519	5780.000
1483.663	5907.000
1483.807	5815.000
1483.951	5959.000
1484.095	5797.000
1484.238	5936.000
1484.382	5754.000
1484.526	6012.000
1484.670	5741.000
1484.814	5954.000
1484.957	5770.000
1485.101	6019.000
1485.245	5811.000
1485.389	6046.000
1485.532	5749.000
1485.676	6079.000
1485.820	5784.000
1485.963	5959.000
1486.107	5795.000
1486.250	5959.000
1486.394	5820.000
1486.538	5909.000
1486.681	5841.000
1486.825	5998.000
1486.968	5810.000
1487.112	5973.000
1487.255	5797.000
1487.399	5960.000
1487.542	5871.000
1487.686	6004.000
1487.829	5861.000
1487.973	5962.000
1488.116	5764.000
1488.260	6012.000
1488.403	5589.000
1488.546	5999.000
1488.690	5838.000
1488.833	5931.000
1488.976	5902.000
1489.120	5925.000
1489.263	5756.000
1489.406	5914.000
1489.550	5833.000
1489.693	6059.000
1489.836	5783.000
1489.979	5964.000
1490.123	5771.000
1490.266	6002.000
1490.409	5800.000
1490.552	5965.000
1490.695	5749.000
1490.838	5999.000
1490.981	5872.000
1491.125	5982.000
1491.268	5788.000
1491.411	5972.000
1491.554	5784.000
1491.697	5989.000
1491.840	5863.000
1491.983	5890.000
1492.126	5732.000
1492.269	5928.000
1492.412	5806.000
1492.555	6074.000
1492.698	5815.000
1492.841	6001.000
1492.984	5832.000
1493.126	5984.000
1493.269	5851.000
1493.412	5988.000
1493.555	5801.000
1493.698	6033.000
1493.841	5840.000
1493.984	5946.000
1494.126	5844.000
1494.269	6033.000
1494.412	5845.000
1494.555	6004.000
1494.697	5852.000
1494.840	5935.000
1494.983	5768.000
1495.125	6010.000
1495.268	5763.000
1495.411	5921.000
1495.553	5813.000
1495.696	5910.000
1495.839	5774.000
1495.981	5951.000
1496.124	5818.000
1496.266	6000.000
1496.409	5823.000
1496.551	6007.000
1496.694	5848.000
1496.836	5943.000
1496.979	5786.000
1497.121	6021.000
1497.264	5887.000
1497.406	6001.000
1497.549	5781.000
1497.691	6039.000
1497.834	5818.000
1497.976	5928.000
1498.118	5785.000
1498.261	5953.000
1498.403	5795.000
1498.545	5996.000
1498.688	5789.000
1498.830	5991.000
1498.972	5805.000
1499.114	5937.000
1499.257	5885.000
1499.399	5953.000
1499.541	5792.000
1499.683	5932.000
1499.826	5744.000
1499.968	6041.000
1500.110	5876.000
1500.252	5937.000
1500.394	5782.000
1500.536	5908.000
1500.678	5867.000
1500.820	5982.000
1500.962	5873.000
1501.104	6049.000
1501.247	5797.000
1501.389	5983.000
1501.531	5825.000
1501.673	5991.000
1501.815	5807.000
1501.956	6017.000
1502.098	5864.000
1502.240	6040.000
1502.382	5856.000
1502.524	5846.000
1502.666	5775.000
1502.808	6008.000
1502.950	5738.000
1503.092	5940.000
1503.233	5778.000
1503.375	5950.000
1503.517	5810.000
1503.659	5941.000
1503.801	5799.000
1503.942	5996.000
1504.084	5701.000
1504.226	6000.000
1504.367	5798.000
1504.509	5935.000
1504.651	5805.000
1504.792	5966.000
1504.934	5768.000
1505.076	5916.000
1505.217	5776.000
1505.359	5914.000
1505.501	5816.000
1505.642	5959.000
1505.784	5733.000
1505.925	5946.000
1506.067	5916.000
1506.208	5987.000
1506.350	5812.000
1506.491	5993.000
1506.633	5767.000
1506.774	5958.000
1506.915	5786.000
1507.057	5964.000
1507.198	5728.000
1507.340	6081.000
1507.481	5807.000
1507.622	6021.000
1507.764	5773.000
1507.905	5987.000
1508.046	5823.000
1508.188	5975.000
1508.329	5748.000
1508.470	5953.000
1508.611	5757.000
1508.753	5988.000
1508.894	5832.000
1509.035	5960.000
1509.176	5724.000
1509.317	5974.000
1509.459	5804.000
1509.600	5935.000
1509.741	5789.000
1509.882	5943.000
1510.023	5729.000
1510.164	5974.000
1510.305	5744.000
1510.446	5993.000
1510.587	5813.000
1510.728	6043.000
1510.869	5823.000
1511.010	5940.000
1511.151	5768.000
1511.292	5910.000
1511.433	5834.000
1511.574	6036.000
1511.715	5762.000
1511.856	5944.000
1511.997	5677.000
1512.138	5957.000
1512.279	5788.000
1512.419	5975.000
1512.560	5739.000
1512.701	5919.000
1512.842	5871.000
1512.983	5896.000
1513.123	5795.000
1513.264	5981.000
1513.405	5751.000
1513.546	5920.000
1513.686	5761.000
1513.827	6034.000
1513.968	5784.000
1514.108	5888.000
1514.249	5771.000
1514.390	5932.000
1514.530	5770.000
1514.671	5872.000
1514.811	5689.000
1514.952	5922.000
1515.093	5824.000
1515.233	5958.000
1515.374	5805.000
1515.514	5985.000
1515.655	5738.000
1515.795	5931.000
1515.936	5735.000
1516.076	5920.000
1516.216	5677.000
1516.357	5884.000
1516.497	5810.000
1516.638	5941.000
1516.778	5749.000
1516.918	5925.000
1517.059	5718.000
1517.199	5920.000
1517.339	5647.000
1517.480	5894.000
1517.620	5704.000
1517.760	5837.000
1517.900	5667.000
1518.041	5864.000
1518.181	5791.000
1518.321	5861.000
1518.461	5668.000
1518.601	5900.000
1518.742	5756.000
1518.882	5875.000
1519.022	5694.000
1519.162	5913.000
1519.302	5722.000
1519.442	5860.000
1519.582	5686.000
1519.722	5929.000
1519.862	5699.000
1520.002	5830.000
1520.142	5719.000
1520.282	5853.000
1520.422	5658.000
1520.562	5789.000
1520.702	5638.000
1520.842	5909.000
1520.982	5722.000
1521.122	5837.000
1521.262	5702.000
1521.402	5856.000
1521.542	5687.000
1521.682	5806.000
1521.821	5643.000
1521.961	5825.000
1522.101	5613.000
1522.241	5834.000
1522.380	5674.000
1522.520	5822.000
1522.660	5685.000
1522.800	5782.000
1522.939	5635.000
1523.079	5850.000
1523.219	5689.000
1523.358	5828.000
1523.498	5706.000
1523.638	5859.000
1523.777	5584.000
1523.917	5817.000
1524.057	5738.000
1524.196	5900.000
1524.336	5698.000
1524.475	5819.000
1524.615	5706.000
1524.754	5816.000
1524.894	5639.000
1525.033	5848.000
1525.173	5688.000
1525.312	5814.000
1525.452	5684.000
1525.591	5804.000
1525.730	5643.000
1525.870	5875.000
1526.009	5691.000
1526.148	5889.000
1526.288	5653.000
1526.427	5874.000
1526.566	5653.000
1526.706	5892.000
1526.845	5651.000
1526.984	5919.000
1527.124	5631.000
1527.263	5845.000
1527.402	5651.000
1527.541	5827.000
1527.680	5649.000
1527.820	5871.000
1527.959	5677.000
1528.098	5803.000
1528.237	5729.000
1528.376	5798.000
1528.515	5730.000
1528.654	5894.000
1528.793	5724.000
1528.933	5815.000
1529.072	5679.000
1529.211	5881.000
1529.350	5717.000
1529.489	5813.000
1529.628	5717.000
1529.767	5824.000
1529.905	5698.000
1530.044	5917.000
1530.183	5707.000
1530.322	5849.000
1530.461	5744.000
1530.600	5861.000
1530.739	5701.000
1530.878	5960.000
1531.017	5786.000
1531.155	5910.000
1531.294	5822.000
1531.433	5914.000
1531.572	5770.000
1531.710	5884.000
1531.849	5781.000
1531.988	5950.000
1532.127	5767.000
1532.265	5864.000
1532.404	5828.000
1532.543	5926.000
1532.681	5766.000
1532.820	5849.000
1532.959	5757.000
1533.097	5994.000
1533.236	5760.000
1533.374	5919.000
1533.513	5783.000
1533.651	6004.000
1533.790	6126.000
1533.929	5897.000
1534.067	5737.000
1534.205	5900.000
1534.344	5688.000
1534.482	5923.000
1534.621	5683.000
1534.759	5940.000
1534.898	5696.000
1535.036	5820.000
1535.174	5773.000
1535.313	5877.000
1535.451	5738.000
1535.589	5871.000
1535.728	5727.000
1535.866	5953.000
1536.004	5739.000
1536.143	5845.000
1536.281	5725.000
1536.419	5815.000
1536.557	5701.000
1536.696	5882.000
1536.834	5738.000
1536.972	5841.000
1537.110	5771.000
1537.248	5850.000
1537.386	5685.000
1537.525	5952.000
1537.663	5713.000
1537.801	5865.000
1537.939	5712.000
1538.077	5768.000
1538.215	5732.000
1538.353	5839.000
1538.491	5719.000
1538.629	5777.000
1538.767	5692.000
1538.905	5786.000
1539.043	5753.000
1539.181	5819.000
1539.319	5699.000
1539.457	5861.000
1539.595	5708.000
1539.732	5917.000
1539.870	5718.000
1540.008	5808.000
1540.146	5729.000
1540.284	5822.000
1540.422	5731.000
1540.559	5832.000
1540.697	5715.000
1540.835	5808.000
1540.973	5748.000
1541.110	5848.000
1541.248	5757.000
1541.386	5850.000
1541.523	5729.000
1541.661	5786.000
1541.799	5678.000
1541.936	5832.000
1542.074	5692.000
1542.212	5910.000
1542.349	5720.000
1542.487	5877.000
1542.624	5681.000
1542.762	5825.000
1542.899	5707.000
1543.037	5844.000
1543.174	5639.000
1543.312	5887.000
1543.449	5716.000
1543.587	5932.000
1543.724	5749.000
1543.862	5926.000
1543.999	5700.000
1544.137	5913.000
1544.274	5745.000
1544.411	5865.000
1544.549	5701.000
1544.686	5901.000
1544.823	5705.000
1544.961	5908.000
1545.098	5747.000
1545.235	5959.000
1545.372	5714.000
1545.510	5868.000
1545.647	5760.000
1545.784	5932.000
1545.921	5777.000
1546.058	5919.000
1546.196	5812.000
1546.333	5981.000
1546.470	5809.000
1546.607	5886.000
1546.744	5802.000
1546.881	5979.000
1547.018	5759.000
1547.155	5918.000
1547.292	5776.000
1547.429	5964.000
1547.567	5731.000
1547.704	5975.000
1547.841	5737.000
1547.977	6015.000
1548.114	5875.000
1548.251	5969.000
1548.388	5754.000
1548.525	5924.000
1548.662	5794.000
1548.799	5876.000
1548.936	5825.000
1549.073	5956.000
1549.210	5825.000
1549.346	5949.000
1549.483	5814.000
1549.620	5951.000
1549.757	5849.000
1549.893	5933.000
1550.030	5771.000
1550.167	5976.000
1550.304	5773.000
1550.440	5931.000
1550.577	5766.000
1550.714	5923.000
1550.850	5695.000
1550.987	5953.000
1551.124	5843.000
1551.260	5878.000
1551.397	5795.000
1551.533	6010.000
1551.670	5760.000
1551.807	5959.000
1551.943	5818.000
1552.080	5917.000
1552.216	5795.000
1552.353	5893.000
1552.489	5734.000
1552.626	5870.000
1552.762	5797.000
1552.898	5939.000
1553.035	5795.000
1553.171	5910.000
1553.308	5755.000
1553.444	5997.000
1553.580	5828.000
1553.717	5951.000
1553.853	5863.000
1553.989	5966.000
1554.126	5816.000
1554.262	5955.000
1554.398	5025.000
1554.534	5941.000
1554.671	5786.000
1554.807	5855.000
1554.943	5701.000
1555.079	5933.000
1555.215	5752.000
1555.352	5922.000
1555.488	5829.000
1555.624	5956.000
1555.760	5803.000
1555.896	5899.000
1556.032	5787.000
1556.168	5944.000
1556.304	5818.000
1556.440	5937.000
1556.576	5713.000
1556.712	5935.000
1556.848	5730.000
1556.984	5869.000
1557.120	5762.000
1557.256	5851.000
1557.392	5756.000
1557.528	5887.000
1557.664	5718.000
1557.800	5943.000
1557.936	5707.000
1558.071	5979.000
1558.207	5767.000
1558.343	5847.000
1558.479	5788.000
1558.615	5834.000
1558.751	5714.000
1558.886	5816.000
1559.022	5653.000
1559.158	5807.000
1559.293	5693.000
1559.429	5921.000
1559.565	5711.000
1559.701	5902.000
1559.836	5671.000
1559.972	5807.000
1560.107	5698.000
1560.243	5806.000
1560.379	5595.000
1560.514	5828.000
1560.650	5579.000
1560.785	5767.000
1560.921	5627.000
1561.056	5827.000
1561.192	5756.000
1561.327	5832.000
1561.463	5637.000
1561.598	5932.000
1561.734	5614.000
1561.869	5793.000
1562.005	5701.000
1562.140	5865.000
1562.275	5668.000
1562.411	5946.000
1562.546	8805.000
1562.682	5897.000
1562.817	5725.000
1562.952	5834.000
1563.087	5727.000
1563.223	5841.000
1563.358	5616.000
1563.493	5812.000
1563.628	5810.000
1563.764	5947.000
1563.899	5781.000
1564.034	5831.000
1564.169	5734.000
1564.304	5892.000
1564.440	5801.000
1564.575	5947.000
1564.710	5739.000
1564.845	5887.000
1564.980	5702.000
1565.115	5910.000
1565.250	5776.000
1565.385	5921.000
1565.520	5769.000
1565.655	5919.000
1565.790	5775.000
1565.925	5918.000
1566.060	5712.000
1566.195	5832.000
1566.330	5718.000
1566.465	5931.000
1566.600	5737.000
1566.735	5917.000
1566.870	5703.000
1567.004	5986.000
1567.139	5766.000
1567.274	5988.000
1567.409	5753.000
1567.544	5928.000
1567.678	5632.000
1567.813	5903.000
1567.948	5703.000
1568.083	5910.000
1568.217	5700.000
1568.352	5928.000
1568.487	5761.000
1568.622	5900.000
1568.756	5731.000
1568.891	5972.000
1569.025	5666.000
1569.160	5954.000
1569.295	5798.000
1569.429	5844.000
1569.564	5728.000
1569.698	5940.000
1569.833	5730.000
1569.967	5881.000
1570.102	5756.000
1570.236	5885.000
1570.371	5793.000
1570.505	5885.000
1570.640	5790.000
1570.774	5916.000
1570.909	5791.000
1571.043	5979.000
1571.177	5711.000
1571.312	5955.000
1571.446	5708.000
1571.581	5884.000
1571.715	5815.000
1571.849	5994.000
1571.983	5788.000
1572.118	5896.000
1572.252	5830.000
1572.386	5979.000
1572.521	5781.000
1572.655	5990.000
1572.789	5795.000
1572.923	6003.000
1573.057	5790.000
1573.191	5919.000
1573.326	5783.000
1573.460	5988.000
1573.594	5838.000
1573.728	5859.000
1573.862	5848.000
1573.996	6016.000
1574.130	5859.000
1574.264	5924.000
1574.398	5811.000
1574.532	5896.000
1574.666	5870.000
1574.800	6008.000
