1129.938	8101.000
1130.084	7655.000
1130.229	7968.000
1130.375	7700.000
1130.521	7860.000
1130.667	7563.000
1130.813	7709.000
1130.958	7491.000
1131.104	7645.000
1131.250	7420.000
1131.396	7525.000
1131.542	7386.000
1131.687	7484.000
1131.833	7237.000
1131.979	7362.000
1132.124	7317.000
1132.270	7242.000
1132.416	7240.000
1132.561	7256.000
1132.707	7210.000
1132.853	7215.000
1132.998	7086.000
1133.144	7269.000
1133.290	7103.000
1133.435	7207.000
1133.581	7097.000
1133.727	7263.000
1133.872	7112.000
1134.018	7214.000
1134.163	7135.000
1134.309	7277.000
1134.455	7206.000
1134.600	7261.000
1134.746	7181.000
1134.891	7236.000
1135.037	7167.000
1135.182	7330.000
1135.328	7124.000
1135.473	7278.000
1135.619	7158.000
1135.764	7167.000
1135.910	7149.000
1136.055	7082.000
1136.201	7085.000
1136.346	7042.000
1136.492	7012.000
1136.637	7046.000
1136.783	6935.000
1136.928	6954.000
1137.074	6900.000
1137.219	6875.000
1137.364	6854.000
1137.510	6900.000
1137.655	6884.000
1137.801	6795.000
1137.946	6812.000
1138.091	6753.000
1138.237	6788.000
1138.382	6684.000
1138.527	6707.000
1138.673	6767.000
1138.818	6695.000
1138.963	6647.000
1139.109	6685.000
1139.254	6588.000
1139.399	6697.000
1139.544	6623.000
1139.690	6614.000
1139.835	6591.000
1139.980	6668.000
1140.125	6617.000
1140.271	6589.000
1140.416	6597.000
1140.561	6627.000
1140.706	6514.000
1140.851	6597.000
1140.997	6518.000
1141.142	6592.000
1141.287	6554.000
1141.432	6622.000
1141.577	6476.000
1141.723	6579.000
1141.868	6552.000
1142.013	6583.000
1142.158	6454.000
1142.303	6522.000
1142.448	6444.000
1142.593	6511.000
1142.738	6531.000
1142.883	6539.000
1143.028	6473.000
1143.174	6547.000
1143.319	6512.000
1143.464	6536.000
1143.609	6492.000
1143.754	6538.000
1143.899	6445.000
1144.044	6531.000
1144.189	6478.000
1144.334	6565.000
1144.479	6436.000
1144.624	6471.000
1144.769	6389.000
1144.914	6449.000
1145.059	6445.000
1145.204	6534.000
1145.348	6420.000
1145.493	6474.000
1145.638	6411.000
1145.783	6442.000
1145.928	6422.000
1146.073	6481.000
1146.218	6288.000
1146.363	6528.000
1146.508	6386.000
1146.653	6415.000
1146.797	6441.000
1146.942	6517.000
1147.087	6422.000
1147.232	6465.000
1147.377	6371.000
1147.522	6451.000
1147.666	6410.000
1147.811	6534.000
1147.956	6358.000
1148.101	6518.000
1148.245	6329.000
1148.390	6404.000
1148.535	6480.000
1148.680	6496.000
1148.824	6400.000
1148.969	6482.000
1149.114	6420.000
1149.259	6456.000
1149.403	6400.000
1149.548	6486.000
1149.693	6457.000
1149.837	6535.000
1149.982	6399.000
1150.127	6520.000
1150.271	6471.000
1150.416	6564.000
1150.561	6416.000
1150.705	6451.000
1150.850	6439.000
1150.994	6561.000
1151.139	6492.000
1151.284	6512.000
1151.428	6424.000
1151.573	6537.000
1151.717	6467.000
1151.862	6495.000
1152.006	6408.000
1152.151	6488.000
1152.295	6401.000
1152.440	6555.000
1152.584	6505.000
1152.729	6575.000
1152.873	6447.000
1153.018	6554.000
1153.162	6464.000
1153.307	6503.000
1153.451	6440.000
1153.596	6565.000
1153.740	6408.000
1153.885	6524.000
1154.029	6487.000
1154.174	6506.000
1154.318	6466.000
1154.462	6581.000
1154.607	6397.000
1154.751	6550.000
1154.896	6458.000
1155.040	6526.000
1155.184	6512.000
1155.329	6615.000
1155.473	6411.000
1155.617	6572.000
1155.762	6347.000
1155.906	6500.000
1156.050	6468.000
1156.194	6587.000
1156.339	6482.000
1156.483	6586.000
1156.627	6361.000
1156.772	6478.000
1156.916	6461.000
1157.060	6550.000
1157.204	6500.000
1157.349	6621.000
1157.493	6424.000
1157.637	6538.000
1157.781	6395.000
1157.925	6566.000
1158.070	6467.000
1158.214	6592.000
1158.358	6408.000
1158.502	6552.000
1158.646	6373.000
1158.790	6616.000
1158.935	6560.000
1159.079	6499.000
1159.223	6512.000
1159.367	6549.000
1159.511	6423.000
1159.655	6555.000
1159.799	6456.000
1159.943	6642.000
1160.087	6424.000
1160.231	6561.000
1160.375	6460.000
1160.519	6542.000
1160.664	6386.000
1160.808	6634.000
1160.952	6456.000
1161.096	6553.000
1161.240	6408.000
1161.384	6529.000
1161.528	6366.000
1161.672	6540.000
1161.815	6448.000
1161.959	6565.000
1162.103	6424.000
1162.247	6590.000
1162.391	6288.000
1162.535	6563.000
1162.679	6372.000
1162.823	6493.000
1162.967	6363.000
1163.111	6588.000
1163.255	6429.000
1163.399	6512.000
1163.542	6365.000
1163.686	6548.000
1163.830	6353.000
1163.974	6485.000
1164.118	6395.000
1164.262	6522.000
1164.405	6319.000
1164.549	6438.000
1164.693	6362.000
1164.837	6429.000
1164.981	6345.000
1165.124	6470.000
1165.268	6309.000
1165.412	6487.000
1165.556	6340.000
1165.699	6504.000
1165.843	6440.000
1165.987	6531.000
1166.131	6389.000
1166.274	6419.000
1166.418	6313.000
1166.562	6451.000
1166.705	6280.000
1166.849	6517.000
1166.993	6471.000
1167.136	6516.000
1167.280	6321.000
1167.424	6525.000
1167.567	6404.000
1167.711	6447.000
1167.854	6297.000
1167.998	6506.000
1168.142	6347.000
1168.285	6453.000
1168.429	6322.000
1168.572	6518.000
1168.716	6354.000
1168.859	6460.000
1169.003	6356.000
1169.147	6460.000
1169.290	6348.000
1169.434	6470.000
1169.577	6379.000
1169.721	6485.000
1169.864	6337.000
1170.008	6580.000
1170.151	6378.000
1170.294	6439.000
1170.438	6406.000
1170.581	6531.000
1170.725	6303.000
1170.868	6513.000
1171.012	6451.000
1171.155	6554.000
1171.298	6385.000
1171.442	6452.000
1171.585	6363.000
1171.729	6495.000
1171.872	6349.000
1172.015	6490.000
1172.159	6377.000
1172.302	6499.000
1172.445	6378.000
1172.589	6508.000
1172.732	6230.000
1172.875	6570.000
1173.019	6367.000
1173.162	6481.000
1173.305	6354.000
1173.449	6536.000
1173.592	6353.000
1173.735	6465.000
1173.878	6458.000
1174.022	6431.000
1174.165	6315.000
1174.308	6510.000
1174.451	6364.000
1174.594	6501.000
1174.738	6337.000
1174.881	6570.000
1175.024	6428.000
1175.167	6534.000
1175.310	6365.000
1175.454	6516.000
1175.597	6403.000
1175.740	6544.000
1175.883	6332.000
1176.026	6555.000
1176.169	6363.000
1176.312	6460.000
1176.455	6413.000
1176.598	6488.000
1176.742	6373.000
1176.885	6615.000
1177.028	6356.000
1177.171	6422.000
1177.314	6367.000
1177.457	6570.000
1177.600	6421.000
1177.743	6491.000
1177.886	6309.000
1178.029	6562.000
1178.172	6372.000
1178.315	6528.000
1178.458	6370.000
1178.601	6557.000
1178.744	6389.000
1178.887	6524.000
1179.030	6429.000
1179.173	6599.000
1179.316	6407.000
1179.458	6591.000
1179.601	6372.000
1179.744	6494.000
1179.887	6473.000
1180.030	6539.000
1180.173	6318.000
1180.316	6585.000
1180.459	6323.000
1180.602	6476.000
1180.744	6390.000
1180.887	6586.000
1181.030	6434.000
1181.173	6565.000
1181.316	6429.000
1181.458	6476.000
1181.601	6385.000
1181.744	6540.000
1181.887	6479.000
1182.030	6478.000
1182.172	6430.000
1182.315	6494.000
1182.458	6441.000
1182.601	6560.000
1182.743	6396.000
1182.886	6483.000
1183.029	6433.000
1183.171	6540.000
1183.314	6439.000
1183.457	6579.000
1183.599	6411.000
1183.742	6598.000
1183.885	6344.000
1184.027	6567.000
1184.170	6412.000
1184.313	6611.000
1184.455	6423.000
1184.598	6659.000
1184.741	6349.000
1184.883	6691.000
1185.026	6433.000
1185.168	6577.000
1185.311	6444.000
1185.453	6595.000
1185.596	6459.000
1185.739	6544.000
1185.881	6430.000
1186.024	6616.000
1186.166	6413.000
1186.309	6577.000
1186.451	6438.000
1186.594	6592.000
1186.736	6542.000
1186.879	6619.000
1187.021	6508.000
1187.164	6593.000
1187.306	6374.000
1187.448	6627.000
1187.591	6211.000
1187.733	6614.000
1187.876	6489.000
1188.018	6583.000
1188.160	6530.000
1188.303	6565.000
1188.445	6392.000
1188.588	6536.000
1188.730	6501.000
1188.872	6667.000
1189.015	6412.000
1189.157	6608.000
1189.299	6414.000
1189.442	6605.000
1189.584	6485.000
1189.726	6562.000
1189.869	6387.000
1190.011	6658.000
1190.153	6475.000
1190.295	6574.000
1190.438	6414.000
1190.580	6630.000
1190.722	6476.000
1190.864	6629.000
1191.007	6513.000
1191.149	6544.000
1191.291	6365.000
1191.433	6559.000
1191.576	6448.000
1191.718	6707.000
1191.860	6438.000
1192.002	6652.000
1192.144	6479.000
1192.286	6640.000
1192.429	6487.000
1192.571	6633.000
1192.713	6470.000
1192.855	6645.000
1192.997	6466.000
1193.139	6621.000
1193.281	6500.000
1193.423	6676.000
1193.565	6500.000
1193.707	6643.000
1193.850	6436.000
1193.992	6595.000
1194.134	6423.000
1194.276	6671.000
1194.418	6416.000
1194.560	6576.000
1194.702	6441.000
1194.844	6560.000
1194.986	6452.000
1195.128	6567.000
1195.270	6481.000
1195.412	6623.000
1195.554	6465.000
1195.696	6637.000
1195.837	6495.000
1195.979	6608.000
1196.121	6477.000
1196.263	6641.000
1196.405	6516.000
1196.547	6613.000
1196.689	6402.000
1196.831	6651.000
1196.973	6471.000
1197.115	6545.000
1197.256	6398.000
1197.398	6579.000
1197.540	6449.000
1197.682	6593.000
1197.824	6420.000
1197.966	6586.000
1198.107	6406.000
1198.249	6547.000
1198.391	6532.000
1198.533	6580.000
1198.675	6419.000
1198.816	6540.000
1198.958	6361.000
1199.100	6628.000
1199.242	6469.000
1199.383	6527.000
1199.525	6397.000
1199.667	6498.000
1199.808	6461.000
1199.950	6557.000
1200.092	6451.000
1200.233	6600.000
1200.375	6377.000
1200.517	6562.000
1200.658	6398.000
1200.800	6568.000
1200.942	6399.000
1201.083	6569.000
1201.225	6418.000
1201.367	6594.000
1201.508	6429.000
1201.650	6421.000
1201.791	6303.000
1201.933	6555.000
1202.074	6286.000
1202.216	6483.000
1202.358	6336.000
1202.499	6478.000
1202.641	6333.000
1202.782	6442.000
1202.924	6315.000
1203.065	6535.000
1203.207	6252.000
1203.348	6506.000
1203.490	6316.000
1203.631	6455.000
1203.773	6339.000
1203.914	6477.000
1204.056	6312.000
1204.197	6445.000
1204.338	6283.000
1204.480	6420.000
1204.621	6323.000
1204.763	6452.000
1204.904	6252.000
1205.045	6428.000
1205.187	6436.000
1205.328	6466.000
1205.470	6330.000
1205.611	6481.000
1205.752	6262.000
1205.894	6458.000
1206.035	6264.000
1206.176	6464.000
1206.318	6212.000
1206.459	6560.000
1206.600	6347.000
1206.741	6510.000
1206.883	6285.000
1207.024	6474.000
1207.165	6302.000
1207.306	6453.000
1207.448	6253.000
1207.589	6441.000
1207.730	6246.000
1207.871	6467.000
1208.013	6340.000
1208.154	6455.000
1208.295	6229.000
1208.436	6466.000
1208.577	6300.000
1208.719	6440.000
1208.860	6312.000
1209.001	6440.000
1209.142	6216.000
1209.283	6467.000
1209.424	6235.000
1209.565	6460.000
1209.706	6314.000
1209.848	6536.000
1209.989	6306.000
1210.130	6450.000
1210.271	6244.000
1210.412	6408.000
1210.553	6318.000
1210.694	6497.000
1210.835	6251.000
1210.976	6478.000
1211.117	6186.000
1211.258	6424.000
1211.399	6282.000
1211.540	6464.000
1211.681	6236.000
1211.822	6412.000
1211.963	6362.000
1212.104	6394.000
1212.245	6268.000
1212.386	6465.000
1212.527	6239.000
1212.668	6446.000
1212.809	6244.000
1212.950	6480.000
1213.090	6246.000
1213.231	6362.000
1213.372	6236.000
1213.513	6419.000
1213.654	6260.000
1213.795	6360.000
1213.936	6190.000
1214.077	6412.000
1214.217	6307.000
1214.358	6458.000
1214.499	6294.000
1214.640	6466.000
1214.781	6265.000
1214.921	6421.000
1215.062	6242.000
1215.203	6427.000
1215.344	6163.000
1215.485	6377.000
1215.625	6313.000
1215.766	6456.000
1215.907	6222.000
1216.047	6455.000
1216.188	6247.000
1216.329	6436.000
1216.470	6133.000
1216.610	6412.000
1216.751	6221.000
1216.892	6339.000
1217.032	6168.000
1217.173	6357.000
1217.314	6279.000
1217.454	6359.000
1217.595	6224.000
1217.735	6364.000
1217.876	6249.000
1218.017	6402.000
1218.157	6206.000
1218.298	6458.000
1218.438	6241.000
1218.579	6353.000
1218.720	6221.000
1218.860	6427.000
1219.001	6235.000
1219.141	6338.000
1219.282	6216.000
1219.422	6362.000
1219.563	6177.000
1219.703	6282.000
1219.844	6178.000
1219.984	6414.000
1220.125	6273.000
1220.265	6381.000
1220.406	6230.000
1220.546	6393.000
1220.687	6217.000
1220.827	6349.000
1220.967	6192.000
1221.108	6357.000
1221.248	6181.000
1221.389	6366.000
1221.529	6204.000
1221.669	6361.000
1221.810	6195.000
1221.950	6335.000
1222.091	6175.000
1222.231	6393.000
1222.371	6173.000
1222.512	6387.000
1222.652	6213.000
1222.792	6377.000
1222.933	6141.000
1223.073	6353.000
1223.213	6272.000
1223.353	6432.000
1223.494	6219.000
1223.634	6355.000
1223.774	6248.000
1223.914	6330.000
1224.055	6176.000
1224.195	6388.000
1224.335	6229.000
1224.475	6364.000
1224.616	6207.000
1224.756	6360.000
1224.896	6196.000
1225.036	6433.000
1225.176	6243.000
1225.316	6416.000
1225.457	6172.000
1225.597	6406.000
1225.737	6227.000
1225.877	6411.000
1226.017	6227.000
1226.157	6437.000
1226.297	6193.000
1226.437	6386.000
1226.578	6269.000
1226.718	6383.000
1226.858	6208.000
1226.998	6436.000
1227.138	6239.000
1227.278	6374.000
1227.418	6272.000
1227.558	6367.000
1227.698	6269.000
1227.838	6449.000
1227.978	6265.000
1228.118	6375.000
1228.258	6237.000
1228.398	6421.000
1228.538	6269.000
1228.678	6345.000
1228.818	6258.000
1228.958	6407.000
1229.098	6309.000
1229.238	6473.000
1229.377	6261.000
1229.517	6400.000
1229.657	6312.000
1229.797	6426.000
1229.937	6286.000
1230.077	6493.000
1230.217	6311.000
1230.357	6449.000
1230.496	6358.000
1230.636	6475.000
1230.776	6320.000
1230.916	6441.000
1231.056	6253.000
1231.196	6490.000
1231.335	6290.000
1231.475	6383.000
1231.615	6359.000
1231.755	6457.000
1231.894	6276.000
1232.034	6400.000
1232.174	6259.000
1232.314	6498.000
1232.453	6296.000
1232.593	6416.000
1232.733	6329.000
1232.873	6542.000
1233.012	6667.000
1233.152	6465.000
1233.292	6304.000
1233.431	6449.000
1233.571	6269.000
1233.711	6496.000
1233.850	6304.000
1233.990	6506.000
1234.129	6278.000
1234.269	6395.000
1234.409	6361.000
1234.548	6437.000
1234.688	6300.000
1234.828	6448.000
1234.967	6327.000
1235.107	6477.000
1235.246	6276.000
1235.386	6437.000
1235.525	6279.000
1235.665	6412.000
1235.804	6259.000
1235.944	6456.000
1236.083	6298.000
1236.223	6422.000
1236.362	6350.000
1236.502	6415.000
1236.641	6270.000
1236.781	6522.000
1236.920	6302.000
1237.060	6391.000
1237.199	6281.000
1237.339	6345.000
1237.478	6297.000
1237.617	6375.000
1237.757	6308.000
1237.896	6331.000
1238.036	6288.000
1238.175	6358.000
1238.314	6292.000
1238.454	6441.000
1238.593	6266.000
1238.732	6450.000
1238.872	6292.000
1239.011	6480.000
1239.150	6297.000
1239.290	6404.000
1239.429	6310.000
1239.568	6386.000
1239.708	6322.000
1239.847	6400.000
1239.986	6326.000
1240.125	6371.000
1240.265	6306.000
1240.404	6452.000
1240.543	6400.000
1240.682	6385.000
1240.822	6295.000
1240.961	6364.000
1241.100	6279.000
1241.239	6413.000
1241.378	6270.000
1241.518	6475.000
1241.657	6299.000
1241.796	6467.000
1241.935	6283.000
1242.074	6406.000
1242.213	6264.000
1242.352	6402.000
1242.492	6230.000
1242.631	6457.000
1242.770	6274.000
1242.909	6507.000
1243.048	6354.000
1243.187	6487.000
1243.326	6283.000
1243.465	6503.000
1243.604	6273.000
1243.743	6427.000
1243.882	6279.000
1244.021	6504.000
1244.160	6264.000
1244.299	6486.000
1244.438	6332.000
1244.577	6494.000
1244.716	6272.000
1244.855	6445.000
1244.994	6304.000
1245.133	6501.000
1245.272	6336.000
1245.411	6500.000
1245.550	6391.000
1245.689	6523.000
1245.828	6379.000
1245.967	6449.000
1246.106	6381.000
1246.244	6524.000
1246.383	6367.000
1246.522	6495.000
1246.661	6323.000
1246.800	6559.000
1246.939	6343.000
1247.078	6554.000
1247.216	6298.000
1247.355	6582.000
1247.494	6412.000
1247.633	6550.000
1247.772	6345.000
1247.910	6512.000
1248.049	6363.000
1248.188	6504.000
1248.327	6386.000
1248.465	6513.000
1248.604	6374.000
1248.743	6520.000
1248.882	6408.000
1249.020	6518.000
1249.159	6403.000
1249.298	6531.000
1249.436	6362.000
1249.575	6539.000
1249.714	6344.000
1249.852	6494.000
1249.991	6333.000
1250.130	6508.000
1250.268	6282.000
1250.407	6564.000
1250.546	6426.000
1250.684	6453.000
1250.823	6375.000
1250.961	6611.000
1251.100	6332.000
1251.239	6552.000
1251.377	6421.000
1251.516	6489.000
1251.654	6336.000
1251.793	6471.000
1251.931	6332.000
1252.070	6444.000
1252.208	6361.000
1252.347	6511.000
1252.485	6392.000
1252.624	6477.000
1252.762	6338.000
1252.901	6581.000
1253.039	6420.000
1253.178	6496.000
1253.316	6449.000
1253.455	6522.000
1253.593	6366.000
1253.732	6517.000
1253.870	5619.000
1254.008	6477.000
1254.147	6346.000
1254.285	6435.000
1254.424	6278.000
1254.562	6484.000
1254.700	6299.000
1254.839	6497.000
1254.977	6386.000
1255.115	6483.000
1255.254	6329.000
1255.392	6440.000
1255.530	6304.000
1255.669	6503.000
1255.807	6367.000
1255.945	6471.000
1256.084	6254.000
1256.222	6517.000
1256.360	6243.000
1256.498	6403.000
1256.637	6325.000
1256.775	6396.000
1256.913	6277.000
1257.051	6488.000
1257.189	6269.000
1257.328	6474.000
1257.466	6243.000
1257.604	6541.000
1257.742	6317.000
1257.880	6436.000
1258.019	6350.000
1258.157	6376.000
1258.295	6276.000
1258.433	6363.000
1258.571	6224.000
1258.709	6344.000
1258.847	6244.000
1258.986	6451.000
1259.124	6279.000
1259.262	6459.000
1259.400	6233.000
1259.538	6367.000
1259.676	6227.000
1259.814	6362.000
1259.952	6185.000
1260.090	6378.000
1260.228	6162.000
1260.366	6334.000
1260.504	6208.000
1260.642	6383.000
1260.780	6303.000
1260.918	6385.000
1261.056	6221.000
1261.194	6470.000
1261.332	6165.000
1261.470	6336.000
1261.608	6254.000
1261.746	6443.000
1261.884	6197.000
1262.022	6523.000
1262.160	9443.000
1262.297	6465.000
1262.435	6251.000
1262.573	6384.000
1262.711	6274.000
1262.849	6385.000
1262.987	6181.000
1263.125	6375.000
1263.262	6348.000
1263.400	6492.000
1263.538	6338.000
1263.676	6412.000
1263.814	6251.000
1263.952	6416.000
1264.089	6342.000
1264.227	6483.000
1264.365	6295.000
1264.503	6415.000
1264.640	6227.000
1264.778	6459.000
1264.916	6347.000
1265.054	6499.000
1265.191	6313.000
1265.329	6483.000
1265.467	6311.000
1265.604	6457.000
1265.742	6271.000
1265.880	6383.000
1266.017	6268.000
1266.155	6470.000
1266.293	6308.000
1266.430	6414.000
1266.568	6264.000
1266.706	6496.000
1266.843	6322.000
1266.981	6484.000
1267.119	6272.000
1267.256	6490.000
1267.394	6188.000
1267.531	6455.000
1267.669	6236.000
1267.806	6453.000
1267.944	6234.000
1268.081	6470.000
1268.219	6285.000
1268.357	6443.000
1268.494	6274.000
1268.632	6510.000
1268.769	6244.000
1268.907	6481.000
1269.044	6361.000
1269.182	6406.000
1269.319	6281.000
1269.456	6448.000
1269.594	6284.000
1269.731	6437.000
1269.869	6300.000
1270.006	6438.000
1270.144	6342.000
1270.281	6427.000
1270.418	6348.000
1270.556	6450.000
1270.693	6335.000
1270.831	6529.000
1270.968	6241.000
1271.105	6441.000
1271.243	6203.000
1271.380	6451.000
1271.517	6350.000
1271.655	6509.000
1271.792	6304.000
1271.929	6453.000
1272.066	6364.000
1272.204	6493.000
1272.341	6337.000
1272.478	6531.000
1272.616	6343.000
1272.753	6523.000
1272.890	6308.000
1273.027	6460.000
1273.165	6354.000
1273.302	6501.000
1273.439	6320.000
1273.576	6388.000
1273.713	6334.000
1273.851	6552.000
1273.988	6420.000
1274.125	6451.000
1274.262	6323.000
1274.399	6391.000
1274.536	6424.000
1274.673	6527.000
