1029.870	6175.000
1030.015	6196.000
1030.160	6146.000
1030.305	6285.000
1030.449	6113.000
1030.594	6311.000
1030.739	6093.000
1030.884	6263.000
1031.029	6137.000
1031.173	6236.000
1031.318	6075.000
1031.463	6281.000
1031.608	6119.000
1031.752	6202.000
1031.897	6090.000
1032.042	6318.000
1032.187	6034.000
1032.331	6316.000
1032.476	6081.000
1032.621	6294.000
1032.765	6066.000
1032.910	6190.000
1033.055	6206.000
1033.200	6242.000
1033.344	6136.000
1033.489	6220.000
1033.634	6132.000
1033.778	6186.000
1033.923	6097.000
1034.068	6203.000
1034.212	6115.000
1034.357	6245.000
1034.502	6135.000
1034.646	6220.000
1034.791	6058.000
1034.935	6212.000
1035.080	6178.000
1035.225	6196.000
1035.369	6178.000
1035.514	6243.000
1035.658	6099.000
1035.803	6257.000
1035.947	6096.000
1036.092	6284.000
1036.237	6072.000
1036.381	6227.000
1036.526	6126.000
1036.670	6181.000
1036.815	6111.000
1036.959	6203.000
1037.104	6098.000
1037.248	6168.000
1037.393	6105.000
1037.537	6255.000
1037.682	6051.000
1037.826	6197.000
1037.971	6039.000
1038.115	6215.000
1038.260	6048.000
1038.404	6149.000
1038.549	6104.000
1038.693	6170.000
1038.838	6049.000
1038.982	6149.000
1039.126	6004.000
1039.271	6204.000
1039.415	6047.000
1039.560	6098.000
1039.704	6014.000
1039.848	6162.000
1039.993	6012.000
1040.137	6129.000
1040.282	6041.000
1040.426	6131.000
1040.570	5958.000
1040.715	6119.000
1040.859	6005.000
1041.003	6079.000
1041.148	6045.000
1041.292	6176.000
1041.436	5966.000
1041.581	6121.000
1041.725	6007.000
1041.869	6116.000
1042.014	5977.000
1042.158	6071.000
1042.302	5939.000
1042.447	6064.000
1042.591	5987.000
1042.735	6050.000
1042.879	5942.000
1043.024	6081.000
1043.168	5967.000
1043.312	6081.000
1043.456	6020.000
1043.601	6055.000
1043.745	5925.000
1043.889	6072.000
1044.033	5989.000
1044.178	6091.000
1044.322	5956.000
1044.466	6002.000
1044.610	5866.000
1044.754	6011.000
1044.899	5915.000
1045.043	6128.000
1045.187	5924.000
1045.331	6057.000
1045.475	5920.000
1045.619	6033.000
1045.763	5965.000
1045.908	6059.000
1046.052	5830.000
1046.196	6104.000
1046.340	5917.000
1046.484	5993.000
1046.628	5946.000
1046.772	6074.000
1046.916	5953.000
1047.060	6028.000
1047.205	5932.000
1047.349	6048.000
1047.493	5959.000
1047.637	6099.000
1047.781	5909.000
1047.925	6057.000
1048.069	5837.000
1048.213	5958.000
1048.357	6011.000
1048.501	6085.000
1048.645	5909.000
1048.789	6044.000
1048.933	5930.000
1049.077	5974.000
1049.221	5922.000
1049.365	6048.000
1049.509	6005.000
1049.653	6108.000
1049.797	5917.000
1049.941	6045.000
1050.085	5994.000
1050.229	6104.000
1050.373	5942.000
1050.517	5996.000
1050.660	5990.000
1050.804	6113.000
1050.948	6025.000
1051.092	6041.000
1051.236	5946.000
1051.380	6110.000
1051.524	5978.000
1051.668	6036.000
1051.812	5890.000
1051.956	6045.000
1052.099	5919.000
1052.243	6116.000
1052.387	6007.000
1052.531	6091.000
1052.675	5963.000
1052.819	6067.000
1052.962	5975.000
1053.106	6043.000
1053.250	5966.000
1053.394	6090.000
1053.538	5883.000
1053.681	6054.000
1053.825	5981.000
1053.969	6049.000
1054.113	5982.000
1054.257	6128.000
1054.400	5888.000
1054.544	6068.000
1054.688	5946.000
1054.832	6009.000
1054.975	5989.000
1055.119	6081.000
1055.263	5904.000
1055.407	6072.000
1055.550	5851.000
1055.694	5980.000
1055.838	5932.000
1055.981	6121.000
1056.125	5946.000
1056.269	6065.000
1056.412	5850.000
1056.556	5995.000
1056.700	5933.000
1056.843	6020.000
1056.987	5953.000
1057.131	6139.000
1057.274	5895.000
1057.418	6027.000
1057.562	5878.000
1057.705	6071.000
1057.849	5928.000
1057.992	6099.000
1058.136	5867.000
1058.280	6037.000
1058.423	5837.000
1058.567	6108.000
1058.710	6003.000
1058.854	5983.000
1058.997	5952.000
1059.141	5995.000
1059.285	5878.000
1059.428	6018.000
1059.572	5928.000
1059.715	6111.000
1059.859	5859.000
1060.002	6076.000
1060.146	5900.000
1060.289	6030.000
1060.433	5849.000
1060.576	6099.000
1060.720	5913.000
1060.863	6020.000
1061.007	5880.000
1061.150	6005.000
1061.294	5841.000
1061.437	6006.000
1061.580	5921.000
1061.724	6063.000
1061.867	5914.000
1062.011	6055.000
1062.154	5788.000
1062.298	6091.000
1062.441	5922.000
1062.584	6304.000
1062.728	6376.000
1062.871	6733.000
1063.015	6572.000
1063.158	6670.000
1063.301	6543.000
1063.445	6703.000
1063.588	6492.000
1063.731	6650.000
1063.875	6527.000
1064.018	6710.000
1064.161	6485.000
1064.305	6589.000
1064.448	6474.000
1064.591	6637.000
1064.735	6548.000
1064.878	6680.000
1065.021	6494.000
1065.165	6593.000
1065.308	6220.000
1065.451	6205.000
1065.594	6055.000
1065.738	6143.000
1065.881	5954.000
1066.024	6002.000
1066.167	5880.000
1066.311	6023.000
1066.454	5874.000
1066.597	6086.000
1066.740	6015.000
1066.884	6115.000
1067.027	5899.000
1067.170	6119.000
1067.313	6015.000
1067.456	6024.000
1067.599	5879.000
1067.743	6072.000
1067.886	5903.000
1068.029	6078.000
1068.172	5885.000
1068.315	6100.000
1068.458	5892.000
1068.602	6025.000
1068.745	5945.000
1068.888	6048.000
1069.031	5911.000
1069.174	6081.000
1069.317	5925.000
1069.460	6046.000
1069.603	5886.000
1069.746	6158.000
1069.890	5940.000
1070.033	6028.000
1070.176	5965.000
1070.319	6109.000
1070.462	5884.000
1070.605	6072.000
1070.748	6014.000
1070.891	6104.000
1071.034	5950.000
1071.177	6013.000
1071.320	5948.000
1071.463	6078.000
1071.606	5918.000
1071.749	6039.000
1071.892	5951.000
1072.035	6084.000
1072.178	5949.000
1072.321	6092.000
1072.464	5810.000
1072.607	6119.000
1072.750	5927.000
1072.893	6043.000
1073.036	5903.000
1073.179	6114.000
1073.322	5913.000
1073.465	6009.000
1073.607	6010.000
1073.750	5977.000
1073.893	5851.000
1074.036	6092.000
1074.179	5905.000
1074.322	6043.000
1074.465	5861.000
1074.608	6115.000
1074.751	6026.000
1074.893	6075.000
1075.036	5907.000
1075.179	6074.000
1075.322	5948.000
1075.465	6096.000
1075.608	5844.000
1075.750	6102.000
1075.893	5906.000
1076.036	5971.000
1076.179	5918.000
1076.322	6058.000
1076.464	5919.000
1076.607	6147.000
1076.750	5906.000
1076.893	5918.000
1077.036	5910.000
1077.178	6109.000
1077.321	5978.000
1077.464	6008.000
1077.607	5849.000
1077.749	6098.000
1077.892	5872.000
1078.035	6095.000
1078.177	5896.000
1078.320	6111.000
1078.463	5911.000
1078.606	6072.000
1078.748	6015.000
1078.891	6115.000
1079.034	5976.000
1079.176	6122.000
1079.319	5893.000
1079.462	6083.000
1079.604	5994.000
1079.747	6106.000
1079.890	5857.000
1080.032	6142.000
1080.175	5886.000
1080.317	6031.000
1080.460	5921.000
1080.603	6123.000
1080.745	5940.000
1080.888	6081.000
1081.030	5959.000
1081.173	5993.000
1081.316	5907.000
1081.458	6066.000
1081.601	6017.000
1081.743	6043.000
1081.886	5926.000
1082.028	6022.000
1082.171	5965.000
1082.313	6082.000
1082.456	5901.000
1082.598	6039.000
1082.741	5959.000
1082.883	6076.000
1083.026	5919.000
1083.168	6071.000
1083.311	5918.000
1083.453	6138.000
1083.596	5869.000
1083.738	6087.000
1083.881	5942.000
1084.023	6156.000
1084.166	5975.000
1084.308	6215.000
1084.451	5902.000
1084.593	6221.000
1084.736	5947.000
1084.878	6142.000
1085.020	5998.000
1085.163	6180.000
1085.305	6010.000
1085.448	6107.000
1085.590	6028.000
1085.732	6159.000
1085.875	5980.000
1086.017	6142.000
1086.159	6009.000
1086.302	6168.000
1086.444	6091.000
1086.586	6211.000
1086.729	6091.000
1086.871	6149.000
1087.013	5979.000
1087.156	6197.000
1087.298	5810.000
1087.440	6216.000
1087.583	6071.000
1087.725	6169.000
1087.867	6112.000
1088.010	6130.000
1088.152	5948.000
1088.294	6140.000
1088.436	6068.000
1088.579	6264.000
1088.721	6002.000
1088.863	6166.000
1089.005	6008.000
1089.148	6188.000
1089.290	6043.000
1089.432	6151.000
1089.574	5979.000
1089.716	6202.000
1089.859	6077.000
1090.001	6204.000
1090.143	6004.000
1090.285	6217.000
1090.427	6022.000
1090.569	6196.000
1090.712	6097.000
1090.854	6128.000
1090.996	5953.000
1091.138	6165.000
1091.280	6021.000
1091.422	6296.000
1091.564	6010.000
1091.707	6209.000
1091.849	6017.000
1091.991	6165.000
1092.133	6026.000
1092.275	6194.000
1092.417	6002.000
1092.559	6185.000
1092.701	6042.000
1092.843	6146.000
1092.985	6038.000
1093.127	6228.000
1093.269	6050.000
1093.411	6202.000
1093.554	6014.000
1093.696	6117.000
1093.838	5977.000
1093.980	6203.000
1094.122	5928.000
1094.264	6115.000
1094.406	5958.000
1094.548	6128.000
1094.690	5947.000
1094.832	6124.000
1094.973	6012.000
1095.115	6157.000
1095.257	5986.000
1095.399	6197.000
1095.541	6030.000
1095.683	6169.000
1095.825	5965.000
1095.967	6199.000
1096.109	6089.000
1096.251	6163.000
1096.393	5999.000
1096.535	6265.000
1096.677	6033.000
1096.819	6152.000
1096.960	6014.000
1097.102	6214.000
1097.244	6062.000
1097.386	6208.000
1097.528	6025.000
1097.670	6194.000
1097.812	6036.000
1097.953	6168.000
1098.095	6154.000
1098.237	6165.000
1098.379	6025.000
1098.521	6176.000
1098.662	6011.000
1098.804	6256.000
1098.946	6135.000
1099.088	6172.000
1099.230	6068.000
1099.371	6130.000
1099.513	6069.000
1099.655	6210.000
1099.797	6117.000
1099.938	6307.000
1100.080	6072.000
1100.222	6255.000
1100.364	6109.000
1100.505	6263.000
1100.647	6105.000
1100.789	6265.000
1100.931	6166.000
1101.072	6309.000
1101.214	6099.000
1101.356	6143.000
1101.497	6043.000
1101.639	6302.000
1101.781	6027.000
1101.922	6227.000
1102.064	6078.000
1102.206	6255.000
1102.347	6108.000
1102.489	6254.000
1102.631	6132.000
1102.772	6333.000
1102.914	6030.000
1103.055	6315.000
1103.197	6132.000
1103.339	6276.000
1103.480	6179.000
1103.622	6322.000
1103.763	6153.000
1103.905	6290.000
1104.046	6126.000
1104.188	6305.000
1104.330	6170.000
1104.471	6339.000
1104.613	6157.000
1104.754	6294.000
1104.896	6375.000
1105.037	6372.000
1105.179	6228.000
1105.320	6405.000
1105.462	6196.000
1105.603	6393.000
1105.745	6218.000
1105.886	6406.000
1106.028	6181.000
1106.169	6525.000
1106.311	6304.000
1106.452	6480.000
1106.594	6268.000
1106.735	6468.000
1106.876	6322.000
1107.018	6477.000
1107.159	6282.000
1107.301	6453.000
1107.442	6295.000
1107.584	6487.000
1107.725	6394.000
1107.866	6515.000
1108.008	6265.000
1108.149	6520.000
1108.291	6388.000
1108.432	6503.000
1108.573	6416.000
1108.715	6559.000
1108.856	6388.000
1108.997	6559.000
1109.139	6386.000
1109.280	6635.000
1109.421	6498.000
1109.563	6715.000
1109.704	6483.000
1109.845	6638.000
1109.987	6462.000
1110.128	6613.000
1110.269	6544.000
1110.410	6754.000
1110.552	6522.000
1110.693	6741.000
1110.834	6479.000
1110.975	6743.000
1111.117	6622.000
1111.258	6780.000
1111.399	6604.000
1111.540	6769.000
1111.682	6751.000
1111.823	6797.000
1111.964	6686.000
1112.105	6898.000
1112.247	6701.000
1112.388	6885.000
1112.529	6696.000
1112.670	6969.000
1112.811	6791.000
1112.952	6882.000
1113.094	6793.000
1113.235	6976.000
1113.376	6830.000
1113.517	6953.000
1113.658	6777.000
1113.799	6995.000
1113.940	6963.000
1114.082	7093.000
1114.223	6963.000
1114.364	7145.000
1114.505	6956.000
1114.646	7130.000
1114.787	7032.000
1114.928	7134.000
1115.069	6949.000
1115.210	7150.000
1115.351	7158.000
1115.492	7284.000
1115.633	7105.000
1115.774	7350.000
1115.916	7160.000
1116.057	7355.000
1116.198	7131.000
1116.339	7352.000
1116.480	7208.000
1116.621	7354.000
1116.762	7203.000
1116.903	7438.000
1117.044	7416.000
1117.185	7438.000
1117.326	7372.000
1117.466	7553.000
1117.607	7447.000
1117.748	7593.000
1117.889	7477.000
1118.030	7695.000
1118.171	7535.000
1118.312	7679.000
1118.453	7536.000
1118.594	7815.000
1118.735	7630.000
1118.876	7757.000
1119.017	7715.000
1119.158	7811.000
1119.298	7717.000
1119.439	7825.000
1119.580	7736.000
1119.721	8008.000
1119.862	7900.000
1120.003	8017.000
1120.144	7930.000
1120.284	8075.000
1120.425	7942.000
1120.566	8060.000
1120.707	7973.000
1120.848	8197.000
1120.989	8005.000
1121.129	8231.000
1121.270	8140.000
1121.411	8328.000
1121.552	8216.000
1121.693	8319.000
1121.833	8238.000
1121.974	8436.000
1122.115	8297.000
1122.256	8450.000
1122.396	8382.000
1122.537	8526.000
1122.678	8346.000
1122.819	8552.000
1122.959	8592.000
1123.100	8763.000
1123.241	8637.000
1123.381	8752.000
1123.522	8729.000
1123.663	8756.000
1123.803	8670.000
1123.944	8860.000
1124.085	8784.000
1124.225	8974.000
1124.366	8884.000
1124.507	9075.000
1124.647	8950.000
1124.788	9237.000
1124.929	9092.000
1125.069	9266.000
1125.210	9056.000
1125.351	9294.000
1125.491	9111.000
1125.632	9307.000
1125.772	9211.000
1125.913	9473.000
1126.054	9318.000
1126.194	9463.000
1126.335	9389.000
1126.475	9557.000
1126.616	9467.000
1126.756	9685.000
1126.897	9578.000
1127.037	9699.000
1127.178	9642.000
1127.318	9714.000
1127.459	9706.000
1127.600	9855.000
1127.740	9695.000
1127.881	9750.000
1128.021	9674.000
1128.162	9874.000
1128.302	9821.000
1128.442	9912.000
1128.583	9825.000
1128.723	9899.000
1128.864	9833.000
1129.004	9989.000
1129.145	9767.000
1129.285	9889.000
1129.426	9858.000
1129.566	9890.000
1129.706	9697.000
1129.847	9846.000
1129.987	9732.000
1130.128	9795.000
1130.268	9665.000
1130.408	9723.000
1130.549	9562.000
1130.689	9566.000
1130.830	9407.000
1130.970	9521.000
1131.110	9270.000
1131.251	9241.000
1131.391	9160.000
1131.531	9116.000
1131.672	8869.000
1131.812	8844.000
1131.952	8636.000
1132.093	8779.000
1132.233	8458.000
1132.373	8483.000
1132.513	8281.000
1132.654	8358.000
1132.794	8424.000
1132.934	8103.000
1133.075	7927.000
1133.215	7936.000
1133.355	7699.000
1133.495	7834.000
1133.636	7559.000
1133.776	7701.000
1133.916	7466.000
1134.056	7471.000
1134.196	7463.000
1134.337	7453.000
1134.477	7276.000
1134.617	7366.000
1134.757	7210.000
1134.897	7376.000
1135.038	7177.000
1135.178	7281.000
1135.318	7171.000
1135.458	7308.000
1135.598	7225.000
1135.738	7386.000
1135.879	7274.000
1136.019	7385.000
1136.159	7335.000
1136.299	7399.000
1136.439	7295.000
1136.579	7541.000
1136.719	7326.000
1136.859	7396.000
1136.999	7230.000
1137.140	7286.000
1137.280	7178.000
1137.420	7224.000
1137.560	7086.000
1137.700	7078.000
1137.840	6991.000
1137.980	7014.000
1138.120	6890.000
1138.260	6953.000
1138.400	6775.000
1138.540	6889.000
1138.680	6711.000
1138.820	6859.000
1138.960	6669.000
1139.100	6714.000
1139.240	6615.000
1139.380	6664.000
1139.520	6593.000
1139.660	6626.000
1139.800	6531.000
1139.940	6583.000
1140.080	6495.000
1140.220	6613.000
1140.360	6502.000
1140.500	6547.000
1140.640	6413.000
1140.780	6457.000
1140.919	6381.000
1141.059	6481.000
1141.199	6337.000
1141.339	6503.000
1141.479	6365.000
1141.619	6499.000
1141.759	6318.000
1141.899	6444.000
1142.039	6309.000
1142.178	6435.000
1142.318	6226.000
1142.458	6450.000
1142.598	6303.000
1142.738	6467.000
1142.878	6313.000
1143.017	6510.000
1143.157	6264.000
1143.297	6464.000
1143.437	6288.000
1143.577	6386.000
1143.716	6274.000
1143.856	6488.000
1143.996	6247.000
1144.136	6491.000
1144.275	6301.000
1144.415	6436.000
1144.555	6255.000
1144.695	6410.000
1144.834	6282.000
1144.974	6462.000
1145.114	6348.000
1145.254	6438.000
1145.393	6347.000
1145.533	6484.000
1145.673	6330.000
1145.812	6388.000
1145.952	6298.000
1146.092	6505.000
1146.231	6262.000
1146.371	6450.000
1146.511	6253.000
1146.650	6488.000
1146.790	6238.000
1146.930	6490.000
1147.069	6224.000
1147.209	6496.000
1147.349	6354.000
1147.488	6440.000
1147.628	6243.000
1147.767	6378.000
1147.907	6242.000
1148.047	6403.000
1148.186	6306.000
1148.326	6431.000
1148.465	6327.000
1148.605	6417.000
1148.744	6296.000
1148.884	6430.000
1149.024	6302.000
1149.163	6426.000
1149.303	6265.000
1149.442	6480.000
1149.582	6276.000
1149.721	6415.000
1149.861	6254.000
1150.000	6412.000
1150.140	6189.000
1150.279	6456.000
1150.419	6309.000
1150.558	6339.000
1150.698	6299.000
1150.837	6491.000
1150.977	6263.000
1151.116	6456.000
1151.255	6312.000
1151.395	6412.000
1151.534	6256.000
1151.674	6383.000
1151.813	6270.000
1151.953	6355.000
1152.092	6296.000
1152.231	6428.000
1152.371	6328.000
1152.510	6414.000
1152.650	6243.000
1152.789	6513.000
1152.928	6344.000
1153.068	6453.000
1153.207	6396.000
1153.346	6466.000
1153.486	6332.000
1153.625	6470.000
1153.764	5547.000
1153.904	6434.000
1154.043	6307.000
1154.182	6396.000
1154.322	6239.000
1154.461	6446.000
1154.600	6277.000
1154.740	6427.000
1154.879	6357.000
1155.018	6446.000
1155.157	6324.000
1155.297	6450.000
1155.436	6291.000
1155.575	6479.000
1155.714	6315.000
1155.854	6459.000
1155.993	6239.000
1156.132	6485.000
1156.271	6252.000
1156.411	6386.000
1156.550	6315.000
1156.689	6422.000
1156.828	6275.000
1156.967	6455.000
1157.107	6250.000
1157.246	6505.000
1157.385	6258.000
1157.524	6528.000
1157.663	6294.000
1157.802	6397.000
1157.941	6347.000
1158.081	6388.000
1158.220	6301.000
1158.359	6359.000
1158.498	6241.000
1158.637	6335.000
1158.776	6270.000
1158.915	6473.000
1159.054	6286.000
1159.193	6431.000
1159.333	6240.000
1159.472	6398.000
1159.611	6253.000
1159.750	6366.000
1159.889	6198.000
1160.028	6380.000
1160.167	6162.000
1160.306	6332.000
1160.445	6214.000
1160.584	6407.000
1160.723	6330.000
1160.862	6372.000
1161.001	6246.000
1161.140	6472.000
1161.279	6164.000
1161.418	6343.000
1161.557	6281.000
1161.696	6433.000
1161.835	6206.000
1161.974	6500.000
1162.113	9432.000
1162.252	6443.000
1162.391	6268.000
1162.530	6401.000
1162.669	6277.000
1162.808	6424.000
1162.946	6168.000
1163.085	6363.000
1163.224	6357.000
1163.363	6448.000
1163.502	6316.000
1163.641	6356.000
1163.780	6203.000
1163.919	6378.000
1164.058	6308.000
1164.196	6425.000
1164.335	6273.000
1164.474	6353.000
1164.613	6228.000
1164.752	6387.000
1164.891	6282.000
1165.029	6418.000
1165.168	6270.000
1165.307	6413.000
1165.446	6272.000
1165.585	6375.000
1165.723	6196.000
1165.862	6305.000
1166.001	6164.000
1166.140	6409.000
1166.279	6204.000
1166.417	6338.000
1166.556	6163.000
1166.695	6412.000
1166.834	6195.000
1166.972	6408.000
1167.111	6178.000
1167.250	6352.000
1167.388	6117.000
1167.527	6341.000
1167.666	6150.000
1167.805	6362.000
1167.943	6144.000
1168.082	6381.000
1168.221	6194.000
1168.359	6354.000
1168.498	6158.000
1168.637	6378.000
1168.775	6124.000
1168.914	6386.000
1169.052	6237.000
1169.191	6248.000
1169.330	6170.000
1169.468	6365.000
1169.607	6213.000
1169.746	6329.000
1169.884	6169.000
1170.023	6317.000
1170.161	6228.000
1170.300	6340.000
1170.439	6273.000
1170.577	6349.000
1170.716	6234.000
1170.854	6400.000
1170.993	6190.000
1171.131	6394.000
1171.270	6147.000
1171.408	6349.000
1171.547	6276.000
1171.685	6430.000
1171.824	6202.000
1171.962	6366.000
1172.101	6300.000
1172.239	6432.000
1172.378	6257.000
1172.516	6475.000
1172.655	6289.000
1172.793	6468.000
1172.932	6270.000
1173.070	6347.000
1173.209	6255.000
1173.347	6410.000
1173.486	6274.000
1173.624	6298.000
1173.762	6292.000
1173.901	6467.000
1174.039	6329.000
1174.178	6396.000
1174.316	6278.000
1174.454	6347.000
1174.593	6337.000
1174.731	6460.000
