1329.918	9791.000
1330.066	9769.000
1330.214	9771.000
1330.363	9793.000
1330.511	9750.000
1330.659	9808.000
1330.807	9724.000
1330.955	9750.000
1331.103	9742.000
1331.251	9759.000
1331.399	9723.000
1331.547	9764.000
1331.695	9729.000
1331.843	9690.000
1331.991	9699.000
1332.139	9773.000
1332.287	9621.000
1332.435	9759.000
1332.583	9642.000
1332.730	9733.000
1332.878	9622.000
1333.026	9621.000
1333.174	9732.000
1333.322	9710.000
1333.470	9669.000
1333.618	9612.000
1333.765	9684.000
1333.913	9590.000
1334.061	9618.000
1334.209	9609.000
1334.356	9659.000
1334.504	9612.000
1334.652	9683.000
1334.800	9566.000
1334.947	9552.000
1335.095	9573.000
1335.243	9615.000
1335.390	9527.000
1335.538	9616.000
1335.686	9586.000
1335.833	9573.000
1335.981	9555.000
1336.128	9520.000
1336.276	9594.000
1336.424	9528.000
1336.571	9536.000
1336.719	9582.000
1336.866	9479.000
1337.014	9497.000
1337.161	9546.000
1337.309	9509.000
1337.456	9461.000
1337.604	9515.000
1337.751	9533.000
1337.899	9451.000
1338.046	9458.000
1338.194	9413.000
1338.341	9490.000
1338.488	9399.000
1338.636	9384.000
1338.783	9454.000
1338.930	9376.000
1339.078	9379.000
1339.225	9349.000
1339.372	9302.000
1339.520	9409.000
1339.667	9365.000
1339.814	9295.000
1339.962	9319.000
1340.109	9314.000
1340.256	9317.000
1340.403	9284.000
1340.550	9305.000
1340.698	9338.000
1340.845	9205.000
1340.992	9234.000
1341.139	9230.000
1341.286	9229.000
1341.433	9253.000
1341.581	9286.000
1341.728	9213.000
1341.875	9220.000
1342.022	9223.000
1342.169	9224.000
1342.316	9182.000
1342.463	9179.000
1342.610	9156.000
1342.757	9115.000
1342.904	9203.000
1343.051	9150.000
1343.198	9144.000
1343.345	9157.000
1343.492	9134.000
1343.639	9139.000
1343.786	9154.000
1343.933	9097.000
1344.080	9061.000
1344.226	9119.000
1344.373	9107.000
1344.520	9106.000
1344.667	9081.000
1344.814	9046.000
1344.961	9034.000
1345.108	9016.000
1345.254	9046.000
1345.401	9136.000
1345.548	9011.000
1345.695	9049.000
1345.841	9020.000
1345.988	9017.000
1346.135	9017.000
1346.282	9070.000
1346.428	8893.000
1346.575	9085.000
1346.722	8995.000
1346.868	8935.000
1347.015	9017.000
1347.162	9037.000
1347.308	9008.000
1347.455	9000.000
1347.601	8973.000
1347.748	9005.000
1347.894	8969.000
1348.041	9067.000
1348.188	8921.000
1348.334	9016.000
1348.481	8851.000
1348.627	8908.000
1348.774	9051.000
1348.920	9009.000
1349.067	8955.000
1349.213	9002.000
1349.359	8933.000
1349.506	8924.000
1349.652	8922.000
1349.799	8958.000
1349.945	9011.000
1350.091	9015.000
1350.238	8898.000
1350.384	8963.000
1350.530	8910.000
1350.677	8997.000
1350.823	8917.000
1350.969	8880.000
1351.116	8942.000
1351.262	8996.000
1351.408	8948.000
1351.554	8902.000
1351.701	8887.000
1351.847	8992.000
1351.993	8885.000
1352.139	8885.000
1352.285	8834.000
1352.432	8890.000
1352.578	8806.000
1352.724	8943.000
1352.870	8892.000
1353.016	8959.000
1353.162	8831.000
1353.308	8927.000
1353.454	8870.000
1353.600	8821.000
1353.747	8805.000
1353.893	8875.000
1354.039	8752.000
1354.185	8853.000
1354.331	8848.000
1354.477	8832.000
1354.623	8815.000
1354.768	8871.000
1354.914	8735.000
1355.060	8849.000
1355.206	8774.000
1355.352	8770.000
1355.498	8832.000
1355.644	8846.000
1355.790	8714.000
1355.936	8856.000
1356.082	8687.000
1356.227	8785.000
1356.373	8716.000
1356.519	8843.000
1356.665	8711.000
1356.811	8803.000
1356.956	8635.000
1357.102	8712.000
1357.248	8720.000
1357.394	8739.000
1357.539	8755.000
1357.685	8806.000
1357.831	8639.000
1357.976	8722.000
1358.122	8629.000
1358.268	8760.000
1358.413	8691.000
1358.559	8819.000
1358.704	8611.000
1358.850	8687.000
1358.996	8533.000
1359.141	8751.000
1359.287	8735.000
1359.432	8688.000
1359.578	8694.000
1359.723	8662.000
1359.869	8592.000
1360.014	8703.000
1360.160	8619.000
1360.305	8732.000
1360.451	8551.000
1360.596	8696.000
1360.742	8586.000
1360.887	8654.000
1361.032	8563.000
1361.178	8732.000
1361.323	8568.000
1361.469	8629.000
1361.614	8518.000
1361.759	8596.000
1361.905	8496.000
1362.050	8626.000
1362.195	8581.000
1362.341	8696.000
1362.486	8582.000
1362.631	8702.000
1362.776	8429.000
1362.922	8711.000
1363.067	8524.000
1363.212	8673.000
1363.357	8568.000
1363.502	8734.000
1363.648	8579.000
1363.793	8648.000
1363.938	8549.000
1364.083	8647.000
1364.228	8498.000
1364.373	8584.000
1364.518	8540.000
1364.663	8685.000
1364.808	8503.000
1364.954	8603.000
1365.099	8530.000
1365.244	8591.000
1365.389	8542.000
1365.534	8639.000
1365.679	8515.000
1365.824	8689.000
1365.969	8592.000
1366.113	8676.000
1366.258	8633.000
1366.403	8695.000
1366.548	8591.000
1366.693	8592.000
1366.838	8518.000
1366.983	8633.000
1367.128	8493.000
1367.273	8642.000
1367.417	8662.000
1367.562	8657.000
1367.707	8528.000
1367.852	8677.000
1367.997	8612.000
1368.141	8598.000
1368.286	8475.000
1368.431	8646.000
1368.576	8532.000
1368.720	8612.000
1368.865	8512.000
1369.010	8656.000
1369.154	8516.000
1369.299	8629.000
1369.444	8582.000
1369.588	8633.000
1369.733	8553.000
1369.878	8609.000
1370.022	8570.000
1370.167	8630.000
1370.311	8515.000
1370.456	8725.000
1370.601	8590.000
1370.745	8559.000
1370.890	8555.000
1371.034	8639.000
1371.179	8461.000
1371.323	8637.000
1371.468	8609.000
1371.612	8679.000
1371.757	8519.000
1371.901	8581.000
1372.045	8544.000
1372.190	8616.000
1372.334	8504.000
1372.479	8580.000
1372.623	8522.000
1372.767	8636.000
1372.912	8540.000
1373.056	8595.000
1373.200	8395.000
1373.345	8658.000
1373.489	8484.000
1373.633	8594.000
1373.777	8468.000
1373.922	8648.000
1374.066	8486.000
1374.210	8548.000
1374.354	8564.000
1374.499	8501.000
1374.643	8432.000
1374.787	8590.000
1374.931	8455.000
1375.075	8572.000
1375.219	8414.000
1375.364	8651.000
1375.508	8536.000
1375.652	8578.000
1375.796	8480.000
1375.940	8582.000
1376.084	8499.000
1376.228	8581.000
1376.372	8398.000
1376.516	8611.000
1376.660	8436.000
1376.804	8468.000
1376.948	8488.000
1377.092	8528.000
1377.236	8479.000
1377.380	8636.000
1377.524	8362.000
1377.668	8436.000
1377.812	8445.000
1377.956	8597.000
1378.099	8469.000
1378.243	8489.000
1378.387	8365.000
1378.531	8553.000
1378.675	8377.000
1378.819	8484.000
1378.962	8379.000
1379.106	8498.000
1379.250	8421.000
1379.394	8493.000
1379.538	8446.000
1379.681	8559.000
1379.825	8427.000
1379.969	8562.000
1380.112	8350.000
1380.256	8452.000
1380.400	8448.000
1380.543	8481.000
1380.687	8284.000
1380.831	8526.000
1380.974	8253.000
1381.118	8410.000
1381.262	8368.000
1381.405	8475.000
1381.549	8386.000
1381.692	8458.000
1381.836	8371.000
1381.979	8399.000
1382.123	8359.000
1382.266	8450.000
1382.410	8443.000
1382.553	8406.000
1382.697	8370.000
1382.840	8389.000
1382.984	8354.000
1383.127	8446.000
1383.271	8301.000
1383.414	8352.000
1383.557	8364.000
1383.701	8424.000
1383.844	8353.000
1383.987	8448.000
1384.131	8287.000
1384.274	8449.000
1384.417	8306.000
1384.561	8430.000
1384.704	8304.000
1384.847	8505.000
1384.990	8335.000
1385.134	8542.000
1385.277	8244.000
1385.420	8558.000
1385.563	8306.000
1385.707	8431.000
1385.850	8320.000
1385.993	8440.000
1386.136	8360.000
1386.279	8381.000
1386.422	8340.000
1386.565	8469.000
1386.709	8302.000
1386.852	8435.000
1386.995	8336.000
1387.138	8439.000
1387.281	8409.000
1387.424	8434.000
1387.567	8387.000
1387.710	8484.000
1387.853	8317.000
1387.996	8484.000
1388.139	8088.000
1388.282	8459.000
1388.425	8349.000
1388.568	8399.000
1388.711	8388.000
1388.854	8372.000
1388.997	8240.000
1389.139	8369.000
1389.282	8410.000
1389.425	8508.000
1389.568	8328.000
1389.711	8422.000
1389.854	8296.000
1389.996	8451.000
1390.139	8336.000
1390.282	8405.000
1390.425	8264.000
1390.568	8467.000
1390.710	8354.000
1390.853	8411.000
1390.996	8288.000
1391.138	8482.000
1391.281	8330.000
1391.424	8474.000
1391.566	8371.000
1391.709	8392.000
1391.852	8234.000
1391.994	8438.000
1392.137	8347.000
1392.280	8539.000
1392.422	8306.000
1392.565	8454.000
1392.707	8308.000
1392.850	8388.000
1392.992	8300.000
1393.135	8441.000
1393.277	8296.000
1393.420	8457.000
1393.562	8342.000
1393.705	8434.000
1393.847	8340.000
1393.990	8485.000
1394.132	8351.000
1394.275	8484.000
1394.417	8318.000
1394.560	8411.000
1394.702	8292.000
1394.844	8470.000
1394.987	8260.000
1395.129	8381.000
1395.271	8302.000
1395.414	8362.000
1395.556	8290.000
1395.698	8407.000
1395.840	8306.000
1395.983	8414.000
1396.125	8278.000
1396.267	8474.000
1396.409	8342.000
1396.552	8380.000
1396.694	8284.000
1396.836	8468.000
1396.978	8364.000
1397.120	8385.000
1397.263	8260.000
1397.405	8469.000
1397.547	8288.000
1397.689	8381.000
1397.831	8266.000
1397.973	8460.000
1398.115	8323.000
1398.257	8428.000
1398.399	8267.000
1398.541	8404.000
1398.683	8276.000
1398.825	8390.000
1398.967	8396.000
1399.109	8384.000
1399.251	8295.000
1399.393	8396.000
1399.535	8230.000
1399.677	8476.000
1399.819	8379.000
1399.961	8397.000
1400.103	8304.000
1400.245	8359.000
1400.387	8332.000
1400.528	8408.000
1400.670	8340.000
1400.812	8481.000
1400.954	8269.000
1401.096	8424.000
1401.238	8294.000
1401.379	8426.000
1401.521	8306.000
1401.663	8415.000
1401.805	8348.000
1401.946	8487.000
1402.088	8311.000
1402.230	8307.000
1402.371	8255.000
1402.513	8443.000
1402.655	8215.000
1402.796	8394.000
1402.938	8282.000
1403.080	8376.000
1403.221	8268.000
1403.363	8382.000
1403.504	8251.000
1403.646	8473.000
1403.788	8178.000
1403.929	8405.000
1404.071	8272.000
1404.212	8370.000
1404.354	8290.000
1404.495	8404.000
1404.637	8262.000
1404.778	8384.000
1404.919	8198.000
1405.061	8351.000
1405.202	8281.000
1405.344	8373.000
1405.485	8215.000
1405.627	8348.000
1405.768	8392.000
1405.909	8397.000
1406.051	8267.000
1406.192	8403.000
1406.333	8242.000
1406.475	8399.000
1406.616	8221.000
1406.757	8424.000
1406.898	8195.000
1407.040	8499.000
1407.181	8300.000
1407.322	8465.000
1407.463	8251.000
1407.605	8415.000
1407.746	8328.000
1407.887	8408.000
1408.028	8226.000
1408.169	8365.000
1408.310	8247.000
1408.452	8405.000
1408.593	8301.000
1408.734	8417.000
1408.875	8187.000
1409.016	8385.000
1409.157	8270.000
1409.298	8351.000
1409.439	8273.000
1409.580	8376.000
1409.721	8222.000
1409.862	8412.000
1410.003	8184.000
1410.144	8410.000
1410.285	8230.000
1410.426	8447.000
1410.567	8256.000
1410.708	8343.000
1410.849	8217.000
1410.990	8311.000
1411.131	8277.000
1411.271	8427.000
1411.412	8228.000
1411.553	8404.000
1411.694	8154.000
1411.835	8373.000
1411.976	8285.000
1412.116	8375.000
1412.257	8233.000
1412.398	8339.000
1412.539	8345.000
1412.680	8339.000
1412.820	8244.000
1412.961	8405.000
1413.102	8219.000
1413.242	8389.000
1413.383	8190.000
1413.524	8401.000
1413.664	8234.000
1413.805	8296.000
1413.946	8203.000
1414.086	8375.000
1414.227	8220.000
1414.367	8296.000
1414.508	8115.000
1414.649	8351.000
1414.789	8291.000
1414.930	8376.000
1415.070	8233.000
1415.211	8398.000
1415.351	8188.000
1415.492	8334.000
1415.632	8165.000
1415.773	8289.000
1415.913	8110.000
1416.053	8316.000
1416.194	8259.000
1416.334	8360.000
1416.475	8169.000
1416.615	8345.000
1416.755	8177.000
1416.896	8324.000
1417.036	8108.000
1417.176	8308.000
1417.317	8151.000
1417.457	8205.000
1417.597	8098.000
1417.738	8248.000
1417.878	8235.000
1418.018	8223.000
1418.158	8136.000
1418.299	8291.000
1418.439	8160.000
1418.579	8291.000
1418.719	8120.000
1418.859	8289.000
1419.000	8126.000
1419.140	8241.000
1419.280	8099.000
1419.420	8326.000
1419.560	8121.000
1419.700	8204.000
1419.840	8100.000
1419.980	8194.000
1420.120	8057.000
1420.260	8150.000
1420.400	8066.000
1420.540	8279.000
1420.680	8164.000
1420.820	8206.000
1420.960	8107.000
1421.100	8249.000
1421.240	8096.000
1421.380	8169.000
1421.520	8035.000
1421.660	8223.000
1421.800	8041.000
1421.940	8187.000
1422.080	8088.000
1422.220	8221.000
1422.360	8077.000
1422.499	8161.000
1422.639	7988.000
1422.779	8239.000
1422.919	8094.000
1423.059	8198.000
1423.198	8092.000
1423.338	8231.000
1423.478	8015.000
1423.618	8171.000
1423.757	8171.000
1423.897	8286.000
1424.037	8090.000
1424.176	8188.000
1424.316	8098.000
1424.456	8184.000
1424.595	8033.000
1424.735	8227.000
1424.875	8075.000
1425.014	8203.000
1425.154	8034.000
1425.293	8187.000
1425.433	8072.000
1425.573	8264.000
1425.712	8123.000
1425.852	8263.000
1425.991	8039.000
1426.131	8293.000
1426.270	8093.000
1426.410	8239.000
1426.549	8102.000
1426.689	8292.000
1426.828	8067.000
1426.967	8183.000
1427.107	8102.000
1427.246	8216.000
1427.386	8062.000
1427.525	8294.000
1427.664	8130.000
1427.804	8219.000
1427.943	8154.000
1428.082	8189.000
1428.222	8124.000
1428.361	8283.000
1428.500	8128.000
1428.640	8180.000
1428.779	8081.000
1428.918	8247.000
1429.057	8135.000
1429.196	8223.000
1429.336	8127.000
1429.475	8279.000
1429.614	8177.000
1429.753	8341.000
1429.892	8119.000
1430.032	8213.000
1430.171	8158.000
1430.310	8262.000
1430.449	8145.000
1430.588	8331.000
1430.727	8197.000
1430.866	8303.000
1431.005	8188.000
1431.144	8293.000
1431.283	8171.000
1431.422	8260.000
1431.561	8180.000
1431.700	8328.000
1431.839	8173.000
1431.978	8266.000
1432.117	8242.000
1432.256	8309.000
1432.395	8198.000
1432.534	8247.000
1432.673	8146.000
1432.812	8391.000
1432.951	8180.000
1433.089	8325.000
1433.228	8167.000
1433.367	8374.000
1433.506	8569.000
1433.645	8285.000
1433.783	8182.000
1433.922	8306.000
1434.061	8154.000
1434.200	8347.000
1434.339	8141.000
1434.477	8344.000
1434.616	8133.000
1434.755	8195.000
1434.893	8228.000
1435.032	8307.000
1435.171	8177.000
1435.309	8297.000
1435.448	8190.000
1435.587	8339.000
1435.725	8169.000
1435.864	8249.000
1436.002	8166.000
1436.141	8272.000
1436.280	8145.000
1436.418	8265.000
1436.557	8164.000
1436.695	8248.000
1436.834	8231.000
1436.972	8274.000
1437.111	8131.000
1437.249	8354.000
1437.388	8157.000
1437.526	8283.000
1437.664	8158.000
1437.803	8180.000
1437.941	8176.000
1438.080	8231.000
1438.218	8173.000
1438.356	8155.000
1438.495	8167.000
1438.633	8214.000
1438.771	8177.000
1438.910	8260.000
1439.048	8128.000
1439.186	8289.000
1439.325	8163.000
1439.463	8337.000
1439.601	8168.000
1439.739	8237.000
1439.878	8203.000
1440.016	8250.000
1440.154	8198.000
1440.292	8240.000
1440.430	8195.000
1440.569	8236.000
1440.707	8206.000
1440.845	8283.000
1440.983	8224.000
1441.121	8277.000
1441.259	8175.000
1441.397	8225.000
1441.535	8199.000
1441.673	8262.000
1441.811	8131.000
1441.949	8317.000
1442.087	8216.000
1442.225	8319.000
1442.363	8199.000
1442.501	8254.000
1442.639	8204.000
1442.777	8307.000
1442.915	8109.000
1443.053	8343.000
1443.191	8183.000
1443.329	8379.000
1443.467	8241.000
1443.605	8380.000
1443.743	8222.000
1443.881	8403.000
1444.018	8203.000
1444.156	8295.000
1444.294	8177.000
1444.432	8381.000
1444.570	8211.000
1444.707	8398.000
1444.845	8265.000
1444.983	8383.000
1445.121	8226.000
1445.258	8354.000
1445.396	8264.000
1445.534	8420.000
1445.671	8295.000
1445.809	8383.000
1445.947	8324.000
1446.084	8438.000
1446.222	8324.000
1446.360	8392.000
1446.497	8293.000
1446.635	8491.000
1446.772	8299.000
1446.910	8443.000
1447.048	8322.000
1447.185	8481.000
1447.323	8276.000
1447.460	8465.000
1447.598	8284.000
1447.735	8519.000
1447.873	8421.000
1448.010	8473.000
1448.147	8281.000
1448.285	8455.000
1448.422	8319.000
1448.560	8428.000
1448.697	8301.000
1448.835	8476.000
1448.972	8393.000
1449.109	8447.000
1449.247	8350.000
1449.384	8471.000
1449.521	8408.000
1449.659	8464.000
1449.796	8359.000
1449.933	8513.000
1450.070	8336.000
1450.208	8462.000
1450.345	8347.000
1450.482	8453.000
1450.619	8262.000
1450.757	8499.000
1450.894	8403.000
1451.031	8396.000
1451.168	8360.000
1451.305	8559.000
1451.442	8335.000
1451.580	8493.000
1451.717	8386.000
1451.854	8446.000
1451.991	8350.000
1452.128	8420.000
1452.265	8318.000
1452.402	8421.000
1452.539	8350.000
1452.676	8448.000
1452.813	8401.000
1452.950	8455.000
1453.087	8297.000
1453.224	8540.000
1453.361	8413.000
1453.498	8477.000
1453.635	8431.000
1453.772	8498.000
1453.909	8382.000
1454.046	8446.000
1454.183	7590.000
1454.319	8457.000
1454.456	8341.000
1454.593	8409.000
1454.730	8281.000
1454.867	8494.000
1455.004	8333.000
1455.140	8470.000
1455.277	8436.000
1455.414	8484.000
1455.551	8371.000
1455.687	8469.000
1455.824	8345.000
1455.961	8538.000
1456.098	8407.000
1456.234	8485.000
1456.371	8297.000
1456.508	8495.000
1456.644	8320.000
1456.781	8397.000
1456.917	8375.000
1457.054	8411.000
1457.191	8338.000
1457.327	8460.000
1457.464	8298.000
1457.600	8479.000
1457.737	8274.000
1457.873	8546.000
1458.010	8369.000
1458.146	8441.000
1458.283	8404.000
1458.419	8380.000
1458.556	8297.000
1458.692	8373.000
1458.829	8280.000
1458.965	8338.000
1459.102	8288.000
1459.238	8466.000
1459.374	8290.000
1459.511	8424.000
1459.647	8238.000
1459.784	8350.000
1459.920	8283.000
1460.056	8338.000
1460.193	8183.000
1460.329	8335.000
1460.465	8175.000
1460.601	8356.000
1460.738	8217.000
1460.874	8384.000
1461.010	8358.000
1461.146	8385.000
1461.283	8237.000
1461.419	8480.000
1461.555	8231.000
1461.691	8396.000
1461.827	8315.000
1461.963	8448.000
1462.100	8287.000
1462.236	8518.000
1462.372	10993.000
1462.508	8511.000
1462.644	8312.000
1462.780	8444.000
1462.916	8358.000
1463.052	8466.000
1463.188	8257.000
1463.324	8389.000
1463.460	8406.000
1463.596	8556.000
1463.732	8433.000
1463.868	8463.000
1464.004	8335.000
1464.140	8488.000
1464.276	8448.000
1464.412	8590.000
1464.548	8410.000
1464.684	8545.000
1464.820	8360.000
1464.955	8547.000
1465.091	8475.000
1465.227	8604.000
1465.363	8435.000
1465.499	8566.000
1465.635	8476.000
1465.770	8555.000
1465.906	8416.000
1466.042	8467.000
1466.178	8414.000
1466.313	8619.000
1466.449	8464.000
1466.585	8573.000
1466.720	8403.000
1466.856	8640.000
1466.992	8444.000
1467.127	8612.000
1467.263	8436.000
1467.399	8589.000
1467.534	8361.000
1467.670	8576.000
1467.806	8410.000
1467.941	8622.000
1468.077	8416.000
1468.212	8651.000
1468.348	8468.000
1468.483	8587.000
1468.619	8474.000
1468.754	8671.000
1468.890	8398.000
1469.025	8670.000
1469.161	8551.000
1469.296	8524.000
1469.432	8469.000
1469.567	8688.000
1469.702	8512.000
1469.838	8594.000
1469.973	8511.000
1470.109	8643.000
1470.244	8577.000
1470.379	8614.000
1470.515	8585.000
1470.650	8679.000
1470.785	8577.000
1470.921	8755.000
1471.056	8541.000
1471.191	8705.000
1471.326	8517.000
1471.462	8698.000
1471.597	8666.000
1471.732	8773.000
1471.867	8598.000
1472.003	8713.000
1472.138	8656.000
1472.273	8835.000
1472.408	8674.000
1472.543	8841.000
1472.678	8666.000
1472.813	8862.000
1472.948	8692.000
1473.084	8763.000
1473.219	8680.000
1473.354	8824.000
1473.489	8710.000
1473.624	8729.000
1473.759	8728.000
1473.894	8896.000
1474.029	8777.000
1474.164	8806.000
1474.299	8730.000
1474.434	8749.000
1474.569	8786.000
1474.704	8861.000
