1229.956	9391.000
1230.103	9306.000
1230.250	9380.000
1230.397	9379.000
1230.544	9311.000
1230.691	9407.000
1230.838	9330.000
1230.985	9380.000
1231.132	9331.000
1231.278	9331.000
1231.425	9294.000
1231.572	9396.000
1231.719	9329.000
1231.866	9277.000
1232.013	9333.000
1232.159	9432.000
1232.306	9271.000
1232.453	9392.000
1232.600	9301.000
1232.746	9383.000
1232.893	9286.000
1233.040	9295.000
1233.186	9447.000
1233.333	9370.000
1233.480	9357.000
1233.627	9296.000
1233.773	9361.000
1233.920	9287.000
1234.066	9314.000
1234.213	9295.000
1234.360	9359.000
1234.506	9352.000
1234.653	9360.000
1234.800	9311.000
1234.946	9301.000
1235.093	9310.000
1235.239	9394.000
1235.386	9272.000
1235.532	9356.000
1235.679	9351.000
1235.825	9306.000
1235.972	9366.000
1236.118	9288.000
1236.265	9385.000
1236.411	9243.000
1236.558	9298.000
1236.704	9337.000
1236.851	9268.000
1236.997	9309.000
1237.143	9295.000
1237.290	9287.000
1237.436	9239.000
1237.583	9322.000
1237.729	9323.000
1237.875	9270.000
1238.022	9272.000
1238.168	9270.000
1238.314	9247.000
1238.461	9212.000
1238.607	9235.000
1238.753	9267.000
1238.900	9218.000
1239.046	9203.000
1239.192	9174.000
1239.338	9218.000
1239.485	9263.000
1239.631	9225.000
1239.777	9135.000
1239.923	9189.000
1240.070	9167.000
1240.216	9222.000
1240.362	9128.000
1240.508	9188.000
1240.654	9213.000
1240.800	9107.000
1240.947	9135.000
1241.093	9121.000
1241.239	9115.000
1241.385	9147.000
1241.531	9239.000
1241.677	9109.000
1241.823	9145.000
1241.969	9153.000
1242.115	9128.000
1242.261	9013.000
1242.407	9092.000
1242.553	9047.000
1242.699	9048.000
1242.845	9107.000
1242.991	9080.000
1243.137	9060.000
1243.283	9061.000
1243.429	9079.000
1243.575	9065.000
1243.721	9104.000
1243.867	9035.000
1244.013	9025.000
1244.159	9075.000
1244.305	9063.000
1244.451	9089.000
1244.596	9035.000
1244.742	8983.000
1244.888	8997.000
1245.034	8928.000
1245.180	9013.000
1245.326	9091.000
1245.471	8997.000
1245.617	9015.000
1245.763	8944.000
1245.909	8983.000
1246.055	9007.000
1246.200	9005.000
1246.346	8885.000
1246.492	9037.000
1246.638	8936.000
1246.783	8938.000
1246.929	9007.000
1247.075	9005.000
1247.220	8990.000
1247.366	8981.000
1247.512	8965.000
1247.657	8974.000
1247.803	8962.000
1247.949	9023.000
1248.094	8914.000
1248.240	9001.000
1248.385	8844.000
1248.531	8891.000
1248.676	9028.000
1248.822	8960.000
1248.968	8948.000
1249.113	8983.000
1249.259	8931.000
1249.404	8937.000
1249.550	8931.000
1249.695	8909.000
1249.841	8963.000
1249.986	8968.000
1250.132	8901.000
1250.277	8955.000
1250.422	8949.000
1250.568	8982.000
1250.713	8912.000
1250.859	8855.000
1251.004	8946.000
1251.150	8979.000
1251.295	8965.000
1251.440	8919.000
1251.586	8887.000
1251.731	8992.000
1251.876	8910.000
1252.022	8886.000
1252.167	8815.000
1252.312	8887.000
1252.458	8802.000
1252.603	8975.000
1252.748	8899.000
1252.893	8959.000
1253.039	8882.000
1253.184	8889.000
1253.329	8879.000
1253.474	8862.000
1253.619	8832.000
1253.765	8905.000
1253.910	8785.000
1254.055	8891.000
1254.200	8827.000
1254.345	8850.000
1254.490	8841.000
1254.636	8908.000
1254.781	8744.000
1254.926	8855.000
1255.071	8824.000
1255.216	8821.000
1255.361	8824.000
1255.506	8892.000
1255.651	8735.000
1255.796	8858.000
1255.941	8655.000
1256.086	8787.000
1256.231	8783.000
1256.376	8877.000
1256.521	8782.000
1256.666	8848.000
1256.811	8677.000
1256.956	8723.000
1257.101	8743.000
1257.246	8775.000
1257.391	8791.000
1257.536	8855.000
1257.681	8714.000
1257.826	8763.000
1257.971	8662.000
1258.116	8785.000
1258.260	8725.000
1258.405	8822.000
1258.550	8665.000
1258.695	8748.000
1258.840	8656.000
1258.985	8825.000
1259.129	8805.000
1259.274	8735.000
1259.419	8774.000
1259.564	8717.000
1259.708	8653.000
1259.853	8737.000
1259.998	8678.000
1260.143	8792.000
1260.287	8636.000
1260.432	8807.000
1260.577	8655.000
1260.721	8751.000
1260.866	8620.000
1261.011	8814.000
1261.155	8689.000
1261.300	8713.000
1261.445	8622.000
1261.589	8732.000
1261.734	8587.000
1261.878	8742.000
1262.023	8669.000
1262.168	8774.000
1262.312	8669.000
1262.457	8787.000
1262.601	8538.000
1262.746	8770.000
1262.890	8596.000
1263.035	8763.000
1263.179	8634.000
1263.324	8805.000
1263.468	8704.000
1263.613	8739.000
1263.757	8644.000
1263.902	8769.000
1264.046	8603.000
1264.191	8715.000
1264.335	8649.000
1264.479	8771.000
1264.624	8609.000
1264.768	8692.000
1264.912	8647.000
1265.057	8738.000
1265.201	8674.000
1265.346	8747.000
1265.490	8623.000
1265.634	8800.000
1265.778	8684.000
1265.923	8775.000
1266.067	8760.000
1266.211	8806.000
1266.356	8737.000
1266.500	8680.000
1266.644	8623.000
1266.788	8739.000
1266.933	8624.000
1267.077	8748.000
1267.221	8818.000
1267.365	8827.000
1267.509	8674.000
1267.653	8831.000
1267.798	8762.000
1267.942	8732.000
1268.086	8664.000
1268.230	8808.000
1268.374	8668.000
1268.518	8775.000
1268.662	8691.000
1268.806	8848.000
1268.950	8672.000
1269.095	8758.000
1269.239	8704.000
1269.383	8795.000
1269.527	8715.000
1269.671	8806.000
1269.815	8732.000
1269.959	8793.000
1270.103	8689.000
1270.247	8883.000
1270.391	8744.000
1270.535	8737.000
1270.679	8750.000
1270.822	8833.000
1270.966	8661.000
1271.110	8833.000
1271.254	8820.000
1271.398	8857.000
1271.542	8708.000
1271.686	8780.000
1271.830	8728.000
1271.973	8812.000
1272.117	8681.000
1272.261	8782.000
1272.405	8804.000
1272.549	8838.000
1272.693	8700.000
1272.836	8803.000
1272.980	8572.000
1273.124	8869.000
1273.268	8690.000
1273.411	8759.000
1273.555	8686.000
1273.699	8859.000
1273.843	8670.000
1273.986	8769.000
1274.130	8789.000
1274.274	8707.000
1274.417	8664.000
1274.561	8794.000
1274.705	8685.000
1274.848	8762.000
1274.992	8668.000
1275.135	8850.000
1275.279	8768.000
1275.423	8788.000
1275.566	8677.000
1275.710	8781.000
1275.853	8729.000
1275.997	8844.000
1276.140	8631.000
1276.284	8822.000
1276.427	8691.000
1276.571	8676.000
1276.714	8702.000
1276.858	8772.000
1277.001	8651.000
1277.145	8895.000
1277.288	8603.000
1277.432	8678.000
1277.575	8645.000
1277.719	8863.000
1277.862	8683.000
1278.005	8728.000
1278.149	8605.000
1278.292	8830.000
1278.435	8627.000
1278.579	8770.000
1278.722	8657.000
1278.865	8798.000
1279.009	8680.000
1279.152	8791.000
1279.295	8748.000
1279.439	8831.000
1279.582	8693.000
1279.725	8859.000
1279.868	8604.000
1280.012	8751.000
1280.155	8714.000
1280.298	8789.000
1280.441	8599.000
1280.585	8840.000
1280.728	8596.000
1280.871	8726.000
1281.014	8660.000
1281.157	8789.000
1281.300	8708.000
1281.444	8749.000
1281.587	8714.000
1281.730	8711.000
1281.873	8629.000
1282.016	8726.000
1282.159	8773.000
1282.302	8727.000
1282.445	8662.000
1282.588	8721.000
1282.731	8714.000
1282.874	8761.000
1283.017	8648.000
1283.160	8712.000
1283.303	8670.000
1283.446	8741.000
1283.589	8723.000
1283.732	8784.000
1283.875	8620.000
1284.018	8812.000
1284.161	8628.000
1284.304	8794.000
1284.447	8695.000
1284.590	8839.000
1284.733	8686.000
1284.876	8902.000
1285.019	8586.000
1285.161	8930.000
1285.304	8664.000
1285.447	8842.000
1285.590	8668.000
1285.733	8849.000
1285.876	8722.000
1286.018	8742.000
1286.161	8705.000
1286.304	8841.000
1286.447	8681.000
1286.589	8795.000
1286.732	8710.000
1286.875	8853.000
1287.018	8792.000
1287.160	8841.000
1287.303	8790.000
1287.446	8838.000
1287.588	8709.000
1287.731	8855.000
1287.874	8392.000
1288.016	8898.000
1288.159	8761.000
1288.302	8836.000
1288.444	8809.000
1288.587	8822.000
1288.729	8680.000
1288.872	8823.000
1289.015	8789.000
1289.157	8956.000
1289.300	8731.000
1289.442	8836.000
1289.585	8715.000
1289.727	8908.000
1289.870	8756.000
1290.012	8797.000
1290.155	8698.000
1290.297	8907.000
1290.440	8797.000
1290.582	8856.000
1290.725	8713.000
1290.867	8920.000
1291.009	8758.000
1291.152	8877.000
1291.294	8810.000
1291.437	8843.000
1291.579	8673.000
1291.721	8834.000
1291.864	8774.000
1292.006	9042.000
1292.148	8745.000
1292.291	8882.000
1292.433	8772.000
1292.575	8881.000
1292.718	8807.000
1292.860	8931.000
1293.002	8772.000
1293.145	8900.000
1293.287	8822.000
1293.429	8899.000
1293.571	8811.000
1293.713	8960.000
1293.856	8841.000
1293.998	8944.000
1294.140	8800.000
1294.282	8838.000
1294.424	8749.000
1294.567	8975.000
1294.709	8747.000
1294.851	8864.000
1294.993	8780.000
1295.135	8867.000
1295.277	8782.000
1295.419	8898.000
1295.561	8797.000
1295.703	8933.000
1295.845	8776.000
1295.987	8984.000
1296.129	8849.000
1296.272	8879.000
1296.414	8793.000
1296.556	8923.000
1296.698	8863.000
1296.840	8924.000
1296.981	8748.000
1297.123	8977.000
1297.265	8833.000
1297.407	8853.000
1297.549	8782.000
1297.691	8910.000
1297.833	8819.000
1297.975	8891.000
1298.117	8767.000
1298.259	8902.000
1298.401	8767.000
1298.542	8897.000
1298.684	8865.000
1298.826	8881.000
1298.968	8773.000
1299.110	8843.000
1299.252	8744.000
1299.393	8931.000
1299.535	8858.000
1299.677	8879.000
1299.819	8804.000
1299.960	8816.000
1300.102	8815.000
1300.244	8887.000
1300.386	8842.000
1300.527	8943.000
1300.669	8760.000
1300.811	8918.000
1300.952	8786.000
1301.094	8946.000
1301.236	8796.000
1301.377	8919.000
1301.519	8832.000
1301.661	8980.000
1301.802	8837.000
1301.944	8791.000
1302.085	8715.000
1302.227	8952.000
1302.368	8698.000
1302.510	8826.000
1302.652	8751.000
1302.793	8852.000
1302.935	8716.000
1303.076	8842.000
1303.218	8779.000
1303.359	8935.000
1303.501	8644.000
1303.642	8918.000
1303.783	8733.000
1303.925	8840.000
1304.066	8745.000
1304.208	8869.000
1304.349	8735.000
1304.491	8853.000
1304.632	8662.000
1304.773	8824.000
1304.915	8709.000
1305.056	8864.000
1305.197	8693.000
1305.339	8823.000
1305.480	8864.000
1305.621	8859.000
1305.763	8729.000
1305.904	8882.000
1306.045	8670.000
1306.187	8856.000
1306.328	8714.000
1306.469	8837.000
1306.610	8646.000
1306.752	8967.000
1306.893	8759.000
1307.034	8914.000
1307.175	8703.000
1307.316	8832.000
1307.458	8773.000
1307.599	8843.000
1307.740	8674.000
1307.881	8798.000
1308.022	8710.000
1308.163	8853.000
1308.304	8754.000
1308.446	8833.000
1308.587	8653.000
1308.728	8804.000
1308.869	8699.000
1309.010	8796.000
1309.151	8696.000
1309.292	8815.000
1309.433	8623.000
1309.574	8830.000
1309.715	8614.000
1309.856	8851.000
1309.997	8686.000
1310.138	8910.000
1310.279	8698.000
1310.420	8783.000
1310.561	8630.000
1310.702	8732.000
1310.843	8694.000
1310.984	8836.000
1311.124	8641.000
1311.265	8809.000
1311.406	8556.000
1311.547	8783.000
1311.688	8677.000
1311.829	8797.000
1311.970	8617.000
1312.110	8760.000
1312.251	8729.000
1312.392	8721.000
1312.533	8680.000
1312.674	8794.000
1312.814	8618.000
1312.955	8802.000
1313.096	8601.000
1313.237	8825.000
1313.377	8633.000
1313.518	8703.000
1313.659	8580.000
1313.800	8708.000
1313.940	8612.000
1314.081	8662.000
1314.222	8515.000
1314.362	8698.000
1314.503	8647.000
1314.644	8788.000
1314.784	8647.000
1314.925	8747.000
1315.065	8573.000
1315.206	8712.000
1315.347	8564.000
1315.487	8655.000
1315.628	8460.000
1315.768	8671.000
1315.909	8606.000
1316.049	8711.000
1316.190	8549.000
1316.330	8704.000
1316.471	8528.000
1316.611	8698.000
1316.752	8468.000
1316.892	8657.000
1317.033	8490.000
1317.173	8589.000
1317.313	8444.000
1317.454	8581.000
1317.594	8541.000
1317.735	8583.000
1317.875	8475.000
1318.015	8600.000
1318.156	8481.000
1318.296	8630.000
1318.437	8433.000
1318.577	8619.000
1318.717	8469.000
1318.857	8562.000
1318.998	8416.000
1319.138	8663.000
1319.278	8456.000
1319.419	8522.000
1319.559	8467.000
1319.699	8519.000
1319.839	8395.000
1319.980	8493.000
1320.120	8353.000
1320.260	8600.000
1320.400	8465.000
1320.540	8523.000
1320.681	8440.000
1320.821	8518.000
1320.961	8424.000
1321.101	8453.000
1321.241	8322.000
1321.381	8530.000
1321.521	8333.000
1321.661	8477.000
1321.802	8382.000
1321.942	8496.000
1322.082	8397.000
1322.222	8452.000
1322.362	8342.000
1322.502	8543.000
1322.642	8393.000
1322.782	8480.000
1322.922	8386.000
1323.062	8522.000
1323.202	8301.000
1323.342	8443.000
1323.482	8451.000
1323.622	8540.000
1323.762	8391.000
1323.902	8438.000
1324.041	8367.000
1324.181	8434.000
1324.321	8320.000
1324.461	8482.000
1324.601	8349.000
1324.741	8465.000
1324.881	8309.000
1325.021	8448.000
1325.160	8308.000
1325.300	8556.000
1325.440	8380.000
1325.580	8526.000
1325.720	8301.000
1325.859	8548.000
1325.999	8343.000
1326.139	8547.000
1326.279	8303.000
1326.418	8546.000
1326.558	8313.000
1326.698	8461.000
1326.838	8323.000
1326.977	8473.000
1327.117	8296.000
1327.257	8489.000
1327.396	8346.000
1327.536	8469.000
1327.675	8360.000
1327.815	8436.000
1327.955	8368.000
1328.094	8507.000
1328.234	8371.000
1328.374	8386.000
1328.513	8312.000
1328.653	8480.000
1328.792	8329.000
1328.932	8393.000
1329.071	8347.000
1329.211	8420.000
1329.350	8344.000
1329.490	8505.000
1329.629	8305.000
1329.769	8399.000
1329.908	8392.000
1330.048	8460.000
1330.187	8327.000
1330.327	8542.000
1330.466	8383.000
1330.605	8476.000
1330.745	8403.000
1330.884	8471.000
1331.024	8358.000
1331.163	8403.000
1331.302	8346.000
1331.442	8481.000
1331.581	8339.000
1331.720	8396.000
1331.860	8391.000
1331.999	8454.000
1332.138	8337.000
1332.277	8354.000
1332.417	8303.000
1332.556	8519.000
1332.695	8316.000
1332.834	8434.000
1332.974	8331.000
1333.113	8537.000
1333.252	8886.000
1333.391	8423.000
1333.531	8307.000
1333.670	8444.000
1333.809	8259.000
1333.948	8471.000
1334.087	8240.000
1334.226	8496.000
1334.365	8282.000
1334.505	8342.000
1334.644	8364.000
1334.783	8394.000
1334.922	8283.000
1335.061	8398.000
1335.200	8295.000
1335.339	8466.000
1335.478	8279.000
1335.617	8354.000
1335.756	8268.000
1335.895	8335.000
1336.034	8276.000
1336.173	8383.000
1336.312	8261.000
1336.451	8338.000
1336.590	8318.000
1336.729	8300.000
1336.868	8214.000
1337.007	8445.000
1337.146	8260.000
1337.285	8338.000
1337.423	8230.000
1337.562	8301.000
1337.701	8241.000
1337.840	8286.000
1337.979	8220.000
1338.118	8236.000
1338.256	8230.000
1338.395	8278.000
1338.534	8250.000
1338.673	8307.000
1338.812	8175.000
1338.950	8327.000
1339.089	8221.000
1339.228	8388.000
1339.367	8248.000
1339.505	8251.000
1339.644	8228.000
1339.783	8285.000
1339.922	8260.000
1340.060	8310.000
1340.199	8200.000
1340.338	8270.000
1340.476	8239.000
1340.615	8302.000
1340.753	8269.000
1340.892	8297.000
1341.031	8217.000
1341.169	8243.000
1341.308	8228.000
1341.446	8279.000
1341.585	8205.000
1341.724	8339.000
1341.862	8263.000
1342.001	8360.000
1342.139	8200.000
1342.278	8303.000
1342.416	8224.000
1342.555	8303.000
1342.693	8163.000
1342.832	8359.000
1342.970	8226.000
1343.109	8385.000
1343.247	8261.000
1343.385	8381.000
1343.524	8192.000
1343.662	8387.000
1343.801	8212.000
1343.939	8330.000
1344.077	8183.000
1344.216	8408.000
1344.354	8215.000
1344.492	8381.000
1344.631	8231.000
1344.769	8364.000
1344.907	8186.000
1345.046	8362.000
1345.184	8215.000
1345.322	8419.000
1345.460	8304.000
1345.599	8392.000
1345.737	8305.000
1345.875	8426.000
1346.013	8341.000
1346.152	8367.000
1346.290	8314.000
1346.428	8442.000
1346.566	8275.000
1346.704	8378.000
1346.843	8298.000
1346.981	8476.000
1347.119	8258.000
1347.257	8458.000
1347.395	8267.000
1347.533	8510.000
1347.671	8412.000
1347.809	8467.000
1347.947	8275.000
1348.085	8428.000
1348.224	8295.000
1348.362	8385.000
1348.500	8299.000
1348.638	8455.000
1348.776	8340.000
1348.914	8395.000
1349.052	8327.000
1349.190	8473.000
1349.328	8375.000
1349.466	8413.000
1349.603	8326.000
1349.741	8512.000
1349.879	8276.000
1350.017	8401.000
1350.155	8275.000
1350.293	8442.000
1350.431	8206.000
1350.569	8469.000
1350.707	8341.000
1350.844	8360.000
1350.982	8332.000
1351.120	8483.000
1351.258	8274.000
1351.396	8454.000
1351.534	8321.000
1351.671	8398.000
1351.809	8272.000
1351.947	8366.000
1352.085	8266.000
1352.222	8366.000
1352.360	8296.000
1352.498	8393.000
1352.636	8303.000
1352.773	8397.000
1352.911	8253.000
1353.049	8453.000
1353.186	8384.000
1353.324	8394.000
1353.462	8361.000
1353.599	8412.000
1353.737	8277.000
1353.874	8377.000
1354.012	7127.000
1354.150	8388.000
1354.287	8275.000
1354.425	8322.000
1354.562	8206.000
1354.700	8414.000
1354.837	8275.000
1354.975	8398.000
1355.112	8267.000
1355.250	8381.000
1355.387	8259.000
1355.525	8339.000
1355.662	8249.000
1355.800	8395.000
1355.937	8276.000
1356.075	8351.000
1356.212	8187.000
1356.350	8356.000
1356.487	8173.000
1356.624	8294.000
1356.762	8221.000
1356.899	8263.000
1357.037	8213.000
1357.174	8307.000
1357.311	8169.000
1357.449	8354.000
1357.586	8164.000
1357.723	8414.000
1357.860	8217.000
1357.998	8266.000
1358.135	8215.000
1358.272	8246.000
1358.410	8164.000
1358.547	8214.000
1358.684	8122.000
1358.821	8213.000
1358.959	8133.000
1359.096	8279.000
1359.233	8145.000
1359.370	8326.000
1359.507	8113.000
1359.644	8212.000
1359.782	8099.000
1359.919	8193.000
1360.056	8007.000
1360.193	8173.000
1360.330	8030.000
1360.467	8162.000
1360.604	8052.000
1360.741	8216.000
1360.878	8196.000
1361.015	8210.000
1361.152	8112.000
1361.290	8319.000
1361.427	8012.000
1361.564	8171.000
1361.701	8112.000
1361.838	8250.000
1361.975	8066.000
1362.112	8298.000
1362.248	12740.000
1362.385	8314.000
1362.522	8128.000
1362.659	8227.000
1362.796	8139.000
1362.933	8235.000
1363.070	8040.000
1363.207	8190.000
1363.344	8208.000
1363.481	8320.000
1363.617	8216.000
1363.754	8245.000
1363.891	8155.000
1364.028	8297.000
1364.165	8253.000
1364.302	8371.000
1364.438	8192.000
1364.575	8329.000
1364.712	8165.000
1364.849	8320.000
1364.985	8235.000
1365.122	8360.000
1365.259	8204.000
1365.396	8327.000
1365.532	8207.000
1365.669	8314.000
1365.806	8169.000
1365.942	8256.000
1366.079	8184.000
1366.216	8359.000
1366.352	8178.000
1366.489	8312.000
1366.625	8156.000
1366.762	8405.000
1366.899	8216.000
1367.035	8365.000
1367.172	8178.000
1367.308	8333.000
1367.445	8091.000
1367.581	8327.000
1367.718	8148.000
1367.855	8312.000
1367.991	8121.000
1368.128	8379.000
1368.264	8184.000
1368.401	8311.000
1368.537	8167.000
1368.673	8355.000
1368.810	8110.000
1368.946	8398.000
1369.083	8243.000
1369.219	8244.000
1369.356	8187.000
1369.492	8365.000
1369.628	8228.000
1369.765	8291.000
1369.901	8222.000
1370.037	8313.000
1370.174	8265.000
1370.310	8307.000
1370.446	8295.000
1370.583	8364.000
1370.719	8237.000
1370.855	8401.000
1370.992	8204.000
1371.128	8396.000
1371.264	8169.000
1371.400	8353.000
1371.537	8312.000
1371.673	8439.000
1371.809	8218.000
1371.945	8345.000
1372.081	8294.000
1372.218	8427.000
1372.354	8291.000
1372.490	8450.000
1372.626	8311.000
1372.762	8439.000
1372.898	8266.000
1373.034	8347.000
1373.170	8301.000
1373.307	8439.000
1373.443	8289.000
1373.579	8298.000
1373.715	8302.000
1373.851	8475.000
1373.987	8323.000
1374.123	8378.000
1374.259	8327.000
1374.395	8346.000
1374.531	8364.000
1374.667	8473.000
