1429.840	5400.000
1429.989	5474.000
1430.138	5349.000
1430.288	5556.000
1430.437	5333.000
1430.587	5574.000
1430.736	5339.000
1430.885	5526.000
1431.035	5343.000
1431.184	5508.000
1431.333	5319.000
1431.482	5561.000
1431.632	5357.000
1431.781	5471.000
1431.930	5327.000
1432.079	5590.000
1432.229	5270.000
1432.378	5530.000
1432.527	5296.000
1432.676	5587.000
1432.825	5280.000
1432.974	5433.000
1433.123	5429.000
1433.273	5498.000
1433.422	5359.000
1433.571	5495.000
1433.720	5380.000
1433.869	5485.000
1434.018	5315.000
1434.167	5470.000
1434.316	5355.000
1434.465	5527.000
1434.614	5378.000
1434.763	5471.000
1434.911	5330.000
1435.060	5499.000
1435.209	5381.000
1435.358	5461.000
1435.507	5380.000
1435.656	5521.000
1435.805	5355.000
1435.954	5520.000
1436.102	5317.000
1436.251	5548.000
1436.400	5279.000
1436.549	5471.000
1436.697	5374.000
1436.846	5452.000
1436.995	5354.000
1437.144	5503.000
1437.292	5307.000
1437.441	5438.000
1437.590	5361.000
1437.738	5510.000
1437.887	5331.000
1438.035	5483.000
1438.184	5259.000
1438.333	5475.000
1438.481	5276.000
1438.630	5428.000
1438.778	5342.000
1438.927	5424.000
1439.075	5278.000
1439.224	5400.000
1439.372	5229.000
1439.521	5495.000
1439.669	5308.000
1439.818	5368.000
1439.966	5252.000
1440.114	5442.000
1440.263	5272.000
1440.411	5398.000
1440.559	5282.000
1440.708	5402.000
1440.856	5196.000
1441.004	5375.000
1441.153	5220.000
1441.301	5355.000
1441.449	5264.000
1441.597	5445.000
1441.746	5222.000
1441.894	5392.000
1442.042	5252.000
1442.190	5378.000
1442.338	5221.000
1442.487	5357.000
1442.635	5163.000
1442.783	5360.000
1442.931	5244.000
1443.079	5334.000
1443.227	5192.000
1443.375	5382.000
1443.523	5258.000
1443.671	5348.000
1443.819	5221.000
1443.967	5370.000
1444.115	5166.000
1444.263	5354.000
1444.411	5230.000
1444.559	5368.000
1444.707	5199.000
1444.855	5280.000
1445.003	5159.000
1445.151	5255.000
1445.299	5163.000
1445.447	5369.000
1445.594	5179.000
1445.742	5323.000
1445.890	5177.000
1446.038	5277.000
1446.186	5191.000
1446.333	5324.000
1446.481	5046.000
1446.629	5335.000
1446.776	5160.000
1446.924	5247.000
1447.072	5188.000
1447.220	5335.000
1447.367	5207.000
1447.515	5285.000
1447.662	5141.000
1447.810	5282.000
1447.958	5134.000
1448.105	5389.000
1448.253	5120.000
1448.400	5319.000
1448.548	5082.000
1448.695	5215.000
1448.843	5263.000
1448.990	5328.000
1449.138	5156.000
1449.285	5302.000
1449.433	5162.000
1449.580	5278.000
1449.728	5130.000
1449.875	5268.000
1450.022	5193.000
1450.170	5349.000
1450.317	5136.000
1450.464	5306.000
1450.612	5176.000
1450.759	5349.000
1450.906	5170.000
1451.054	5246.000
1451.201	5168.000
1451.348	5359.000
1451.495	5225.000
1451.643	5293.000
1451.790	5157.000
1451.937	5333.000
1452.084	5177.000
1452.231	5287.000
1452.378	5097.000
1452.526	5286.000
1452.673	5123.000
1452.820	5336.000
1452.967	5203.000
1453.114	5340.000
1453.261	5147.000
1453.408	5320.000
1453.555	5175.000
1453.702	5241.000
1453.849	5146.000
1453.996	5344.000
1454.143	5100.000
1454.290	5278.000
1454.437	5172.000
1454.584	5276.000
1454.731	5140.000
1454.878	5338.000
1455.024	5064.000
1455.171	5313.000
1455.318	5134.000
1455.465	5235.000
1455.612	5175.000
1455.759	5298.000
1455.905	5069.000
1456.052	5295.000
1456.199	4990.000
1456.346	5217.000
1456.492	5125.000
1456.639	5316.000
1456.786	5127.000
1456.932	5315.000
1457.079	5045.000
1457.226	5175.000
1457.372	5099.000
1457.519	5213.000
1457.665	5123.000
1457.812	5313.000
1457.959	5069.000
1458.105	5235.000
1458.252	5024.000
1458.398	5251.000
1458.545	5093.000
1458.691	5320.000
1458.838	5059.000
1458.984	5216.000
1459.131	5006.000
1459.277	5286.000
1459.423	5199.000
1459.570	5197.000
1459.716	5136.000
1459.863	5234.000
1460.009	5046.000
1460.155	5207.000
1460.302	5063.000
1460.448	5277.000
1460.594	5009.000
1460.741	5234.000
1460.887	5022.000
1461.033	5197.000
1461.179	5009.000
1461.326	5286.000
1461.472	5073.000
1461.618	5200.000
1461.764	5014.000
1461.910	5206.000
1462.056	5019.000
1462.203	5208.000
1462.349	5067.000
1462.495	5275.000
1462.641	5068.000
1462.787	5268.000
1462.933	4955.000
1463.079	5250.000
1463.225	5001.000
1463.371	5233.000
1463.517	5033.000
1463.663	5296.000
1463.809	5097.000
1463.955	5246.000
1464.101	5033.000
1464.247	5246.000
1464.393	5014.000
1464.539	5221.000
1464.684	5045.000
1464.830	5233.000
1464.976	5009.000
1465.122	5154.000
1465.268	5017.000
1465.414	5188.000
1465.559	5067.000
1465.705	5219.000
1465.851	5027.000
1465.997	5272.000
1466.142	5059.000
1466.288	5258.000
1466.434	5129.000
1466.579	5288.000
1466.725	5103.000
1466.871	5191.000
1467.016	5041.000
1467.162	5196.000
1467.308	5018.000
1467.453	5232.000
1467.599	5169.000
1467.744	5270.000
1467.890	5026.000
1468.035	5274.000
1468.181	5180.000
1468.326	5218.000
1468.472	5039.000
1468.617	5270.000
1468.763	5072.000
1468.908	5251.000
1469.054	5054.000
1469.199	5292.000
1469.344	5033.000
1469.490	5222.000
1469.635	5081.000
1469.780	5233.000
1469.926	5082.000
1470.071	5228.000
1470.216	5100.000
1470.362	5267.000
1470.507	5062.000
1470.652	5326.000
1470.797	5107.000
1470.943	5198.000
1471.088	5102.000
1471.233	5257.000
1471.378	5021.000
1471.523	5248.000
1471.668	5171.000
1471.814	5277.000
1471.959	5092.000
1472.104	5215.000
1472.249	5073.000
1472.394	5208.000
1472.539	5071.000
1472.684	5219.000
1472.829	5108.000
1472.974	5255.000
1473.119	5073.000
1473.264	5217.000
1473.409	4939.000
1473.554	5299.000
1473.699	5045.000
1473.844	5230.000
1473.989	5038.000
1474.134	5241.000
1474.279	5044.000
1474.423	5216.000
1474.568	5160.000
1474.713	5159.000
1474.858	4979.000
1475.003	5234.000
1475.147	5091.000
1475.292	5200.000
1475.437	5023.000
1475.582	5279.000
1475.726	5108.000
1475.871	5233.000
1476.016	5064.000
1476.161	5225.000
1476.305	5083.000
1476.450	5235.000
1476.594	4988.000
1476.739	5231.000
1476.884	5037.000
1477.028	5131.000
1477.173	5073.000
1477.317	5210.000
1477.462	5050.000
1477.606	5307.000
1477.751	4999.000
1477.895	5095.000
1478.040	5044.000
1478.184	5238.000
1478.329	5074.000
1478.473	5172.000
1478.618	4939.000
1478.762	5254.000
1478.907	5032.000
1479.051	5215.000
1479.195	5007.000
1479.340	5232.000
1479.484	5031.000
1479.628	5207.000
1479.773	5105.000
1479.917	5245.000
1480.061	5031.000
1480.205	5252.000
1480.350	4984.000
1480.494	5122.000
1480.638	5093.000
1480.782	5191.000
1480.926	4950.000
1481.071	5259.000
1481.215	4927.000
1481.359	5117.000
1481.503	5032.000
1481.647	5215.000
1481.791	5016.000
1481.935	5197.000
1482.079	5058.000
1482.223	5106.000
1482.367	5021.000
1482.511	5162.000
1482.655	5107.000
1482.799	5113.000
1482.943	5019.000
1483.087	5151.000
1483.231	5059.000
1483.375	5155.000
1483.519	4980.000
1483.663	5115.000
1483.807	5011.000
1483.951	5182.000
1484.095	5027.000
1484.238	5174.000
1484.382	4949.000
1484.526	5213.000
1484.670	4954.000
1484.814	5175.000
1484.957	4998.000
1485.101	5242.000
1485.245	5040.000
1485.389	5296.000
1485.532	4964.000
1485.676	5283.000
1485.820	5015.000
1485.963	5199.000
1486.107	5025.000
1486.250	5204.000
1486.394	5046.000
1486.538	5131.000
1486.681	5007.000
1486.825	5216.000
1486.968	4986.000
1487.112	5159.000
1487.255	5013.000
1487.399	5181.000
1487.542	5065.000
1487.686	5220.000
1487.829	5071.000
1487.973	5148.000
1488.116	4985.000
1488.260	5240.000
1488.403	4802.000
1488.546	5237.000
1488.690	5045.000
1488.833	5189.000
1488.976	5073.000
1489.120	5135.000
1489.263	4939.000
1489.406	5142.000
1489.550	5054.000
1489.693	5262.000
1489.836	5016.000
1489.979	5171.000
1490.123	5005.000
1490.266	5219.000
1490.409	5041.000
1490.552	5154.000
1490.695	4954.000
1490.838	5228.000
1490.981	5056.000
1491.125	5186.000
1491.268	5001.000
1491.411	5187.000
1491.554	5004.000
1491.697	5221.000
1491.840	5070.000
1491.983	5144.000
1492.126	4956.000
1492.269	5169.000
1492.412	5040.000
1492.555	5301.000
1492.698	5002.000
1492.841	5215.000
1492.984	5007.000
1493.126	5204.000
1493.269	5029.000
1493.412	5236.000
1493.555	5037.000
1493.698	5198.000
1493.841	5054.000
1493.984	5194.000
1494.126	5037.000
1494.269	5233.000
1494.412	5024.000
1494.555	5248.000
1494.697	5017.000
1494.840	5128.000
1494.983	5002.000
1495.125	5247.000
1495.268	4985.000
1495.411	5140.000
1495.553	4995.000
1495.696	5142.000
1495.839	4977.000
1495.981	5148.000
1496.124	5037.000
1496.266	5187.000
1496.409	4994.000
1496.551	5227.000
1496.694	5053.000
1496.836	5165.000
1496.979	4993.000
1497.121	5222.000
1497.264	5082.000
1497.406	5210.000
1497.549	4981.000
1497.691	5227.000
1497.834	5002.000
1497.976	5175.000
1498.118	4977.000
1498.261	5173.000
1498.403	5024.000
1498.545	5188.000
1498.688	4993.000
1498.830	5179.000
1498.972	4989.000
1499.114	5173.000
1499.257	5093.000
1499.399	5158.000
1499.541	4988.000
1499.683	5174.000
1499.826	4961.000
1499.968	5243.000
1500.110	5082.000
1500.252	5140.000
1500.394	5009.000
1500.536	5103.000
1500.678	5071.000
1500.820	5182.000
1500.962	5070.000
1501.104	5240.000
1501.247	5001.000
1501.389	5184.000
1501.531	5046.000
1501.673	5225.000
1501.815	5005.000
1501.956	5221.000
1502.098	5060.000
1502.240	5259.000
1502.382	5058.000
1502.524	5066.000
1502.666	4953.000
1502.808	5228.000
1502.950	4926.000
1503.092	5178.000
1503.233	5014.000
1503.375	5190.000
1503.517	4991.000
1503.659	5150.000
1503.801	5011.000
1503.942	5227.000
1504.084	4904.000
1504.226	5223.000
1504.367	5013.000
1504.509	5166.000
1504.651	5037.000
1504.792	5210.000
1504.934	4991.000
1505.076	5151.000
1505.217	4965.000
1505.359	5148.000
1505.501	4988.000
1505.642	5185.000
1505.784	4942.000
1505.925	5179.000
1506.067	5130.000
1506.208	5198.000
1506.350	5000.000
1506.491	5216.000
1506.633	4989.000
1506.774	5179.000
1506.915	4979.000
1507.057	5190.000
1507.198	4954.000
1507.340	5303.000
1507.481	4994.000
1507.622	5243.000
1507.764	5011.000
1507.905	5199.000
1508.046	5048.000
1508.188	5214.000
1508.329	4958.000
1508.470	5157.000
1508.611	4971.000
1508.753	5222.000
1508.894	5039.000
1509.035	5190.000
1509.176	4906.000
1509.317	5182.000
1509.459	4996.000
1509.600	5155.000
1509.741	4997.000
1509.882	5162.000
1510.023	4931.000
1510.164	5168.000
1510.305	4959.000
1510.446	5203.000
1510.587	5007.000
1510.728	5277.000
1510.869	5009.000
1511.010	5154.000
1511.151	4977.000
1511.292	5114.000
1511.433	4999.000
1511.574	5229.000
1511.715	4964.000
1511.856	5195.000
1511.997	4883.000
1512.138	5183.000
1512.279	5015.000
1512.419	5177.000
1512.560	4969.000
1512.701	5144.000
1512.842	5084.000
1512.983	5131.000
1513.123	5015.000
1513.264	5202.000
1513.405	4987.000
1513.546	5198.000
1513.686	4954.000
1513.827	5221.000
1513.968	5010.000
1514.108	5108.000
1514.249	4969.000
1514.390	5145.000
1514.530	4972.000
1514.671	5093.000
1514.811	4884.000
1514.952	5161.000
1515.093	5069.000
1515.233	5173.000
1515.374	5000.000
1515.514	5202.000
1515.655	4987.000
1515.795	5173.000
1515.936	4943.000
1516.076	5145.000
1516.216	4892.000
1516.357	5116.000
1516.497	5048.000
1516.638	5181.000
1516.778	4946.000
1516.918	5165.000
1517.059	4935.000
1517.199	5151.000
1517.339	4881.000
1517.480	5130.000
1517.620	4936.000
1517.760	5055.000
1517.900	4888.000
1518.041	5067.000
1518.181	5011.000
1518.321	5087.000
1518.461	4915.000
1518.601	5107.000
1518.742	4945.000
1518.882	5107.000
1519.022	4935.000
1519.162	5154.000
1519.302	4921.000
1519.442	5086.000
1519.582	4911.000
1519.722	5164.000
1519.862	4919.000
1520.002	5049.000
1520.142	4908.000
1520.282	5067.000
1520.422	4875.000
1520.562	5005.000
1520.702	4879.000
1520.842	5119.000
1520.982	4971.000
1521.122	5085.000
1521.262	4912.000
1521.402	5104.000
1521.542	4900.000
1521.682	5036.000
1521.821	4867.000
1521.961	5041.000
1522.101	4845.000
1522.241	5049.000
1522.380	4919.000
1522.520	5054.000
1522.660	4882.000
1522.800	5023.000
1522.939	4847.000
1523.079	5112.000
1523.219	4927.000
1523.358	5070.000
1523.498	4953.000
1523.638	5062.000
1523.777	4819.000
1523.917	5077.000
1524.057	4978.000
1524.196	5113.000
1524.336	4897.000
1524.475	5073.000
1524.615	4945.000
1524.754	5041.000
1524.894	4856.000
1525.033	5078.000
1525.173	4885.000
1525.312	5058.000
1525.452	4870.000
1525.591	5026.000
1525.730	4863.000
1525.870	5114.000
1526.009	4928.000
1526.148	5131.000
1526.288	4844.000
1526.427	5121.000
1526.566	4916.000
1526.706	5124.000
1526.845	4887.000
1526.984	5145.000
1527.124	4874.000
1527.263	5064.000
1527.402	4903.000
1527.541	5103.000
1527.680	4879.000
1527.820	5121.000
1527.959	4918.000
1528.098	5064.000
1528.237	4937.000
1528.376	5039.000
1528.515	4943.000
1528.654	5118.000
1528.793	4920.000
1528.933	5034.000
1529.072	4910.000
1529.211	5090.000
1529.350	4930.000
1529.489	5054.000
1529.628	4944.000
1529.767	5060.000
1529.905	4960.000
1530.044	5148.000
1530.183	4920.000
1530.322	5070.000
1530.461	4973.000
1530.600	5107.000
1530.739	4902.000
1530.878	5175.000
1531.017	4966.000
1531.155	5140.000
1531.294	4987.000
1531.433	5109.000
1531.572	4956.000
1531.710	5079.000
1531.849	4958.000
1531.988	5160.000
1532.127	4963.000
1532.265	5064.000
1532.404	5010.000
1532.543	5119.000
1532.681	4966.000
1532.820	5074.000
1532.959	4931.000
1533.097	5191.000
1533.236	4943.000
1533.374	5085.000
1533.513	4964.000
1533.651	5204.000
1533.790	5333.000
1533.929	5141.000
1534.067	4944.000
1534.205	5093.000
1534.344	4901.000
1534.482	5176.000
1534.621	4918.000
1534.759	5176.000
1534.898	4938.000
1535.036	5022.000
1535.174	5004.000
1535.313	5099.000
1535.451	4954.000
1535.589	5124.000
1535.728	4949.000
1535.866	5169.000
1536.004	4950.000
1536.143	5096.000
1536.281	4901.000
1536.419	5088.000
1536.557	4921.000
1536.696	5137.000
1536.834	4962.000
1536.972	5074.000
1537.110	4996.000
1537.248	5102.000
1537.386	4921.000
1537.525	5206.000
1537.663	4951.000
1537.801	5067.000
1537.939	4926.000
1538.077	5041.000
1538.215	4930.000
1538.353	5045.000
1538.491	4935.000
1538.629	4993.000
1538.767	4937.000
1538.905	5036.000
1539.043	4944.000
1539.181	5061.000
1539.319	4930.000
1539.457	5112.000
1539.595	4943.000
1539.732	5147.000
1539.870	4926.000
1540.008	5035.000
1540.146	4956.000
1540.284	5054.000
1540.422	4976.000
1540.559	5070.000
1540.697	4924.000
1540.835	5033.000
1540.973	4954.000
1541.110	5090.000
1541.248	4984.000
1541.386	5080.000
1541.523	4926.000
1541.661	5001.000
1541.799	4927.000
1541.936	5072.000
1542.074	4907.000
1542.212	5134.000
1542.349	4954.000
1542.487	5113.000
1542.624	4930.000
1542.762	5082.000
1542.899	4934.000
1543.037	5072.000
1543.174	4883.000
1543.312	5172.000
1543.449	4923.000
1543.587	5145.000
1543.724	4974.000
1543.862	5171.000
1543.999	4925.000
1544.137	5172.000
1544.274	4936.000
1544.411	5072.000
1544.549	4924.000
1544.686	5171.000
1544.823	4911.000
1544.961	5175.000
1545.098	4976.000
1545.235	5161.000
1545.372	4896.000
1545.510	5117.000
1545.647	4965.000
1545.784	5181.000
1545.921	4999.000
1546.058	5126.000
1546.196	5010.000
1546.333	5206.000
1546.470	5026.000
1546.607	5109.000
1546.744	4994.000
1546.881	5208.000
1547.018	4974.000
1547.155	5159.000
1547.292	4984.000
1547.429	5212.000
1547.567	4945.000
1547.704	5211.000
1547.841	4959.000
1547.977	5222.000
1548.114	5075.000
1548.251	5205.000
1548.388	4977.000
1548.525	5180.000
1548.662	5002.000
1548.799	5137.000
1548.936	5013.000
1549.073	5175.000
1549.210	5047.000
1549.346	5158.000
1549.483	5008.000
1549.620	5171.000
1549.757	5063.000
1549.893	5181.000
1550.030	4999.000
1550.167	5217.000
1550.304	4979.000
1550.440	5159.000
1550.577	4976.000
1550.714	5155.000
1550.850	4947.000
1550.987	5204.000
1551.124	5046.000
1551.260	5103.000
1551.397	5048.000
1551.533	5262.000
1551.670	4979.000
1551.807	5194.000
1551.943	5032.000
1552.080	5141.000
1552.216	4983.000
1552.353	5078.000
1552.489	4992.000
1552.626	5115.000
1552.762	5004.000
1552.898	5153.000
1553.035	5015.000
1553.171	5135.000
1553.308	4970.000
1553.444	5218.000
1553.580	5057.000
1553.717	5159.000
1553.853	5082.000
1553.989	5189.000
1554.126	5008.000
1554.262	5189.000
1554.398	4259.000
1554.534	5147.000
1554.671	5002.000
1554.807	5102.000
1554.943	4918.000
1555.079	5150.000
1555.215	4959.000
1555.352	5166.000
1555.488	5042.000
1555.624	5151.000
1555.760	4990.000
1555.896	5131.000
1556.032	4984.000
1556.168	5203.000
1556.304	5056.000
1556.440	5136.000
1556.576	4913.000
1556.712	5183.000
1556.848	4911.000
1556.984	5115.000
1557.120	4995.000
1557.256	5128.000
1557.392	4972.000
1557.528	5152.000
1557.664	4947.000
1557.800	5204.000
1557.936	4902.000
1558.071	5232.000
1558.207	5041.000
1558.343	5166.000
1558.479	5078.000
1558.615	5116.000
1558.751	4977.000
1558.886	5068.000
1559.022	4896.000
1559.158	5037.000
1559.293	4926.000
1559.429	5177.000
1559.565	4944.000
1559.701	5141.000
1559.836	4924.000
1559.972	5061.000
1560.107	4917.000
1560.243	5034.000
1560.379	4832.000
1560.514	5057.000
1560.650	4847.000
1560.785	5027.000
1560.921	4850.000
1561.056	5060.000
1561.192	4959.000
1561.327	5079.000
1561.463	4899.000
1561.598	5147.000
1561.734	4856.000
1561.869	5073.000
1562.005	4944.000
1562.140	5119.000
1562.275	4909.000
1562.411	5163.000
1562.546	7702.000
1562.682	5156.000
1562.817	4939.000
1562.952	5083.000
1563.087	4934.000
1563.223	5091.000
1563.358	4843.000
1563.493	5061.000
1563.628	5039.000
1563.764	5176.000
1563.899	5009.000
1564.034	5079.000
1564.169	4944.000
1564.304	5122.000
1564.440	5036.000
1564.575	5185.000
1564.710	4948.000
1564.845	5106.000
1564.980	4908.000
1565.115	5182.000
1565.250	4983.000
1565.385	5155.000
1565.520	5006.000
1565.655	5159.000
1565.790	5004.000
1565.925	5121.000
1566.060	4921.000
1566.195	5092.000
1566.330	4950.000
1566.465	5182.000
1566.600	4956.000
1566.735	5153.000
1566.870	4935.000
1567.004	5212.000
1567.139	4973.000
1567.274	5191.000
1567.409	4939.000
1567.544	5178.000
1567.678	4860.000
1567.813	5143.000
1567.948	4928.000
1568.083	5169.000
1568.217	4913.000
1568.352	5167.000
1568.487	4970.000
1568.622	5163.000
1568.756	4962.000
1568.891	5213.000
1569.025	4887.000
1569.160	5207.000
1569.295	5028.000
1569.429	5088.000
1569.564	4927.000
1569.698	5168.000
1569.833	4971.000
1569.967	5135.000
1570.102	4985.000
1570.236	5126.000
1570.371	5005.000
1570.505	5108.000
1570.640	5023.000
1570.774	5163.000
1570.909	5041.000
1571.043	5219.000
1571.177	4932.000
1571.312	5165.000
1571.446	4916.000
1571.581	5142.000
1571.715	5047.000
1571.849	5210.000
1571.983	4996.000
1572.118	5146.000
1572.252	5052.000
1572.386	5238.000
1572.521	4998.000
1572.655	5249.000
1572.789	5039.000
1572.923	5247.000
1573.057	5025.000
1573.191	5159.000
1573.326	5014.000
1573.460	5216.000
1573.594	5021.000
1573.728	5094.000
1573.862	5056.000
1573.996	5272.000
1574.130	5072.000
1574.264	5157.000
1574.398	5033.000
1574.532	5115.000
1574.666	5075.000
1574.800	5235.000
