1029.870	5390.000
1030.015	5440.000
1030.160	5338.000
1030.305	5539.000
1030.449	5329.000
1030.594	5554.000
1030.739	5307.000
1030.884	5488.000
1031.029	5344.000
1031.173	5503.000
1031.318	5305.000
1031.463	5536.000
1031.608	5353.000
1031.752	5430.000
1031.897	5345.000
1032.042	5563.000
1032.187	5254.000
1032.331	5536.000
1032.476	5280.000
1032.621	5531.000
1032.765	5270.000
1032.910	5423.000
1033.055	5451.000
1033.200	5495.000
1033.344	5381.000
1033.489	5447.000
1033.634	5363.000
1033.778	5469.000
1033.923	5339.000
1034.068	5444.000
1034.212	5366.000
1034.357	5511.000
1034.502	5365.000
1034.646	5471.000
1034.791	5267.000
1034.935	5448.000
1035.080	5384.000
1035.225	5447.000
1035.369	5367.000
1035.514	5500.000
1035.658	5315.000
1035.803	5515.000
1035.947	5299.000
1036.092	5506.000
1036.237	5287.000
1036.381	5484.000
1036.526	5378.000
1036.670	5427.000
1036.815	5322.000
1036.959	5448.000
1037.104	5288.000
1037.248	5437.000
1037.393	5334.000
1037.537	5493.000
1037.682	5259.000
1037.826	5457.000
1037.971	5268.000
1038.115	5464.000
1038.260	5244.000
1038.404	5384.000
1038.549	5329.000
1038.693	5415.000
1038.838	5271.000
1038.982	5392.000
1039.126	5218.000
1039.271	5473.000
1039.415	5295.000
1039.560	5361.000
1039.704	5245.000
1039.848	5378.000
1039.993	5259.000
1040.137	5370.000
1040.282	5272.000
1040.426	5401.000
1040.570	5215.000
1040.715	5371.000
1040.859	5209.000
1041.003	5336.000
1041.148	5252.000
1041.292	5452.000
1041.436	5226.000
1041.581	5385.000
1041.725	5239.000
1041.869	5352.000
1042.014	5175.000
1042.158	5339.000
1042.302	5174.000
1042.447	5317.000
1042.591	5196.000
1042.735	5341.000
1042.879	5187.000
1043.024	5365.000
1043.168	5204.000
1043.312	5343.000
1043.456	5226.000
1043.601	5314.000
1043.745	5168.000
1043.889	5315.000
1044.033	5210.000
1044.178	5334.000
1044.322	5150.000
1044.466	5245.000
1044.610	5136.000
1044.754	5221.000
1044.899	5124.000
1045.043	5353.000
1045.187	5137.000
1045.331	5302.000
1045.475	5123.000
1045.619	5268.000
1045.763	5170.000
1045.908	5293.000
1046.052	5036.000
1046.196	5312.000
1046.340	5115.000
1046.484	5249.000
1046.628	5164.000
1046.772	5332.000
1046.916	5211.000
1047.060	5295.000
1047.205	5149.000
1047.349	5269.000
1047.493	5169.000
1047.637	5359.000
1047.781	5106.000
1047.925	5322.000
1048.069	5057.000
1048.213	5224.000
1048.357	5226.000
1048.501	5296.000
1048.645	5137.000
1048.789	5318.000
1048.933	5167.000
1049.077	5263.000
1049.221	5134.000
1049.365	5287.000
1049.509	5185.000
1049.653	5327.000
1049.797	5123.000
1049.941	5304.000
1050.085	5150.000
1050.229	5329.000
1050.373	5129.000
1050.517	5232.000
1050.660	5158.000
1050.804	5329.000
1050.948	5175.000
1051.092	5270.000
1051.236	5118.000
1051.380	5325.000
1051.524	5162.000
1051.668	5274.000
1051.812	5122.000
1051.956	5250.000
1052.099	5115.000
1052.243	5323.000
1052.387	5147.000
1052.531	5317.000
1052.675	5123.000
1052.819	5290.000
1052.962	5145.000
1053.106	5254.000
1053.250	5118.000
1053.394	5302.000
1053.538	5085.000
1053.681	5243.000
1053.825	5151.000
1053.969	5265.000
1054.113	5120.000
1054.257	5317.000
1054.400	5047.000
1054.544	5319.000
1054.688	5129.000
1054.832	5223.000
1054.975	5138.000
1055.119	5285.000
1055.263	5088.000
1055.407	5254.000
1055.550	4980.000
1055.694	5204.000
1055.838	5079.000
1055.981	5285.000
1056.125	5129.000
1056.269	5297.000
1056.412	5003.000
1056.556	5157.000
1056.700	5086.000
1056.843	5210.000
1056.987	5103.000
1057.131	5291.000
1057.274	5051.000
1057.418	5197.000
1057.562	5058.000
1057.705	5236.000
1057.849	5078.000
1057.992	5270.000
1058.136	5043.000
1058.280	5200.000
1058.423	4980.000
1058.567	5301.000
1058.710	5180.000
1058.854	5181.000
1058.997	5095.000
1059.141	5198.000
1059.285	4987.000
1059.428	5193.000
1059.572	5072.000
1059.715	5274.000
1059.859	5001.000
1060.002	5244.000
1060.146	5055.000
1060.289	5205.000
1060.433	5043.000
1060.576	5278.000
1060.720	5076.000
1060.863	5209.000
1061.007	5002.000
1061.150	5191.000
1061.294	4972.000
1061.437	5172.000
1061.580	5060.000
1061.724	5231.000
1061.867	5033.000
1062.011	5233.000
1062.154	4948.000
1062.298	5228.000
1062.441	4971.000
1062.584	5191.000
1062.728	4994.000
1062.871	5290.000
1063.015	5086.000
1063.158	5192.000
1063.301	5022.000
1063.445	5253.000
1063.588	5026.000
1063.731	5202.000
1063.875	5069.000
1064.018	5225.000
1064.161	5003.000
1064.305	5154.000
1064.448	5011.000
1064.591	5182.000
1064.735	5031.000
1064.878	5178.000
1065.021	5001.000
1065.165	5233.000
1065.308	5041.000
1065.451	5215.000
1065.594	5137.000
1065.738	5300.000
1065.881	5074.000
1066.024	5156.000
1066.167	5015.000
1066.311	5194.000
1066.454	4993.000
1066.597	5229.000
1066.740	5151.000
1066.884	5262.000
1067.027	5023.000
1067.170	5285.000
1067.313	5131.000
1067.456	5188.000
1067.599	5012.000
1067.743	5276.000
1067.886	5026.000
1068.029	5219.000
1068.172	5019.000
1068.315	5275.000
1068.458	5022.000
1068.602	5219.000
1068.745	5064.000
1068.888	5233.000
1069.031	5056.000
1069.174	5233.000
1069.317	5095.000
1069.460	5214.000
1069.603	5065.000
1069.746	5315.000
1069.890	5096.000
1070.033	5195.000
1070.176	5101.000
1070.319	5244.000
1070.462	5007.000
1070.605	5252.000
1070.748	5143.000
1070.891	5257.000
1071.034	5066.000
1071.177	5200.000
1071.320	5032.000
1071.463	5203.000
1071.606	5057.000
1071.749	5198.000
1071.892	5095.000
1072.035	5254.000
1072.178	5057.000
1072.321	5194.000
1072.464	4922.000
1072.607	5260.000
1072.750	5041.000
1072.893	5216.000
1073.036	5022.000
1073.179	5265.000
1073.322	5037.000
1073.465	5191.000
1073.607	5141.000
1073.750	5139.000
1073.893	5005.000
1074.036	5248.000
1074.179	5063.000
1074.322	5173.000
1074.465	5001.000
1074.608	5268.000
1074.751	5127.000
1074.893	5214.000
1075.036	5014.000
1075.179	5211.000
1075.322	5062.000
1075.465	5209.000
1075.608	4981.000
1075.750	5240.000
1075.893	5026.000
1076.036	5150.000
1076.179	5074.000
1076.322	5172.000
1076.464	5015.000
1076.607	5297.000
1076.750	5008.000
1076.893	5090.000
1077.036	4999.000
1077.178	5230.000
1077.321	5063.000
1077.464	5175.000
1077.607	4952.000
1077.749	5250.000
1077.892	5000.000
1078.035	5193.000
1078.177	4985.000
1078.320	5193.000
1078.463	5024.000
1078.606	5186.000
1078.748	5119.000
1078.891	5255.000
1079.034	5029.000
1079.176	5246.000
1079.319	4975.000
1079.462	5127.000
1079.604	5055.000
1079.747	5178.000
1079.890	4937.000
1080.032	5261.000
1080.175	4951.000
1080.317	5129.000
1080.460	5022.000
1080.603	5210.000
1080.745	5013.000
1080.888	5193.000
1081.030	5029.000
1081.173	5107.000
1081.316	4989.000
1081.458	5154.000
1081.601	5114.000
1081.743	5110.000
1081.886	5025.000
1082.028	5121.000
1082.171	5027.000
1082.313	5141.000
1082.456	4959.000
1082.598	5101.000
1082.741	5011.000
1082.883	5168.000
1083.026	5018.000
1083.168	5167.000
1083.311	4949.000
1083.453	5202.000
1083.596	4915.000
1083.738	5172.000
1083.881	4985.000
1084.023	5230.000
1084.166	5009.000
1084.308	5276.000
1084.451	4929.000
1084.593	5272.000
1084.736	4993.000
1084.878	5153.000
1085.020	5010.000
1085.163	5175.000
1085.305	5008.000
1085.448	5105.000
1085.590	5011.000
1085.732	5196.000
1085.875	4986.000
1086.017	5156.000
1086.159	4987.000
1086.302	5167.000
1086.444	5071.000
1086.586	5222.000
1086.729	5035.000
1086.871	5181.000
1087.013	4942.000
1087.156	5198.000
1087.298	4770.000
1087.440	5239.000
1087.583	5067.000
1087.725	5166.000
1087.867	5073.000
1088.010	5113.000
1088.152	4937.000
1088.294	5095.000
1088.436	5039.000
1088.579	5244.000
1088.721	4974.000
1088.863	5162.000
1089.005	4958.000
1089.148	5217.000
1089.290	5019.000
1089.432	5144.000
1089.574	4924.000
1089.716	5190.000
1089.859	5043.000
1090.001	5166.000
1090.143	4980.000
1090.285	5181.000
1090.427	5003.000
1090.569	5199.000
1090.712	5026.000
1090.854	5108.000
1090.996	4940.000
1091.138	5180.000
1091.280	5006.000
1091.422	5299.000
1091.564	4972.000
1091.707	5210.000
1091.849	5003.000
1091.991	5168.000
1092.133	5036.000
1092.275	5222.000
1092.417	4993.000
1092.559	5224.000
1092.701	5025.000
1092.843	5184.000
1092.985	5027.000
1093.127	5222.000
1093.269	5027.000
1093.411	5202.000
1093.554	5016.000
1093.696	5115.000
1093.838	4978.000
1093.980	5238.000
1094.122	4963.000
1094.264	5134.000
1094.406	4970.000
1094.548	5110.000
1094.690	4970.000
1094.832	5145.000
1094.973	5034.000
1095.115	5169.000
1095.257	5019.000
1095.399	5230.000
1095.541	5068.000
1095.683	5162.000
1095.825	4993.000
1095.967	5209.000
1096.109	5056.000
1096.251	5177.000
1096.393	4988.000
1096.535	5246.000
1096.677	5007.000
1096.819	5170.000
1096.960	4953.000
1097.102	5171.000
1097.244	5003.000
1097.386	5185.000
1097.528	4947.000
1097.670	5191.000
1097.812	4971.000
1097.953	5151.000
1098.095	5074.000
1098.237	5154.000
1098.379	4961.000
1098.521	5147.000
1098.662	4922.000
1098.804	5224.000
1098.946	5090.000
1099.088	5126.000
1099.230	4990.000
1099.371	5121.000
1099.513	5060.000
1099.655	5163.000
1099.797	5061.000
1099.938	5221.000
1100.080	4991.000
1100.222	5188.000
1100.364	4995.000
1100.505	5192.000
1100.647	5024.000
1100.789	5212.000
1100.931	5036.000
1101.072	5248.000
1101.214	5029.000
1101.356	5051.000
1101.497	4950.000
1101.639	5210.000
1101.781	4939.000
1101.922	5165.000
1102.064	5007.000
1102.206	5153.000
1102.347	4993.000
1102.489	5129.000
1102.631	4992.000
1102.772	5225.000
1102.914	4868.000
1103.055	5207.000
1103.197	4995.000
1103.339	5167.000
1103.480	4982.000
1103.622	5198.000
1103.763	5000.000
1103.905	5155.000
1104.046	4943.000
1104.188	5166.000
1104.330	5028.000
1104.471	5153.000
1104.613	4925.000
1104.754	5146.000
1104.896	5124.000
1105.037	5186.000
1105.179	5005.000
1105.320	5205.000
1105.462	4957.000
1105.603	5157.000
1105.745	4978.000
1105.886	5159.000
1106.028	4929.000
1106.169	5266.000
1106.311	5005.000
1106.452	5234.000
1106.594	4970.000
1106.735	5191.000
1106.876	5003.000
1107.018	5181.000
1107.159	4940.000
1107.301	5138.000
1107.442	4963.000
1107.584	5173.000
1107.725	5050.000
1107.866	5170.000
1108.008	4897.000
1108.149	5165.000
1108.291	4974.000
1108.432	5131.000
1108.573	4986.000
1108.715	5182.000
1108.856	4926.000
1108.997	5179.000
1109.139	4922.000
1109.280	5189.000
1109.421	4995.000
1109.563	5250.000
1109.704	4994.000
1109.845	5148.000
1109.987	4942.000
1110.128	5095.000
1110.269	5019.000
1110.410	5212.000
1110.552	4945.000
1110.693	5179.000
1110.834	4878.000
1110.975	5157.000
1111.117	4978.000
1111.258	5173.000
1111.399	4962.000
1111.540	5135.000
1111.682	5045.000
1111.823	5079.000
1111.964	4983.000
1112.105	5172.000
1112.247	4969.000
1112.388	5169.000
1112.529	4929.000
1112.670	5201.000
1112.811	4992.000
1112.952	5097.000
1113.094	4960.000
1113.235	5156.000
1113.376	4974.000
1113.517	5059.000
1113.658	4874.000
1113.799	5132.000
1113.940	5013.000
1114.082	5179.000
1114.223	4972.000
1114.364	5187.000
1114.505	4938.000
1114.646	5146.000
1114.787	4935.000
1114.928	5118.000
1115.069	4858.000
1115.210	5089.000
1115.351	5018.000
1115.492	5186.000
1115.633	4944.000
1115.774	5161.000
1115.916	4928.000
1116.057	5152.000
1116.198	4848.000
1116.339	5131.000
1116.480	4905.000
1116.621	5061.000
1116.762	4866.000
1116.903	5070.000
1117.044	4983.000
1117.185	5062.000
1117.326	4922.000
1117.466	5090.000
1117.607	4947.000
1117.748	5102.000
1117.889	4917.000
1118.030	5128.000
1118.171	4888.000
1118.312	5056.000
1118.453	4902.000
1118.594	5138.000
1118.735	4892.000
1118.876	5055.000
1119.017	4898.000
1119.158	5060.000
1119.298	4877.000
1119.439	4998.000
1119.580	4862.000
1119.721	5094.000
1119.862	4952.000
1120.003	5042.000
1120.144	4915.000
1120.284	5086.000
1120.425	4884.000
1120.566	5037.000
1120.707	4857.000
1120.848	5049.000
1120.989	4824.000
1121.129	5027.000
1121.270	4893.000
1121.411	5062.000
1121.552	4890.000
1121.693	5032.000
1121.833	4853.000
1121.974	5082.000
1122.115	4890.000
1122.256	5057.000
1122.396	4914.000
1122.537	5083.000
1122.678	4812.000
1122.819	4988.000
1122.959	4976.000
1123.100	5115.000
1123.241	4883.000
1123.381	5018.000
1123.522	4908.000
1123.663	5022.000
1123.803	4854.000
1123.944	5075.000
1124.085	4886.000
1124.225	5081.000
1124.366	4836.000
1124.507	5027.000
1124.647	4836.000
1124.788	5112.000
1124.929	4884.000
1125.069	5128.000
1125.210	4816.000
1125.351	5086.000
1125.491	4857.000
1125.632	5080.000
1125.772	4856.000
1125.913	5104.000
1126.054	4884.000
1126.194	5038.000
1126.335	4893.000
1126.475	5035.000
1126.616	4868.000
1126.756	5125.000
1126.897	4883.000
1127.037	5057.000
1127.178	4918.000
1127.318	5048.000
1127.459	4906.000
1127.600	5128.000
1127.740	4923.000
1127.881	5041.000
1128.021	4874.000
1128.162	5081.000
1128.302	4944.000
1128.442	5032.000
1128.583	4924.000
1128.723	5058.000
1128.864	4927.000
1129.004	5108.000
1129.145	4904.000
1129.285	5061.000
1129.426	4955.000
1129.566	5092.000
1129.706	4903.000
1129.847	5144.000
1129.987	4964.000
1130.128	5121.000
1130.268	4971.000
1130.408	5145.000
1130.549	4943.000
1130.689	5065.000
1130.830	4927.000
1130.970	5126.000
1131.110	4957.000
1131.251	5053.000
1131.391	4999.000
1131.531	5111.000
1131.672	4938.000
1131.812	5074.000
1131.952	4900.000
1132.093	5147.000
1132.233	4914.000
1132.373	5098.000
1132.513	4969.000
1132.654	5185.000
1132.794	5362.000
1132.934	5095.000
1133.075	4945.000
1133.215	5108.000
1133.355	4886.000
1133.495	5162.000
1133.636	4908.000
1133.776	5136.000
1133.916	4902.000
1134.056	5023.000
1134.196	4998.000
1134.337	5102.000
1134.477	4922.000
1134.617	5081.000
1134.757	4924.000
1134.897	5171.000
1135.038	4955.000
1135.178	5037.000
1135.318	4875.000
1135.458	5014.000
1135.598	4907.000
1135.738	5123.000
1135.879	4943.000
1136.019	5041.000
1136.159	4981.000
1136.299	5067.000
1136.439	4896.000
1136.579	5189.000
1136.719	4918.000
1136.859	5067.000
1136.999	4940.000
1137.140	5008.000
1137.280	4919.000
1137.420	5056.000
1137.560	4919.000
1137.700	4980.000
1137.840	4932.000
1137.980	4992.000
1138.120	4931.000
1138.260	5054.000
1138.400	4918.000
1138.540	5068.000
1138.680	4899.000
1138.820	5112.000
1138.960	4932.000
1139.100	5025.000
1139.240	4946.000
1139.380	5054.000
1139.520	4947.000
1139.660	5022.000
1139.800	4946.000
1139.940	5011.000
1140.080	4931.000
1140.220	5081.000
1140.360	4976.000
1140.500	5073.000
1140.640	4917.000
1140.780	4984.000
1140.919	4909.000
1141.059	5042.000
1141.199	4875.000
1141.339	5102.000
1141.479	4906.000
1141.619	5130.000
1141.759	4899.000
1141.899	5055.000
1142.039	4927.000
1142.178	5078.000
1142.318	4850.000
1142.458	5111.000
1142.598	4923.000
1142.738	5111.000
1142.878	4954.000
1143.017	5157.000
1143.157	4902.000
1143.297	5112.000
1143.437	4927.000
1143.577	5068.000
1143.716	4900.000
1143.856	5145.000
1143.996	4891.000
1144.136	5149.000
1144.275	4954.000
1144.415	5133.000
1144.555	4902.000
1144.695	5111.000
1144.834	4952.000
1144.974	5153.000
1145.114	4984.000
1145.254	5119.000
1145.393	5008.000
1145.533	5166.000
1145.673	4980.000
1145.812	5094.000
1145.952	5007.000
1146.092	5187.000
1146.231	4958.000
1146.371	5143.000
1146.511	4954.000
1146.650	5177.000
1146.790	4940.000
1146.930	5194.000
1147.069	4965.000
1147.209	5257.000
1147.349	5040.000
1147.488	5160.000
1147.628	4936.000
1147.767	5135.000
1147.907	4976.000
1148.047	5097.000
1148.186	5004.000
1148.326	5166.000
1148.465	5018.000
1148.605	5156.000
1148.744	5020.000
1148.884	5177.000
1149.024	5026.000
1149.163	5159.000
1149.303	4988.000
1149.442	5226.000
1149.582	4990.000
1149.721	5154.000
1149.861	4962.000
1150.000	5135.000
1150.140	4905.000
1150.279	5192.000
1150.419	5051.000
1150.558	5077.000
1150.698	5049.000
1150.837	5217.000
1150.977	4980.000
1151.116	5182.000
1151.255	5016.000
1151.395	5146.000
1151.534	4943.000
1151.674	5124.000
1151.813	4962.000
1151.953	5100.000
1152.092	5004.000
1152.231	5143.000
1152.371	4997.000
1152.510	5121.000
1152.650	4968.000
1152.789	5197.000
1152.928	5076.000
1153.068	5161.000
1153.207	5069.000
1153.346	5179.000
1153.486	5028.000
1153.625	5167.000
1153.764	4309.000
1153.904	5147.000
1154.043	5005.000
1154.182	5081.000
1154.322	4898.000
1154.461	5127.000
1154.600	4943.000
1154.740	5159.000
1154.879	5043.000
1155.018	5145.000
1155.157	4992.000
1155.297	5105.000
1155.436	4987.000
1155.575	5177.000
1155.714	5014.000
1155.854	5151.000
1155.993	4909.000
1156.132	5139.000
1156.271	4915.000
1156.411	5087.000
1156.550	4968.000
1156.689	5070.000
1156.828	4964.000
1156.967	5142.000
1157.107	4935.000
1157.246	5162.000
1157.385	4887.000
1157.524	5213.000
1157.663	4962.000
1157.802	5071.000
1157.941	4971.000
1158.081	5066.000
1158.220	4920.000
1158.359	5027.000
1158.498	4846.000
1158.637	5054.000
1158.776	4930.000
1158.915	5127.000
1159.054	4932.000
1159.193	5137.000
1159.333	4883.000
1159.472	5032.000
1159.611	4874.000
1159.750	5032.000
1159.889	4804.000
1160.028	5047.000
1160.167	4807.000
1160.306	5015.000
1160.445	4830.000
1160.584	5027.000
1160.723	4956.000
1160.862	5072.000
1161.001	4870.000
1161.140	5129.000
1161.279	4852.000
1161.418	5044.000
1161.557	4902.000
1161.696	5111.000
1161.835	4904.000
1161.974	5155.000
1162.113	7708.000
1162.252	5113.000
1162.391	4934.000
1162.530	5043.000
1162.669	4950.000
1162.808	5072.000
1162.946	4838.000
1163.085	5056.000
1163.224	4987.000
1163.363	5178.000
1163.502	5010.000
1163.641	5063.000
1163.780	4936.000
1163.919	5097.000
1164.058	5002.000
1164.196	5180.000
1164.335	4928.000
1164.474	5122.000
1164.613	4917.000
1164.752	5131.000
1164.891	4995.000
1165.029	5154.000
1165.168	4968.000
1165.307	5152.000
1165.446	4969.000
1165.585	5105.000
1165.723	4921.000
1165.862	5056.000
1166.001	4918.000
1166.140	5148.000
1166.279	4954.000
1166.417	5102.000
1166.556	4930.000
1166.695	5172.000
1166.834	4960.000
1166.972	5176.000
1167.111	4935.000
1167.250	5142.000
1167.388	4855.000
1167.527	5148.000
1167.666	4871.000
1167.805	5123.000
1167.943	4879.000
1168.082	5159.000
1168.221	4963.000
1168.359	5137.000
1168.498	4979.000
1168.637	5175.000
1168.775	4890.000
1168.914	5161.000
1169.052	5027.000
1169.191	5048.000
1169.330	4918.000
1169.468	5173.000
1169.607	4964.000
1169.746	5108.000
1169.884	4961.000
1170.023	5083.000
1170.161	4985.000
1170.300	5106.000
1170.439	4999.000
1170.577	5163.000
1170.716	4993.000
1170.854	5191.000
1170.993	4933.000
1171.131	5152.000
1171.270	4909.000
1171.408	5126.000
1171.547	5044.000
1171.685	5201.000
1171.824	4992.000
1171.962	5129.000
1172.101	5039.000
1172.239	5194.000
1172.378	5014.000
1172.516	5227.000
1172.655	5027.000
1172.793	5245.000
1172.932	5028.000
1173.070	5136.000
1173.209	5005.000
1173.347	5193.000
1173.486	5017.000
1173.624	5051.000
1173.762	5027.000
1173.901	5247.000
1174.039	5072.000
1174.178	5144.000
1174.316	5025.000
1174.454	5085.000
1174.593	5068.000
1174.731	5224.000
