1529.702	3318.000
1529.853	3441.000
1530.004	3279.000
1530.155	3541.000
1530.306	3284.000
1530.456	3527.000
1530.607	3273.000
1530.758	3516.000
1530.909	3280.000
1531.059	3495.000
1531.210	3218.000
1531.360	3520.000
1531.511	3290.000
1531.662	3422.000
1531.812	3263.000
1531.963	3548.000
1532.113	3222.000
1532.264	3559.000
1532.415	3235.000
1532.565	3533.000
1532.716	3222.000
1532.866	3421.000
1533.016	3373.000
1533.167	3498.000
1533.317	3323.000
1533.468	3484.000
1533.618	3304.000
1533.768	3461.000
1533.919	3262.000
1534.069	3477.000
1534.219	3316.000
1534.370	3536.000
1534.520	3330.000
1534.670	3485.000
1534.821	3249.000
1534.971	3474.000
1535.121	3363.000
1535.271	3469.000
1535.421	3319.000
1535.571	3511.000
1535.722	3289.000
1535.872	3543.000
1536.022	3262.000
1536.172	3531.000
1536.322	3248.000
1536.472	3509.000
1536.622	3307.000
1536.772	3464.000
1536.922	3283.000
1537.072	3489.000
1537.222	3228.000
1537.372	3437.000
1537.522	3322.000
1537.672	3513.000
1537.822	3255.000
1537.972	3487.000
1538.122	3261.000
1538.271	3495.000
1538.421	3239.000
1538.571	3437.000
1538.721	3323.000
1538.871	3443.000
1539.020	3254.000
1539.170	3422.000
1539.320	3195.000
1539.470	3502.000
1539.619	3306.000
1539.769	3446.000
1539.919	3230.000
1540.068	3466.000
1540.218	3280.000
1540.367	3433.000
1540.517	3267.000
1540.667	3447.000
1540.816	3209.000
1540.966	3451.000
1541.115	3217.000
1541.265	3410.000
1541.414	3274.000
1541.564	3490.000
1541.713	3211.000
1541.863	3447.000
1542.012	3245.000
1542.161	3437.000
1542.311	3209.000
1542.460	3405.000
1542.609	3183.000
1542.759	3411.000
1542.908	3245.000
1543.057	3424.000
1543.207	3231.000
1543.356	3452.000
1543.505	3267.000
1543.654	3414.000
1543.804	3229.000
1543.953	3424.000
1544.102	3184.000
1544.251	3403.000
1544.400	3247.000
1544.549	3449.000
1544.698	3210.000
1544.848	3365.000
1544.997	3182.000
1545.146	3353.000
1545.295	3189.000
1545.444	3469.000
1545.593	3208.000
1545.742	3412.000
1545.891	3219.000
1546.040	3380.000
1546.189	3216.000
1546.337	3409.000
1546.486	3110.000
1546.635	3422.000
1546.784	3191.000
1546.933	3358.000
1547.082	3214.000
1547.231	3433.000
1547.379	3228.000
1547.528	3381.000
1547.677	3207.000
1547.826	3373.000
1547.974	3200.000
1548.123	3436.000
1548.272	3164.000
1548.420	3419.000
1548.569	3126.000
1548.718	3333.000
1548.866	3297.000
1549.015	3422.000
1549.163	3204.000
1549.312	3407.000
1549.461	3202.000
1549.609	3347.000
1549.758	3194.000
1549.906	3375.000
1550.055	3253.000
1550.203	3400.000
1550.352	3177.000
1550.500	3386.000
1550.648	3219.000
1550.797	3387.000
1550.945	3197.000
1551.093	3336.000
1551.242	3219.000
1551.390	3464.000
1551.538	3248.000
1551.687	3357.000
1551.835	3201.000
1551.983	3408.000
1552.131	3210.000
1552.280	3370.000
1552.428	3181.000
1552.576	3365.000
1552.724	3176.000
1552.872	3401.000
1553.021	3215.000
1553.169	3408.000
1553.317	3203.000
1553.465	3424.000
1553.613	3216.000
1553.761	3361.000
1553.909	3217.000
1554.057	3399.000
1554.205	3168.000
1554.353	3384.000
1554.501	3234.000
1554.649	3366.000
1554.797	3181.000
1554.945	3433.000
1555.093	3137.000
1555.240	3394.000
1555.388	3199.000
1555.536	3338.000
1555.684	3220.000
1555.832	3410.000
1555.980	3146.000
1556.127	3417.000
1556.275	3129.000
1556.423	3301.000
1556.571	3197.000
1556.718	3420.000
1556.866	3207.000
1557.014	3422.000
1557.161	3102.000
1557.309	3297.000
1557.456	3192.000
1557.604	3367.000
1557.752	3212.000
1557.899	3390.000
1558.047	3156.000
1558.194	3323.000
1558.342	3148.000
1558.489	3385.000
1558.637	3191.000
1558.784	3423.000
1558.932	3108.000
1559.079	3343.000
1559.227	3105.000
1559.374	3434.000
1559.521	3268.000
1559.669	3343.000
1559.816	3229.000
1559.963	3335.000
1560.111	3168.000
1560.258	3359.000
1560.405	3176.000
1560.552	3465.000
1560.700	3120.000
1560.847	3389.000
1560.994	3160.000
1561.141	3370.000
1561.288	3140.000
1561.436	3419.000
1561.583	3177.000
1561.730	3349.000
1561.877	3104.000
1562.024	3347.000
1562.171	3113.000
1562.318	3332.000
1562.465	3157.000
1562.612	3409.000
1562.759	3143.000
1562.906	3365.000
1563.053	3053.000
1563.200	3378.000
1563.347	3132.000
1563.494	3367.000
1563.641	3139.000
1563.788	3432.000
1563.934	3168.000
1564.081	3364.000
1564.228	3156.000
1564.375	3375.000
1564.522	3129.000
1564.668	3342.000
1564.815	3151.000
1564.962	3365.000
1565.109	3103.000
1565.255	3300.000
1565.402	3134.000
1565.549	3334.000
1565.695	3164.000
1565.842	3340.000
1565.988	3109.000
1566.135	3399.000
1566.282	3161.000
1566.428	3368.000
1566.575	3217.000
1566.721	3432.000
1566.868	3178.000
1567.014	3315.000
1567.161	3144.000
1567.307	3339.000
1567.454	3119.000
1567.600	3398.000
1567.746	3238.000
1567.893	3415.000
1568.039	3121.000
1568.186	3428.000
1568.332	3239.000
1568.478	3349.000
1568.625	3143.000
1568.771	3408.000
1568.917	3172.000
1569.063	3381.000
1569.210	3148.000
1569.356	3411.000
1569.502	3143.000
1569.648	3346.000
1569.794	3160.000
1569.940	3334.000
1570.087	3164.000
1570.233	3366.000
1570.379	3169.000
1570.525	3392.000
1570.671	3153.000
1570.817	3440.000
1570.963	3174.000
1571.109	3315.000
1571.255	3185.000
1571.401	3380.000
1571.547	3154.000
1571.693	3361.000
1571.839	3248.000
1571.985	3370.000
1572.130	3149.000
1572.276	3337.000
1572.422	3166.000
1572.568	3378.000
1572.714	3166.000
1572.860	3360.000
1573.005	3205.000
1573.151	3390.000
1573.297	3180.000
1573.443	3366.000
1573.588	3034.000
1573.734	3417.000
1573.880	3167.000
1574.025	3342.000
1574.171	3151.000
1574.317	3392.000
1574.462	3143.000
1574.608	3343.000
1574.753	3231.000
1574.899	3294.000
1575.045	3105.000
1575.190	3359.000
1575.336	3159.000
1575.481	3314.000
1575.626	3114.000
1575.772	3423.000
1575.917	3231.000
1576.063	3393.000
1576.208	3128.000
1576.354	3385.000
1576.499	3217.000
1576.644	3375.000
1576.790	3111.000
1576.935	3402.000
1577.080	3137.000
1577.225	3293.000
1577.371	3181.000
1577.516	3351.000
1577.661	3151.000
1577.806	3470.000
1577.952	3142.000
1578.097	3239.000
1578.242	3136.000
1578.387	3385.000
1578.532	3196.000
1578.677	3297.000
1578.822	3067.000
1578.967	3385.000
1579.113	3145.000
1579.258	3338.000
1579.403	3133.000
1579.548	3383.000
1579.693	3184.000
1579.838	3349.000
1579.982	3224.000
1580.127	3355.000
1580.272	3164.000
1580.417	3378.000
1580.562	3127.000
1580.707	3288.000
1580.852	3205.000
1580.997	3368.000
1581.141	3075.000
1581.286	3381.000
1581.431	3076.000
1581.576	3292.000
1581.720	3156.000
1581.865	3364.000
1582.010	3157.000
1582.155	3330.000
1582.299	3165.000
1582.444	3264.000
1582.589	3103.000
1582.733	3348.000
1582.878	3229.000
1583.022	3285.000
1583.167	3151.000
1583.311	3333.000
1583.456	3156.000
1583.601	3364.000
1583.745	3128.000
1583.890	3306.000
1584.034	3132.000
1584.178	3324.000
1584.323	3150.000
1584.467	3332.000
1584.612	3084.000
1584.756	3380.000
1584.900	3085.000
1585.045	3341.000
1585.189	3108.000
1585.333	3384.000
1585.478	3129.000
1585.622	3453.000
1585.766	3096.000
1585.910	3433.000
1586.055	3146.000
1586.199	3338.000
1586.343	3138.000
1586.487	3375.000
1586.631	3130.000
1586.775	3291.000
1586.920	3158.000
1587.064	3342.000
1587.208	3095.000
1587.352	3321.000
1587.496	3155.000
1587.640	3333.000
1587.784	3225.000
1587.928	3406.000
1588.072	3216.000
1588.216	3331.000
1588.360	3084.000
1588.504	3398.000
1588.648	3023.000
1588.792	3371.000
1588.935	3182.000
1589.079	3325.000
1589.223	3222.000
1589.367	3283.000
1589.511	3056.000
1589.655	3306.000
1589.798	3185.000
1589.942	3399.000
1590.086	3163.000
1590.230	3349.000
1590.373	3099.000
1590.517	3374.000
1590.661	3173.000
1590.804	3318.000
1590.948	3087.000
1591.091	3381.000
1591.235	3209.000
1591.379	3323.000
1591.522	3120.000
1591.666	3363.000
1591.809	3129.000
1591.953	3373.000
1592.096	3168.000
1592.240	3277.000
1592.383	3058.000
1592.527	3338.000
1592.670	3145.000
1592.814	3441.000
1592.957	3117.000
1593.100	3398.000
1593.244	3156.000
1593.387	3318.000
1593.530	3171.000
1593.674	3356.000
1593.817	3142.000
1593.960	3363.000
1594.103	3174.000
1594.247	3341.000
1594.390	3165.000
1594.533	3392.000
1594.676	3180.000
1594.819	3404.000
1594.963	3154.000
1595.106	3321.000
1595.249	3134.000
1595.392	3381.000
1595.535	3119.000
1595.678	3320.000
1595.821	3131.000
1595.964	3304.000
1596.107	3114.000
1596.250	3304.000
1596.393	3197.000
1596.536	3332.000
1596.679	3137.000
1596.822	3387.000
1596.965	3198.000
1597.108	3313.000
1597.251	3125.000
1597.393	3368.000
1597.536	3208.000
1597.679	3341.000
1597.822	3117.000
1597.965	3393.000
1598.107	3131.000
1598.250	3318.000
1598.393	3116.000
1598.536	3340.000
1598.678	3165.000
1598.821	3367.000
1598.964	3116.000
1599.106	3345.000
1599.249	3125.000
1599.392	3292.000
1599.534	3224.000
1599.677	3287.000
1599.819	3104.000
1599.962	3346.000
1600.104	3079.000
1600.247	3379.000
1600.389	3222.000
1600.532	3297.000
1600.674	3146.000
1600.817	3307.000
1600.959	3180.000
1601.102	3365.000
1601.244	3185.000
1601.386	3391.000
1601.529	3150.000
1601.671	3355.000
1601.813	3154.000
1601.956	3358.000
1602.098	3122.000
1602.240	3371.000
1602.382	3194.000
1602.525	3390.000
1602.667	3157.000
1602.809	3235.000
1602.951	3099.000
1603.093	3375.000
1603.236	3069.000
1603.378	3321.000
1603.520	3138.000
1603.662	3308.000
1603.804	3107.000
1603.946	3339.000
1604.088	3151.000
1604.230	3395.000
1604.372	3012.000
1604.514	3384.000
1604.656	3135.000
1604.798	3330.000
1604.940	3172.000
1605.082	3378.000
1605.224	3138.000
1605.366	3315.000
1605.507	3123.000
1605.649	3296.000
1605.791	3132.000
1605.933	3331.000
1606.075	3081.000
1606.217	3334.000
1606.358	3275.000
1606.500	3348.000
1606.642	3145.000
1606.783	3376.000
1606.925	3097.000
1607.067	3299.000
1607.209	3097.000
1607.350	3362.000
1607.492	3078.000
1607.633	3448.000
1607.775	3155.000
1607.917	3398.000
1608.058	3144.000
1608.200	3364.000
1608.341	3152.000
1608.483	3369.000
1608.624	3091.000
1608.766	3311.000
1608.907	3116.000
1609.049	3371.000
1609.190	3195.000
1609.331	3341.000
1609.473	3046.000
1609.614	3345.000
1609.755	3135.000
1609.897	3279.000
1610.038	3120.000
1610.179	3336.000
1610.321	3068.000
1610.462	3323.000
1610.603	3063.000
1610.744	3373.000
1610.886	3132.000
1611.027	3405.000
1611.168	3149.000
1611.309	3336.000
1611.450	3092.000
1611.591	3283.000
1611.732	3154.000
1611.874	3431.000
1612.015	3117.000
1612.156	3368.000
1612.297	3036.000
1612.438	3329.000
1612.579	3136.000
1612.720	3344.000
1612.861	3119.000
1613.002	3306.000
1613.143	3234.000
1613.283	3285.000
1613.424	3132.000
1613.565	3346.000
1613.706	3107.000
1613.847	3344.000
1613.988	3063.000
1614.129	3400.000
1614.269	3160.000
1614.410	3241.000
1614.551	3096.000
1614.692	3332.000
1614.832	3114.000
1614.973	3281.000
1615.114	3030.000
1615.254	3314.000
1615.395	3188.000
1615.536	3354.000
1615.676	3159.000
1615.817	3414.000
1615.958	3116.000
1616.098	3315.000
1616.239	3128.000
1616.379	3328.000
1616.520	3033.000
1616.660	3288.000
1616.801	3172.000
1616.941	3333.000
1617.082	3098.000
1617.222	3357.000
1617.362	3081.000
1617.503	3333.000
1617.643	3041.000
1617.784	3315.000
1617.924	3076.000
1618.064	3246.000
1618.205	3055.000
1618.345	3294.000
1618.485	3175.000
1618.625	3284.000
1618.766	3090.000
1618.906	3317.000
1619.046	3125.000
1619.186	3305.000
1619.326	3106.000
1619.467	3319.000
1619.607	3097.000
1619.747	3282.000
1619.887	3084.000
1620.027	3331.000
1620.167	3113.000
1620.307	3257.000
1620.447	3099.000
1620.587	3284.000
1620.727	3056.000
1620.867	3230.000
1621.007	3050.000
1621.147	3322.000
1621.287	3152.000
1621.427	3283.000
1621.567	3100.000
1621.707	3296.000
1621.847	3095.000
1621.986	3262.000
1622.126	3071.000
1622.266	3281.000
1622.406	3029.000
1622.546	3269.000
1622.685	3081.000
1622.825	3282.000
1622.965	3075.000
1623.105	3269.000
1623.244	3042.000
1623.384	3317.000
1623.524	3070.000
1623.663	3263.000
1623.803	3111.000
1623.942	3259.000
1624.082	2990.000
1624.222	3265.000
1624.361	3128.000
1624.501	3344.000
1624.640	3091.000
1624.780	3246.000
1624.919	3119.000
1625.059	3208.000
1625.198	3062.000
1625.337	3282.000
1625.477	3110.000
1625.616	3249.000
1625.756	3038.000
1625.895	3274.000
1626.034	3020.000
1626.174	3300.000
1626.313	3097.000
1626.452	3334.000
1626.591	3023.000
1626.731	3304.000
1626.870	3051.000
1627.009	3299.000
1627.148	3057.000
1627.288	3328.000
1627.427	3062.000
1627.566	3285.000
1627.705	3074.000
1627.844	3242.000
1627.983	3043.000
1628.122	3314.000
1628.261	3048.000
1628.400	3246.000
1628.539	3105.000
1628.678	3257.000
1628.817	3074.000
1628.956	3322.000
1629.095	3097.000
1629.234	3217.000
1629.373	3053.000
1629.512	3269.000
1629.651	3124.000
1629.790	3236.000
1629.929	3085.000
1630.068	3254.000
1630.206	3125.000
1630.345	3324.000
1630.484	3068.000
1630.623	3238.000
1630.762	3144.000
1630.900	3293.000
1631.039	3076.000
1631.178	3347.000
1631.316	3125.000
1631.455	3297.000
1631.594	3166.000
1631.732	3303.000
1631.871	3127.000
1632.010	3268.000
1632.148	3074.000
1632.287	3332.000
1632.425	3112.000
1632.564	3246.000
1632.702	3176.000
1632.841	3322.000
1632.979	3093.000
1633.118	3258.000
1633.256	3070.000
1633.395	3340.000
1633.533	3092.000
1633.671	3290.000
1633.810	3116.000
1633.948	3360.000
1634.086	3324.000
1634.225	3314.000
1634.363	3104.000
1634.501	3298.000
1634.640	3068.000
1634.778	3364.000
1634.916	3096.000
1635.054	3334.000
1635.192	3084.000
1635.331	3264.000
1635.469	3147.000
1635.607	3289.000
1635.745	3086.000
1635.883	3264.000
1636.021	3136.000
1636.159	3346.000
1636.297	3093.000
1636.435	3282.000
1636.573	3083.000
1636.711	3220.000
1636.849	3059.000
1636.987	3282.000
1637.125	3116.000
1637.263	3260.000
1637.401	3182.000
1637.539	3250.000
1637.677	3080.000
1637.815	3373.000
1637.953	3092.000
1638.091	3285.000
1638.228	3099.000
1638.366	3232.000
1638.504	3138.000
1638.642	3252.000
1638.779	3130.000
1638.917	3209.000
1639.055	3117.000
1639.193	3216.000
1639.330	3148.000
1639.468	3274.000
1639.606	3095.000
1639.743	3319.000
1639.881	3128.000
1640.018	3313.000
1640.156	3100.000
1640.294	3266.000
1640.431	3123.000
1640.569	3259.000
1640.706	3118.000
1640.844	3235.000
1640.981	3114.000
1641.119	3214.000
1641.256	3129.000
1641.393	3302.000
1641.531	3168.000
1641.668	3277.000
1641.806	3085.000
1641.943	3206.000
1642.080	3107.000
1642.218	3251.000
1642.355	3121.000
1642.492	3330.000
1642.629	3118.000
1642.767	3292.000
1642.904	3090.000
1643.041	3224.000
1643.178	3106.000
1643.315	3251.000
1643.453	3047.000
1643.590	3315.000
1643.727	3082.000
1643.864	3318.000
1644.001	3151.000
1644.138	3312.000
1644.275	3075.000
1644.412	3325.000
1644.549	3082.000
1644.686	3259.000
1644.823	3098.000
1644.960	3332.000
1645.097	3067.000
1645.234	3334.000
1645.371	3112.000
1645.508	3308.000
1645.645	3055.000
1645.782	3273.000
1645.918	3111.000
1646.055	3315.000
1646.192	3127.000
1646.329	3318.000
1646.466	3153.000
1646.602	3352.000
1646.739	3157.000
1646.876	3271.000
1647.013	3115.000
1647.149	3367.000
1647.286	3076.000
1647.423	3333.000
1647.559	3099.000
1647.696	3348.000
1647.833	3100.000
1647.969	3352.000
1648.106	3082.000
1648.242	3382.000
1648.379	3180.000
1648.515	3354.000
1648.652	3083.000
1648.788	3293.000
1648.925	3097.000
1649.061	3268.000
1649.198	3141.000
1649.334	3327.000
1649.470	3130.000
1649.607	3321.000
1649.743	3146.000
1649.879	3311.000
1650.016	3169.000
1650.152	3320.000
1650.288	3104.000
1650.425	3356.000
1650.561	3114.000
1650.697	3323.000
1650.833	3077.000
1650.970	3322.000
1651.106	3058.000
1651.242	3338.000
1651.378	3159.000
1651.514	3242.000
1651.650	3169.000
1651.787	3427.000
1651.923	3079.000
1652.059	3345.000
1652.195	3161.000
1652.331	3315.000
1652.467	3125.000
1652.603	3245.000
1652.739	3118.000
1652.875	3281.000
1653.011	3143.000
1653.147	3346.000
1653.282	3127.000
1653.418	3297.000
1653.554	3098.000
1653.690	3376.000
1653.826	3161.000
1653.962	3314.000
1654.098	3217.000
1654.233	3337.000
1654.369	3147.000
1654.505	3329.000
1654.641	2759.000
1654.776	3279.000
1654.912	3139.000
1655.048	3275.000
1655.183	3054.000
1655.319	3307.000
1655.455	3082.000
1655.590	3308.000
1655.726	3179.000
1655.862	3330.000
1655.997	3162.000
1656.133	3280.000
1656.268	3118.000
1656.404	3348.000
1656.539	3184.000
1656.675	3303.000
1656.810	3050.000
1656.946	3327.000
1657.081	3094.000
1657.216	3256.000
1657.352	3112.000
1657.487	3275.000
1657.623	3117.000
1657.758	3318.000
1657.893	3091.000
1658.029	3338.000
1658.164	3075.000
1658.299	3403.000
1658.434	3127.000
1658.570	3271.000
1658.705	3146.000
1658.840	3264.000
1658.975	3110.000
1659.110	3229.000
1659.245	3042.000
1659.381	3229.000
1659.516	3056.000
1659.651	3328.000
1659.786	3101.000
1659.921	3301.000
1660.056	3058.000
1660.191	3217.000
1660.326	3067.000
1660.461	3214.000
1660.596	2997.000
1660.731	3232.000
1660.866	2992.000
1661.001	3221.000
1661.136	3027.000
1661.271	3208.000
1661.406	3137.000
1661.540	3266.000
1661.675	3066.000
1661.810	3319.000
1661.945	3001.000
1662.080	3247.000
1662.214	3097.000
1662.349	3303.000
1662.484	3081.000
1662.619	3372.000
1662.753	4665.000
1662.888	3337.000
1663.023	3118.000
1663.157	3266.000
1663.292	3118.000
1663.427	3270.000
1663.561	3011.000
1663.696	3221.000
1663.830	3199.000
1663.965	3366.000
1664.099	3130.000
1664.234	3226.000
1664.368	3061.000
1664.503	3264.000
1664.637	3172.000
1664.772	3357.000
1664.906	3095.000
1665.041	3268.000
1665.175	3066.000
1665.309	3316.000
1665.444	3133.000
1665.578	3320.000
1665.712	3115.000
1665.847	3327.000
1665.981	3139.000
1666.115	3302.000
1666.249	3055.000
1666.384	3238.000
1666.518	3063.000
1666.652	3332.000
1666.786	3106.000
1666.920	3287.000
1667.055	3058.000
1667.189	3321.000
1667.323	3119.000
1667.457	3347.000
1667.591	3075.000
1667.725	3304.000
1667.859	3015.000
1667.993	3312.000
1668.127	3045.000
1668.261	3310.000
1668.395	3064.000
1668.529	3322.000
1668.663	3119.000
1668.797	3300.000
1668.931	3083.000
1669.065	3368.000
1669.199	3020.000
1669.332	3319.000
1669.466	3146.000
1669.600	3255.000
1669.734	3098.000
1669.868	3342.000
1670.001	3097.000
1670.135	3290.000
1670.269	3090.000
1670.403	3275.000
1670.536	3108.000
1670.670	3291.000
1670.804	3111.000
1670.937	3285.000
1671.071	3138.000
1671.205	3364.000
1671.338	3039.000
1671.472	3306.000
1671.605	3074.000
1671.739	3284.000
1671.872	3169.000
1672.006	3350.000
1672.139	3122.000
1672.273	3309.000
1672.406	3154.000
1672.540	3335.000
1672.673	3130.000
1672.807	3371.000
1672.940	3150.000
1673.073	3377.000
1673.207	3121.000
1673.340	3285.000
1673.473	3120.000
1673.607	3321.000
1673.740	3152.000
1673.873	3217.000
1674.006	3174.000
1674.140	3343.000
1674.273	3189.000
1674.406	3313.000
1674.539	3112.000
1674.672	3233.000
1674.805	3181.000
1674.939	3369.000
