1329.918	14100.000
1330.066	13894.000
1330.214	14089.000
1330.363	13937.000
1330.511	14033.000
1330.659	13949.000
1330.807	14042.000
1330.955	13903.000
1331.103	14027.000
1331.251	13853.000
1331.399	13959.000
1331.547	13907.000
1331.695	14032.000
1331.843	13827.000
1331.991	14034.000
1332.139	13938.000
1332.287	13905.000
1332.435	13860.000
1332.583	14024.000
1332.730	13860.000
1332.878	13962.000
1333.026	13791.000
1333.174	14128.000
1333.322	13850.000
1333.470	13983.000
1333.618	13809.000
1333.765	14016.000
1333.913	13774.000
1334.061	13957.000
1334.209	13787.000
1334.356	13990.000
1334.504	13840.000
1334.652	13977.000
1334.800	13800.000
1334.947	13884.000
1335.095	13753.000
1335.243	14031.000
1335.390	13664.000
1335.538	13957.000
1335.686	13756.000
1335.833	13950.000
1335.981	13779.000
1336.128	13887.000
1336.276	13812.000
1336.424	13892.000
1336.571	13764.000
1336.719	13961.000
1336.866	13670.000
1337.014	13883.000
1337.161	13727.000
1337.309	13935.000
1337.456	13651.000
1337.604	13952.000
1337.751	13765.000
1337.899	13882.000
1338.046	13702.000
1338.194	13820.000
1338.341	13709.000
1338.488	13799.000
1338.636	13607.000
1338.783	13825.000
1338.930	13607.000
1339.078	13727.000
1339.225	13598.000
1339.372	13721.000
1339.520	13633.000
1339.667	13761.000
1339.814	13501.000
1339.962	13714.000
1340.109	13586.000
1340.256	13726.000
1340.403	13484.000
1340.550	13727.000
1340.698	13538.000
1340.845	13615.000
1340.992	13456.000
1341.139	13598.000
1341.286	13447.000
1341.433	13600.000
1341.581	13547.000
1341.728	13544.000
1341.875	13520.000
1342.022	13632.000
1342.169	13395.000
1342.316	13486.000
1342.463	13387.000
1342.610	13489.000
1342.757	13344.000
1342.904	13533.000
1343.051	13343.000
1343.198	13482.000
1343.345	13354.000
1343.492	13464.000
1343.639	13326.000
1343.786	13546.000
1343.933	13305.000
1344.080	13448.000
1344.226	13334.000
1344.373	13510.000
1344.520	13354.000
1344.667	13453.000
1344.814	13264.000
1344.961	13374.000
1345.108	13176.000
1345.254	13394.000
1345.401	13354.000
1345.548	13372.000
1345.695	13263.000
1345.841	13364.000
1345.988	13257.000
1346.135	13379.000
1346.282	13271.000
1346.428	13277.000
1346.575	13334.000
1346.722	13318.000
1346.868	13175.000
1347.015	13409.000
1347.162	13237.000
1347.308	13384.000
1347.455	13211.000
1347.601	13335.000
1347.748	13271.000
1347.894	13323.000
1348.041	13303.000
1348.188	13315.000
1348.334	13255.000
1348.481	13213.000
1348.627	13171.000
1348.774	13424.000
1348.920	13273.000
1349.067	13323.000
1349.213	13246.000
1349.359	13366.000
1349.506	13215.000
1349.652	13319.000
1349.799	13224.000
1349.945	13373.000
1350.091	13336.000
1350.238	13364.000
1350.384	13227.000
1350.530	13318.000
1350.677	13287.000
1350.823	13330.000
1350.969	13126.000
1351.116	13327.000
1351.262	13276.000
1351.408	13399.000
1351.554	13232.000
1351.701	13269.000
1351.847	13284.000
1351.993	13308.000
1352.139	13119.000
1352.285	13210.000
1352.432	13210.000
1352.578	13229.000
1352.724	13276.000
1352.870	13352.000
1353.016	13224.000
1353.162	13267.000
1353.308	13148.000
1353.454	13237.000
1353.600	13103.000
1353.747	13179.000
1353.893	13168.000
1354.039	13151.000
1354.185	13086.000
1354.331	13244.000
1354.477	13114.000
1354.623	13211.000
1354.768	13194.000
1354.914	13121.000
1355.060	13130.000
1355.206	13118.000
1355.352	13091.000
1355.498	13279.000
1355.644	13144.000
1355.790	13166.000
1355.936	13117.000
1356.082	13031.000
1356.227	13039.000
1356.373	13140.000
1356.519	13134.000
1356.665	13128.000
1356.811	13076.000
1356.956	13011.000
1357.102	12997.000
1357.248	13085.000
1357.394	12999.000
1357.539	13145.000
1357.685	13097.000
1357.831	13024.000
1357.976	13002.000
1358.122	12990.000
1358.268	13004.000
1358.413	13025.000
1358.559	13052.000
1358.704	12960.000
1358.850	12968.000
1358.996	12931.000
1359.141	13004.000
1359.287	13123.000
1359.432	12921.000
1359.578	13066.000
1359.723	12935.000
1359.869	12971.000
1360.014	12931.000
1360.160	12982.000
1360.305	12960.000
1360.451	12906.000
1360.596	12950.000
1360.742	12944.000
1360.887	12936.000
1361.032	12860.000
1361.178	12985.000
1361.323	12936.000
1361.469	12888.000
1361.614	12870.000
1361.759	12864.000
1361.905	12830.000
1362.050	12868.000
1362.195	12962.000
1362.341	12998.000
1362.486	12946.000
1362.631	12943.000
1362.776	12825.000
1362.922	12967.000
1363.067	12879.000
1363.212	12966.000
1363.357	12882.000
1363.502	12992.000
1363.648	12984.000
1363.793	12920.000
1363.938	12930.000
1364.083	12955.000
1364.228	12858.000
1364.373	12894.000
1364.518	12848.000
1364.663	12953.000
1364.808	12924.000
1364.954	12849.000
1365.099	12882.000
1365.244	12854.000
1365.389	12893.000
1365.534	12924.000
1365.679	12900.000
1365.824	13002.000
1365.969	12876.000
1366.113	12989.000
1366.258	13062.000
1366.403	13012.000
1366.548	13010.000
1366.693	12864.000
1366.838	12871.000
1366.983	12890.000
1367.128	12865.000
1367.273	12908.000
1367.417	13088.000
1367.562	12971.000
1367.707	12882.000
1367.852	12964.000
1367.997	13029.000
1368.141	12901.000
1368.286	12914.000
1368.431	12943.000
1368.576	12941.000
1368.720	12931.000
1368.865	12942.000
1369.010	13004.000
1369.154	12942.000
1369.299	12929.000
1369.444	12973.000
1369.588	12940.000
1369.733	12921.000
1369.878	12967.000
1370.022	13025.000
1370.167	12881.000
1370.311	12928.000
1370.456	13073.000
1370.601	12967.000
1370.745	12855.000
1370.890	12984.000
1371.034	12984.000
1371.179	12894.000
1371.323	12997.000
1371.468	13068.000
1371.612	13049.000
1371.757	12962.000
1371.901	12972.000
1372.045	12976.000
1372.190	12912.000
1372.334	12944.000
1372.479	12920.000
1372.623	12966.000
1372.767	13028.000
1372.912	12958.000
1373.056	12935.000
1373.200	12787.000
1373.345	13047.000
1373.489	12895.000
1373.633	12889.000
1373.777	12916.000
1373.922	12982.000
1374.066	12909.000
1374.210	12873.000
1374.354	13010.000
1374.499	12855.000
1374.643	12893.000
1374.787	12924.000
1374.931	12919.000
1375.075	12855.000
1375.219	12835.000
1375.364	13000.000
1375.508	13042.000
1375.652	12923.000
1375.796	12854.000
1375.940	12885.000
1376.084	12931.000
1376.228	12961.000
1376.372	12795.000
1376.516	12947.000
1376.660	12865.000
1376.804	12747.000
1376.948	12903.000
1377.092	12863.000
1377.236	12813.000
1377.380	12981.000
1377.524	12793.000
1377.668	12735.000
1377.812	12815.000
1377.956	12975.000
1378.099	12844.000
1378.243	12772.000
1378.387	12728.000
1378.531	12909.000
1378.675	12723.000
1378.819	12825.000
1378.962	12783.000
1379.106	12825.000
1379.250	12811.000
1379.394	12811.000
1379.538	12878.000
1379.681	12903.000
1379.825	12784.000
1379.969	12865.000
1380.112	12731.000
1380.256	12760.000
1380.400	12861.000
1380.543	12805.000
1380.687	12701.000
1380.831	12886.000
1380.974	12658.000
1381.118	12674.000
1381.262	12754.000
1381.405	12797.000
1381.549	12779.000
1381.692	12841.000
1381.836	12835.000
1381.979	12723.000
1382.123	12684.000
1382.266	12722.000
1382.410	12834.000
1382.553	12690.000
1382.697	12710.000
1382.840	12659.000
1382.984	12727.000
1383.127	12733.000
1383.271	12694.000
1383.414	12664.000
1383.557	12730.000
1383.701	12708.000
1383.844	12773.000
1383.987	12729.000
1384.131	12684.000
1384.274	12789.000
1384.417	12696.000
1384.561	12745.000
1384.704	12724.000
1384.847	12819.000
1384.990	12713.000
1385.134	12897.000
1385.277	12616.000
1385.420	12861.000
1385.563	12709.000
1385.707	12770.000
1385.850	12717.000
1385.993	12827.000
1386.136	12777.000
1386.279	12668.000
1386.422	12699.000
1386.565	12805.000
1386.709	12724.000
1386.852	12704.000
1386.995	12718.000
1387.138	12743.000
1387.281	12782.000
1387.424	12759.000
1387.567	12777.000
1387.710	12782.000
1387.853	12681.000
1387.996	12799.000
1388.139	12192.000
1388.282	12860.000
1388.425	12760.000
1388.568	12700.000
1388.711	12779.000
1388.854	12673.000
1388.997	12669.000
1389.139	12705.000
1389.282	12801.000
1389.425	12850.000
1389.568	12692.000
1389.711	12722.000
1389.854	12720.000
1389.996	12780.000
1390.139	12733.000
1390.282	12688.000
1390.425	12641.000
1390.568	12785.000
1390.710	12767.000
1390.853	12774.000
1390.996	12675.000
1391.138	12817.000
1391.281	12708.000
1391.424	12804.000
1391.566	12783.000
1391.709	12766.000
1391.852	12637.000
1391.994	12718.000
1392.137	12740.000
1392.280	12934.000
1392.422	12712.000
1392.565	12773.000
1392.707	12751.000
1392.850	12796.000
1392.992	12721.000
1393.135	12817.000
1393.277	12719.000
1393.420	12791.000
1393.562	12749.000
1393.705	12753.000
1393.847	12765.000
1393.990	12837.000
1394.132	12799.000
1394.275	12813.000
1394.417	12724.000
1394.560	12714.000
1394.702	12744.000
1394.844	12813.000
1394.987	12665.000
1395.129	12739.000
1395.271	12721.000
1395.414	12702.000
1395.556	12728.000
1395.698	12777.000
1395.840	12744.000
1395.983	12775.000
1396.125	12680.000
1396.267	12828.000
1396.409	12777.000
1396.552	12718.000
1396.694	12691.000
1396.836	12728.000
1396.978	12787.000
1397.120	12782.000
1397.263	12644.000
1397.405	12759.000
1397.547	12726.000
1397.689	12711.000
1397.831	12657.000
1397.973	12742.000
1398.115	12717.000
1398.257	12690.000
1398.399	12674.000
1398.541	12817.000
1398.683	12702.000
1398.825	12777.000
1398.967	12786.000
1399.109	12716.000
1399.251	12743.000
1399.393	12710.000
1399.535	12675.000
1399.677	12828.000
1399.819	12824.000
1399.961	12725.000
1400.103	12705.000
1400.245	12670.000
1400.387	12729.000
1400.528	12733.000
1400.670	12828.000
1400.812	12837.000
1400.954	12714.000
1401.096	12752.000
1401.238	12696.000
1401.379	12803.000
1401.521	12693.000
1401.663	12753.000
1401.805	12814.000
1401.946	12787.000
1402.088	12764.000
1402.230	12618.000
1402.371	12671.000
1402.513	12820.000
1402.655	12624.000
1402.796	12706.000
1402.938	12666.000
1403.080	12669.000
1403.221	12664.000
1403.363	12671.000
1403.504	12693.000
1403.646	12791.000
1403.788	12600.000
1403.929	12785.000
1404.071	12644.000
1404.212	12752.000
1404.354	12672.000
1404.495	12692.000
1404.637	12665.000
1404.778	12755.000
1404.919	12633.000
1405.061	12669.000
1405.202	12646.000
1405.344	12748.000
1405.485	12607.000
1405.627	12677.000
1405.768	12785.000
1405.909	12736.000
1406.051	12699.000
1406.192	12694.000
1406.333	12631.000
1406.475	12765.000
1406.616	12631.000
1406.757	12724.000
1406.898	12572.000
1407.040	12845.000
1407.181	12743.000
1407.322	12843.000
1407.463	12666.000
1407.605	12772.000
1407.746	12724.000
1407.887	12723.000
1408.028	12676.000
1408.169	12691.000
1408.310	12654.000
1408.452	12741.000
1408.593	12697.000
1408.734	12793.000
1408.875	12615.000
1409.016	12699.000
1409.157	12704.000
1409.298	12724.000
1409.439	12708.000
1409.580	12714.000
1409.721	12610.000
1409.862	12754.000
1410.003	12611.000
1410.144	12741.000
1410.285	12659.000
1410.426	12815.000
1410.567	12674.000
1410.708	12719.000
1410.849	12645.000
1410.990	12632.000
1411.131	12690.000
1411.271	12759.000
1411.412	12634.000
1411.553	12778.000
1411.694	12479.000
1411.835	12675.000
1411.976	12670.000
1412.116	12731.000
1412.257	12602.000
1412.398	12654.000
1412.539	12734.000
1412.680	12639.000
1412.820	12644.000
1412.961	12730.000
1413.102	12639.000
1413.242	12749.000
1413.383	12567.000
1413.524	12736.000
1413.664	12598.000
1413.805	12644.000
1413.946	12535.000
1414.086	12655.000
1414.227	12606.000
1414.367	12626.000
1414.508	12512.000
1414.649	12643.000
1414.789	12643.000
1414.930	12717.000
1415.070	12619.000
1415.211	12676.000
1415.351	12565.000
1415.492	12678.000
1415.632	12513.000
1415.773	12588.000
1415.913	12436.000
1416.053	12606.000
1416.194	12570.000
1416.334	12698.000
1416.475	12592.000
1416.615	12644.000
1416.755	12502.000
1416.896	12585.000
1417.036	12420.000
1417.176	12571.000
1417.317	12513.000
1417.457	12453.000
1417.597	12414.000
1417.738	12546.000
1417.878	12549.000
1418.018	12476.000
1418.158	12510.000
1418.299	12531.000
1418.439	12480.000
1418.579	12525.000
1418.719	12438.000
1418.859	12591.000
1419.000	12408.000
1419.140	12505.000
1419.280	12396.000
1419.420	12628.000
1419.560	12429.000
1419.700	12395.000
1419.840	12446.000
1419.980	12414.000
1420.120	12372.000
1420.260	12369.000
1420.400	12363.000
1420.540	12527.000
1420.680	12453.000
1420.820	12483.000
1420.960	12378.000
1421.100	12532.000
1421.240	12396.000
1421.380	12384.000
1421.520	12327.000
1421.660	12457.000
1421.800	12302.000
1421.940	12411.000
1422.080	12345.000
1422.220	12422.000
1422.360	12403.000
1422.499	12373.000
1422.639	12292.000
1422.779	12454.000
1422.919	12374.000
1423.059	12406.000
1423.198	12385.000
1423.338	12463.000
1423.478	12333.000
1423.618	12411.000
1423.757	12438.000
1423.897	12490.000
1424.037	12352.000
1424.176	12378.000
1424.316	12383.000
1424.456	12394.000
1424.595	12359.000
1424.735	12453.000
1424.875	12346.000
1425.014	12456.000
1425.154	12365.000
1425.293	12396.000
1425.433	12363.000
1425.573	12548.000
1425.712	12405.000
1425.852	12493.000
1425.991	12333.000
1426.131	12491.000
1426.270	12421.000
1426.410	12520.000
1426.549	12367.000
1426.689	12507.000
1426.828	12368.000
1426.967	12450.000
1427.107	12386.000
1427.246	12492.000
1427.386	12363.000
1427.525	12513.000
1427.664	12433.000
1427.804	12448.000
1427.943	12492.000
1428.082	12402.000
1428.222	12484.000
1428.361	12560.000
1428.500	12439.000
1428.640	12483.000
1428.779	12393.000
1428.918	12520.000
1429.057	12456.000
1429.196	12410.000
1429.336	12443.000
1429.475	12481.000
1429.614	12468.000
1429.753	12557.000
1429.892	12421.000
1430.032	12497.000
1430.171	12508.000
1430.310	12522.000
1430.449	12437.000
1430.588	12589.000
1430.727	12534.000
1430.866	12591.000
1431.005	12541.000
1431.144	12555.000
1431.283	12503.000
1431.422	12514.000
1431.561	12523.000
1431.700	12570.000
1431.839	12493.000
1431.978	12530.000
1432.117	12607.000
1432.256	12541.000
1432.395	12488.000
1432.534	12487.000
1432.673	12522.000
1432.812	12647.000
1432.951	12455.000
1433.089	12521.000
1433.228	12530.000
1433.367	12680.000
1433.506	13394.000
1433.645	12547.000
1433.783	12503.000
1433.922	12562.000
1434.061	12440.000
1434.200	12598.000
1434.339	12437.000
1434.477	12659.000
1434.616	12487.000
1434.755	12448.000
1434.893	12568.000
1435.032	12548.000
1435.171	12508.000
1435.309	12536.000
1435.448	12511.000
1435.587	12668.000
1435.725	12490.000
1435.864	12429.000
1436.002	12445.000
1436.141	12518.000
1436.280	12472.000
1436.418	12496.000
1436.557	12469.000
1436.695	12448.000
1436.834	12506.000
1436.972	12466.000
1437.111	12391.000
1437.249	12604.000
1437.388	12447.000
1437.526	12420.000
1437.664	12376.000
1437.803	12383.000
1437.941	12442.000
1438.080	12427.000
1438.218	12433.000
1438.356	12352.000
1438.495	12444.000
1438.633	12409.000
1438.771	12371.000
1438.910	12419.000
1439.048	12372.000
1439.186	12419.000
1439.325	12412.000
1439.463	12555.000
1439.601	12464.000
1439.739	12416.000
1439.878	12441.000
1440.016	12456.000
1440.154	12426.000
1440.292	12435.000
1440.430	12432.000
1440.569	12430.000
1440.707	12483.000
1440.845	12415.000
1440.983	12567.000
1441.121	12469.000
1441.259	12472.000
1441.397	12384.000
1441.535	12471.000
1441.673	12458.000
1441.811	12407.000
1441.949	12508.000
1442.087	12502.000
1442.225	12552.000
1442.363	12457.000
1442.501	12481.000
1442.639	12485.000
1442.777	12510.000
1442.915	12421.000
1443.053	12572.000
1443.191	12558.000
1443.329	12560.000
1443.467	12536.000
1443.605	12592.000
1443.743	12484.000
1443.881	12575.000
1444.018	12497.000
1444.156	12527.000
1444.294	12437.000
1444.432	12625.000
1444.570	12499.000
1444.707	12599.000
1444.845	12510.000
1444.983	12603.000
1445.121	12515.000
1445.258	12556.000
1445.396	12567.000
1445.534	12677.000
1445.671	12643.000
1445.809	12631.000
1445.947	12662.000
1446.084	12725.000
1446.222	12685.000
1446.360	12615.000
1446.497	12675.000
1446.635	12763.000
1446.772	12660.000
1446.910	12614.000
1447.048	12674.000
1447.185	12767.000
1447.323	12574.000
1447.460	12752.000
1447.598	12611.000
1447.735	12846.000
1447.873	12799.000
1448.010	12710.000
1448.147	12619.000
1448.285	12711.000
1448.422	12640.000
1448.560	12672.000
1448.697	12672.000
1448.835	12746.000
1448.972	12710.000
1449.109	12673.000
1449.247	12671.000
1449.384	12761.000
1449.521	12729.000
1449.659	12747.000
1449.796	12677.000
1449.933	12785.000
1450.070	12664.000
1450.208	12709.000
1450.345	12619.000
1450.482	12728.000
1450.619	12539.000
1450.757	12746.000
1450.894	12716.000
1451.031	12648.000
1451.168	12675.000
1451.305	12745.000
1451.442	12677.000
1451.580	12724.000
1451.717	12642.000
1451.854	12684.000
1451.991	12604.000
1452.128	12651.000
1452.265	12612.000
1452.402	12600.000
1452.539	12684.000
1452.676	12704.000
1452.813	12691.000
1452.950	12654.000
1453.087	12596.000
1453.224	12758.000
1453.361	12733.000
1453.498	12673.000
1453.635	12743.000
1453.772	12721.000
1453.909	12626.000
1454.046	12693.000
1454.183	10636.000
1454.319	12672.000
1454.456	12656.000
1454.593	12607.000
1454.730	12560.000
1454.867	12714.000
1455.004	12606.000
1455.140	12695.000
1455.277	12653.000
1455.414	12677.000
1455.551	12628.000
1455.687	12636.000
1455.824	12611.000
1455.961	12726.000
1456.098	12618.000
1456.234	12670.000
1456.371	12528.000
1456.508	12676.000
1456.644	12514.000
1456.781	12549.000
1456.917	12633.000
1457.054	12547.000
1457.191	12535.000
1457.327	12561.000
1457.464	12498.000
1457.600	12641.000
1457.737	12457.000
1457.873	12635.000
1458.010	12552.000
1458.146	12558.000
1458.283	12545.000
1458.419	12505.000
1458.556	12491.000
1458.692	12449.000
1458.829	12430.000
1458.965	12416.000
1459.102	12454.000
1459.238	12548.000
1459.374	12433.000
1459.511	12552.000
1459.647	12403.000
1459.784	12479.000
1459.920	12376.000
1460.056	12442.000
1460.193	12306.000
1460.329	12444.000
1460.465	12300.000
1460.601	12404.000
1460.738	12315.000
1460.874	12475.000
1461.010	12498.000
1461.146	12415.000
1461.283	12424.000
1461.419	12566.000
1461.555	12362.000
1461.691	12411.000
1461.827	12426.000
1461.963	12503.000
1462.100	12379.000
1462.236	12574.000
1462.372	19940.000
1462.508	12586.000
1462.644	12454.000
1462.780	12482.000
1462.916	12517.000
1463.052	12534.000
1463.188	12416.000
1463.324	12511.000
1463.460	12567.000
1463.596	12664.000
1463.732	12560.000
1463.868	12514.000
1464.004	12500.000
1464.140	12590.000
1464.276	12631.000
1464.412	12637.000
1464.548	12573.000
1464.684	12689.000
1464.820	12477.000
1464.955	12613.000
1465.091	12618.000
1465.227	12717.000
1465.363	12597.000
1465.499	12660.000
1465.635	12596.000
1465.770	12655.000
1465.906	12605.000
1466.042	12537.000
1466.178	12586.000
1466.313	12672.000
1466.449	12599.000
1466.585	12611.000
1466.720	12541.000
1466.856	12727.000
1466.992	12583.000
1467.127	12697.000
1467.263	12529.000
1467.399	12671.000
1467.534	12449.000
1467.670	12654.000
1467.806	12497.000
1467.941	12624.000
1468.077	12508.000
1468.212	12680.000
1468.348	12596.000
1468.483	12667.000
1468.619	12567.000
1468.754	12665.000
1468.890	12481.000
1469.025	12743.000
1469.161	12667.000
1469.296	12570.000
1469.432	12575.000
1469.567	12718.000
1469.702	12656.000
1469.838	12640.000
1469.973	12658.000
1470.109	12673.000
1470.244	12679.000
1470.379	12667.000
1470.515	12700.000
1470.650	12755.000
1470.785	12686.000
1470.921	12781.000
1471.056	12655.000
1471.191	12764.000
1471.326	12575.000
1471.462	12720.000
1471.597	12785.000
1471.732	12859.000
1471.867	12707.000
1472.003	12709.000
1472.138	12779.000
1472.273	12856.000
1472.408	12727.000
1472.543	12841.000
1472.678	12738.000
1472.813	12862.000
1472.948	12709.000
1473.084	12719.000
1473.219	12806.000
1473.354	12841.000
1473.489	12741.000
1473.624	12705.000
1473.759	12747.000
1473.894	12965.000
1474.029	12816.000
1474.164	12743.000
1474.299	12827.000
1474.434	12766.000
1474.569	12857.000
1474.704	12871.000
