1129.938	15704.000
1130.084	14995.000
1130.229	15579.000
1130.375	14924.000
1130.521	15398.000
1130.667	14880.000
1130.813	15319.000
1130.958	14766.000
1131.104	15205.000
1131.250	14667.000
1131.396	15086.000
1131.542	14667.000
1131.687	15069.000
1131.833	14544.000
1131.979	15084.000
1132.124	14685.000
1132.270	14980.000
1132.416	14656.000
1132.561	15083.000
1132.707	14695.000
1132.853	15111.000
1132.998	14626.000
1133.144	15294.000
1133.290	14770.000
1133.435	15300.000
1133.581	14784.000
1133.727	15468.000
1133.872	14860.000
1134.018	15502.000
1134.163	14964.000
1134.309	15566.000
1134.455	14952.000
1134.600	15489.000
1134.746	14876.000
1134.891	15327.000
1135.037	14770.000
1135.182	15294.000
1135.328	14560.000
1135.473	15123.000
1135.619	14553.000
1135.764	14938.000
1135.910	14545.000
1136.055	14800.000
1136.201	14471.000
1136.346	14692.000
1136.492	14344.000
1136.637	14737.000
1136.783	14222.000
1136.928	14624.000
1137.074	14226.000
1137.219	14617.000
1137.364	14119.000
1137.510	14592.000
1137.655	14209.000
1137.801	14491.000
1137.946	14108.000
1138.091	14392.000
1138.237	14091.000
1138.382	14335.000
1138.527	13994.000
1138.673	14351.000
1138.818	14017.000
1138.963	14286.000
1139.109	13955.000
1139.254	14222.000
1139.399	14019.000
1139.544	14240.000
1139.690	13840.000
1139.835	14218.000
1139.980	13935.000
1140.125	14167.000
1140.271	13855.000
1140.416	14148.000
1140.561	13951.000
1140.706	14124.000
1140.851	13846.000
1140.997	14096.000
1141.142	13834.000
1141.287	14066.000
1141.432	13936.000
1141.577	14061.000
1141.723	13889.000
1141.868	14148.000
1142.013	13815.000
1142.158	14022.000
1142.303	13788.000
1142.448	14052.000
1142.593	13766.000
1142.738	14047.000
1142.883	13795.000
1143.028	14025.000
1143.174	13771.000
1143.319	14018.000
1143.464	13772.000
1143.609	14061.000
1143.754	13727.000
1143.899	13990.000
1144.044	13753.000
1144.189	13988.000
1144.334	13746.000
1144.479	13946.000
1144.624	13683.000
1144.769	13884.000
1144.914	13584.000
1145.059	13884.000
1145.204	13759.000
1145.348	13841.000
1145.493	13665.000
1145.638	13844.000
1145.783	13650.000
1145.928	13895.000
1146.073	13691.000
1146.218	13783.000
1146.363	13767.000
1146.508	13845.000
1146.653	13621.000
1146.797	13881.000
1146.942	13646.000
1147.087	13939.000
1147.232	13661.000
1147.377	13855.000
1147.522	13704.000
1147.666	13854.000
1147.811	13720.000
1147.956	13865.000
1148.101	13723.000
1148.245	13727.000
1148.390	13612.000
1148.535	13965.000
1148.680	13750.000
1148.824	13890.000
1148.969	13746.000
1149.114	13973.000
1149.259	13725.000
1149.403	13912.000
1149.548	13721.000
1149.693	13966.000
1149.837	13828.000
1149.982	13964.000
1150.127	13763.000
1150.271	13916.000
1150.416	13800.000
1150.561	13998.000
1150.705	13652.000
1150.850	13931.000
1150.994	13816.000
1151.139	13982.000
1151.284	13732.000
1151.428	13919.000
1151.573	13794.000
1151.717	13954.000
1151.862	13710.000
1152.006	13830.000
1152.151	13776.000
1152.295	13818.000
1152.440	13774.000
1152.584	13981.000
1152.729	13773.000
1152.873	13925.000
1153.018	13733.000
1153.162	13897.000
1153.307	13659.000
1153.451	13861.000
1153.596	13770.000
1153.740	13797.000
1153.885	13755.000
1154.029	13926.000
1154.174	13726.000
1154.318	13871.000
1154.462	13773.000
1154.607	13828.000
1154.751	13748.000
1154.896	13847.000
1155.040	13697.000
1155.184	13949.000
1155.329	13760.000
1155.473	13824.000
1155.617	13754.000
1155.762	13731.000
1155.906	13689.000
1156.050	13815.000
1156.194	13815.000
1156.339	13880.000
1156.483	13738.000
1156.627	13769.000
1156.772	13653.000
1156.916	13826.000
1157.060	13692.000
1157.204	13868.000
1157.349	13772.000
1157.493	13790.000
1157.637	13678.000
1157.781	13747.000
1157.925	13698.000
1158.070	13815.000
1158.214	13759.000
1158.358	13744.000
1158.502	13700.000
1158.646	13725.000
1158.790	13769.000
1158.935	13927.000
1159.079	13626.000
1159.223	13899.000
1159.367	13665.000
1159.511	13765.000
1159.655	13703.000
1159.799	13804.000
1159.943	13739.000
1160.087	13759.000
1160.231	13745.000
1160.375	13796.000
1160.519	13705.000
1160.664	13752.000
1160.808	13785.000
1160.952	13820.000
1161.096	13682.000
1161.240	13724.000
1161.384	13686.000
1161.528	13751.000
1161.672	13721.000
1161.815	13832.000
1161.959	13785.000
1162.103	13820.000
1162.247	13775.000
1162.391	13648.000
1162.535	13777.000
1162.679	13701.000
1162.823	13725.000
1162.967	13740.000
1163.111	13800.000
1163.255	13815.000
1163.399	13691.000
1163.542	13780.000
1163.686	13747.000
1163.830	13688.000
1163.974	13702.000
1164.118	13747.000
1164.262	13727.000
1164.405	13714.000
1164.549	13664.000
1164.693	13752.000
1164.837	13675.000
1164.981	13780.000
1165.124	13727.000
1165.268	13762.000
1165.412	13778.000
1165.556	13788.000
1165.699	13817.000
1165.843	13957.000
1165.987	13851.000
1166.131	13929.000
1166.274	13638.000
1166.418	13773.000
1166.562	13732.000
1166.705	13746.000
1166.849	13779.000
1166.993	14016.000
1167.136	13851.000
1167.280	13825.000
1167.424	13863.000
1167.567	13956.000
1167.711	13813.000
1167.854	13829.000
1167.998	13861.000
1168.142	13914.000
1168.285	13849.000
1168.429	13858.000
1168.572	13887.000
1168.716	13919.000
1168.859	13859.000
1169.003	13975.000
1169.147	13921.000
1169.290	13987.000
1169.434	13980.000
1169.577	14064.000
1169.721	13873.000
1169.864	13982.000
1170.008	14096.000
1170.151	14044.000
1170.294	13865.000
1170.438	14114.000
1170.581	14013.000
1170.725	13998.000
1170.868	14065.000
1171.012	14186.000
1171.155	14118.000
1171.298	14103.000
1171.442	14026.000
1171.585	14136.000
1171.729	14079.000
1171.872	14054.000
1172.015	14017.000
1172.159	14144.000
1172.302	14099.000
1172.445	14130.000
1172.589	14094.000
1172.732	14022.000
1172.875	14194.000
1173.019	14114.000
1173.162	14079.000
1173.305	14140.000
1173.449	14183.000
1173.592	14128.000
1173.735	14114.000
1173.878	14272.000
1174.022	14069.000
1174.165	14176.000
1174.308	14175.000
1174.451	14215.000
1174.594	14160.000
1174.738	14159.000
1174.881	14279.000
1175.024	14337.000
1175.167	14194.000
1175.310	14241.000
1175.454	14229.000
1175.597	14290.000
1175.740	14286.000
1175.883	14211.000
1176.026	14298.000
1176.169	14282.000
1176.312	14127.000
1176.455	14262.000
1176.598	14277.000
1176.742	14270.000
1176.885	14397.000
1177.028	14253.000
1177.171	14157.000
1177.314	14319.000
1177.457	14367.000
1177.600	14354.000
1177.743	14251.000
1177.886	14266.000
1178.029	14404.000
1178.172	14309.000
1178.315	14353.000
1178.458	14374.000
1178.601	14372.000
1178.744	14378.000
1178.887	14372.000
1179.030	14452.000
1179.173	14452.000
1179.316	14411.000
1179.458	14439.000
1179.601	14375.000
1179.744	14374.000
1179.887	14479.000
1180.030	14448.000
1180.173	14372.000
1180.316	14538.000
1180.459	14364.000
1180.602	14361.000
1180.744	14460.000
1180.887	14509.000
1181.030	14482.000
1181.173	14483.000
1181.316	14505.000
1181.458	14361.000
1181.601	14444.000
1181.744	14456.000
1181.887	14621.000
1182.030	14447.000
1182.172	14492.000
1182.315	14382.000
1182.458	14567.000
1182.601	14477.000
1182.743	14473.000
1182.886	14456.000
1183.029	14538.000
1183.171	14497.000
1183.314	14524.000
1183.457	14498.000
1183.599	14476.000
1183.742	14548.000
1183.885	14481.000
1184.027	14522.000
1184.170	14532.000
1184.313	14588.000
1184.455	14509.000
1184.598	14643.000
1184.741	14462.000
1184.883	14671.000
1185.026	14541.000
1185.168	14579.000
1185.311	14575.000
1185.453	14621.000
1185.596	14651.000
1185.739	14528.000
1185.881	14603.000
1186.024	14620.000
1186.166	14566.000
1186.309	14517.000
1186.451	14603.000
1186.594	14574.000
1186.736	14642.000
1186.879	14542.000
1187.021	14612.000
1187.164	14566.000
1187.306	14547.000
1187.448	14574.000
1187.591	14035.000
1187.733	14673.000
1187.876	14623.000
1188.018	14571.000
1188.160	14631.000
1188.303	14545.000
1188.445	14487.000
1188.588	14496.000
1188.730	14628.000
1188.872	14667.000
1189.015	14479.000
1189.157	14482.000
1189.299	14512.000
1189.442	14585.000
1189.584	14547.000
1189.726	14488.000
1189.869	14467.000
1190.011	14553.000
1190.153	14538.000
1190.295	14514.000
1190.438	14470.000
1190.580	14564.000
1190.722	14512.000
1190.864	14537.000
1191.007	14520.000
1191.149	14452.000
1191.291	14340.000
1191.433	14395.000
1191.576	14469.000
1191.718	14650.000
1191.860	14444.000
1192.002	14463.000
1192.144	14459.000
1192.286	14511.000
1192.429	14475.000
1192.571	14489.000
1192.713	14427.000
1192.855	14485.000
1192.997	14393.000
1193.139	14416.000
1193.281	14400.000
1193.423	14424.000
1193.565	14422.000
1193.707	14408.000
1193.850	14323.000
1193.992	14302.000
1194.134	14292.000
1194.276	14412.000
1194.418	14229.000
1194.560	14235.000
1194.702	14288.000
1194.844	14262.000
1194.986	14248.000
1195.128	14301.000
1195.270	14265.000
1195.412	14282.000
1195.554	14163.000
1195.696	14302.000
1195.837	14248.000
1195.979	14156.000
1196.121	14136.000
1196.263	14177.000
1196.405	14220.000
1196.547	14192.000
1196.689	14014.000
1196.831	14139.000
1196.973	14105.000
1197.115	14048.000
1197.256	14029.000
1197.398	14052.000
1197.540	14005.000
1197.682	13958.000
1197.824	13931.000
1197.966	14053.000
1198.107	13907.000
1198.249	13936.000
1198.391	14018.000
1198.533	13921.000
1198.675	13923.000
1198.816	13797.000
1198.958	13843.000
1199.100	13927.000
1199.242	13916.000
1199.383	13784.000
1199.525	13815.000
1199.667	13684.000
1199.808	13808.000
1199.950	13760.000
1200.092	13804.000
1200.233	13831.000
1200.375	13663.000
1200.517	13741.000
1200.658	13655.000
1200.800	13691.000
1200.942	13655.000
1201.083	13651.000
1201.225	13692.000
1201.367	13680.000
1201.508	13618.000
1201.650	13430.000
1201.791	13481.000
1201.933	13577.000
1202.074	13423.000
1202.216	13436.000
1202.358	13381.000
1202.499	13390.000
1202.641	13352.000
1202.782	13385.000
1202.924	13400.000
1203.065	13502.000
1203.207	13266.000
1203.348	13413.000
1203.490	13311.000
1203.631	13372.000
1203.773	13314.000
1203.914	13292.000
1204.056	13264.000
1204.197	13347.000
1204.338	13176.000
1204.480	13248.000
1204.621	13218.000
1204.763	13279.000
1204.904	13179.000
1205.045	13230.000
1205.187	13343.000
1205.328	13257.000
1205.470	13212.000
1205.611	13237.000
1205.752	13193.000
1205.894	13249.000
1206.035	13144.000
1206.176	13215.000
1206.318	13083.000
1206.459	13338.000
1206.600	13240.000
1206.741	13292.000
1206.883	13130.000
1207.024	13267.000
1207.165	13189.000
1207.306	13227.000
1207.448	13180.000
1207.589	13172.000
1207.730	13132.000
1207.871	13230.000
1208.013	13165.000
1208.154	13190.000
1208.295	13075.000
1208.436	13141.000
1208.577	13124.000
1208.719	13144.000
1208.860	13131.000
1209.001	13130.000
1209.142	12995.000
1209.283	13144.000
1209.424	12982.000
1209.565	13123.000
1209.706	13103.000
1209.848	13238.000
1209.989	13080.000
1210.130	13068.000
1210.271	13031.000
1210.412	13002.000
1210.553	13078.000
1210.694	13104.000
1210.835	12987.000
1210.976	13130.000
1211.117	12877.000
1211.258	13078.000
1211.399	13041.000
1211.540	13092.000
1211.681	12971.000
1211.822	13052.000
1211.963	13094.000
1212.104	13001.000
1212.245	13028.000
1212.386	13122.000
1212.527	12986.000
1212.668	13087.000
1212.809	12949.000
1212.950	13125.000
1213.090	12953.000
1213.231	13011.000
1213.372	12909.000
1213.513	13005.000
1213.654	12965.000
1213.795	12981.000
1213.936	12886.000
1214.077	13026.000
1214.217	13035.000
1214.358	13081.000
1214.499	12955.000
1214.640	13034.000
1214.781	12931.000
1214.921	13078.000
1215.062	12867.000
1215.203	12972.000
1215.344	12829.000
1215.485	12990.000
1215.625	12977.000
1215.766	13051.000
1215.907	12950.000
1216.047	13026.000
1216.188	12880.000
1216.329	12974.000
1216.470	12813.000
1216.610	12987.000
1216.751	12886.000
1216.892	12847.000
1217.032	12771.000
1217.173	12895.000
1217.314	12899.000
1217.454	12810.000
1217.595	12845.000
1217.735	12905.000
1217.876	12876.000
1218.017	12900.000
1218.157	12815.000
1218.298	12961.000
1218.438	12816.000
1218.579	12883.000
1218.720	12754.000
1218.860	12975.000
1219.001	12820.000
1219.141	12812.000
1219.282	12817.000
1219.422	12806.000
1219.563	12762.000
1219.703	12744.000
1219.844	12737.000
1219.984	12935.000
1220.125	12813.000
1220.265	12835.000
1220.406	12795.000
1220.546	12857.000
1220.687	12807.000
1220.827	12757.000
1220.967	12697.000
1221.108	12862.000
1221.248	12683.000
1221.389	12782.000
1221.529	12755.000
1221.669	12848.000
1221.810	12792.000
1221.950	12803.000
1222.091	12700.000
1222.231	12861.000
1222.371	12770.000
1222.512	12790.000
1222.652	12807.000
1222.792	12879.000
1222.933	12710.000
1223.073	12823.000
1223.213	12848.000
1223.353	12913.000
1223.494	12808.000
1223.634	12798.000
1223.774	12825.000
1223.914	12804.000
1224.055	12729.000
1224.195	12838.000
1224.335	12777.000
1224.475	12872.000
1224.616	12749.000
1224.756	12821.000
1224.896	12763.000
1225.036	12973.000
1225.176	12827.000
1225.316	12896.000
1225.457	12767.000
1225.597	12928.000
1225.737	12825.000
1225.877	12916.000
1226.017	12801.000
1226.157	12947.000
1226.297	12793.000
1226.437	12853.000
1226.578	12776.000
1226.718	12924.000
1226.858	12789.000
1226.998	12954.000
1227.138	12846.000
1227.278	12890.000
1227.418	12922.000
1227.558	12830.000
1227.698	12937.000
1227.838	13020.000
1227.978	12872.000
1228.118	12904.000
1228.258	12830.000
1228.398	12969.000
1228.538	12864.000
1228.678	12853.000
1228.818	12895.000
1228.958	12930.000
1229.098	12934.000
1229.238	13009.000
1229.377	12850.000
1229.517	12944.000
1229.657	12990.000
1229.797	12985.000
1229.937	12904.000
1230.077	13024.000
1230.217	13006.000
1230.357	13012.000
1230.496	13016.000
1230.636	13007.000
1230.776	12964.000
1230.916	12969.000
1231.056	13022.000
1231.196	13023.000
1231.335	12919.000
1231.475	13024.000
1231.615	13065.000
1231.755	13004.000
1231.894	12968.000
1232.034	12932.000
1232.174	12938.000
1232.314	13136.000
1232.453	12951.000
1232.593	13010.000
1232.733	12974.000
1232.873	13149.000
1233.012	13803.000
1233.152	13044.000
1233.292	12990.000
1233.431	13018.000
1233.571	12921.000
1233.711	13093.000
1233.850	12943.000
1233.990	13101.000
1234.129	12979.000
1234.269	12939.000
1234.409	13066.000
1234.548	13054.000
1234.688	13011.000
1234.828	13050.000
1234.967	13011.000
1235.107	13155.000
1235.246	12974.000
1235.386	12956.000
1235.525	12952.000
1235.665	12994.000
1235.804	13000.000
1235.944	13005.000
1236.083	13017.000
1236.223	12948.000
1236.362	13013.000
1236.502	12961.000
1236.641	12936.000
1236.781	13131.000
1236.920	13009.000
1237.060	12948.000
1237.199	12981.000
1237.339	12963.000
1237.478	13008.000
1237.617	12967.000
1237.757	12975.000
1237.896	12887.000
1238.036	12958.000
1238.175	12955.000
1238.314	12953.000
1238.454	12992.000
1238.593	12952.000
1238.732	12967.000
1238.872	12960.000
1239.011	13110.000
1239.150	13050.000
1239.290	12989.000
1239.429	13030.000
1239.568	13015.000
1239.708	13041.000
1239.847	13010.000
1239.986	13021.000
1240.125	13043.000
1240.265	13021.000
1240.404	13045.000
1240.543	13135.000
1240.682	13027.000
1240.822	13070.000
1240.961	12960.000
1241.100	13048.000
1241.239	13032.000
1241.378	12994.000
1241.518	13129.000
1241.657	13092.000
1241.796	13147.000
1241.935	13070.000
1242.074	13081.000
1242.213	13073.000
1242.352	13101.000
1242.492	13018.000
1242.631	13177.000
1242.770	13127.000
1242.909	13207.000
1243.048	13174.000
1243.187	13199.000
1243.326	13116.000
1243.465	13226.000
1243.604	13150.000
1243.743	13152.000
1243.882	13113.000
1244.021	13260.000
1244.160	13131.000
1244.299	13228.000
1244.438	13156.000
1244.577	13278.000
1244.716	13130.000
1244.855	13211.000
1244.994	13216.000
1245.133	13307.000
1245.272	13279.000
1245.411	13264.000
1245.550	13346.000
1245.689	13373.000
1245.828	13349.000
1245.967	13294.000
1246.106	13314.000
1246.244	13433.000
1246.383	13315.000
1246.522	13299.000
1246.661	13327.000
1246.800	13418.000
1246.939	13243.000
1247.078	13418.000
1247.216	13332.000
1247.355	13542.000
1247.494	13471.000
1247.633	13406.000
1247.772	13333.000
1247.910	13389.000
1248.049	13376.000
1248.188	13376.000
1248.327	13350.000
1248.465	13401.000
1248.604	13390.000
1248.743	13356.000
1248.882	13398.000
1249.020	13473.000
1249.159	13410.000
1249.298	13429.000
1249.436	13374.000
1249.575	13479.000
1249.714	13363.000
1249.852	13429.000
1249.991	13345.000
1250.130	13452.000
1250.268	13270.000
1250.407	13436.000
1250.546	13434.000
1250.684	13329.000
1250.823	13363.000
1250.961	13449.000
1251.100	13387.000
1251.239	13406.000
1251.377	13432.000
1251.516	13348.000
1251.654	13326.000
1251.793	13363.000
1251.931	13342.000
1252.070	13358.000
1252.208	13387.000
1252.347	13404.000
1252.485	13402.000
1252.624	13392.000
1252.762	13328.000
1252.901	13475.000
1253.039	13470.000
1253.178	13377.000
1253.316	13457.000
1253.455	13434.000
1253.593	13393.000
1253.732	13424.000
1253.870	11369.000
1254.008	13403.000
1254.147	13354.000
1254.285	13338.000
1254.424	13330.000
1254.562	13432.000
1254.700	13337.000
1254.839	13397.000
1254.977	13365.000
1255.115	13395.000
1255.254	13339.000
1255.392	13348.000
1255.530	13297.000
1255.669	13444.000
1255.807	13342.000
1255.945	13385.000
1256.084	13276.000
1256.222	13326.000
1256.360	13223.000
1256.498	13237.000
1256.637	13359.000
1256.775	13267.000
1256.913	13263.000
1257.051	13243.000
1257.189	13183.000
1257.328	13375.000
1257.466	13180.000
1257.604	13362.000
1257.742	13300.000
1257.880	13272.000
1258.019	13277.000
1258.157	13196.000
1258.295	13211.000
1258.433	13213.000
1258.571	13157.000
1258.709	13107.000
1258.847	13209.000
1258.986	13255.000
1259.124	13182.000
1259.262	13281.000
1259.400	13155.000
1259.538	13203.000
1259.676	13108.000
1259.814	13146.000
1259.952	13062.000
1260.090	13158.000
1260.228	13071.000
1260.366	13123.000
1260.504	13083.000
1260.642	13191.000
1260.780	13146.000
1260.918	13144.000
1261.056	13104.000
1261.194	13270.000
1261.332	13054.000
1261.470	13110.000
1261.608	13153.000
1261.746	13215.000
1261.884	13105.000
1262.022	13315.000
1262.160	20302.000
1262.297	13304.000
1262.435	13176.000
1262.573	13192.000
1262.711	13197.000
1262.849	13249.000
1262.987	13090.000
1263.125	13225.000
1263.262	13272.000
1263.400	13349.000
1263.538	13261.000
1263.676	13271.000
1263.814	13201.000
1263.952	13283.000
1264.089	13315.000
1264.227	13347.000
1264.365	13257.000
1264.503	13350.000
1264.640	13211.000
1264.778	13309.000
1264.916	13336.000
1265.054	13402.000
1265.191	13321.000
1265.329	13366.000
1265.467	13313.000
1265.604	13331.000
1265.742	13261.000
1265.880	13284.000
1266.017	13259.000
1266.155	13352.000
1266.293	13256.000
1266.430	13317.000
1266.568	13201.000
1266.706	13433.000
1266.843	13296.000
1266.981	13366.000
1267.119	13210.000
1267.256	13340.000
1267.394	13118.000
1267.531	13290.000
1267.669	13242.000
1267.806	13327.000
1267.944	13171.000
1268.081	13356.000
1268.219	13297.000
1268.357	13301.000
1268.494	13203.000
1268.632	13348.000
1268.769	13180.000
1268.907	13421.000
1269.044	13352.000
1269.182	13246.000
1269.319	13299.000
1269.456	13409.000
1269.594	13349.000
1269.731	13318.000
1269.869	13272.000
1270.006	13346.000
1270.144	13353.000
1270.281	13344.000
1270.418	13394.000
1270.556	13406.000
1270.693	13349.000
1270.831	13434.000
1270.968	13302.000
1271.105	13402.000
1271.243	13253.000
1271.380	13331.000
1271.517	13421.000
1271.655	13544.000
1271.792	13366.000
1271.929	13364.000
1272.066	13385.000
1272.204	13479.000
1272.341	13379.000
1272.478	13492.000
1272.616	13353.000
1272.753	13532.000
1272.890	13395.000
1273.027	13387.000
1273.165	13436.000
1273.302	13490.000
1273.439	13432.000
1273.576	13364.000
1273.713	13455.000
1273.851	13603.000
1273.988	13511.000
1274.125	13419.000
1274.262	13480.000
1274.399	13420.000
1274.536	13546.000
1274.673	13542.000
