729.371	6195.000
729.513	6247.000
729.656	6158.000
729.798	6335.000
729.941	6123.000
730.083	6341.000
730.225	6132.000
730.368	6305.000
730.510	6135.000
730.653	6247.000
730.795	6115.000
730.937	6287.000
731.080	6145.000
731.222	6205.000
731.365	6098.000
731.507	6294.000
731.650	6062.000
731.792	6299.000
731.934	6073.000
732.077	6334.000
732.219	6098.000
732.362	6220.000
732.504	6235.000
732.646	6271.000
732.789	6155.000
732.931	6224.000
733.074	6180.000
733.216	6225.000
733.359	6100.000
733.501	6207.000
733.643	6140.000
733.786	6279.000
733.928	6124.000
734.071	6259.000
734.213	6070.000
734.355	6221.000
734.498	6163.000
734.640	6195.000
734.783	6161.000
734.925	6263.000
735.068	6125.000
735.210	6294.000
735.352	6075.000
735.495	6298.000
735.637	6077.000
735.780	6251.000
735.922	6179.000
736.065	6158.000
736.207	6113.000
736.349	6250.000
736.492	6062.000
736.634	6203.000
736.777	6120.000
736.919	6280.000
737.062	6085.000
737.204	6243.000
737.346	6042.000
737.489	6229.000
737.631	6040.000
737.774	6148.000
737.916	6138.000
738.059	6164.000
738.201	6036.000
738.343	6148.000
738.486	6001.000
738.628	6253.000
738.771	6055.000
738.913	6111.000
739.056	6030.000
739.198	6185.000
739.340	6023.000
739.483	6129.000
739.625	6049.000
739.768	6156.000
739.910	5977.000
740.053	6138.000
740.195	5975.000
740.337	6087.000
740.480	6022.000
740.622	6194.000
740.765	5960.000
740.907	6130.000
741.050	6016.000
741.192	6112.000
741.335	5938.000
741.477	6104.000
741.619	5946.000
741.762	6068.000
741.904	6000.000
742.047	6059.000
742.189	5950.000
742.332	6079.000
742.474	5973.000
742.616	6078.000
742.759	5986.000
742.901	6064.000
743.044	5937.000
743.186	6061.000
743.329	5970.000
743.471	6080.000
743.614	5948.000
743.756	6015.000
743.898	5906.000
744.041	5959.000
744.183	5939.000
744.326	6139.000
744.468	5906.000
744.611	6053.000
744.753	5919.000
744.896	6026.000
745.038	5937.000
745.180	6068.000
745.323	5816.000
745.465	6102.000
745.608	5899.000
745.750	5990.000
745.893	5933.000
746.035	6042.000
746.178	5958.000
746.320	6037.000
746.462	5897.000
746.605	6026.000
746.747	5923.000
746.890	6079.000
747.032	5866.000
747.175	6042.000
747.317	5848.000
747.460	5943.000
747.602	5987.000
747.744	6058.000
747.887	5928.000
748.029	6036.000
748.172	5913.000
748.314	6009.000
748.457	5901.000
748.599	6028.000
748.742	5941.000
748.884	6078.000
749.027	5894.000
749.169	6045.000
749.311	5915.000
749.454	6069.000
749.596	5897.000
749.739	5965.000
749.881	5906.000
750.024	6087.000
750.166	5991.000
750.309	6005.000
750.451	5908.000
750.593	6086.000
750.736	5932.000
750.878	5990.000
751.021	5874.000
751.163	5996.000
751.306	5855.000
751.448	6066.000
751.591	5913.000
751.733	6064.000
751.876	5908.000
752.018	6072.000
752.161	5920.000
752.303	5973.000
752.445	5858.000
752.588	6035.000
752.730	5800.000
752.873	6035.000
753.015	5909.000
753.158	6011.000
753.300	5870.000
753.443	6070.000
753.585	5809.000
753.728	6029.000
753.870	5897.000
754.013	5977.000
754.155	5920.000
754.297	6039.000
754.440	5841.000
754.582	6021.000
754.725	5757.000
754.867	5935.000
755.010	5840.000
755.152	6032.000
755.295	5870.000
755.437	6029.000
755.580	5770.000
755.722	5924.000
755.865	5847.000
756.007	5932.000
756.149	5862.000
756.292	6035.000
756.434	5813.000
756.577	5949.000
756.719	5772.000
756.862	5973.000
757.004	5841.000
757.147	6021.000
757.289	5796.000
757.432	5947.000
757.574	5748.000
757.717	6000.000
757.859	5947.000
758.002	5915.000
758.144	5877.000
758.287	5914.000
758.429	5759.000
758.571	5940.000
758.714	5848.000
758.856	6026.000
758.999	5779.000
759.141	5980.000
759.284	5801.000
759.426	5934.000
759.569	5787.000
759.711	5990.000
759.854	5823.000
759.996	5913.000
760.139	5757.000
760.281	5953.000
760.424	5750.000
760.566	5919.000
760.709	5822.000
760.851	5980.000
760.993	5792.000
761.136	5974.000
761.278	5678.000
761.421	5997.000
761.563	5756.000
761.706	5942.000
761.848	5745.000
761.991	6020.000
762.133	5828.000
762.276	5926.000
762.418	5797.000
762.561	5972.000
762.703	5782.000
762.846	5944.000
762.988	5787.000
763.131	5991.000
763.273	5749.000
763.416	5909.000
763.558	5791.000
763.701	5919.000
763.843	5801.000
763.986	5934.000
764.128	5743.000
764.271	5966.000
764.413	5802.000
764.556	5949.000
764.698	5916.000
764.840	5985.000
764.983	5819.000
765.125	5906.000
765.268	5765.000
765.410	5943.000
765.553	5748.000
765.695	5975.000
765.838	5908.000
765.980	5994.000
766.123	5768.000
766.265	5994.000
766.408	5889.000
766.550	5922.000
766.693	5766.000
766.835	6005.000
766.978	5816.000
767.120	5948.000
767.263	5792.000
767.405	6000.000
767.548	5779.000
767.690	5945.000
767.833	5829.000
767.975	5960.000
768.118	5829.000
768.260	5973.000
768.403	5834.000
768.545	5971.000
768.688	5787.000
768.830	6104.000
768.973	5855.000
769.115	5915.000
769.258	5861.000
769.400	5981.000
769.543	5772.000
769.685	5973.000
769.828	5892.000
769.970	5986.000
770.113	5832.000
770.255	5924.000
770.398	5815.000
770.540	5958.000
770.683	5808.000
770.825	5945.000
770.968	5870.000
771.110	5979.000
771.253	5792.000
771.395	5964.000
771.538	5694.000
771.680	6032.000
771.823	5804.000
771.965	5937.000
772.108	5819.000
772.250	5999.000
772.393	5797.000
772.535	5938.000
772.678	5881.000
772.820	5887.000
772.963	5729.000
773.105	5969.000
773.248	5817.000
773.390	5928.000
773.533	5745.000
773.675	6012.000
773.818	5870.000
773.960	5983.000
774.103	5771.000
774.245	5963.000
774.388	5815.000
774.530	5974.000
774.673	5733.000
774.815	5977.000
774.958	5797.000
775.100	5853.000
775.243	5840.000
775.385	5916.000
775.528	5791.000
775.670	6026.000
775.813	5766.000
775.955	5803.000
776.098	5759.000
776.240	5992.000
776.383	5819.000
776.525	5907.000
776.668	5699.000
776.810	5971.000
776.953	5763.000
777.095	5910.000
777.238	5746.000
777.380	5942.000
777.523	5769.000
777.665	5919.000
777.808	5835.000
777.950	5992.000
778.093	5798.000
778.235	5991.000
778.378	5731.000
778.520	5891.000
778.663	5825.000
778.805	5927.000
778.948	5692.000
779.090	5983.000
779.233	5687.000
779.375	5840.000
779.518	5745.000
779.660	5945.000
779.803	5749.000
779.945	5926.000
780.088	5791.000
780.230	5852.000
780.373	5726.000
780.515	5908.000
780.658	5834.000
780.801	5861.000
780.943	5749.000
781.086	5829.000
781.228	5771.000
781.371	5928.000
781.513	5736.000
781.656	5855.000
781.798	5768.000
781.941	5889.000
782.083	5751.000
782.226	5881.000
782.368	5726.000
782.511	5919.000
782.653	5687.000
782.796	5915.000
782.938	5737.000
783.081	5970.000
783.223	5748.000
783.366	6033.000
783.508	5655.000
783.651	6006.000
783.793	5729.000
783.936	5885.000
784.078	5762.000
784.221	5915.000
784.364	5763.000
784.506	5852.000
784.649	5754.000
784.791	5918.000
784.934	5732.000
785.076	5874.000
785.219	5744.000
785.361	5905.000
785.504	5819.000
785.646	5961.000
785.789	5795.000
785.931	5893.000
786.074	5685.000
786.216	5958.000
786.359	5501.000
786.501	5953.000
786.644	5787.000
786.786	5895.000
786.929	5827.000
787.072	5868.000
787.214	5696.000
787.357	5850.000
787.499	5805.000
787.642	5984.000
787.784	5717.000
787.927	5882.000
788.069	5694.000
788.212	5937.000
788.354	5758.000
788.497	5889.000
788.639	5704.000
788.782	5949.000
788.924	5803.000
789.067	5911.000
789.210	5703.000
789.352	5939.000
789.495	5738.000
789.637	5924.000
789.780	5801.000
789.922	5845.000
790.065	5647.000
790.207	5904.000
790.350	5745.000
790.492	6031.000
790.635	5728.000
790.777	5935.000
790.920	5775.000
791.062	5913.000
791.205	5732.000
791.348	5941.000
791.490	5779.000
791.633	5931.000
791.775	5788.000
791.918	5877.000
792.060	5778.000
792.203	5994.000
792.345	5791.000
792.488	5955.000
792.630	5734.000
792.773	5884.000
792.915	5695.000
793.058	5975.000
793.201	5703.000
793.343	5908.000
793.486	5747.000
793.628	5892.000
793.771	5742.000
793.913	5912.000
794.056	5757.000
794.198	5934.000
794.341	5739.000
794.483	5944.000
794.626	5801.000
794.769	5893.000
794.911	5734.000
795.054	5934.000
795.196	5808.000
795.339	5902.000
795.481	5711.000
795.624	5958.000
795.766	5746.000
795.909	5877.000
796.051	5736.000
796.194	5899.000
796.337	5760.000
796.479	5932.000
796.622	5703.000
796.764	5943.000
796.907	5714.000
797.049	5853.000
797.192	5820.000
797.334	5872.000
797.477	5739.000
797.620	5907.000
797.762	5753.000
797.905	6035.000
798.047	5897.000
798.190	5968.000
798.332	5831.000
798.475	5948.000
798.617	5891.000
798.760	6029.000
798.902	5918.000
799.045	6089.000
799.188	5863.000
799.330	6042.000
799.473	5888.000
799.615	6053.000
799.758	5855.000
799.900	6064.000
800.043	5924.000
800.185	6035.000
800.328	5833.000
800.471	5855.000
800.613	5723.000
800.756	5983.000
800.898	5667.000
801.041	5894.000
801.183	5735.000
801.326	5869.000
801.468	5741.000
801.611	5865.000
801.754	5772.000
801.896	5937.000
802.039	5637.000
802.181	5933.000
802.324	5740.000
802.466	5896.000
802.609	5781.000
802.752	5926.000
802.894	5716.000
803.037	5908.000
803.179	5696.000
803.322	5875.000
803.464	5766.000
803.607	5887.000
803.749	5672.000
803.892	5891.000
804.035	5887.000
804.177	5895.000
804.320	5775.000
804.462	5917.000
804.605	5720.000
804.747	5914.000
804.890	5690.000
805.033	5920.000
805.175	5682.000
805.318	6023.000
805.460	5772.000
805.603	5969.000
805.745	5710.000
805.888	5929.000
806.031	5778.000
806.173	5931.000
806.316	5670.000
806.458	5894.000
806.601	5722.000
806.743	5913.000
806.886	5771.000
807.028	5913.000
807.171	5688.000
807.314	5895.000
807.456	5731.000
807.599	5871.000
807.741	5751.000
807.884	5903.000
808.026	5675.000
808.169	5910.000
808.312	5670.000
808.454	5923.000
808.597	5740.000
808.739	5993.000
808.882	5735.000
809.024	5872.000
809.167	5702.000
809.310	5855.000
809.452	5769.000
809.595	5966.000
809.737	5721.000
809.880	5921.000
810.023	5631.000
810.165	5892.000
810.308	5726.000
810.450	5903.000
810.593	5677.000
810.735	5873.000
810.878	5811.000
811.021	5837.000
811.163	5715.000
811.306	5931.000
811.448	5682.000
811.591	5899.000
811.733	5680.000
811.876	5962.000
812.019	5753.000
812.161	5796.000
812.304	5716.000
812.446	5867.000
812.589	5743.000
812.732	5832.000
812.874	5646.000
813.017	5853.000
813.159	5772.000
813.302	5892.000
813.444	5752.000
813.587	5956.000
813.730	5691.000
813.872	5879.000
814.015	5681.000
814.157	5850.000
814.300	5589.000
814.443	5824.000
814.585	5732.000
814.728	5909.000
814.870	5653.000
815.013	5891.000
815.155	5658.000
815.298	5882.000
815.441	5610.000
815.583	5838.000
815.726	5647.000
815.868	5773.000
816.011	5590.000
816.154	5791.000
816.296	5725.000
816.439	5782.000
816.581	5639.000
816.724	5791.000
816.867	5705.000
817.009	5820.000
817.152	5648.000
817.294	5879.000
817.437	5669.000
817.579	5802.000
817.722	5630.000
817.865	5875.000
818.007	5653.000
818.150	5777.000
818.292	5657.000
818.435	5757.000
818.578	5593.000
818.720	5732.000
818.863	5597.000
819.005	5871.000
819.148	5673.000
819.291	5771.000
819.433	5619.000
819.576	5804.000
819.718	5656.000
819.861	5757.000
820.004	5607.000
820.146	5798.000
820.289	5574.000
820.431	5775.000
820.574	5620.000
820.717	5772.000
820.859	5612.000
821.002	5742.000
821.144	5575.000
821.287	5803.000
821.430	5614.000
821.572	5756.000
821.715	5622.000
821.857	5785.000
822.000	5553.000
822.143	5734.000
822.285	5671.000
822.428	5837.000
822.570	5632.000
822.713	5749.000
822.856	5606.000
822.998	5743.000
823.141	5582.000
823.283	5771.000
823.426	5636.000
823.569	5776.000
823.711	5596.000
823.854	5765.000
823.996	5581.000
824.139	5828.000
824.282	5620.000
824.424	5827.000
824.567	5578.000
824.709	5832.000
824.852	5586.000
824.995	5811.000
825.137	5596.000
825.280	5840.000
825.422	5589.000
825.565	5802.000
825.708	5604.000
825.850	5803.000
825.993	5611.000
826.135	5828.000
826.278	5627.000
826.421	5759.000
826.563	5663.000
826.706	5758.000
826.849	5676.000
826.991	5856.000
827.134	5655.000
827.276	5746.000
827.419	5593.000
827.562	5787.000
827.704	5656.000
827.847	5761.000
827.989	5648.000
828.132	5802.000
828.275	5670.000
828.417	5858.000
828.560	5636.000
828.702	5797.000
828.845	5697.000
828.988	5820.000
829.130	5643.000
829.273	5873.000
829.416	5696.000
829.558	5847.000
829.701	5714.000
829.843	5867.000
829.986	5695.000
830.129	5825.000
830.271	5659.000
830.414	5867.000
830.556	5663.000
830.699	5802.000
830.842	5751.000
830.984	5833.000
831.127	5663.000
831.270	5774.000
831.412	5641.000
831.555	5890.000
831.697	5674.000
831.840	5818.000
831.983	5688.000
832.125	5902.000
832.268	6088.000
832.411	5815.000
832.553	5695.000
832.696	5861.000
832.838	5638.000
832.981	5892.000
833.124	5650.000
833.266	5899.000
833.409	5680.000
833.552	5766.000
833.694	5788.000
833.837	5949.000
833.979	5963.000
834.122	6295.000
834.265	6116.000
834.407	6113.000
834.550	5768.000
834.693	5830.000
834.835	5667.000
834.978	5782.000
835.120	5657.000
835.263	5821.000
835.406	5674.000
835.548	5798.000
835.691	5732.000
835.834	5793.000
835.976	5631.000
836.119	5904.000
836.261	5642.000
836.404	5793.000
836.547	5644.000
836.689	5737.000
836.832	5668.000
836.975	5748.000
837.117	5682.000
837.260	5691.000
837.402	5658.000
837.545	5703.000
837.688	5670.000
837.830	5771.000
837.973	5630.000
838.116	5785.000
838.258	5666.000
838.401	5831.000
838.544	5622.000
838.686	5766.000
838.829	5670.000
838.971	5769.000
839.114	5691.000
839.257	5764.000
839.399	5646.000
839.542	5757.000
839.685	5704.000
839.827	5804.000
839.970	5707.000
840.113	5769.000
840.255	5664.000
840.398	5738.000
840.540	5630.000
840.683	5776.000
840.826	5607.000
840.968	5847.000
841.111	5693.000
841.254	5835.000
841.396	5633.000
841.539	5761.000
841.682	5671.000
841.824	5770.000
841.967	5611.000
842.109	5837.000
842.252	5665.000
842.395	5871.000
842.537	5695.000
842.680	5889.000
842.823	5618.000
842.965	5857.000
843.108	5650.000
843.251	5790.000
843.393	5632.000
843.536	5863.000
843.679	5635.000
843.821	5880.000
843.964	5694.000
844.106	5882.000
844.249	5639.000
844.392	5816.000
844.534	5703.000
844.677	5890.000
844.820	5740.000
844.962	5855.000
845.105	5753.000
845.248	5919.000
845.390	5749.000
845.533	5819.000
845.676	5757.000
845.818	5932.000
845.961	5681.000
846.104	5870.000
846.246	5699.000
846.389	5912.000
846.531	5673.000
846.674	5923.000
846.817	5714.000
846.959	5962.000
847.102	5800.000
847.245	5888.000
847.387	5693.000
847.530	5870.000
847.673	5735.000
847.815	5851.000
847.958	5722.000
848.101	5899.000
848.243	5789.000
848.386	5882.000
848.529	5759.000
848.671	5906.000
848.814	5781.000
848.957	5878.000
849.099	5705.000
849.242	5947.000
849.385	5725.000
849.527	5881.000
849.670	5719.000
849.813	5847.000
849.955	5658.000
850.098	5902.000
850.240	5784.000
850.383	5833.000
850.526	5767.000
850.668	5962.000
850.811	5701.000
850.954	5925.000
851.096	5793.000
851.239	5892.000
851.382	5722.000
851.524	5860.000
851.667	5717.000
851.810	5823.000
851.952	5744.000
852.095	5849.000
852.238	5736.000
852.380	5891.000
852.523	5710.000
852.666	5968.000
852.808	5758.000
852.951	5874.000
853.094	5836.000
853.236	5879.000
853.379	5751.000
853.522	5895.000
853.664	4986.000
853.807	5876.000
853.950	5721.000
854.092	5816.000
854.235	5641.000
854.378	5853.000
854.520	5679.000
854.663	5855.000
854.806	5760.000
854.948	5905.000
855.091	5779.000
855.234	5865.000
855.376	5722.000
855.519	5916.000
855.662	5755.000
855.804	5877.000
855.947	5654.000
856.090	5916.000
856.232	5653.000
856.375	5819.000
856.518	5739.000
856.660	5828.000
856.803	5689.000
856.946	5846.000
857.088	5674.000
857.231	5886.000
857.374	5646.000
857.516	5915.000
857.659	5702.000
857.802	5817.000
857.944	5747.000
858.087	5800.000
858.230	5657.000
858.372	5743.000
858.515	5623.000
858.658	5723.000
858.800	5653.000
858.943	5865.000
859.086	5641.000
859.229	5879.000
859.371	5626.000
859.514	5788.000
859.657	5601.000
859.799	5783.000
859.942	5543.000
860.085	5776.000
860.227	5582.000
860.370	5741.000
860.513	5551.000
860.655	5772.000
860.798	5714.000
860.941	5735.000
861.083	5612.000
861.226	5858.000
861.369	5555.000
861.511	5757.000
861.654	5665.000
861.797	5828.000
861.939	5612.000
862.082	5876.000
862.225	8954.000
862.367	5854.000
862.510	5661.000
862.653	5815.000
862.795	5682.000
862.938	5808.000
863.081	5592.000
863.224	5777.000
863.366	5737.000
863.509	5892.000
863.652	5723.000
863.794	5817.000
863.937	5641.000
864.080	5839.000
864.222	5759.000
864.365	5924.000
864.508	5715.000
864.650	5855.000
864.793	5687.000
864.936	5875.000
865.078	5767.000
865.221	5927.000
865.364	5732.000
865.507	5872.000
865.649	5774.000
865.792	5870.000
865.935	5702.000
866.077	5789.000
866.220	5685.000
866.363	5948.000
866.505	5722.000
866.648	5853.000
866.791	5700.000
866.933	5933.000
867.076	5737.000
867.219	5918.000
867.362	5694.000
867.504	5892.000
867.647	5631.000
867.790	5887.000
867.932	5650.000
868.075	5907.000
868.218	5663.000
868.360	5890.000
868.503	5720.000
868.646	5875.000
868.788	5731.000
868.931	5904.000
869.074	5646.000
869.217	5904.000
869.359	5774.000
869.502	5795.000
869.645	5686.000
869.787	5887.000
869.930	5712.000
870.073	5847.000
870.215	5705.000
870.358	5850.000
870.501	5749.000
870.644	5862.000
870.786	5733.000
870.929	5874.000
871.072	5746.000
871.214	5931.000
871.357	5681.000
871.500	5896.000
871.642	5657.000
871.785	5853.000
871.928	5799.000
872.071	5983.000
872.213	5732.000
872.356	5876.000
872.499	5765.000
872.641	5936.000
872.784	5739.000
872.927	5961.000
873.069	5764.000
873.212	5963.000
873.355	5773.000
873.498	5864.000
873.640	5784.000
873.783	5962.000
873.926	5757.000
874.068	5817.000
874.211	5815.000
874.354	5985.000
874.496	5837.000
874.639	5881.000
874.782	5783.000
874.925	5848.000
875.067	5830.000
875.210	5950.000
