1429.840	3317.000
1429.989	3439.000
1430.138	3307.000
1430.288	3569.000
1430.437	3291.000
1430.587	3538.000
1430.736	3275.000
1430.885	3507.000
1431.035	3310.000
1431.184	3506.000
1431.333	3233.000
1431.482	3543.000
1431.632	3301.000
1431.781	3460.000
1431.930	3292.000
1432.079	3553.000
1432.229	3223.000
1432.378	3551.000
1432.527	3239.000
1432.676	3548.000
1432.825	3255.000
1432.974	3458.000
1433.123	3395.000
1433.273	3514.000
1433.422	3314.000
1433.571	3480.000
1433.720	3310.000
1433.869	3460.000
1434.018	3289.000
1434.167	3492.000
1434.316	3302.000
1434.465	3549.000
1434.614	3356.000
1434.763	3491.000
1434.911	3268.000
1435.060	3482.000
1435.209	3340.000
1435.358	3474.000
1435.507	3344.000
1435.656	3516.000
1435.805	3277.000
1435.954	3536.000
1436.102	3255.000
1436.251	3549.000
1436.400	3281.000
1436.549	3518.000
1436.697	3350.000
1436.846	3468.000
1436.995	3296.000
1437.144	3513.000
1437.292	3268.000
1437.441	3455.000
1437.590	3299.000
1437.738	3522.000
1437.887	3253.000
1438.035	3486.000
1438.184	3246.000
1438.333	3495.000
1438.481	3250.000
1438.630	3457.000
1438.778	3315.000
1438.927	3444.000
1439.075	3247.000
1439.224	3416.000
1439.372	3222.000
1439.521	3505.000
1439.669	3288.000
1439.818	3444.000
1439.966	3250.000
1440.114	3465.000
1440.263	3290.000
1440.411	3434.000
1440.559	3276.000
1440.708	3481.000
1440.856	3191.000
1441.004	3440.000
1441.153	3239.000
1441.301	3432.000
1441.449	3288.000
1441.597	3499.000
1441.746	3226.000
1441.894	3478.000
1442.042	3267.000
1442.190	3471.000
1442.338	3223.000
1442.487	3445.000
1442.635	3217.000
1442.783	3431.000
1442.931	3257.000
1443.079	3417.000
1443.227	3224.000
1443.375	3462.000
1443.523	3277.000
1443.671	3450.000
1443.819	3304.000
1443.967	3434.000
1444.115	3187.000
1444.263	3453.000
1444.411	3235.000
1444.559	3437.000
1444.707	3205.000
1444.855	3360.000
1445.003	3169.000
1445.151	3355.000
1445.299	3225.000
1445.447	3447.000
1445.594	3191.000
1445.742	3404.000
1445.890	3214.000
1446.038	3380.000
1446.186	3242.000
1446.333	3451.000
1446.481	3096.000
1446.629	3454.000
1446.776	3188.000
1446.924	3384.000
1447.072	3220.000
1447.220	3417.000
1447.367	3247.000
1447.515	3420.000
1447.662	3218.000
1447.810	3386.000
1447.958	3199.000
1448.105	3478.000
1448.253	3187.000
1448.400	3419.000
1448.548	3162.000
1448.695	3342.000
1448.843	3285.000
1448.990	3449.000
1449.138	3228.000
1449.285	3408.000
1449.433	3202.000
1449.580	3358.000
1449.728	3168.000
1449.875	3375.000
1450.022	3245.000
1450.170	3430.000
1450.317	3182.000
1450.464	3391.000
1450.612	3279.000
1450.759	3420.000
1450.906	3192.000
1451.054	3345.000
1451.201	3222.000
1451.348	3457.000
1451.495	3264.000
1451.643	3385.000
1451.790	3199.000
1451.937	3429.000
1452.084	3234.000
1452.231	3398.000
1452.378	3221.000
1452.526	3351.000
1452.673	3177.000
1452.820	3438.000
1452.967	3226.000
1453.114	3438.000
1453.261	3200.000
1453.408	3428.000
1453.555	3219.000
1453.702	3348.000
1453.849	3206.000
1453.996	3413.000
1454.143	3180.000
1454.290	3403.000
1454.437	3239.000
1454.584	3380.000
1454.731	3227.000
1454.878	3459.000
1455.024	3144.000
1455.171	3411.000
1455.318	3216.000
1455.465	3349.000
1455.612	3241.000
1455.759	3424.000
1455.905	3166.000
1456.052	3420.000
1456.199	3097.000
1456.346	3331.000
1456.492	3180.000
1456.639	3409.000
1456.786	3222.000
1456.932	3424.000
1457.079	3124.000
1457.226	3320.000
1457.372	3178.000
1457.519	3372.000
1457.665	3231.000
1457.812	3420.000
1457.959	3171.000
1458.105	3366.000
1458.252	3126.000
1458.398	3385.000
1458.545	3199.000
1458.691	3472.000
1458.838	3146.000
1458.984	3356.000
1459.131	3115.000
1459.277	3452.000
1459.423	3261.000
1459.570	3338.000
1459.716	3250.000
1459.863	3352.000
1460.009	3160.000
1460.155	3370.000
1460.302	3173.000
1460.448	3440.000
1460.594	3129.000
1460.741	3408.000
1460.887	3157.000
1461.033	3378.000
1461.179	3145.000
1461.326	3440.000
1461.472	3179.000
1461.618	3349.000
1461.764	3141.000
1461.910	3357.000
1462.056	3122.000
1462.203	3349.000
1462.349	3188.000
1462.495	3381.000
1462.641	3184.000
1462.787	3379.000
1462.933	3078.000
1463.079	3400.000
1463.225	3137.000
1463.371	3374.000
1463.517	3146.000
1463.663	3439.000
1463.809	3179.000
1463.955	3362.000
1464.101	3154.000
1464.247	3419.000
1464.393	3175.000
1464.539	3371.000
1464.684	3178.000
1464.830	3408.000
1464.976	3115.000
1465.122	3331.000
1465.268	3160.000
1465.414	3357.000
1465.559	3180.000
1465.705	3369.000
1465.851	3115.000
1465.997	3392.000
1466.142	3191.000
1466.288	3388.000
1466.434	3241.000
1466.579	3464.000
1466.725	3198.000
1466.871	3348.000
1467.016	3141.000
1467.162	3372.000
1467.308	3140.000
1467.453	3401.000
1467.599	3275.000
1467.744	3421.000
1467.890	3160.000
1468.035	3444.000
1468.181	3291.000
1468.326	3368.000
1468.472	3162.000
1468.617	3436.000
1468.763	3217.000
1468.908	3389.000
1469.054	3155.000
1469.199	3407.000
1469.344	3159.000
1469.490	3392.000
1469.635	3186.000
1469.780	3396.000
1469.926	3178.000
1470.071	3384.000
1470.216	3194.000
1470.362	3415.000
1470.507	3166.000
1470.652	3470.000
1470.797	3212.000
1470.943	3334.000
1471.088	3203.000
1471.233	3410.000
1471.378	3139.000
1471.523	3387.000
1471.668	3265.000
1471.814	3393.000
1471.959	3170.000
1472.104	3356.000
1472.249	3166.000
1472.394	3385.000
1472.539	3188.000
1472.684	3382.000
1472.829	3226.000
1472.974	3416.000
1473.119	3193.000
1473.264	3382.000
1473.409	3061.000
1473.554	3415.000
1473.699	3175.000
1473.844	3366.000
1473.989	3153.000
1474.134	3393.000
1474.279	3165.000
1474.423	3359.000
1474.568	3270.000
1474.713	3289.000
1474.858	3111.000
1475.003	3385.000
1475.147	3174.000
1475.292	3374.000
1475.437	3138.000
1475.582	3396.000
1475.726	3248.000
1475.871	3400.000
1476.016	3156.000
1476.161	3380.000
1476.305	3209.000
1476.450	3393.000
1476.594	3135.000
1476.739	3396.000
1476.884	3171.000
1477.028	3310.000
1477.173	3203.000
1477.317	3363.000
1477.462	3161.000
1477.606	3457.000
1477.751	3136.000
1477.895	3278.000
1478.040	3168.000
1478.184	3405.000
1478.329	3208.000
1478.473	3315.000
1478.618	3109.000
1478.762	3408.000
1478.907	3161.000
1479.051	3369.000
1479.195	3159.000
1479.340	3398.000
1479.484	3173.000
1479.628	3380.000
1479.773	3233.000
1479.917	3410.000
1480.061	3192.000
1480.205	3408.000
1480.350	3158.000
1480.494	3317.000
1480.638	3198.000
1480.782	3375.000
1480.926	3090.000
1481.071	3419.000
1481.215	3104.000
1481.359	3318.000
1481.503	3142.000
1481.647	3380.000
1481.791	3157.000
1481.935	3336.000
1482.079	3203.000
1482.223	3268.000
1482.367	3134.000
1482.511	3368.000
1482.655	3240.000
1482.799	3308.000
1482.943	3157.000
1483.087	3347.000
1483.231	3174.000
1483.375	3372.000
1483.519	3124.000
1483.663	3312.000
1483.807	3127.000
1483.951	3349.000
1484.095	3141.000
1484.238	3353.000
1484.382	3099.000
1484.526	3389.000
1484.670	3086.000
1484.814	3361.000
1484.957	3121.000
1485.101	3428.000
1485.245	3147.000
1485.389	3433.000
1485.532	3090.000
1485.676	3471.000
1485.820	3150.000
1485.963	3351.000
1486.107	3151.000
1486.250	3357.000
1486.394	3173.000
1486.538	3325.000
1486.681	3150.000
1486.825	3388.000
1486.968	3122.000
1487.112	3347.000
1487.255	3155.000
1487.399	3372.000
1487.542	3251.000
1487.686	3426.000
1487.829	3215.000
1487.973	3351.000
1488.116	3148.000
1488.260	3416.000
1488.403	3058.000
1488.546	3404.000
1488.690	3213.000
1488.833	3364.000
1488.976	3236.000
1489.120	3297.000
1489.263	3076.000
1489.406	3297.000
1489.550	3195.000
1489.693	3456.000
1489.836	3148.000
1489.979	3346.000
1490.123	3096.000
1490.266	3399.000
1490.409	3183.000
1490.552	3326.000
1490.695	3098.000
1490.838	3430.000
1490.981	3212.000
1491.125	3358.000
1491.268	3158.000
1491.411	3383.000
1491.554	3132.000
1491.697	3413.000
1491.840	3217.000
1491.983	3312.000
1492.126	3115.000
1492.269	3363.000
1492.412	3168.000
1492.555	3453.000
1492.698	3130.000
1492.841	3406.000
1492.984	3156.000
1493.126	3358.000
1493.269	3173.000
1493.412	3371.000
1493.555	3165.000
1493.698	3385.000
1493.841	3182.000
1493.984	3366.000
1494.126	3180.000
1494.269	3431.000
1494.412	3187.000
1494.555	3411.000
1494.697	3171.000
1494.840	3315.000
1494.983	3125.000
1495.125	3409.000
1495.268	3138.000
1495.411	3344.000
1495.553	3141.000
1495.696	3320.000
1495.839	3127.000
1495.981	3336.000
1496.124	3171.000
1496.266	3374.000
1496.409	3150.000
1496.551	3400.000
1496.694	3190.000
1496.836	3347.000
1496.979	3171.000
1497.121	3425.000
1497.264	3234.000
1497.406	3360.000
1497.549	3151.000
1497.691	3430.000
1497.834	3149.000
1497.976	3344.000
1498.118	3131.000
1498.261	3366.000
1498.403	3188.000
1498.545	3395.000
1498.688	3138.000
1498.830	3373.000
1498.972	3141.000
1499.114	3321.000
1499.257	3215.000
1499.399	3328.000
1499.541	3155.000
1499.683	3377.000
1499.826	3082.000
1499.968	3415.000
1500.110	3215.000
1500.252	3345.000
1500.394	3152.000
1500.536	3299.000
1500.678	3218.000
1500.820	3386.000
1500.962	3209.000
1501.104	3405.000
1501.247	3145.000
1501.389	3382.000
1501.531	3179.000
1501.673	3402.000
1501.815	3150.000
1501.956	3415.000
1502.098	3200.000
1502.240	3451.000
1502.382	3180.000
1502.524	3285.000
1502.666	3099.000
1502.808	3398.000
1502.950	3104.000
1503.092	3358.000
1503.233	3170.000
1503.375	3364.000
1503.517	3175.000
1503.659	3354.000
1503.801	3147.000
1503.942	3409.000
1504.084	3044.000
1504.226	3406.000
1504.367	3165.000
1504.509	3337.000
1504.651	3178.000
1504.792	3392.000
1504.934	3176.000
1505.076	3339.000
1505.217	3163.000
1505.359	3356.000
1505.501	3190.000
1505.642	3364.000
1505.784	3107.000
1505.925	3365.000
1506.067	3280.000
1506.208	3392.000
1506.350	3162.000
1506.491	3409.000
1506.633	3124.000
1506.774	3384.000
1506.915	3131.000
1507.057	3389.000
1507.198	3082.000
1507.340	3470.000
1507.481	3183.000
1507.622	3443.000
1507.764	3175.000
1507.905	3387.000
1508.046	3176.000
1508.188	3410.000
1508.329	3114.000
1508.470	3340.000
1508.611	3126.000
1508.753	3384.000
1508.894	3192.000
1509.035	3363.000
1509.176	3082.000
1509.317	3376.000
1509.459	3173.000
1509.600	3329.000
1509.741	3150.000
1509.882	3348.000
1510.023	3112.000
1510.164	3357.000
1510.305	3111.000
1510.446	3409.000
1510.587	3150.000
1510.728	3445.000
1510.869	3142.000
1511.010	3340.000
1511.151	3117.000
1511.292	3340.000
1511.433	3187.000
1511.574	3476.000
1511.715	3161.000
1511.856	3420.000
1511.997	3044.000
1512.138	3354.000
1512.279	3145.000
1512.419	3364.000
1512.560	3149.000
1512.701	3335.000
1512.842	3260.000
1512.983	3341.000
1513.123	3163.000
1513.264	3400.000
1513.405	3115.000
1513.546	3350.000
1513.686	3092.000
1513.827	3431.000
1513.968	3186.000
1514.108	3271.000
1514.249	3139.000
1514.390	3375.000
1514.530	3154.000
1514.671	3273.000
1514.811	3081.000
1514.952	3314.000
1515.093	3217.000
1515.233	3397.000
1515.374	3177.000
1515.514	3414.000
1515.655	3131.000
1515.795	3362.000
1515.936	3154.000
1516.076	3322.000
1516.216	3086.000
1516.357	3328.000
1516.497	3201.000
1516.638	3377.000
1516.778	3109.000
1516.918	3369.000
1517.059	3128.000
1517.199	3335.000
1517.339	3060.000
1517.480	3348.000
1517.620	3109.000
1517.760	3295.000
1517.900	3078.000
1518.041	3303.000
1518.181	3200.000
1518.321	3292.000
1518.461	3107.000
1518.601	3327.000
1518.742	3153.000
1518.882	3319.000
1519.022	3103.000
1519.162	3365.000
1519.302	3128.000
1519.442	3311.000
1519.582	3105.000
1519.722	3356.000
1519.862	3107.000
1520.002	3304.000
1520.142	3112.000
1520.282	3310.000
1520.422	3073.000
1520.562	3266.000
1520.702	3072.000
1520.842	3355.000
1520.982	3184.000
1521.122	3286.000
1521.262	3120.000
1521.402	3298.000
1521.542	3116.000
1521.682	3284.000
1521.821	3089.000
1521.961	3301.000
1522.101	3055.000
1522.241	3305.000
1522.380	3115.000
1522.520	3321.000
1522.660	3089.000
1522.800	3247.000
1522.939	3061.000
1523.079	3349.000
1523.219	3104.000
1523.358	3311.000
1523.498	3127.000
1523.638	3286.000
1523.777	3022.000
1523.917	3291.000
1524.057	3183.000
1524.196	3375.000
1524.336	3128.000
1524.475	3308.000
1524.615	3145.000
1524.754	3259.000
1524.894	3080.000
1525.033	3315.000
1525.173	3128.000
1525.312	3290.000
1525.452	3072.000
1525.591	3309.000
1525.730	3079.000
1525.870	3347.000
1526.009	3107.000
1526.148	3379.000
1526.288	3062.000
1526.427	3348.000
1526.566	3110.000
1526.706	3335.000
1526.845	3085.000
1526.984	3362.000
1527.124	3070.000
1527.263	3293.000
1527.402	3105.000
1527.541	3271.000
1527.680	3093.000
1527.820	3356.000
1527.959	3094.000
1528.098	3271.000
1528.237	3092.000
1528.376	3262.000
1528.515	3110.000
1528.654	3349.000
1528.793	3133.000
1528.933	3265.000
1529.072	3106.000
1529.211	3304.000
1529.350	3156.000
1529.489	3270.000
1529.628	3105.000
1529.767	3289.000
1529.905	3135.000
1530.044	3392.000
1530.183	3121.000
1530.322	3264.000
1530.461	3170.000
1530.600	3296.000
1530.739	3111.000
1530.878	3392.000
1531.017	3165.000
1531.155	3339.000
1531.294	3154.000
1531.433	3356.000
1531.572	3163.000
1531.710	3315.000
1531.849	3157.000
1531.988	3386.000
1532.127	3160.000
1532.265	3297.000
1532.404	3211.000
1532.543	3373.000
1532.681	3138.000
1532.820	3274.000
1532.959	3102.000
1533.097	3371.000
1533.236	3122.000
1533.374	3334.000
1533.513	3173.000
1533.651	3395.000
1533.790	3314.000
1533.929	3331.000
1534.067	3129.000
1534.205	3329.000
1534.344	3115.000
1534.482	3386.000
1534.621	3106.000
1534.759	3367.000
1534.898	3102.000
1535.036	3275.000
1535.174	3168.000
1535.313	3297.000
1535.451	3117.000
1535.589	3307.000
1535.728	3118.000
1535.866	3375.000
1536.004	3123.000
1536.143	3284.000
1536.281	3122.000
1536.419	3277.000
1536.557	3107.000
1536.696	3338.000
1536.834	3149.000
1536.972	3296.000
1537.110	3191.000
1537.248	3314.000
1537.386	3126.000
1537.525	3416.000
1537.663	3138.000
1537.801	3320.000
1537.939	3115.000
1538.077	3277.000
1538.215	3128.000
1538.353	3299.000
1538.491	3137.000
1538.629	3215.000
1538.767	3140.000
1538.905	3258.000
1539.043	3147.000
1539.181	3326.000
1539.319	3136.000
1539.457	3321.000
1539.595	3139.000
1539.732	3367.000
1539.870	3145.000
1540.008	3316.000
1540.146	3155.000
1540.284	3282.000
1540.422	3163.000
1540.559	3299.000
1540.697	3170.000
1540.835	3255.000
1540.973	3173.000
1541.110	3318.000
1541.248	3205.000
1541.386	3292.000
1541.523	3110.000
1541.661	3259.000
1541.799	3101.000
1541.936	3292.000
1542.074	3114.000
1542.212	3353.000
1542.349	3149.000
1542.487	3324.000
1542.624	3121.000
1542.762	3278.000
1542.899	3110.000
1543.037	3300.000
1543.174	3082.000
1543.312	3360.000
1543.449	3102.000
1543.587	3344.000
1543.724	3162.000
1543.862	3368.000
1543.999	3107.000
1544.137	3361.000
1544.274	3138.000
1544.411	3309.000
1544.549	3095.000
1544.686	3358.000
1544.823	3099.000
1544.961	3350.000
1545.098	3152.000
1545.235	3351.000
1545.372	3083.000
1545.510	3327.000
1545.647	3134.000
1545.784	3344.000
1545.921	3142.000
1546.058	3339.000
1546.196	3191.000
1546.333	3374.000
1546.470	3195.000
1546.607	3313.000
1546.744	3157.000
1546.881	3375.000
1547.018	3137.000
1547.155	3367.000
1547.292	3110.000
1547.429	3375.000
1547.567	3098.000
1547.704	3367.000
1547.841	3127.000
1547.977	3396.000
1548.114	3203.000
1548.251	3387.000
1548.388	3099.000
1548.525	3335.000
1548.662	3150.000
1548.799	3299.000
1548.936	3146.000
1549.073	3343.000
1549.210	3180.000
1549.346	3342.000
1549.483	3188.000
1549.620	3362.000
1549.757	3208.000
1549.893	3353.000
1550.030	3132.000
1550.167	3366.000
1550.304	3128.000
1550.440	3343.000
1550.577	3134.000
1550.714	3334.000
1550.850	3087.000
1550.987	3376.000
1551.124	3172.000
1551.260	3301.000
1551.397	3203.000
1551.533	3458.000
1551.670	3137.000
1551.807	3389.000
1551.943	3174.000
1552.080	3338.000
1552.216	3121.000
1552.353	3292.000
1552.489	3143.000
1552.626	3297.000
1552.762	3145.000
1552.898	3364.000
1553.035	3167.000
1553.171	3323.000
1553.308	3133.000
1553.444	3416.000
1553.580	3196.000
1553.717	3362.000
1553.853	3223.000
1553.989	3361.000
1554.126	3165.000
1554.262	3369.000
1554.398	2760.000
1554.534	3337.000
1554.671	3131.000
1554.807	3290.000
1554.943	3070.000
1555.079	3335.000
1555.215	3116.000
1555.352	3335.000
1555.488	3222.000
1555.624	3355.000
1555.760	3181.000
1555.896	3310.000
1556.032	3137.000
1556.168	3371.000
1556.304	3198.000
1556.440	3368.000
1556.576	3095.000
1556.712	3343.000
1556.848	3109.000
1556.984	3301.000
1557.120	3154.000
1557.256	3269.000
1557.392	3125.000
1557.528	3347.000
1557.664	3123.000
1557.800	3359.000
1557.936	3070.000
1558.071	3431.000
1558.207	3175.000
1558.343	3294.000
1558.479	3165.000
1558.615	3289.000
1558.751	3122.000
1558.886	3261.000
1559.022	3068.000
1559.158	3250.000
1559.293	3086.000
1559.429	3360.000
1559.565	3106.000
1559.701	3335.000
1559.836	3107.000
1559.972	3258.000
1560.107	3081.000
1560.243	3268.000
1560.379	3005.000
1560.514	3258.000
1560.650	3052.000
1560.785	3273.000
1560.921	3022.000
1561.056	3279.000
1561.192	3162.000
1561.327	3280.000
1561.463	3080.000
1561.598	3359.000
1561.734	3039.000
1561.869	3296.000
1562.005	3111.000
1562.140	3325.000
1562.275	3086.000
1562.411	3399.000
1562.546	4670.000
1562.682	3333.000
1562.817	3101.000
1562.952	3327.000
1563.087	3126.000
1563.223	3305.000
1563.358	3034.000
1563.493	3272.000
1563.628	3208.000
1563.764	3389.000
1563.899	3192.000
1564.034	3266.000
1564.169	3099.000
1564.304	3289.000
1564.440	3170.000
1564.575	3383.000
1564.710	3097.000
1564.845	3281.000
1564.980	3082.000
1565.115	3332.000
1565.250	3145.000
1565.385	3356.000
1565.520	3135.000
1565.655	3325.000
1565.790	3143.000
1565.925	3286.000
1566.060	3071.000
1566.195	3275.000
1566.330	3074.000
1566.465	3374.000
1566.600	3145.000
1566.735	3346.000
1566.870	3102.000
1567.004	3354.000
1567.139	3135.000
1567.274	3368.000
1567.409	3110.000
1567.544	3341.000
1567.678	3022.000
1567.813	3332.000
1567.948	3070.000
1568.083	3344.000
1568.217	3082.000
1568.352	3359.000
1568.487	3130.000
1568.622	3320.000
1568.756	3123.000
1568.891	3402.000
1569.025	3056.000
1569.160	3339.000
1569.295	3158.000
1569.429	3279.000
1569.564	3108.000
1569.698	3353.000
1569.833	3089.000
1569.967	3304.000
1570.102	3122.000
1570.236	3278.000
1570.371	3137.000
1570.505	3294.000
1570.640	3127.000
1570.774	3306.000
1570.909	3151.000
1571.043	3400.000
1571.177	3087.000
1571.312	3303.000
1571.446	3059.000
1571.581	3296.000
1571.715	3173.000
1571.849	3366.000
1571.983	3118.000
1572.118	3315.000
1572.252	3174.000
1572.386	3356.000
1572.521	3157.000
1572.655	3394.000
1572.789	3142.000
1572.923	3363.000
1573.057	3114.000
1573.191	3312.000
1573.326	3138.000
1573.460	3334.000
1573.594	3146.000
1573.728	3213.000
1573.862	3175.000
1573.996	3372.000
1574.130	3188.000
1574.264	3302.000
1574.398	3125.000
1574.532	3245.000
1574.666	3171.000
1574.800	3391.000
