1229.956	3699.000
1230.103	3802.000
1230.250	3679.000
1230.397	3877.000
1230.544	3635.000
1230.691	3884.000
1230.838	3663.000
1230.985	3845.000
1231.132	3668.000
1231.278	3816.000
1231.425	3625.000
1231.572	3871.000
1231.719	3674.000
1231.866	3815.000
1232.013	3648.000
1232.159	3884.000
1232.306	3608.000
1232.453	3877.000
1232.600	3600.000
1232.746	3881.000
1232.893	3587.000
1233.040	3777.000
1233.186	3731.000
1233.333	3827.000
1233.480	3682.000
1233.627	3796.000
1233.773	3667.000
1233.920	3798.000
1234.066	3626.000
1234.213	3791.000
1234.360	3654.000
1234.506	3856.000
1234.653	3698.000
1234.800	3809.000
1234.946	3591.000
1235.093	3781.000
1235.239	3686.000
1235.386	3798.000
1235.532	3673.000
1235.679	3837.000
1235.825	3605.000
1235.972	3834.000
1236.118	3599.000
1236.265	3858.000
1236.411	3596.000
1236.558	3808.000
1236.704	3662.000
1236.851	3737.000
1236.997	3635.000
1237.143	3808.000
1237.290	3596.000
1237.436	3755.000
1237.583	3628.000
1237.729	3826.000
1237.875	3575.000
1238.022	3802.000
1238.168	3581.000
1238.314	3787.000
1238.461	3535.000
1238.607	3735.000
1238.753	3625.000
1238.900	3744.000
1239.046	3562.000
1239.192	3714.000
1239.338	3527.000
1239.485	3784.000
1239.631	3573.000
1239.777	3699.000
1239.923	3537.000
1240.070	3747.000
1240.216	3539.000
1240.362	3726.000
1240.508	3566.000
1240.654	3751.000
1240.800	3473.000
1240.947	3705.000
1241.093	3495.000
1241.239	3667.000
1241.385	3561.000
1241.531	3773.000
1241.677	3497.000
1241.823	3712.000
1241.969	3544.000
1242.115	3715.000
1242.261	3504.000
1242.407	3679.000
1242.553	3473.000
1242.699	3654.000
1242.845	3545.000
1242.991	3671.000
1243.137	3472.000
1243.283	3704.000
1243.429	3540.000
1243.575	3678.000
1243.721	3511.000
1243.867	3666.000
1244.013	3444.000
1244.159	3675.000
1244.305	3504.000
1244.451	3707.000
1244.596	3463.000
1244.742	3613.000
1244.888	3440.000
1245.034	3594.000
1245.180	3442.000
1245.326	3694.000
1245.471	3437.000
1245.617	3632.000
1245.763	3455.000
1245.909	3608.000
1246.055	3440.000
1246.200	3617.000
1246.346	3308.000
1246.492	3656.000
1246.638	3422.000
1246.783	3562.000
1246.929	3456.000
1247.075	3632.000
1247.220	3458.000
1247.366	3597.000
1247.512	3448.000
1247.657	3602.000
1247.803	3425.000
1247.949	3668.000
1248.094	3383.000
1248.240	3615.000
1248.385	3360.000
1248.531	3514.000
1248.676	3499.000
1248.822	3615.000
1248.968	3419.000
1249.113	3614.000
1249.259	3422.000
1249.404	3551.000
1249.550	3371.000
1249.695	3588.000
1249.841	3438.000
1249.986	3617.000
1250.132	3402.000
1250.277	3587.000
1250.422	3455.000
1250.568	3585.000
1250.713	3391.000
1250.859	3519.000
1251.004	3398.000
1251.150	3629.000
1251.295	3442.000
1251.440	3566.000
1251.586	3383.000
1251.731	3596.000
1251.876	3379.000
1252.022	3562.000
1252.167	3335.000
1252.312	3544.000
1252.458	3376.000
1252.603	3604.000
1252.748	3415.000
1252.893	3576.000
1253.039	3377.000
1253.184	3600.000
1253.329	3369.000
1253.474	3525.000
1253.619	3378.000
1253.765	3579.000
1253.910	3339.000
1254.055	3527.000
1254.200	3398.000
1254.345	3532.000
1254.490	3384.000
1254.636	3580.000
1254.781	3285.000
1254.926	3547.000
1255.071	3370.000
1255.216	3496.000
1255.361	3393.000
1255.506	3547.000
1255.651	3285.000
1255.796	3559.000
1255.941	3246.000
1256.086	3487.000
1256.231	3349.000
1256.376	3547.000
1256.521	3360.000
1256.666	3562.000
1256.811	3258.000
1256.956	3448.000
1257.101	3323.000
1257.246	3486.000
1257.391	3359.000
1257.536	3560.000
1257.681	3293.000
1257.826	3480.000
1257.971	3266.000
1258.116	3503.000
1258.260	3345.000
1258.405	3565.000
1258.550	3272.000
1258.695	3500.000
1258.840	3256.000
1258.985	3563.000
1259.129	3406.000
1259.274	3457.000
1259.419	3356.000
1259.564	3470.000
1259.708	3282.000
1259.853	3483.000
1259.998	3310.000
1260.143	3552.000
1260.287	3249.000
1260.432	3503.000
1260.577	3303.000
1260.721	3498.000
1260.866	3246.000
1261.011	3540.000
1261.155	3298.000
1261.300	3479.000
1261.445	3238.000
1261.589	3444.000
1261.734	3227.000
1261.878	3444.000
1262.023	3296.000
1262.168	3497.000
1262.312	3283.000
1262.457	3510.000
1262.601	3165.000
1262.746	3490.000
1262.890	3269.000
1263.035	3464.000
1263.179	3250.000
1263.324	3544.000
1263.468	3289.000
1263.613	3468.000
1263.757	3253.000
1263.902	3511.000
1264.046	3251.000
1264.191	3437.000
1264.335	3292.000
1264.479	3494.000
1264.624	3226.000
1264.768	3446.000
1264.912	3252.000
1265.057	3457.000
1265.201	3269.000
1265.346	3440.000
1265.490	3228.000
1265.634	3478.000
1265.778	3268.000
1265.923	3467.000
1266.067	3327.000
1266.211	3528.000
1266.356	3291.000
1266.500	3436.000
1266.644	3226.000
1266.788	3449.000
1266.933	3235.000
1267.077	3492.000
1267.221	3353.000
1267.365	3486.000
1267.509	3243.000
1267.653	3517.000
1267.798	3347.000
1267.942	3446.000
1268.086	3248.000
1268.230	3496.000
1268.374	3268.000
1268.518	3452.000
1268.662	3246.000
1268.806	3506.000
1268.950	3266.000
1269.095	3448.000
1269.239	3271.000
1269.383	3462.000
1269.527	3271.000
1269.671	3450.000
1269.815	3275.000
1269.959	3492.000
1270.103	3258.000
1270.247	3562.000
1270.391	3303.000
1270.535	3423.000
1270.679	3274.000
1270.822	3479.000
1270.966	3255.000
1271.110	3446.000
1271.254	3330.000
1271.398	3473.000
1271.542	3254.000
1271.686	3419.000
1271.830	3272.000
1271.973	3453.000
1272.117	3252.000
1272.261	3447.000
1272.405	3298.000
1272.549	3492.000
1272.693	3282.000
1272.836	3447.000
1272.980	3113.000
1273.124	3496.000
1273.268	3240.000
1273.411	3436.000
1273.555	3239.000
1273.699	3482.000
1273.843	3237.000
1273.986	3439.000
1274.130	3311.000
1274.274	3363.000
1274.417	3185.000
1274.561	3458.000
1274.705	3238.000
1274.848	3418.000
1274.992	3206.000
1275.135	3486.000
1275.279	3338.000
1275.423	3440.000
1275.566	3208.000
1275.710	3459.000
1275.853	3284.000
1275.997	3432.000
1276.140	3203.000
1276.284	3473.000
1276.427	3230.000
1276.571	3380.000
1276.714	3281.000
1276.858	3384.000
1277.001	3232.000
1277.145	3512.000
1277.288	3226.000
1277.432	3348.000
1277.575	3236.000
1277.719	3445.000
1277.862	3287.000
1278.005	3412.000
1278.149	3151.000
1278.292	3467.000
1278.435	3230.000
1278.579	3395.000
1278.722	3225.000
1278.865	3460.000
1279.009	3253.000
1279.152	3429.000
1279.295	3291.000
1279.439	3442.000
1279.582	3221.000
1279.725	3480.000
1279.868	3204.000
1280.012	3368.000
1280.155	3265.000
1280.298	3389.000
1280.441	3163.000
1280.585	3462.000
1280.728	3156.000
1280.871	3351.000
1281.014	3220.000
1281.157	3436.000
1281.300	3228.000
1281.444	3393.000
1281.587	3236.000
1281.730	3323.000
1281.873	3168.000
1282.016	3410.000
1282.159	3310.000
1282.302	3310.000
1282.445	3219.000
1282.588	3366.000
1282.731	3240.000
1282.874	3413.000
1283.017	3182.000
1283.160	3362.000
1283.303	3188.000
1283.446	3387.000
1283.589	3230.000
1283.732	3388.000
1283.875	3146.000
1284.018	3442.000
1284.161	3132.000
1284.304	3400.000
1284.447	3158.000
1284.590	3443.000
1284.733	3221.000
1284.876	3498.000
1285.019	3147.000
1285.161	3488.000
1285.304	3199.000
1285.447	3379.000
1285.590	3229.000
1285.733	3381.000
1285.876	3231.000
1286.018	3329.000
1286.161	3208.000
1286.304	3438.000
1286.447	3157.000
1286.589	3393.000
1286.732	3201.000
1286.875	3413.000
1287.018	3291.000
1287.160	3460.000
1287.303	3250.000
1287.446	3382.000
1287.588	3157.000
1287.731	3456.000
1287.874	3107.000
1288.016	3425.000
1288.159	3233.000
1288.302	3404.000
1288.444	3286.000
1288.587	3347.000
1288.729	3127.000
1288.872	3349.000
1289.015	3226.000
1289.157	3465.000
1289.300	3216.000
1289.442	3383.000
1289.585	3138.000
1289.727	3423.000
1289.870	3208.000
1290.012	3383.000
1290.155	3127.000
1290.297	3439.000
1290.440	3260.000
1290.582	3382.000
1290.725	3199.000
1290.867	3416.000
1291.009	3171.000
1291.152	3433.000
1291.294	3252.000
1291.437	3323.000
1291.579	3125.000
1291.721	3398.000
1291.864	3223.000
1292.006	3485.000
1292.148	3186.000
1292.291	3437.000
1292.433	3193.000
1292.575	3393.000
1292.718	3239.000
1292.860	3434.000
1293.002	3208.000
1293.145	3395.000
1293.287	3240.000
1293.429	3383.000
1293.571	3213.000
1293.713	3440.000
1293.856	3245.000
1293.998	3443.000
1294.140	3213.000
1294.282	3373.000
1294.424	3161.000
1294.567	3429.000
1294.709	3181.000
1294.851	3366.000
1294.993	3195.000
1295.135	3352.000
1295.277	3202.000
1295.419	3351.000
1295.561	3214.000
1295.703	3381.000
1295.845	3196.000
1295.987	3422.000
1296.129	3262.000
1296.272	3390.000
1296.414	3189.000
1296.556	3433.000
1296.698	3246.000
1296.840	3371.000
1296.981	3186.000
1297.123	3441.000
1297.265	3202.000
1297.407	3341.000
1297.549	3178.000
1297.691	3373.000
1297.833	3226.000
1297.975	3427.000
1298.117	3192.000
1298.259	3392.000
1298.401	3179.000
1298.542	3356.000
1298.684	3266.000
1298.826	3371.000
1298.968	3153.000
1299.110	3396.000
1299.252	3114.000
1299.393	3427.000
1299.535	3280.000
1299.677	3336.000
1299.819	3195.000
1299.960	3338.000
1300.102	3225.000
1300.244	3389.000
1300.386	3233.000
1300.527	3427.000
1300.669	3173.000
1300.811	3383.000
1300.952	3207.000
1301.094	3422.000
1301.236	3187.000
1301.377	3451.000
1301.519	3238.000
1301.661	3443.000
1301.802	3220.000
1301.944	3279.000
1302.085	3137.000
1302.227	3404.000
1302.368	3140.000
1302.510	3356.000
1302.652	3181.000
1302.793	3346.000
1302.935	3182.000
1303.076	3362.000
1303.218	3160.000
1303.359	3407.000
1303.501	3076.000
1303.642	3446.000
1303.783	3201.000
1303.925	3369.000
1304.066	3221.000
1304.208	3402.000
1304.349	3181.000
1304.491	3361.000
1304.632	3164.000
1304.773	3359.000
1304.915	3203.000
1305.056	3379.000
1305.197	3119.000
1305.339	3375.000
1305.480	3315.000
1305.621	3401.000
1305.763	3207.000
1305.904	3417.000
1306.045	3155.000
1306.187	3394.000
1306.328	3139.000
1306.469	3390.000
1306.610	3131.000
1306.752	3480.000
1306.893	3190.000
1307.034	3438.000
1307.175	3172.000
1307.316	3380.000
1307.458	3203.000
1307.599	3419.000
1307.740	3131.000
1307.881	3367.000
1308.022	3151.000
1308.163	3409.000
1308.304	3225.000
1308.446	3376.000
1308.587	3103.000
1308.728	3371.000
1308.869	3189.000
1309.010	3338.000
1309.151	3166.000
1309.292	3385.000
1309.433	3097.000
1309.574	3390.000
1309.715	3122.000
1309.856	3394.000
1309.997	3217.000
1310.138	3456.000
1310.279	3182.000
1310.420	3378.000
1310.561	3142.000
1310.702	3348.000
1310.843	3213.000
1310.984	3466.000
1311.124	3166.000
1311.265	3386.000
1311.406	3071.000
1311.547	3353.000
1311.688	3182.000
1311.829	3379.000
1311.970	3173.000
1312.110	3339.000
1312.251	3262.000
1312.392	3335.000
1312.533	3187.000
1312.674	3405.000
1312.814	3143.000
1312.955	3389.000
1313.096	3137.000
1313.237	3440.000
1313.377	3222.000
1313.518	3307.000
1313.659	3149.000
1313.800	3371.000
1313.940	3160.000
1314.081	3288.000
1314.222	3098.000
1314.362	3346.000
1314.503	3218.000
1314.644	3373.000
1314.784	3203.000
1314.925	3428.000
1315.065	3154.000
1315.206	3343.000
1315.347	3162.000
1315.487	3317.000
1315.628	3060.000
1315.768	3334.000
1315.909	3207.000
1316.049	3383.000
1316.190	3128.000
1316.330	3376.000
1316.471	3151.000
1316.611	3375.000
1316.752	3102.000
1316.892	3349.000
1317.033	3108.000
1317.173	3301.000
1317.313	3087.000
1317.454	3306.000
1317.594	3211.000
1317.735	3338.000
1317.875	3133.000
1318.015	3340.000
1318.156	3159.000
1318.296	3339.000
1318.437	3134.000
1318.577	3377.000
1318.717	3137.000
1318.857	3302.000
1318.998	3112.000
1319.138	3376.000
1319.278	3141.000
1319.419	3318.000
1319.559	3123.000
1319.699	3294.000
1319.839	3107.000
1319.980	3255.000
1320.120	3087.000
1320.260	3362.000
1320.400	3205.000
1320.540	3288.000
1320.681	3123.000
1320.821	3326.000
1320.961	3151.000
1321.101	3316.000
1321.241	3110.000
1321.381	3299.000
1321.521	3095.000
1321.661	3289.000
1321.802	3120.000
1321.942	3311.000
1322.082	3111.000
1322.222	3271.000
1322.362	3091.000
1322.502	3334.000
1322.642	3132.000
1322.782	3317.000
1322.922	3174.000
1323.062	3303.000
1323.202	3060.000
1323.342	3291.000
1323.482	3180.000
1323.622	3380.000
1323.762	3121.000
1323.902	3266.000
1324.041	3157.000
1324.181	3268.000
1324.321	3070.000
1324.461	3338.000
1324.601	3142.000
1324.741	3273.000
1324.881	3087.000
1325.021	3281.000
1325.160	3062.000
1325.300	3343.000
1325.440	3165.000
1325.580	3334.000
1325.720	3063.000
1325.859	3341.000
1325.999	3092.000
1326.139	3319.000
1326.279	3117.000
1326.418	3368.000
1326.558	3096.000
1326.698	3312.000
1326.838	3107.000
1326.977	3273.000
1327.117	3075.000
1327.257	3348.000
1327.396	3104.000
1327.536	3270.000
1327.675	3142.000
1327.815	3318.000
1327.955	3126.000
1328.094	3344.000
1328.234	3149.000
1328.374	3282.000
1328.513	3124.000
1328.653	3307.000
1328.792	3145.000
1328.932	3271.000
1329.071	3118.000
1329.211	3303.000
1329.350	3175.000
1329.490	3375.000
1329.629	3113.000
1329.769	3266.000
1329.908	3171.000
1330.048	3358.000
1330.187	3117.000
1330.327	3380.000
1330.466	3173.000
1330.605	3327.000
1330.745	3185.000
1330.884	3334.000
1331.024	3157.000
1331.163	3333.000
1331.302	3119.000
1331.442	3358.000
1331.581	3175.000
1331.720	3297.000
1331.860	3200.000
1331.999	3351.000
1332.138	3127.000
1332.277	3291.000
1332.417	3108.000
1332.556	3387.000
1332.695	3125.000
1332.834	3311.000
1332.974	3166.000
1333.113	3398.000
1333.252	3360.000
1333.391	3348.000
1333.531	3133.000
1333.670	3321.000
1333.809	3112.000
1333.948	3365.000
1334.087	3102.000
1334.226	3382.000
1334.365	3120.000
1334.505	3269.000
1334.644	3206.000
1334.783	3323.000
1334.922	3120.000
1335.061	3300.000
1335.200	3140.000
1335.339	3368.000
1335.478	3146.000
1335.617	3289.000
1335.756	3082.000
1335.895	3270.000
1336.034	3112.000
1336.173	3315.000
1336.312	3150.000
1336.451	3294.000
1336.590	3190.000
1336.729	3330.000
1336.868	3109.000
1337.007	3420.000
1337.146	3131.000
1337.285	3308.000
1337.423	3143.000
1337.562	3282.000
1337.701	3153.000
1337.840	3272.000
1337.979	3148.000
1338.118	3258.000
1338.256	3136.000
1338.395	3226.000
1338.534	3170.000
1338.673	3305.000
1338.812	3136.000
1338.950	3328.000
1339.089	3142.000
1339.228	3323.000
1339.367	3133.000
1339.505	3297.000
1339.644	3147.000
1339.783	3303.000
1339.922	3142.000
1340.060	3292.000
1340.199	3133.000
1340.338	3245.000
1340.476	3138.000
1340.615	3326.000
1340.753	3210.000
1340.892	3286.000
1341.031	3136.000
1341.169	3267.000
1341.308	3122.000
1341.446	3265.000
1341.585	3134.000
1341.724	3334.000
1341.862	3142.000
1342.001	3325.000
1342.139	3115.000
1342.278	3278.000
1342.416	3101.000
1342.555	3274.000
1342.693	3084.000
1342.832	3315.000
1342.970	3102.000
1343.109	3362.000
1343.247	3173.000
1343.385	3374.000
1343.524	3102.000
1343.662	3360.000
1343.801	3096.000
1343.939	3298.000
1344.077	3117.000
1344.216	3333.000
1344.354	3075.000
1344.492	3354.000
1344.631	3158.000
1344.769	3351.000
1344.907	3098.000
1345.046	3317.000
1345.184	3121.000
1345.322	3338.000
1345.460	3143.000
1345.599	3336.000
1345.737	3154.000
1345.875	3356.000
1346.013	3190.000
1346.152	3295.000
1346.290	3162.000
1346.428	3355.000
1346.566	3117.000
1346.704	3337.000
1346.843	3107.000
1346.981	3343.000
1347.119	3121.000
1347.257	3363.000
1347.395	3095.000
1347.533	3391.000
1347.671	3220.000
1347.809	3353.000
1347.947	3121.000
1348.085	3322.000
1348.224	3137.000
1348.362	3281.000
1348.500	3162.000
1348.638	3335.000
1348.776	3182.000
1348.914	3310.000
1349.052	3176.000
1349.190	3356.000
1349.328	3193.000
1349.466	3320.000
1349.603	3122.000
1349.741	3409.000
1349.879	3120.000
1350.017	3316.000
1350.155	3116.000
1350.293	3307.000
1350.431	3075.000
1350.569	3376.000
1350.707	3186.000
1350.844	3292.000
1350.982	3198.000
1351.120	3440.000
1351.258	3117.000
1351.396	3376.000
1351.534	3187.000
1351.671	3323.000
1351.809	3149.000
1351.947	3291.000
1352.085	3140.000
1352.222	3285.000
1352.360	3175.000
1352.498	3358.000
1352.636	3150.000
1352.773	3314.000
1352.911	3132.000
1353.049	3386.000
1353.186	3193.000
1353.324	3331.000
1353.462	3232.000
1353.599	3343.000
1353.737	3187.000
1353.874	3339.000
1354.012	2759.000
1354.150	3302.000
1354.287	3122.000
1354.425	3285.000
1354.562	3086.000
1354.700	3310.000
1354.837	3111.000
1354.975	3314.000
1355.112	3221.000
1355.250	3313.000
1355.387	3190.000
1355.525	3315.000
1355.662	3147.000
1355.800	3350.000
1355.937	3175.000
1356.075	3337.000
1356.212	3085.000
1356.350	3364.000
1356.487	3090.000
1356.624	3309.000
1356.762	3175.000
1356.899	3279.000
1357.037	3139.000
1357.174	3329.000
1357.311	3131.000
1357.449	3359.000
1357.586	3075.000
1357.723	3391.000
1357.860	3172.000
1357.998	3285.000
1358.135	3167.000
1358.272	3281.000
1358.410	3119.000
1358.547	3235.000
1358.684	3078.000
1358.821	3244.000
1358.959	3105.000
1359.096	3344.000
1359.233	3097.000
1359.370	3352.000
1359.507	3096.000
1359.644	3247.000
1359.782	3087.000
1359.919	3249.000
1360.056	3010.000
1360.193	3276.000
1360.330	3026.000
1360.467	3253.000
1360.604	3060.000
1360.741	3280.000
1360.878	3172.000
1361.015	3281.000
1361.152	3069.000
1361.290	3361.000
1361.427	3025.000
1361.564	3274.000
1361.701	3107.000
1361.838	3304.000
1361.975	3086.000
1362.112	3349.000
1362.248	4681.000
1362.385	3348.000
1362.522	3124.000
1362.659	3296.000
1362.796	3150.000
1362.933	3288.000
1363.070	3011.000
1363.207	3247.000
1363.344	3193.000
1363.481	3375.000
1363.617	3173.000
1363.754	3299.000
1363.891	3123.000
1364.028	3282.000
1364.165	3186.000
1364.302	3375.000
1364.438	3112.000
1364.575	3299.000
1364.712	3110.000
1364.849	3344.000
1364.985	3141.000
1365.122	3318.000
1365.259	3156.000
1365.396	3331.000
1365.532	3151.000
1365.669	3285.000
1365.806	3054.000
1365.942	3256.000
1366.079	3083.000
1366.216	3376.000
1366.352	3081.000
1366.489	3319.000
1366.625	3115.000
1366.762	3346.000
1366.899	3131.000
1367.035	3374.000
1367.172	3110.000
1367.308	3339.000
1367.445	3025.000
1367.581	3322.000
1367.718	3027.000
1367.855	3337.000
1367.991	3076.000
1368.128	3345.000
1368.264	3110.000
1368.401	3315.000
1368.537	3086.000
1368.673	3385.000
1368.810	3045.000
1368.946	3323.000
1369.083	3159.000
1369.219	3263.000
1369.356	3112.000
1369.492	3322.000
1369.628	3111.000
1369.765	3312.000
1369.901	3127.000
1370.037	3283.000
1370.174	3116.000
1370.310	3264.000
1370.446	3160.000
1370.583	3292.000
1370.719	3149.000
1370.855	3376.000
1370.992	3060.000
1371.128	3339.000
1371.264	3090.000
1371.400	3283.000
1371.537	3190.000
1371.673	3363.000
1371.809	3128.000
1371.945	3321.000
1372.081	3156.000
1372.218	3358.000
1372.354	3158.000
1372.490	3404.000
1372.626	3155.000
1372.762	3356.000
1372.898	3141.000
1373.034	3306.000
1373.170	3143.000
1373.307	3355.000
1373.443	3141.000
1373.579	3228.000
1373.715	3193.000
1373.851	3360.000
1373.987	3202.000
1374.123	3285.000
1374.259	3124.000
1374.395	3239.000
1374.531	3189.000
1374.667	3385.000
