1129.938	10816.000
1130.084	10529.000
1130.229	10712.000
1130.375	10511.000
1130.521	10572.000
1130.667	10410.000
1130.813	10479.000
1130.958	10320.000
1131.104	10418.000
1131.250	10279.000
1131.396	10336.000
1131.542	10321.000
1131.687	10404.000
1131.833	10186.000
1131.979	10389.000
1132.124	10336.000
1132.270	10359.000
1132.416	10366.000
1132.561	10460.000
1132.707	10459.000
1132.853	10570.000
1132.998	10468.000
1133.144	10906.000
1133.290	10748.000
1133.435	11108.000
1133.581	10980.000
1133.727	11358.000
1133.872	11072.000
1134.018	11255.000
1134.163	10958.000
1134.309	11083.000
1134.455	10714.000
1134.600	10777.000
1134.746	10543.000
1134.891	10545.000
1135.037	10367.000
1135.182	10513.000
1135.328	10235.000
1135.473	10384.000
1135.619	10211.000
1135.764	10292.000
1135.910	10197.000
1136.055	10175.000
1136.201	10140.000
1136.346	10095.000
1136.492	10071.000
1136.637	10163.000
1136.783	9989.000
1136.928	10069.000
1137.074	9957.000
1137.219	10026.000
1137.364	9889.000
1137.510	10030.000
1137.655	9953.000
1137.801	9943.000
1137.946	9905.000
1138.091	9929.000
1138.237	9882.000
1138.382	9885.000
1138.527	9842.000
1138.673	9951.000
1138.818	9827.000
1138.963	9880.000
1139.109	9799.000
1139.254	9842.000
1139.399	9866.000
1139.544	9889.000
1139.690	9727.000
1139.835	9875.000
1139.980	9804.000
1140.125	9876.000
1140.271	9781.000
1140.416	9877.000
1140.561	9840.000
1140.706	9790.000
1140.851	9776.000
1140.997	9818.000
1141.142	9736.000
1141.287	9876.000
1141.432	9898.000
1141.577	9815.000
1141.723	9814.000
1141.868	9900.000
1142.013	9790.000
1142.158	9815.000
1142.303	9786.000
1142.448	9841.000
1142.593	9774.000
1142.738	9862.000
1142.883	9755.000
1143.028	9815.000
1143.174	9774.000
1143.319	9843.000
1143.464	9736.000
1143.609	9845.000
1143.754	9743.000
1143.899	9774.000
1144.044	9743.000
1144.189	9829.000
1144.334	9768.000
1144.479	9746.000
1144.624	9660.000
1144.769	9753.000
1144.914	9648.000
1145.059	9750.000
1145.204	9743.000
1145.348	9721.000
1145.493	9681.000
1145.638	9702.000
1145.783	9666.000
1145.928	9773.000
1146.073	9705.000
1146.218	9626.000
1146.363	9778.000
1146.508	9679.000
1146.653	9667.000
1146.797	9785.000
1146.942	9735.000
1147.087	9794.000
1147.232	9697.000
1147.377	9744.000
1147.522	9733.000
1147.666	9758.000
1147.811	9760.000
1147.956	9730.000
1148.101	9759.000
1148.245	9663.000
1148.390	9655.000
1148.535	9830.000
1148.680	9754.000
1148.824	9747.000
1148.969	9745.000
1149.114	9791.000
1149.259	9698.000
1149.403	9757.000
1149.548	9711.000
1149.693	9801.000
1149.837	9779.000
1149.982	9730.000
1150.127	9687.000
1150.271	9765.000
1150.416	9746.000
1150.561	9749.000
1150.705	9660.000
1150.850	9698.000
1150.994	9778.000
1151.139	9777.000
1151.284	9675.000
1151.428	9640.000
1151.573	9709.000
1151.717	9681.000
1151.862	9634.000
1152.006	9594.000
1152.151	9632.000
1152.295	9595.000
1152.440	9716.000
1152.584	9647.000
1152.729	9665.000
1152.873	9658.000
1153.018	9618.000
1153.162	9623.000
1153.307	9547.000
1153.451	9581.000
1153.596	9606.000
1153.740	9526.000
1153.885	9615.000
1154.029	9598.000
1154.174	9555.000
1154.318	9572.000
1154.462	9604.000
1154.607	9460.000
1154.751	9558.000
1154.896	9534.000
1155.040	9493.000
1155.184	9570.000
1155.329	9569.000
1155.473	9452.000
1155.617	9543.000
1155.762	9382.000
1155.906	9430.000
1156.050	9470.000
1156.194	9542.000
1156.339	9514.000
1156.483	9511.000
1156.627	9384.000
1156.772	9399.000
1156.916	9444.000
1157.060	9416.000
1157.204	9469.000
1157.349	9504.000
1157.493	9443.000
1157.637	9427.000
1157.781	9363.000
1157.925	9447.000
1158.070	9405.000
1158.214	9499.000
1158.358	9353.000
1158.502	9429.000
1158.646	9340.000
1158.790	9521.000
1158.935	9499.000
1159.079	9435.000
1159.223	9499.000
1159.367	9429.000
1159.511	9369.000
1159.655	9425.000
1159.799	9443.000
1159.943	9516.000
1160.087	9365.000
1160.231	9484.000
1160.375	9433.000
1160.519	9480.000
1160.664	9392.000
1160.808	9562.000
1160.952	9492.000
1161.096	9498.000
1161.240	9428.000
1161.384	9454.000
1161.528	9435.000
1161.672	9521.000
1161.815	9523.000
1161.959	9556.000
1162.103	9488.000
1162.247	9604.000
1162.391	9366.000
1162.535	9579.000
1162.679	9457.000
1162.823	9576.000
1162.967	9461.000
1163.111	9618.000
1163.255	9540.000
1163.399	9544.000
1163.542	9516.000
1163.686	9626.000
1163.830	9522.000
1163.974	9586.000
1164.118	9551.000
1164.262	9660.000
1164.405	9534.000
1164.549	9582.000
1164.693	9542.000
1164.837	9626.000
1164.981	9562.000
1165.124	9660.000
1165.268	9558.000
1165.412	9740.000
1165.556	9654.000
1165.699	9776.000
1165.843	9777.000
1165.987	9814.000
1166.131	9734.000
1166.274	9702.000
1166.418	9651.000
1166.562	9736.000
1166.705	9681.000
1166.849	9776.000
1166.993	9880.000
1167.136	9866.000
1167.280	9775.000
1167.424	9899.000
1167.567	9931.000
1167.711	9831.000
1167.854	9819.000
1167.998	9939.000
1168.142	9871.000
1168.285	9930.000
1168.429	9868.000
1168.572	10005.000
1168.716	9919.000
1168.859	9985.000
1169.003	10014.000
1169.147	10072.000
1169.290	10062.000
1169.434	10104.000
1169.577	10088.000
1169.721	10106.000
1169.864	10081.000
1170.008	10235.000
1170.151	10143.000
1170.294	10119.000
1170.438	10207.000
1170.581	10238.000
1170.725	10123.000
1170.868	10285.000
1171.012	10296.000
1171.155	10317.000
1171.298	10221.000
1171.442	10242.000
1171.585	10272.000
1171.729	10299.000
1171.872	10284.000
1172.015	10358.000
1172.159	10332.000
1172.302	10414.000
1172.445	10374.000
1172.589	10446.000
1172.732	10269.000
1172.875	10509.000
1173.019	10402.000
1173.162	10468.000
1173.305	10447.000
1173.449	10581.000
1173.592	10475.000
1173.735	10531.000
1173.878	10618.000
1174.022	10501.000
1174.165	10516.000
1174.308	10638.000
1174.451	10587.000
1174.594	10641.000
1174.738	10559.000
1174.881	10759.000
1175.024	10748.000
1175.167	10733.000
1175.310	10671.000
1175.454	10796.000
1175.597	10745.000
1175.740	10810.000
1175.883	10686.000
1176.026	10868.000
1176.169	10742.000
1176.312	10758.000
1176.455	10846.000
1176.598	10861.000
1176.742	10819.000
1176.885	11017.000
1177.028	10811.000
1177.171	10846.000
1177.314	10892.000
1177.457	11048.000
1177.600	10960.000
1177.743	10921.000
1177.886	10865.000
1178.029	11096.000
1178.172	10921.000
1178.315	11078.000
1178.458	10984.000
1178.601	11124.000
1178.744	11052.000
1178.887	11116.000
1179.030	11131.000
1179.173	11199.000
1179.316	11111.000
1179.458	11231.000
1179.601	11067.000
1179.744	11164.000
1179.887	11192.000
1180.030	11246.000
1180.173	11134.000
1180.316	11361.000
1180.459	11113.000
1180.602	11217.000
1180.744	11247.000
1180.887	11352.000
1181.030	11261.000
1181.173	11364.000
1181.316	11304.000
1181.458	11269.000
1181.601	11263.000
1181.744	11338.000
1181.887	11425.000
1182.030	11297.000
1182.172	11327.000
1182.315	11365.000
1182.458	11360.000
1182.601	11432.000
1182.743	11391.000
1182.886	11391.000
1183.029	11437.000
1183.171	11442.000
1183.314	11421.000
1183.457	11464.000
1183.599	11372.000
1183.742	11525.000
1183.885	11405.000
1184.027	11514.000
1184.170	11429.000
1184.313	11610.000
1184.455	11483.000
1184.598	11668.000
1184.741	11375.000
1184.883	11656.000
1185.026	11479.000
1185.168	11590.000
1185.311	11500.000
1185.453	11623.000
1185.596	11537.000
1185.739	11539.000
1185.881	11505.000
1186.024	11615.000
1186.166	11478.000
1186.309	11525.000
1186.451	11520.000
1186.594	11605.000
1186.736	11575.000
1186.879	11611.000
1187.021	11548.000
1187.164	11588.000
1187.306	11463.000
1187.448	11575.000
1187.591	11184.000
1187.733	11658.000
1187.876	11575.000
1188.018	11575.000
1188.160	11573.000
1188.303	11523.000
1188.445	11401.000
1188.588	11505.000
1188.730	11544.000
1188.872	11638.000
1189.015	11449.000
1189.157	11488.000
1189.299	11444.000
1189.442	11573.000
1189.584	11419.000
1189.726	11518.000
1189.869	11364.000
1190.011	11510.000
1190.153	11425.000
1190.295	11480.000
1190.438	11335.000
1190.580	11458.000
1190.722	11364.000
1190.864	11461.000
1191.007	11412.000
1191.149	11370.000
1191.291	11211.000
1191.433	11358.000
1191.576	11321.000
1191.718	11473.000
1191.860	11248.000
1192.002	11379.000
1192.144	11236.000
1192.286	11285.000
1192.429	11205.000
1192.571	11307.000
1192.713	11160.000
1192.855	11280.000
1192.997	11144.000
1193.139	11229.000
1193.281	11137.000
1193.423	11237.000
1193.565	11110.000
1193.707	11196.000
1193.850	11041.000
1193.992	11044.000
1194.134	10959.000
1194.276	11099.000
1194.418	10906.000
1194.560	10982.000
1194.702	10871.000
1194.844	10910.000
1194.986	10817.000
1195.128	10918.000
1195.270	10808.000
1195.412	10903.000
1195.554	10727.000
1195.696	10852.000
1195.837	10734.000
1195.979	10710.000
1196.121	10651.000
1196.263	10727.000
1196.405	10618.000
1196.547	10653.000
1196.689	10483.000
1196.831	10623.000
1196.973	10495.000
1197.115	10492.000
1197.256	10394.000
1197.398	10458.000
1197.540	10350.000
1197.682	10390.000
1197.824	10268.000
1197.966	10346.000
1198.107	10225.000
1198.249	10280.000
1198.391	10247.000
1198.533	10225.000
1198.675	10083.000
1198.816	10135.000
1198.958	10000.000
1199.100	10176.000
1199.242	10055.000
1199.383	10015.000
1199.525	9925.000
1199.667	9903.000
1199.808	9856.000
1199.950	9928.000
1200.092	9880.000
1200.233	9926.000
1200.375	9719.000
1200.517	9829.000
1200.658	9699.000
1200.800	9811.000
1200.942	9618.000
1201.083	9726.000
1201.225	9608.000
1201.367	9694.000
1201.508	9540.000
1201.650	9464.000
1201.791	9403.000
1201.933	9562.000
1202.074	9332.000
1202.216	9417.000
1202.358	9319.000
1202.499	9392.000
1202.641	9297.000
1202.782	9368.000
1202.924	9236.000
1203.065	9383.000
1203.207	9092.000
1203.348	9342.000
1203.490	9173.000
1203.631	9234.000
1203.773	9144.000
1203.914	9220.000
1204.056	9079.000
1204.197	9197.000
1204.338	9022.000
1204.480	9145.000
1204.621	9008.000
1204.763	9123.000
1204.904	8942.000
1205.045	9097.000
1205.187	9116.000
1205.328	9067.000
1205.470	8986.000
1205.611	9117.000
1205.752	8925.000
1205.894	9055.000
1206.035	8913.000
1206.176	9058.000
1206.318	8841.000
1206.459	9139.000
1206.600	8961.000
1206.741	9096.000
1206.883	8927.000
1207.024	9060.000
1207.165	8913.000
1207.306	9019.000
1207.448	8829.000
1207.589	8962.000
1207.730	8824.000
1207.871	8998.000
1208.013	8857.000
1208.154	8982.000
1208.295	8748.000
1208.436	8940.000
1208.577	8846.000
1208.719	8910.000
1208.860	8823.000
1209.001	8905.000
1209.142	8732.000
1209.283	8907.000
1209.424	8717.000
1209.565	8897.000
1209.706	8805.000
1209.848	8988.000
1209.989	8799.000
1210.130	8866.000
1210.271	8739.000
1210.412	8817.000
1210.553	8787.000
1210.694	8935.000
1210.835	8735.000
1210.976	8926.000
1211.117	8635.000
1211.258	8872.000
1211.399	8768.000
1211.540	8874.000
1211.681	8684.000
1211.822	8855.000
1211.963	8828.000
1212.104	8802.000
1212.245	8742.000
1212.386	8896.000
1212.527	8660.000
1212.668	8832.000
1212.809	8667.000
1212.950	8920.000
1213.090	8728.000
1213.231	8794.000
1213.372	8664.000
1213.513	8833.000
1213.654	8722.000
1213.795	8789.000
1213.936	8598.000
1214.077	8824.000
1214.217	8757.000
1214.358	8889.000
1214.499	8728.000
1214.640	8877.000
1214.781	8688.000
1214.921	8825.000
1215.062	8652.000
1215.203	8802.000
1215.344	8583.000
1215.485	8772.000
1215.625	8720.000
1215.766	8836.000
1215.907	8678.000
1216.047	8859.000
1216.188	8649.000
1216.329	8791.000
1216.470	8565.000
1216.610	8778.000
1216.751	8630.000
1216.892	8693.000
1217.032	8564.000
1217.173	8750.000
1217.314	8702.000
1217.454	8700.000
1217.595	8633.000
1217.735	8747.000
1217.876	8660.000
1218.017	8747.000
1218.157	8592.000
1218.298	8754.000
1218.438	8591.000
1218.579	8728.000
1218.720	8588.000
1218.860	8808.000
1219.001	8588.000
1219.141	8680.000
1219.282	8600.000
1219.422	8690.000
1219.563	8575.000
1219.703	8661.000
1219.844	8539.000
1219.984	8749.000
1220.125	8650.000
1220.265	8691.000
1220.406	8580.000
1220.546	8706.000
1220.687	8585.000
1220.827	8633.000
1220.967	8562.000
1221.108	8722.000
1221.248	8522.000
1221.389	8667.000
1221.529	8584.000
1221.669	8672.000
1221.810	8553.000
1221.950	8618.000
1222.091	8491.000
1222.231	8703.000
1222.371	8562.000
1222.512	8662.000
1222.652	8603.000
1222.792	8728.000
1222.933	8511.000
1223.073	8635.000
1223.213	8637.000
1223.353	8778.000
1223.494	8553.000
1223.634	8656.000
1223.774	8591.000
1223.914	8681.000
1224.055	8518.000
1224.195	8716.000
1224.335	8574.000
1224.475	8711.000
1224.616	8545.000
1224.756	8627.000
1224.896	8513.000
1225.036	8731.000
1225.176	8587.000
1225.316	8759.000
1225.457	8524.000
1225.597	8748.000
1225.737	8535.000
1225.877	8732.000
1226.017	8559.000
1226.157	8765.000
1226.297	8552.000
1226.437	8717.000
1226.578	8564.000
1226.718	8720.000
1226.858	8538.000
1226.998	8788.000
1227.138	8580.000
1227.278	8681.000
1227.418	8631.000
1227.558	8672.000
1227.698	8644.000
1227.838	8776.000
1227.978	8628.000
1228.118	8656.000
1228.258	8565.000
1228.398	8736.000
1228.538	8612.000
1228.678	8644.000
1228.818	8635.000
1228.958	8698.000
1229.098	8608.000
1229.238	8763.000
1229.377	8582.000
1229.517	8688.000
1229.657	8665.000
1229.797	8747.000
1229.937	8600.000
1230.077	8789.000
1230.217	8678.000
1230.357	8752.000
1230.496	8651.000
1230.636	8786.000
1230.776	8646.000
1230.916	8735.000
1231.056	8658.000
1231.196	8784.000
1231.335	8626.000
1231.475	8726.000
1231.615	8713.000
1231.755	8800.000
1231.894	8631.000
1232.034	8705.000
1232.174	8594.000
1232.314	8857.000
1232.453	8632.000
1232.593	8746.000
1232.733	8645.000
1232.873	8864.000
1233.012	9190.000
1233.152	8783.000
1233.292	8643.000
1233.431	8757.000
1233.571	8614.000
1233.711	8842.000
1233.850	8611.000
1233.990	8836.000
1234.129	8639.000
1234.269	8683.000
1234.409	8711.000
1234.548	8747.000
1234.688	8653.000
1234.828	8744.000
1234.967	8672.000
1235.107	8844.000
1235.246	8629.000
1235.386	8734.000
1235.525	8608.000
1235.665	8719.000
1235.804	8617.000
1235.944	8745.000
1236.083	8639.000
1236.223	8675.000
1236.362	8679.000
1236.502	8709.000
1236.641	8616.000
1236.781	8853.000
1236.920	8656.000
1237.060	8710.000
1237.199	8627.000
1237.339	8690.000
1237.478	8634.000
1237.617	8697.000
1237.757	8637.000
1237.896	8638.000
1238.036	8620.000
1238.175	8619.000
1238.314	8619.000
1238.454	8708.000
1238.593	8626.000
1238.732	8709.000
1238.872	8602.000
1239.011	8799.000
1239.150	8642.000
1239.290	8710.000
1239.429	8667.000
1239.568	8715.000
1239.708	8674.000
1239.847	8738.000
1239.986	8655.000
1240.125	8706.000
1240.265	8663.000
1240.404	8766.000
1240.543	8728.000
1240.682	8721.000
1240.822	8653.000
1240.961	8705.000
1241.100	8640.000
1241.239	8741.000
1241.378	8626.000
1241.518	8790.000
1241.657	8674.000
1241.796	8800.000
1241.935	8658.000
1242.074	8731.000
1242.213	8650.000
1242.352	8721.000
1242.492	8581.000
1242.631	8820.000
1242.770	8681.000
1242.909	8809.000
1243.048	8725.000
1243.187	8843.000
1243.326	8656.000
1243.465	8828.000
1243.604	8659.000
1243.743	8782.000
1243.882	8643.000
1244.021	8874.000
1244.160	8647.000
1244.299	8828.000
1244.438	8663.000
1244.577	8865.000
1244.716	8661.000
1244.855	8798.000
1244.994	8700.000
1245.133	8878.000
1245.272	8758.000
1245.411	8837.000
1245.550	8835.000
1245.689	8903.000
1245.828	8805.000
1245.967	8833.000
1246.106	8803.000
1246.244	8920.000
1246.383	8742.000
1246.522	8858.000
1246.661	8759.000
1246.800	8930.000
1246.939	8730.000
1247.078	8948.000
1247.216	8748.000
1247.355	9004.000
1247.494	8882.000
1247.633	8895.000
1247.772	8745.000
1247.910	8882.000
1248.049	8774.000
1248.188	8889.000
1248.327	8793.000
1248.465	8922.000
1248.604	8809.000
1248.743	8870.000
1248.882	8831.000
1249.020	8955.000
1249.159	8839.000
1249.298	8901.000
1249.436	8811.000
1249.575	8966.000
1249.714	8754.000
1249.852	8903.000
1249.991	8772.000
1250.130	8917.000
1250.268	8724.000
1250.407	8941.000
1250.546	8883.000
1250.684	8856.000
1250.823	8833.000
1250.961	8948.000
1251.100	8760.000
1251.239	8944.000
1251.377	8832.000
1251.516	8863.000
1251.654	8768.000
1251.793	8870.000
1251.931	8783.000
1252.070	8878.000
1252.208	8811.000
1252.347	8886.000
1252.485	8824.000
1252.624	8900.000
1252.762	8769.000
1252.901	8962.000
1253.039	8875.000
1253.178	8914.000
1253.316	8903.000
1253.455	8952.000
1253.593	8848.000
1253.732	8918.000
1253.870	7678.000
1254.008	8929.000
1254.147	8814.000
1254.285	8843.000
1254.424	8733.000
1254.562	8913.000
1254.700	8763.000
1254.839	8894.000
1254.977	8836.000
1255.115	8903.000
1255.254	8793.000
1255.392	8861.000
1255.530	8773.000
1255.669	8980.000
1255.807	8820.000
1255.945	8900.000
1256.084	8743.000
1256.222	8926.000
1256.360	8732.000
1256.498	8836.000
1256.637	8806.000
1256.775	8865.000
1256.913	8796.000
1257.051	8891.000
1257.189	8725.000
1257.328	8915.000
1257.466	8690.000
1257.604	8972.000
1257.742	8777.000
1257.880	8846.000
1258.019	8824.000
1258.157	8811.000
1258.295	8713.000
1258.433	8787.000
1258.571	8670.000
1258.709	8760.000
1258.847	8730.000
1258.986	8877.000
1259.124	8716.000
1259.262	8876.000
1259.400	8665.000
1259.538	8760.000
1259.676	8673.000
1259.814	8792.000
1259.952	8624.000
1260.090	8768.000
1260.228	8619.000
1260.366	8774.000
1260.504	8631.000
1260.642	8808.000
1260.780	8783.000
1260.918	8779.000
1261.056	8641.000
1261.194	8905.000
1261.332	8626.000
1261.470	8814.000
1261.608	8705.000
1261.746	8866.000
1261.884	8650.000
1262.022	8911.000
1262.160	13215.000
1262.297	8884.000
1262.435	8741.000
1262.573	8847.000
1262.711	8745.000
1262.849	8825.000
1262.987	8668.000
1263.125	8820.000
1263.262	8811.000
1263.400	8917.000
1263.538	8802.000
1263.676	8838.000
1263.814	8723.000
1263.952	8846.000
1264.089	8830.000
1264.227	8918.000
1264.365	8799.000
1264.503	8926.000
1264.640	8758.000
1264.778	8927.000
1264.916	8823.000
1265.054	8944.000
1265.191	8807.000
1265.329	8916.000
1265.467	8843.000
1265.604	8918.000
1265.742	8757.000
1265.880	8809.000
1266.017	8778.000
1266.155	8931.000
1266.293	8756.000
1266.430	8879.000
1266.568	8764.000
1266.706	8960.000
1266.843	8764.000
1266.981	8945.000
1267.119	8744.000
1267.256	8917.000
1267.394	8636.000
1267.531	8927.000
1267.669	8680.000
1267.806	8871.000
1267.944	8689.000
1268.081	8912.000
1268.219	8736.000
1268.357	8878.000
1268.494	8747.000
1268.632	8908.000
1268.769	8660.000
1268.907	8922.000
1269.044	8793.000
1269.182	8795.000
1269.319	8685.000
1269.456	8885.000
1269.594	8763.000
1269.731	8843.000
1269.869	8718.000
1270.006	8834.000
1270.144	8788.000
1270.281	8872.000
1270.418	8782.000
1270.556	8882.000
1270.693	8757.000
1270.831	8913.000
1270.968	8701.000
1271.105	8875.000
1271.243	8651.000
1271.380	8811.000
1271.517	8790.000
1271.655	8929.000
1271.792	8734.000
1271.929	8831.000
1272.066	8786.000
1272.204	8947.000
1272.341	8771.000
1272.478	8939.000
1272.616	8775.000
1272.753	8959.000
1272.890	8738.000
1273.027	8833.000
1273.165	8782.000
1273.302	8883.000
1273.439	8765.000
1273.576	8748.000
1273.713	8775.000
1273.851	8979.000
1273.988	8831.000
1274.125	8854.000
1274.262	8780.000
1274.399	8805.000
1274.536	8828.000
1274.673	8905.000
