1129.938	10341.000
1130.084	10141.000
1130.229	10277.000
1130.375	10160.000
1130.521	10207.000
1130.667	10127.000
1130.813	10110.000
1130.958	10062.000
1131.104	10131.000
1131.250	10003.000
1131.396	10036.000
1131.542	10038.000
1131.687	10042.000
1131.833	9918.000
1131.979	10069.000
1132.124	10088.000
1132.270	9998.000
1132.416	10063.000
1132.561	10062.000
1132.707	10069.000
1132.853	10082.000
1132.998	10017.000
1133.144	10264.000
1133.290	10139.000
1133.435	10274.000
1133.581	10206.000
1133.727	10422.000
1133.872	10229.000
1134.018	10355.000
1134.163	10243.000
1134.309	10330.000
1134.455	10202.000
1134.600	10247.000
1134.746	10087.000
1134.891	10101.000
1135.037	9990.000
1135.182	10152.000
1135.328	9931.000
1135.473	10081.000
1135.619	9931.000
1135.764	9979.000
1135.910	9898.000
1136.055	9908.000
1136.201	9918.000
1136.346	9852.000
1136.492	9820.000
1136.637	9949.000
1136.783	9744.000
1136.928	9824.000
1137.074	9762.000
1137.219	9829.000
1137.364	9711.000
1137.510	9858.000
1137.655	9752.000
1137.801	9783.000
1137.946	9743.000
1138.091	9757.000
1138.237	9746.000
1138.382	9732.000
1138.527	9624.000
1138.673	9755.000
1138.818	9690.000
1138.963	9704.000
1139.109	9657.000
1139.254	9659.000
1139.399	9687.000
1139.544	9719.000
1139.690	9575.000
1139.835	9703.000
1139.980	9654.000
1140.125	9705.000
1140.271	9610.000
1140.416	9722.000
1140.561	9703.000
1140.706	9628.000
1140.851	9639.000
1140.997	9657.000
1141.142	9609.000
1141.287	9662.000
1141.432	9692.000
1141.577	9623.000
1141.723	9643.000
1141.868	9698.000
1142.013	9635.000
1142.158	9636.000
1142.303	9613.000
1142.448	9619.000
1142.593	9569.000
1142.738	9695.000
1142.883	9614.000
1143.028	9614.000
1143.174	9608.000
1143.319	9669.000
1143.464	9583.000
1143.609	9679.000
1143.754	9566.000
1143.899	9606.000
1144.044	9611.000
1144.189	9646.000
1144.334	9608.000
1144.479	9598.000
1144.624	9539.000
1144.769	9590.000
1144.914	9500.000
1145.059	9607.000
1145.204	9627.000
1145.348	9579.000
1145.493	9561.000
1145.638	9583.000
1145.783	9548.000
1145.928	9579.000
1146.073	9602.000
1146.218	9485.000
1146.363	9645.000
1146.508	9558.000
1146.653	9532.000
1146.797	9667.000
1146.942	9610.000
1147.087	9649.000
1147.232	9571.000
1147.377	9581.000
1147.522	9609.000
1147.666	9611.000
1147.811	9665.000
1147.956	9594.000
1148.101	9638.000
1148.245	9500.000
1148.390	9549.000
1148.535	9691.000
1148.680	9625.000
1148.824	9574.000
1148.969	9597.000
1149.114	9623.000
1149.259	9584.000
1149.403	9631.000
1149.548	9567.000
1149.693	9623.000
1149.837	9656.000
1149.982	9609.000
1150.127	9627.000
1150.271	9623.000
1150.416	9603.000
1150.561	9602.000
1150.705	9502.000
1150.850	9584.000
1150.994	9627.000
1151.139	9657.000
1151.284	9550.000
1151.428	9529.000
1151.573	9581.000
1151.717	9569.000
1151.862	9510.000
1152.006	9470.000
1152.151	9518.000
1152.295	9442.000
1152.440	9562.000
1152.584	9527.000
1152.729	9534.000
1152.873	9539.000
1153.018	9480.000
1153.162	9514.000
1153.307	9428.000
1153.451	9427.000
1153.596	9503.000
1153.740	9395.000
1153.885	9440.000
1154.029	9463.000
1154.174	9371.000
1154.318	9413.000
1154.462	9439.000
1154.607	9327.000
1154.751	9423.000
1154.896	9362.000
1155.040	9340.000
1155.184	9397.000
1155.329	9373.000
1155.473	9319.000
1155.617	9342.000
1155.762	9206.000
1155.906	9257.000
1156.050	9287.000
1156.194	9358.000
1156.339	9315.000
1156.483	9337.000
1156.627	9163.000
1156.772	9211.000
1156.916	9247.000
1157.060	9265.000
1157.204	9273.000
1157.349	9316.000
1157.493	9208.000
1157.637	9197.000
1157.781	9117.000
1157.925	9235.000
1158.070	9181.000
1158.214	9295.000
1158.358	9165.000
1158.502	9211.000
1158.646	9086.000
1158.790	9255.000
1158.935	9271.000
1159.079	9148.000
1159.223	9241.000
1159.367	9208.000
1159.511	9121.000
1159.655	9199.000
1159.799	9171.000
1159.943	9291.000
1160.087	9146.000
1160.231	9227.000
1160.375	9152.000
1160.519	9220.000
1160.664	9115.000
1160.808	9296.000
1160.952	9151.000
1161.096	9209.000
1161.240	9124.000
1161.384	9182.000
1161.528	9094.000
1161.672	9204.000
1161.815	9208.000
1161.959	9315.000
1162.103	9185.000
1162.247	9267.000
1162.391	9051.000
1162.535	9291.000
1162.679	9140.000
1162.823	9246.000
1162.967	9174.000
1163.111	9349.000
1163.255	9237.000
1163.399	9249.000
1163.542	9179.000
1163.686	9304.000
1163.830	9205.000
1163.974	9281.000
1164.118	9226.000
1164.262	9345.000
1164.405	9213.000
1164.549	9285.000
1164.693	9214.000
1164.837	9293.000
1164.981	9276.000
1165.124	9342.000
1165.268	9245.000
1165.412	9423.000
1165.556	9297.000
1165.699	9392.000
1165.843	9394.000
1165.987	9475.000
1166.131	9399.000
1166.274	9351.000
1166.418	9316.000
1166.562	9422.000
1166.705	9330.000
1166.849	9487.000
1166.993	9547.000
1167.136	9514.000
1167.280	9401.000
1167.424	9590.000
1167.567	9554.000
1167.711	9483.000
1167.854	9429.000
1167.998	9533.000
1168.142	9499.000
1168.285	9592.000
1168.429	9547.000
1168.572	9647.000
1168.716	9568.000
1168.859	9626.000
1169.003	9648.000
1169.147	9673.000
1169.290	9622.000
1169.434	9725.000
1169.577	9713.000
1169.721	9693.000
1169.864	9655.000
1170.008	9864.000
1170.151	9751.000
1170.294	9726.000
1170.438	9803.000
1170.581	9831.000
1170.725	9703.000
1170.868	9851.000
1171.012	9894.000
1171.155	9909.000
1171.298	9825.000
1171.442	9884.000
1171.585	9867.000
1171.729	9920.000
1171.872	9867.000
1172.015	9905.000
1172.159	9932.000
1172.302	9989.000
1172.445	9949.000
1172.589	10007.000
1172.732	9833.000
1172.875	10103.000
1173.019	9960.000
1173.162	10047.000
1173.305	10009.000
1173.449	10151.000
1173.592	10048.000
1173.735	10103.000
1173.878	10219.000
1174.022	10078.000
1174.165	10085.000
1174.308	10197.000
1174.451	10182.000
1174.594	10199.000
1174.738	10123.000
1174.881	10324.000
1175.024	10316.000
1175.167	10302.000
1175.310	10221.000
1175.454	10305.000
1175.597	10309.000
1175.740	10396.000
1175.883	10254.000
1176.026	10391.000
1176.169	10321.000
1176.312	10308.000
1176.455	10365.000
1176.598	10435.000
1176.742	10390.000
1176.885	10548.000
1177.028	10356.000
1177.171	10372.000
1177.314	10453.000
1177.457	10605.000
1177.600	10496.000
1177.743	10500.000
1177.886	10444.000
1178.029	10652.000
1178.172	10504.000
1178.315	10630.000
1178.458	10567.000
1178.601	10659.000
1178.744	10611.000
1178.887	10714.000
1179.030	10714.000
1179.173	10761.000
1179.316	10687.000
1179.458	10797.000
1179.601	10654.000
1179.744	10736.000
1179.887	10763.000
1180.030	10786.000
1180.173	10651.000
1180.316	10915.000
1180.459	10697.000
1180.602	10789.000
1180.744	10817.000
1180.887	10922.000
1181.030	10839.000
1181.173	10892.000
1181.316	10869.000
1181.458	10857.000
1181.601	10818.000
1181.744	10922.000
1181.887	10981.000
1182.030	10884.000
1182.172	10879.000
1182.315	10969.000
1182.458	10995.000
1182.601	11003.000
1182.743	10945.000
1182.886	10970.000
1183.029	10982.000
1183.171	11042.000
1183.314	11012.000
1183.457	11044.000
1183.599	10952.000
1183.742	11131.000
1183.885	10976.000
1184.027	11103.000
1184.170	11005.000
1184.313	11200.000
1184.455	11058.000
1184.598	11289.000
1184.741	10994.000
1184.883	11267.000
1185.026	11059.000
1185.168	11187.000
1185.311	11089.000
1185.453	11215.000
1185.596	11155.000
1185.739	11162.000
1185.881	11134.000
1186.024	11230.000
1186.166	11145.000
1186.309	11223.000
1186.451	11164.000
1186.594	11278.000
1186.736	11219.000
1186.879	11236.000
1187.021	11224.000
1187.164	11255.000
1187.306	11139.000
1187.448	11284.000
1187.591	10807.000
1187.733	11297.000
1187.876	11220.000
1188.018	11250.000
1188.160	11257.000
1188.303	11211.000
1188.445	11123.000
1188.588	11210.000
1188.730	11230.000
1188.872	11325.000
1189.015	11131.000
1189.157	11213.000
1189.299	11129.000
1189.442	11237.000
1189.584	11183.000
1189.726	11199.000
1189.869	11083.000
1190.011	11226.000
1190.153	11180.000
1190.295	11217.000
1190.438	11104.000
1190.580	11223.000
1190.722	11115.000
1190.864	11252.000
1191.007	11159.000
1191.149	11137.000
1191.291	11025.000
1191.433	11117.000
1191.576	11092.000
1191.718	11266.000
1191.860	11021.000
1192.002	11144.000
1192.144	11045.000
1192.286	11108.000
1192.429	11004.000
1192.571	11097.000
1192.713	11004.000
1192.855	11110.000
1192.997	10977.000
1193.139	11036.000
1193.281	10945.000
1193.423	11044.000
1193.565	10925.000
1193.707	11019.000
1193.850	10869.000
1193.992	10874.000
1194.134	10809.000
1194.276	10974.000
1194.418	10740.000
1194.560	10854.000
1194.702	10753.000
1194.844	10786.000
1194.986	10723.000
1195.128	10785.000
1195.270	10747.000
1195.412	10746.000
1195.554	10622.000
1195.696	10781.000
1195.837	10664.000
1195.979	10656.000
1196.121	10576.000
1196.263	10651.000
1196.405	10575.000
1196.547	10583.000
1196.689	10415.000
1196.831	10545.000
1196.973	10452.000
1197.115	10439.000
1197.256	10327.000
1197.398	10410.000
1197.540	10297.000
1197.682	10361.000
1197.824	10239.000
1197.966	10337.000
1198.107	10165.000
1198.249	10266.000
1198.391	10246.000
1198.533	10166.000
1198.675	10066.000
1198.816	10094.000
1198.958	10004.000
1199.100	10162.000
1199.242	10079.000
1199.383	10008.000
1199.525	9938.000
1199.667	9928.000
1199.808	9917.000
1199.950	9946.000
1200.092	9908.000
1200.233	9922.000
1200.375	9755.000
1200.517	9844.000
1200.658	9747.000
1200.800	9831.000
1200.942	9664.000
1201.083	9765.000
1201.225	9707.000
1201.367	9757.000
1201.508	9615.000
1201.650	9555.000
1201.791	9468.000
1201.933	9628.000
1202.074	9408.000
1202.216	9525.000
1202.358	9429.000
1202.499	9473.000
1202.641	9389.000
1202.782	9460.000
1202.924	9329.000
1203.065	9504.000
1203.207	9207.000
1203.348	9452.000
1203.490	9287.000
1203.631	9363.000
1203.773	9259.000
1203.914	9332.000
1204.056	9215.000
1204.197	9338.000
1204.338	9134.000
1204.480	9252.000
1204.621	9153.000
1204.763	9278.000
1204.904	9090.000
1205.045	9244.000
1205.187	9267.000
1205.328	9268.000
1205.470	9124.000
1205.611	9211.000
1205.752	9067.000
1205.894	9201.000
1206.035	9059.000
1206.176	9231.000
1206.318	8958.000
1206.459	9311.000
1206.600	9095.000
1206.741	9234.000
1206.883	9037.000
1207.024	9183.000
1207.165	9102.000
1207.306	9184.000
1207.448	9026.000
1207.589	9142.000
1207.730	8976.000
1207.871	9168.000
1208.013	9067.000
1208.154	9150.000
1208.295	8933.000
1208.436	9109.000
1208.577	9020.000
1208.719	9088.000
1208.860	9027.000
1209.001	9101.000
1209.142	8867.000
1209.283	9110.000
1209.424	8888.000
1209.565	9120.000
1209.706	8979.000
1209.848	9179.000
1209.989	9010.000
1210.130	9044.000
1210.271	8915.000
1210.412	9009.000
1210.553	9016.000
1210.694	9150.000
1210.835	8937.000
1210.976	9113.000
1211.117	8831.000
1211.258	9078.000
1211.399	8932.000
1211.540	9117.000
1211.681	8917.000
1211.822	9089.000
1211.963	9054.000
1212.104	9033.000
1212.245	8969.000
1212.386	9119.000
1212.527	8949.000
1212.668	9109.000
1212.809	8901.000
1212.950	9134.000
1213.090	8939.000
1213.231	9030.000
1213.372	8905.000
1213.513	9065.000
1213.654	8959.000
1213.795	8995.000
1213.936	8855.000
1214.077	9073.000
1214.217	9015.000
1214.358	9099.000
1214.499	8991.000
1214.640	9148.000
1214.781	8921.000
1214.921	9104.000
1215.062	8919.000
1215.203	9017.000
1215.344	8840.000
1215.485	9019.000
1215.625	8956.000
1215.766	9086.000
1215.907	8939.000
1216.047	9110.000
1216.188	8909.000
1216.329	9058.000
1216.470	8831.000
1216.610	9029.000
1216.751	8880.000
1216.892	8926.000
1217.032	8833.000
1217.173	8996.000
1217.314	8992.000
1217.454	8970.000
1217.595	8894.000
1217.735	9021.000
1217.876	8925.000
1218.017	9030.000
1218.157	8880.000
1218.298	9067.000
1218.438	8890.000
1218.579	9001.000
1218.720	8869.000
1218.860	9066.000
1219.001	8896.000
1219.141	8953.000
1219.282	8902.000
1219.422	8971.000
1219.563	8869.000
1219.703	8887.000
1219.844	8832.000
1219.984	9055.000
1220.125	8926.000
1220.265	9007.000
1220.406	8897.000
1220.546	9021.000
1220.687	8896.000
1220.827	8951.000
1220.967	8828.000
1221.108	9007.000
1221.248	8821.000
1221.389	8988.000
1221.529	8875.000
1221.669	9040.000
1221.810	8902.000
1221.950	8931.000
1222.091	8835.000
1222.231	9023.000
1222.371	8898.000
1222.512	8989.000
1222.652	8888.000
1222.792	9045.000
1222.933	8802.000
1223.073	8951.000
1223.213	8982.000
1223.353	9079.000
1223.494	8889.000
1223.634	8988.000
1223.774	8935.000
1223.914	8962.000
1224.055	8849.000
1224.195	9027.000
1224.335	8901.000
1224.475	9005.000
1224.616	8888.000
1224.756	8979.000
1224.896	8863.000
1225.036	9098.000
1225.176	8921.000
1225.316	9057.000
1225.457	8859.000
1225.597	9042.000
1225.737	8893.000
1225.877	9066.000
1226.017	8890.000
1226.157	9123.000
1226.297	8904.000
1226.437	9062.000
1226.578	8902.000
1226.718	9038.000
1226.858	8904.000
1226.998	9076.000
1227.138	8931.000
1227.278	9041.000
1227.418	8995.000
1227.558	9006.000
1227.698	8996.000
1227.838	9104.000
1227.978	8958.000
1228.118	9050.000
1228.258	8919.000
1228.398	9098.000
1228.538	8992.000
1228.678	9030.000
1228.818	8948.000
1228.958	9093.000
1229.098	8982.000
1229.238	9156.000
1229.377	8968.000
1229.517	9059.000
1229.657	9044.000
1229.797	9126.000
1229.937	8968.000
1230.077	9215.000
1230.217	9065.000
1230.357	9166.000
1230.496	9051.000
1230.636	9122.000
1230.776	9029.000
1230.916	9136.000
1231.056	9014.000
1231.196	9148.000
1231.335	8992.000
1231.475	9126.000
1231.615	9106.000
1231.755	9159.000
1231.894	9054.000
1232.034	9123.000
1232.174	9005.000
1232.314	9269.000
1232.453	9022.000
1232.593	9140.000
1232.733	9058.000
1232.873	9244.000
1233.012	9624.000
1233.152	9173.000
1233.292	9072.000
1233.431	9175.000
1233.571	8984.000
1233.711	9222.000
1233.850	9015.000
1233.990	9208.000
1234.129	9043.000
1234.269	9075.000
1234.409	9106.000
1234.548	9176.000
1234.688	9081.000
1234.828	9158.000
1234.967	9061.000
1235.107	9235.000
1235.246	9051.000
1235.386	9134.000
1235.525	9060.000
1235.665	9155.000
1235.804	9043.000
1235.944	9171.000
1236.083	9095.000
1236.223	9133.000
1236.362	9137.000
1236.502	9110.000
1236.641	9035.000
1236.781	9294.000
1236.920	9108.000
1237.060	9145.000
1237.199	9048.000
1237.339	9108.000
1237.478	9084.000
1237.617	9146.000
1237.757	9070.000
1237.896	9075.000
1238.036	9101.000
1238.175	9120.000
1238.314	9095.000
1238.454	9169.000
1238.593	9058.000
1238.732	9220.000
1238.872	9108.000
1239.011	9261.000
1239.150	9144.000
1239.290	9179.000
1239.429	9155.000
1239.568	9198.000
1239.708	9157.000
1239.847	9234.000
1239.986	9147.000
1240.125	9222.000
1240.265	9193.000
1240.404	9261.000
1240.543	9215.000
1240.682	9227.000
1240.822	9206.000
1240.961	9219.000
1241.100	9195.000
1241.239	9270.000
1241.378	9177.000
1241.518	9367.000
1241.657	9216.000
1241.796	9357.000
1241.935	9226.000
1242.074	9281.000
1242.213	9232.000
1242.352	9318.000
1242.492	9164.000
1242.631	9387.000
1242.770	9276.000
1242.909	9408.000
1243.048	9295.000
1243.187	9463.000
1243.326	9310.000
1243.465	9437.000
1243.604	9299.000
1243.743	9374.000
1243.882	9284.000
1244.021	9456.000
1244.160	9322.000
1244.299	9479.000
1244.438	9351.000
1244.577	9465.000
1244.716	9333.000
1244.855	9477.000
1244.994	9397.000
1245.133	9516.000
1245.272	9447.000
1245.411	9516.000
1245.550	9507.000
1245.689	9617.000
1245.828	9496.000
1245.967	9547.000
1246.106	9486.000
1246.244	9653.000
1246.383	9530.000
1246.522	9585.000
1246.661	9516.000
1246.800	9703.000
1246.939	9477.000
1247.078	9691.000
1247.216	9503.000
1247.355	9759.000
1247.494	9622.000
1247.633	9674.000
1247.772	9526.000
1247.910	9670.000
1248.049	9580.000
1248.188	9664.000
1248.327	9595.000
1248.465	9743.000
1248.604	9625.000
1248.743	9706.000
1248.882	9650.000
1249.020	9771.000
1249.159	9712.000
1249.298	9750.000
1249.436	9637.000
1249.575	9809.000
1249.714	9630.000
1249.852	9756.000
1249.991	9619.000
1250.130	9805.000
1250.268	9609.000
1250.407	9807.000
1250.546	9738.000
1250.684	9724.000
1250.823	9738.000
1250.961	9863.000
1251.100	9690.000
1251.239	9823.000
1251.377	9760.000
1251.516	9796.000
1251.654	9704.000
1251.793	9802.000
1251.931	9676.000
1252.070	9791.000
1252.208	9728.000
1252.347	9877.000
1252.485	9798.000
1252.624	9848.000
1252.762	9743.000
1252.901	9943.000
1253.039	9866.000
1253.178	9889.000
1253.316	9879.000
1253.455	9940.000
1253.593	9847.000
1253.732	9878.000
1253.870	8644.000
1254.008	9918.000
1254.147	9820.000
1254.285	9867.000
1254.424	9739.000
1254.562	9919.000
1254.700	9818.000
1254.839	9922.000
1254.977	9859.000
1255.115	9935.000
1255.254	9840.000
1255.392	9905.000
1255.530	9831.000
1255.669	10022.000
1255.807	9893.000
1255.945	9930.000
1256.084	9783.000
1256.222	9959.000
1256.360	9771.000
1256.498	9863.000
1256.637	9867.000
1256.775	9855.000
1256.913	9811.000
1257.051	9924.000
1257.189	9798.000
1257.328	9957.000
1257.466	9754.000
1257.604	10021.000
1257.742	9833.000
1257.880	9907.000
1258.019	9880.000
1258.157	9872.000
1258.295	9779.000
1258.433	9853.000
1258.571	9744.000
1258.709	9816.000
1258.847	9782.000
1258.986	9908.000
1259.124	9771.000
1259.262	9938.000
1259.400	9751.000
1259.538	9827.000
1259.676	9742.000
1259.814	9836.000
1259.952	9691.000
1260.090	9852.000
1260.228	9654.000
1260.366	9798.000
1260.504	9660.000
1260.642	9802.000
1260.780	9748.000
1260.918	9811.000
1261.056	9686.000
1261.194	9910.000
1261.332	9622.000
1261.470	9790.000
1261.608	9750.000
1261.746	9860.000
1261.884	9641.000
1262.022	9920.000
1262.160	14154.000
1262.297	9892.000
1262.435	9704.000
1262.573	9776.000
1262.711	9715.000
1262.849	9805.000
1262.987	9598.000
1263.125	9779.000
1263.262	9798.000
1263.400	9878.000
1263.538	9759.000
1263.676	9778.000
1263.814	9684.000
1263.952	9783.000
1264.089	9772.000
1264.227	9843.000
1264.365	9709.000
1264.503	9815.000
1264.640	9633.000
1264.778	9773.000
1264.916	9697.000
1265.054	9830.000
1265.191	9694.000
1265.329	9791.000
1265.467	9665.000
1265.604	9776.000
1265.742	9631.000
1265.880	9695.000
1266.017	9595.000
1266.155	9780.000
1266.293	9595.000
1266.430	9702.000
1266.568	9564.000
1266.706	9796.000
1266.843	9597.000
1266.981	9744.000
1267.119	9515.000
1267.256	9664.000
1267.394	9419.000
1267.531	9665.000
1267.669	9483.000
1267.806	9660.000
1267.944	9467.000
1268.081	9674.000
1268.219	9534.000
1268.357	9647.000
1268.494	9491.000
1268.632	9646.000
1268.769	9393.000
1268.907	9670.000
1269.044	9521.000
1269.182	9531.000
1269.319	9431.000
1269.456	9625.000
1269.594	9465.000
1269.731	9541.000
1269.869	9443.000
1270.006	9532.000
1270.144	9448.000
1270.281	9520.000
1270.418	9473.000
1270.556	9539.000
1270.693	9459.000
1270.831	9592.000
1270.968	9390.000
1271.105	9568.000
1271.243	9366.000
1271.380	9489.000
1271.517	9484.000
1271.655	9583.000
1271.792	9398.000
1271.929	9500.000
1272.066	9419.000
1272.204	9575.000
1272.341	9422.000
1272.478	9585.000
1272.616	9393.000
1272.753	9563.000
1272.890	9387.000
1273.027	9459.000
1273.165	9434.000
1273.302	9542.000
1273.439	9388.000
1273.576	9396.000
1273.713	9411.000
1273.851	9581.000
1273.988	9446.000
1274.125	9466.000
1274.262	9409.000
1274.399	9423.000
1274.536	9427.000
1274.673	9512.000
