1229.956	9578.000
1230.103	9525.000
1230.250	9598.000
1230.397	9602.000
1230.544	9542.000
1230.691	9621.000
1230.838	9575.000
1230.985	9552.000
1231.132	9574.000
1231.278	9542.000
1231.425	9519.000
1231.572	9594.000
1231.719	9542.000
1231.866	9484.000
1232.013	9557.000
1232.159	9603.000
1232.306	9508.000
1232.453	9603.000
1232.600	9559.000
1232.746	9602.000
1232.893	9543.000
1233.040	9493.000
1233.186	9701.000
1233.333	9565.000
1233.480	9594.000
1233.627	9563.000
1233.773	9641.000
1233.920	9541.000
1234.066	9609.000
1234.213	9540.000
1234.360	9641.000
1234.506	9620.000
1234.653	9631.000
1234.800	9599.000
1234.946	9546.000
1235.093	9565.000
1235.239	9667.000
1235.386	9520.000
1235.532	9659.000
1235.679	9609.000
1235.825	9622.000
1235.972	9632.000
1236.118	9602.000
1236.265	9648.000
1236.411	9619.000
1236.558	9598.000
1236.704	9673.000
1236.851	9546.000
1236.997	9639.000
1237.143	9604.000
1237.290	9651.000
1237.436	9572.000
1237.583	9678.000
1237.729	9659.000
1237.875	9639.000
1238.022	9598.000
1238.168	9597.000
1238.314	9625.000
1238.461	9621.000
1238.607	9557.000
1238.753	9695.000
1238.900	9575.000
1239.046	9635.000
1239.192	9576.000
1239.338	9640.000
1239.485	9651.000
1239.631	9648.000
1239.777	9506.000
1239.923	9624.000
1240.070	9594.000
1240.216	9657.000
1240.362	9548.000
1240.508	9670.000
1240.654	9612.000
1240.800	9629.000
1240.947	9568.000
1241.093	9609.000
1241.239	9549.000
1241.385	9630.000
1241.531	9694.000
1241.677	9601.000
1241.823	9604.000
1241.969	9667.000
1242.115	9600.000
1242.261	9571.000
1242.407	9578.000
1242.553	9583.000
1242.699	9566.000
1242.845	9664.000
1242.991	9587.000
1243.137	9643.000
1243.283	9627.000
1243.429	9704.000
1243.575	9609.000
1243.721	9728.000
1243.867	9619.000
1244.013	9639.000
1244.159	9629.000
1244.305	9724.000
1244.451	9657.000
1244.596	9658.000
1244.742	9595.000
1244.888	9640.000
1245.034	9562.000
1245.180	9676.000
1245.326	9712.000
1245.471	9661.000
1245.617	9641.000
1245.763	9702.000
1245.909	9655.000
1246.055	9725.000
1246.200	9701.000
1246.346	9602.000
1246.492	9767.000
1246.638	9706.000
1246.783	9664.000
1246.929	9762.000
1247.075	9738.000
1247.220	9778.000
1247.366	9712.000
1247.512	9745.000
1247.657	9760.000
1247.803	9755.000
1247.949	9801.000
1248.094	9758.000
1248.240	9808.000
1248.385	9708.000
1248.531	9675.000
1248.676	9927.000
1248.822	9833.000
1248.968	9849.000
1249.113	9814.000
1249.259	9896.000
1249.404	9790.000
1249.550	9870.000
1249.695	9811.000
1249.841	9894.000
1249.986	9891.000
1250.132	9905.000
1250.277	9895.000
1250.422	9923.000
1250.568	9905.000
1250.713	9931.000
1250.859	9806.000
1251.004	9947.000
1251.150	9963.000
1251.295	9974.000
1251.440	9881.000
1251.586	9944.000
1251.731	9988.000
1251.876	9995.000
1252.022	9861.000
1252.167	9932.000
1252.312	9927.000
1252.458	9904.000
1252.603	10001.000
1252.748	10073.000
1252.893	10003.000
1253.039	10007.000
1253.184	9998.000
1253.329	10046.000
1253.474	9927.000
1253.619	9961.000
1253.765	10025.000
1253.910	9946.000
1254.055	10004.000
1254.200	10046.000
1254.345	10013.000
1254.490	10020.000
1254.636	10042.000
1254.781	9971.000
1254.926	10042.000
1255.071	10007.000
1255.216	9973.000
1255.361	10128.000
1255.506	10047.000
1255.651	9977.000
1255.796	10060.000
1255.941	9903.000
1256.086	9992.000
1256.231	9981.000
1256.376	10109.000
1256.521	10060.000
1256.666	10049.000
1256.811	9946.000
1256.956	9965.000
1257.101	9992.000
1257.246	9983.000
1257.391	10042.000
1257.536	10092.000
1257.681	9968.000
1257.826	9984.000
1257.971	9957.000
1258.116	10027.000
1258.260	9966.000
1258.405	10064.000
1258.550	9973.000
1258.695	10006.000
1258.840	9900.000
1258.985	10070.000
1259.129	10106.000
1259.274	9949.000
1259.419	10031.000
1259.564	9958.000
1259.708	9916.000
1259.853	9968.000
1259.998	9987.000
1260.143	10047.000
1260.287	9936.000
1260.432	10021.000
1260.577	9959.000
1260.721	9964.000
1260.866	9881.000
1261.011	10039.000
1261.155	9926.000
1261.300	9934.000
1261.445	9893.000
1261.589	9895.000
1261.734	9850.000
1261.878	9951.000
1262.023	9909.000
1262.168	9980.000
1262.312	9904.000
1262.457	9971.000
1262.601	9737.000
1262.746	9972.000
1262.890	9812.000
1263.035	9899.000
1263.179	9827.000
1263.324	9977.000
1263.468	9884.000
1263.613	9879.000
1263.757	9829.000
1263.902	9939.000
1264.046	9805.000
1264.191	9863.000
1264.335	9819.000
1264.479	9863.000
1264.624	9746.000
1264.768	9826.000
1264.912	9760.000
1265.057	9822.000
1265.201	9776.000
1265.346	9828.000
1265.490	9735.000
1265.634	9840.000
1265.778	9749.000
1265.923	9844.000
1266.067	9850.000
1266.211	9866.000
1266.356	9790.000
1266.500	9711.000
1266.644	9686.000
1266.788	9750.000
1266.933	9684.000
1267.077	9742.000
1267.221	9810.000
1267.365	9792.000
1267.509	9685.000
1267.653	9785.000
1267.798	9799.000
1267.942	9719.000
1268.086	9655.000
1268.230	9782.000
1268.374	9642.000
1268.518	9723.000
1268.662	9620.000
1268.806	9712.000
1268.950	9571.000
1269.095	9676.000
1269.239	9638.000
1269.383	9668.000
1269.527	9624.000
1269.671	9690.000
1269.815	9657.000
1269.959	9634.000
1270.103	9589.000
1270.247	9808.000
1270.391	9626.000
1270.535	9564.000
1270.679	9621.000
1270.822	9660.000
1270.966	9484.000
1271.110	9669.000
1271.254	9663.000
1271.398	9678.000
1271.542	9575.000
1271.686	9583.000
1271.830	9529.000
1271.973	9573.000
1272.117	9539.000
1272.261	9615.000
1272.405	9547.000
1272.549	9607.000
1272.693	9487.000
1272.836	9569.000
1272.980	9341.000
1273.124	9624.000
1273.268	9458.000
1273.411	9520.000
1273.555	9438.000
1273.699	9583.000
1273.843	9453.000
1273.986	9510.000
1274.130	9532.000
1274.274	9417.000
1274.417	9374.000
1274.561	9539.000
1274.705	9425.000
1274.848	9467.000
1274.992	9350.000
1275.135	9563.000
1275.279	9467.000
1275.423	9517.000
1275.566	9394.000
1275.710	9475.000
1275.853	9403.000
1275.997	9494.000
1276.140	9315.000
1276.284	9461.000
1276.427	9358.000
1276.571	9355.000
1276.714	9380.000
1276.858	9420.000
1277.001	9336.000
1277.145	9559.000
1277.288	9300.000
1277.432	9294.000
1277.575	9311.000
1277.719	9488.000
1277.862	9380.000
1278.005	9332.000
1278.149	9256.000
1278.292	9457.000
1278.435	9283.000
1278.579	9389.000
1278.722	9267.000
1278.865	9431.000
1279.009	9300.000
1279.152	9384.000
1279.295	9362.000
1279.439	9433.000
1279.582	9291.000
1279.725	9428.000
1279.868	9217.000
1280.012	9321.000
1280.155	9281.000
1280.298	9354.000
1280.441	9171.000
1280.585	9433.000
1280.728	9176.000
1280.871	9318.000
1281.014	9237.000
1281.157	9400.000
1281.300	9264.000
1281.444	9378.000
1281.587	9277.000
1281.730	9251.000
1281.873	9174.000
1282.016	9295.000
1282.159	9341.000
1282.302	9276.000
1282.445	9215.000
1282.588	9245.000
1282.731	9251.000
1282.874	9284.000
1283.017	9215.000
1283.160	9242.000
1283.303	9200.000
1283.446	9281.000
1283.589	9229.000
1283.732	9299.000
1283.875	9138.000
1284.018	9333.000
1284.161	9181.000
1284.304	9281.000
1284.447	9192.000
1284.590	9369.000
1284.733	9213.000
1284.876	9450.000
1285.019	9117.000
1285.161	9435.000
1285.304	9204.000
1285.447	9297.000
1285.590	9222.000
1285.733	9334.000
1285.876	9245.000
1286.018	9253.000
1286.161	9184.000
1286.304	9348.000
1286.447	9204.000
1286.589	9301.000
1286.732	9244.000
1286.875	9298.000
1287.018	9279.000
1287.160	9316.000
1287.303	9240.000
1287.446	9290.000
1287.588	9171.000
1287.731	9355.000
1287.874	8885.000
1288.016	9364.000
1288.159	9265.000
1288.302	9309.000
1288.444	9269.000
1288.587	9256.000
1288.729	9138.000
1288.872	9249.000
1289.015	9228.000
1289.157	9383.000
1289.300	9162.000
1289.442	9283.000
1289.585	9155.000
1289.727	9365.000
1289.870	9246.000
1290.012	9269.000
1290.155	9158.000
1290.297	9345.000
1290.440	9260.000
1290.582	9286.000
1290.725	9172.000
1290.867	9365.000
1291.009	9178.000
1291.152	9345.000
1291.294	9215.000
1291.437	9287.000
1291.579	9134.000
1291.721	9264.000
1291.864	9201.000
1292.006	9451.000
1292.148	9195.000
1292.291	9346.000
1292.433	9214.000
1292.575	9315.000
1292.718	9206.000
1292.860	9335.000
1293.002	9205.000
1293.145	9322.000
1293.287	9226.000
1293.429	9320.000
1293.571	9200.000
1293.713	9373.000
1293.856	9255.000
1293.998	9351.000
1294.140	9191.000
1294.282	9263.000
1294.424	9146.000
1294.567	9372.000
1294.709	9155.000
1294.851	9264.000
1294.993	9179.000
1295.135	9233.000
1295.277	9173.000
1295.419	9286.000
1295.561	9229.000
1295.703	9327.000
1295.845	9201.000
1295.987	9332.000
1296.129	9218.000
1296.272	9266.000
1296.414	9177.000
1296.556	9300.000
1296.698	9233.000
1296.840	9302.000
1296.981	9161.000
1297.123	9317.000
1297.265	9192.000
1297.407	9241.000
1297.549	9140.000
1297.691	9271.000
1297.833	9183.000
1297.975	9261.000
1298.117	9138.000
1298.259	9266.000
1298.401	9138.000
1298.542	9242.000
1298.684	9217.000
1298.826	9244.000
1298.968	9163.000
1299.110	9214.000
1299.252	9106.000
1299.393	9359.000
1299.535	9209.000
1299.677	9206.000
1299.819	9143.000
1299.960	9158.000
1300.102	9178.000
1300.244	9250.000
1300.386	9213.000
1300.527	9331.000
1300.669	9126.000
1300.811	9238.000
1300.952	9132.000
1301.094	9273.000
1301.236	9129.000
1301.377	9286.000
1301.519	9201.000
1301.661	9280.000
1301.802	9200.000
1301.944	9115.000
1302.085	9101.000
1302.227	9268.000
1302.368	9066.000
1302.510	9199.000
1302.652	9096.000
1302.793	9196.000
1302.935	9113.000
1303.076	9181.000
1303.218	9145.000
1303.359	9282.000
1303.501	9024.000
1303.642	9264.000
1303.783	9108.000
1303.925	9183.000
1304.066	9108.000
1304.208	9216.000
1304.349	9096.000
1304.491	9182.000
1304.632	9050.000
1304.773	9173.000
1304.915	9088.000
1305.056	9191.000
1305.197	9002.000
1305.339	9179.000
1305.480	9227.000
1305.621	9196.000
1305.763	9090.000
1305.904	9201.000
1306.045	9060.000
1306.187	9214.000
1306.328	9068.000
1306.469	9200.000
1306.610	8990.000
1306.752	9289.000
1306.893	9117.000
1307.034	9255.000
1307.175	9033.000
1307.316	9204.000
1307.458	9103.000
1307.599	9177.000
1307.740	9003.000
1307.881	9193.000
1308.022	9036.000
1308.163	9194.000
1308.304	9112.000
1308.446	9202.000
1308.587	9001.000
1308.728	9154.000
1308.869	9068.000
1309.010	9138.000
1309.151	9044.000
1309.292	9146.000
1309.433	8976.000
1309.574	9189.000
1309.715	8960.000
1309.856	9151.000
1309.997	9027.000
1310.138	9250.000
1310.279	9022.000
1310.420	9147.000
1310.561	9007.000
1310.702	9075.000
1310.843	9040.000
1310.984	9198.000
1311.124	9010.000
1311.265	9180.000
1311.406	8899.000
1311.547	9137.000
1311.688	9013.000
1311.829	9145.000
1311.970	8951.000
1312.110	9095.000
1312.251	9060.000
1312.392	9050.000
1312.533	8993.000
1312.674	9169.000
1312.814	8991.000
1312.955	9120.000
1313.096	8939.000
1313.237	9152.000
1313.377	8953.000
1313.518	9026.000
1313.659	8952.000
1313.800	9070.000
1313.940	8968.000
1314.081	9016.000
1314.222	8861.000
1314.362	9081.000
1314.503	9002.000
1314.644	9114.000
1314.784	8981.000
1314.925	9149.000
1315.065	8942.000
1315.206	9061.000
1315.347	8909.000
1315.487	9047.000
1315.628	8849.000
1315.768	9009.000
1315.909	8943.000
1316.049	9059.000
1316.190	8886.000
1316.330	9069.000
1316.471	8856.000
1316.611	9017.000
1316.752	8823.000
1316.892	9015.000
1317.033	8855.000
1317.173	8928.000
1317.313	8787.000
1317.454	8970.000
1317.594	8928.000
1317.735	8916.000
1317.875	8821.000
1318.015	8966.000
1318.156	8862.000
1318.296	8945.000
1318.437	8807.000
1318.577	8984.000
1318.717	8812.000
1318.857	8920.000
1318.998	8763.000
1319.138	8994.000
1319.278	8803.000
1319.419	8890.000
1319.559	8840.000
1319.699	8898.000
1319.839	8737.000
1319.980	8846.000
1320.120	8741.000
1320.260	8943.000
1320.400	8813.000
1320.540	8898.000
1320.681	8753.000
1320.821	8935.000
1320.961	8778.000
1321.101	8844.000
1321.241	8731.000
1321.381	8888.000
1321.521	8683.000
1321.661	8866.000
1321.802	8720.000
1321.942	8875.000
1322.082	8748.000
1322.222	8812.000
1322.362	8691.000
1322.502	8889.000
1322.642	8757.000
1322.782	8852.000
1322.922	8778.000
1323.062	8879.000
1323.202	8697.000
1323.342	8842.000
1323.482	8819.000
1323.622	8913.000
1323.762	8735.000
1323.902	8789.000
1324.041	8730.000
1324.181	8803.000
1324.321	8691.000
1324.461	8842.000
1324.601	8733.000
1324.741	8838.000
1324.881	8712.000
1325.021	8793.000
1325.160	8682.000
1325.300	8911.000
1325.440	8770.000
1325.580	8903.000
1325.720	8684.000
1325.859	8883.000
1325.999	8741.000
1326.139	8911.000
1326.279	8759.000
1326.418	8950.000
1326.558	8699.000
1326.698	8840.000
1326.838	8717.000
1326.977	8855.000
1327.117	8699.000
1327.257	8910.000
1327.396	8737.000
1327.536	8842.000
1327.675	8803.000
1327.815	8796.000
1327.955	8766.000
1328.094	8950.000
1328.234	8762.000
1328.374	8841.000
1328.513	8711.000
1328.653	8855.000
1328.792	8752.000
1328.932	8801.000
1329.071	8736.000
1329.211	8829.000
1329.350	8741.000
1329.490	8932.000
1329.629	8723.000
1329.769	8845.000
1329.908	8789.000
1330.048	8857.000
1330.187	8746.000
1330.327	8951.000
1330.466	8822.000
1330.605	8893.000
1330.745	8819.000
1330.884	8919.000
1331.024	8820.000
1331.163	8849.000
1331.302	8755.000
1331.442	8925.000
1331.581	8782.000
1331.720	8796.000
1331.860	8862.000
1331.999	8912.000
1332.138	8783.000
1332.277	8815.000
1332.417	8730.000
1332.556	8957.000
1332.695	8766.000
1332.834	8819.000
1332.974	8803.000
1333.113	8956.000
1333.252	9328.000
1333.391	8891.000
1333.531	8756.000
1333.670	8859.000
1333.809	8689.000
1333.948	8943.000
1334.087	8726.000
1334.226	8905.000
1334.365	8708.000
1334.505	8769.000
1334.644	8833.000
1334.783	8854.000
1334.922	8755.000
1335.061	8822.000
1335.200	8761.000
1335.339	8905.000
1335.478	8712.000
1335.617	8808.000
1335.756	8680.000
1335.895	8779.000
1336.034	8676.000
1336.173	8796.000
1336.312	8708.000
1336.451	8767.000
1336.590	8775.000
1336.729	8788.000
1336.868	8651.000
1337.007	8909.000
1337.146	8688.000
1337.285	8760.000
1337.423	8664.000
1337.562	8715.000
1337.701	8683.000
1337.840	8739.000
1337.979	8677.000
1338.118	8678.000
1338.256	8704.000
1338.395	8693.000
1338.534	8667.000
1338.673	8790.000
1338.812	8648.000
1338.950	8778.000
1339.089	8641.000
1339.228	8837.000
1339.367	8664.000
1339.505	8707.000
1339.644	8684.000
1339.783	8720.000
1339.922	8678.000
1340.060	8732.000
1340.199	8679.000
1340.338	8687.000
1340.476	8648.000
1340.615	8740.000
1340.753	8740.000
1340.892	8701.000
1341.031	8648.000
1341.169	8685.000
1341.308	8668.000
1341.446	8729.000
1341.585	8644.000
1341.724	8790.000
1341.862	8658.000
1342.001	8795.000
1342.139	8620.000
1342.278	8708.000
1342.416	8642.000
1342.555	8726.000
1342.693	8570.000
1342.832	8789.000
1342.970	8670.000
1343.109	8805.000
1343.247	8677.000
1343.385	8797.000
1343.524	8623.000
1343.662	8796.000
1343.801	8626.000
1343.939	8698.000
1344.077	8594.000
1344.216	8819.000
1344.354	8588.000
1344.492	8810.000
1344.631	8643.000
1344.769	8811.000
1344.907	8601.000
1345.046	8715.000
1345.184	8638.000
1345.322	8798.000
1345.460	8708.000
1345.599	8771.000
1345.737	8723.000
1345.875	8835.000
1346.013	8717.000
1346.152	8746.000
1346.290	8735.000
1346.428	8840.000
1346.566	8663.000
1346.704	8784.000
1346.843	8689.000
1346.981	8848.000
1347.119	8629.000
1347.257	8840.000
1347.395	8621.000
1347.533	8881.000
1347.671	8783.000
1347.809	8798.000
1347.947	8663.000
1348.085	8780.000
1348.224	8694.000
1348.362	8727.000
1348.500	8668.000
1348.638	8783.000
1348.776	8677.000
1348.914	8734.000
1349.052	8673.000
1349.190	8818.000
1349.328	8728.000
1349.466	8761.000
1349.603	8631.000
1349.741	8847.000
1349.879	8656.000
1350.017	8772.000
1350.155	8643.000
1350.293	8771.000
1350.431	8541.000
1350.569	8795.000
1350.707	8705.000
1350.844	8698.000
1350.982	8640.000
1351.120	8813.000
1351.258	8611.000
1351.396	8727.000
1351.534	8676.000
1351.671	8689.000
1351.809	8605.000
1351.947	8675.000
1352.085	8597.000
1352.222	8660.000
1352.360	8576.000
1352.498	8700.000
1352.636	8621.000
1352.773	8695.000
1352.911	8559.000
1353.049	8771.000
1353.186	8667.000
1353.324	8699.000
1353.462	8680.000
1353.599	8728.000
1353.737	8598.000
1353.874	8728.000
1354.012	7478.000
1354.150	8673.000
1354.287	8579.000
1354.425	8641.000
1354.562	8506.000
1354.700	8692.000
1354.837	8514.000
1354.975	8661.000
1355.112	8580.000
1355.250	8674.000
1355.387	8552.000
1355.525	8571.000
1355.662	8486.000
1355.800	8677.000
1355.937	8534.000
1356.075	8628.000
1356.212	8460.000
1356.350	8657.000
1356.487	8429.000
1356.624	8552.000
1356.762	8486.000
1356.899	8535.000
1357.037	8455.000
1357.174	8564.000
1357.311	8430.000
1357.449	8644.000
1357.586	8439.000
1357.723	8668.000
1357.860	8478.000
1357.998	8534.000
1358.135	8456.000
1358.272	8481.000
1358.410	8382.000
1358.547	8461.000
1358.684	8340.000
1358.821	8429.000
1358.959	8398.000
1359.096	8552.000
1359.233	8393.000
1359.370	8568.000
1359.507	8329.000
1359.644	8455.000
1359.782	8355.000
1359.919	8464.000
1360.056	8267.000
1360.193	8439.000
1360.330	8247.000
1360.467	8386.000
1360.604	8274.000
1360.741	8437.000
1360.878	8396.000
1361.015	8466.000
1361.152	8341.000
1361.290	8560.000
1361.427	8273.000
1361.564	8394.000
1361.701	8327.000
1361.838	8489.000
1361.975	8292.000
1362.112	8531.000
1362.248	12909.000
1362.385	8510.000
1362.522	8335.000
1362.659	8441.000
1362.796	8338.000
1362.933	8416.000
1363.070	8236.000
1363.207	8383.000
1363.344	8401.000
1363.481	8544.000
1363.617	8421.000
1363.754	8471.000
1363.891	8379.000
1364.028	8524.000
1364.165	8476.000
1364.302	8584.000
1364.438	8423.000
1364.575	8567.000
1364.712	8387.000
1364.849	8543.000
1364.985	8435.000
1365.122	8556.000
1365.259	8404.000
1365.396	8527.000
1365.532	8412.000
1365.669	8500.000
1365.806	8375.000
1365.942	8488.000
1366.079	8376.000
1366.216	8570.000
1366.352	8401.000
1366.489	8521.000
1366.625	8392.000
1366.762	8628.000
1366.899	8420.000
1367.035	8596.000
1367.172	8408.000
1367.308	8550.000
1367.445	8326.000
1367.581	8548.000
1367.718	8355.000
1367.855	8531.000
1367.991	8348.000
1368.128	8562.000
1368.264	8420.000
1368.401	8506.000
1368.537	8345.000
1368.673	8535.000
1368.810	8305.000
1368.946	8562.000
1369.083	8461.000
1369.219	8424.000
1369.356	8359.000
1369.492	8544.000
1369.628	8426.000
1369.765	8503.000
1369.901	8439.000
1370.037	8544.000
1370.174	8470.000
1370.310	8493.000
1370.446	8491.000
1370.583	8541.000
1370.719	8437.000
1370.855	8603.000
1370.992	8356.000
1371.128	8601.000
1371.264	8383.000
1371.400	8527.000
1371.537	8495.000
1371.673	8612.000
1371.809	8401.000
1371.945	8526.000
1372.081	8458.000
1372.218	8663.000
1372.354	8484.000
1372.490	8653.000
1372.626	8467.000
1372.762	8642.000
1372.898	8432.000
1373.034	8537.000
1373.170	8472.000
1373.307	8670.000
1373.443	8491.000
1373.579	8475.000
1373.715	8509.000
1373.851	8674.000
1373.987	8528.000
1374.123	8555.000
1374.259	8491.000
1374.395	8540.000
1374.531	8591.000
1374.667	8671.000
