1159.948	7934.000
1160.095	7827.000
1160.241	7927.000
1160.387	7900.000
1160.533	7892.000
1160.679	7870.000
1160.825	7867.000
1160.971	7824.000
1161.117	7874.000
1161.263	7809.000
1161.410	7823.000
1161.556	7836.000
1161.702	7868.000
1161.848	7737.000
1161.994	7842.000
1162.140	7839.000
1162.286	7758.000
1162.432	7822.000
1162.578	7776.000
1162.724	7798.000
1162.870	7707.000
1163.016	7690.000
1163.162	7869.000
1163.308	7719.000
1163.454	7795.000
1163.599	7701.000
1163.745	7784.000
1163.891	7652.000
1164.037	7689.000
1164.183	7658.000
1164.329	7733.000
1164.475	7706.000
1164.621	7744.000
1164.767	7653.000
1164.912	7640.000
1165.058	7615.000
1165.204	7751.000
1165.350	7597.000
1165.496	7696.000
1165.642	7661.000
1165.787	7632.000
1165.933	7651.000
1166.079	7616.000
1166.225	7658.000
1166.370	7604.000
1166.516	7604.000
1166.662	7677.000
1166.808	7572.000
1166.953	7650.000
1167.099	7604.000
1167.245	7576.000
1167.390	7542.000
1167.536	7612.000
1167.682	7602.000
1167.827	7558.000
1167.973	7578.000
1168.119	7557.000
1168.264	7613.000
1168.410	7509.000
1168.556	7540.000
1168.701	7617.000
1168.847	7555.000
1168.992	7563.000
1169.138	7501.000
1169.284	7543.000
1169.429	7587.000
1169.575	7596.000
1169.720	7509.000
1169.866	7529.000
1170.011	7526.000
1170.157	7535.000
1170.302	7507.000
1170.448	7554.000
1170.593	7564.000
1170.739	7484.000
1170.884	7517.000
1171.030	7465.000
1171.175	7491.000
1171.321	7483.000
1171.466	7598.000
1171.611	7464.000
1171.757	7509.000
1171.902	7500.000
1172.048	7503.000
1172.193	7440.000
1172.338	7461.000
1172.484	7464.000
1172.629	7451.000
1172.775	7498.000
1172.920	7470.000
1173.065	7459.000
1173.211	7506.000
1173.356	7496.000
1173.501	7491.000
1173.646	7493.000
1173.792	7444.000
1173.937	7446.000
1174.082	7505.000
1174.228	7489.000
1174.373	7527.000
1174.518	7475.000
1174.663	7429.000
1174.809	7452.000
1174.954	7431.000
1175.099	7485.000
1175.244	7574.000
1175.389	7471.000
1175.535	7481.000
1175.680	7508.000
1175.825	7479.000
1175.970	7515.000
1176.115	7539.000
1176.260	7392.000
1176.405	7550.000
1176.550	7442.000
1176.696	7464.000
1176.841	7532.000
1176.986	7554.000
1177.131	7524.000
1177.276	7531.000
1177.421	7502.000
1177.566	7512.000
1177.711	7528.000
1177.856	7589.000
1178.001	7502.000
1178.146	7563.000
1178.291	7481.000
1178.436	7477.000
1178.581	7644.000
1178.726	7603.000
1178.871	7544.000
1179.016	7597.000
1179.161	7592.000
1179.306	7548.000
1179.451	7566.000
1179.596	7585.000
1179.741	7637.000
1179.886	7659.000
1180.030	7571.000
1180.175	7646.000
1180.320	7654.000
1180.465	7658.000
1180.610	7604.000
1180.755	7570.000
1180.900	7604.000
1181.044	7699.000
1181.189	7669.000
1181.334	7652.000
1181.479	7622.000
1181.624	7696.000
1181.768	7643.000
1181.913	7684.000
1182.058	7571.000
1182.203	7662.000
1182.348	7611.000
1182.492	7765.000
1182.637	7707.000
1182.782	7746.000
1182.926	7676.000
1183.071	7715.000
1183.216	7696.000
1183.360	7680.000
1183.505	7663.000
1183.650	7743.000
1183.794	7636.000
1183.939	7696.000
1184.084	7719.000
1184.228	7702.000
1184.373	7703.000
1184.518	7781.000
1184.662	7611.000
1184.807	7753.000
1184.951	7695.000
1185.096	7686.000
1185.241	7729.000
1185.385	7800.000
1185.530	7655.000
1185.674	7763.000
1185.819	7597.000
1185.963	7687.000
1186.108	7678.000
1186.252	7800.000
1186.397	7746.000
1186.541	7784.000
1186.686	7650.000
1186.830	7687.000
1186.975	7707.000
1187.119	7763.000
1187.263	7740.000
1187.408	7842.000
1187.552	7680.000
1187.697	7749.000
1187.841	7678.000
1187.985	7783.000
1188.130	7705.000
1188.274	7843.000
1188.419	7684.000
1188.563	7782.000
1188.707	7607.000
1188.852	7818.000
1188.996	7836.000
1189.140	7752.000
1189.285	7766.000
1189.429	7771.000
1189.573	7692.000
1189.717	7808.000
1189.862	7721.000
1190.006	7850.000
1190.150	7687.000
1190.294	7824.000
1190.439	7715.000
1190.583	7830.000
1190.727	7684.000
1190.871	7874.000
1191.016	7765.000
1191.160	7809.000
1191.304	7695.000
1191.448	7787.000
1191.592	7670.000
1191.736	7788.000
1191.881	7757.000
1192.025	7879.000
1192.169	7764.000
1192.313	7860.000
1192.457	7629.000
1192.601	7865.000
1192.745	7711.000
1192.889	7838.000
1193.033	7744.000
1193.177	7940.000
1193.321	7791.000
1193.465	7857.000
1193.610	7754.000
1193.754	7882.000
1193.898	7728.000
1194.042	7817.000
1194.186	7757.000
1194.330	7899.000
1194.474	7694.000
1194.617	7779.000
1194.761	7744.000
1194.905	7803.000
1195.049	7756.000
1195.193	7843.000
1195.337	7697.000
1195.481	7886.000
1195.625	7736.000
1195.769	7885.000
1195.913	7827.000
1196.057	7903.000
1196.201	7787.000
1196.344	7791.000
1196.488	7703.000
1196.632	7811.000
1196.776	7651.000
1196.920	7823.000
1197.064	7826.000
1197.207	7855.000
1197.351	7671.000
1197.495	7827.000
1197.639	7774.000
1197.782	7755.000
1197.926	7653.000
1198.070	7806.000
1198.214	7668.000
1198.357	7742.000
1198.501	7630.000
1198.645	7782.000
1198.789	7616.000
1198.932	7733.000
1199.076	7626.000
1199.220	7742.000
1199.363	7611.000
1199.507	7721.000
1199.651	7645.000
1199.794	7675.000
1199.938	7579.000
1200.081	7770.000
1200.225	7585.000
1200.369	7604.000
1200.512	7579.000
1200.656	7687.000
1200.799	7459.000
1200.943	7632.000
1201.087	7579.000
1201.230	7639.000
1201.374	7476.000
1201.517	7557.000
1201.661	7441.000
1201.804	7563.000
1201.948	7426.000
1202.091	7508.000
1202.235	7433.000
1202.378	7535.000
1202.522	7393.000
1202.665	7481.000
1202.808	7216.000
1202.952	7500.000
1203.095	7307.000
1203.239	7396.000
1203.382	7286.000
1203.526	7435.000
1203.669	7268.000
1203.812	7338.000
1203.956	7294.000
1204.099	7290.000
1204.242	7179.000
1204.386	7373.000
1204.529	7196.000
1204.672	7309.000
1204.816	7127.000
1204.959	7359.000
1205.102	7239.000
1205.246	7314.000
1205.389	7132.000
1205.532	7303.000
1205.675	7193.000
1205.819	7279.000
1205.962	7072.000
1206.105	7319.000
1206.248	7117.000
1206.392	7168.000
1206.535	7135.000
1206.678	7219.000
1206.821	7103.000
1206.964	7345.000
1207.108	7041.000
1207.251	7111.000
1207.394	7062.000
1207.537	7241.000
1207.680	7125.000
1207.823	7150.000
1207.966	6966.000
1208.109	7257.000
1208.253	7052.000
1208.396	7204.000
1208.539	7041.000
1208.682	7209.000
1208.825	7042.000
1208.968	7168.000
1209.111	7080.000
1209.254	7229.000
1209.397	7026.000
1209.540	7231.000
1209.683	6973.000
1209.826	7102.000
1209.969	7066.000
1210.112	7127.000
1210.255	6900.000
1210.398	7194.000
1210.541	6865.000
1210.684	7031.000
1210.827	6964.000
1210.970	7140.000
1211.113	6995.000
1211.255	7098.000
1211.398	6979.000
1211.541	7015.000
1211.684	6923.000
1211.827	7084.000
1211.970	7034.000
1212.113	7008.000
1212.256	6930.000
1212.398	7027.000
1212.541	6988.000
1212.684	7086.000
1212.827	6919.000
1212.970	6999.000
1213.112	6948.000
1213.255	7053.000
1213.398	6918.000
1213.541	7076.000
1213.683	6857.000
1213.826	7125.000
1213.969	6837.000
1214.112	7034.000
1214.254	6905.000
1214.397	7115.000
1214.540	6928.000
1214.682	7167.000
1214.825	6804.000
1214.968	7157.000
1215.110	6935.000
1215.253	7071.000
1215.396	6912.000
1215.538	7093.000
1215.681	6938.000
1215.824	6989.000
1215.966	6918.000
1216.109	7100.000
1216.251	6887.000
1216.394	7043.000
1216.536	6910.000
1216.679	7072.000
1216.822	7003.000
1216.964	7083.000
1217.107	6995.000
1217.249	7069.000
1217.392	6875.000
1217.534	7076.000
1217.677	6709.000
1217.819	7096.000
1217.962	6981.000
1218.104	7045.000
1218.247	7000.000
1218.389	6998.000
1218.531	6858.000
1218.674	7012.000
1218.816	6946.000
1218.959	7128.000
1219.101	6895.000
1219.243	7051.000
1219.386	6879.000
1219.528	7096.000
1219.671	6939.000
1219.813	7033.000
1219.955	6887.000
1220.098	7097.000
1220.240	6975.000
1220.382	7066.000
1220.525	6897.000
1220.667	7098.000
1220.809	6905.000
1220.951	7073.000
1221.094	6940.000
1221.236	7013.000
1221.378	6817.000
1221.520	7048.000
1221.663	6917.000
1221.805	7202.000
1221.947	6894.000
1222.089	7090.000
1222.232	6952.000
1222.374	7089.000
1222.516	6932.000
1222.658	7088.000
1222.800	6915.000
1222.942	7084.000
1223.084	6963.000
1223.227	7078.000
1223.369	6928.000
1223.511	7149.000
1223.653	6986.000
1223.795	7139.000
1223.937	6943.000
1224.079	7043.000
1224.221	6911.000
1224.363	7111.000
1224.505	6893.000
1224.647	7053.000
1224.789	6899.000
1224.932	7043.000
1225.074	6914.000
1225.216	7048.000
1225.358	6955.000
1225.500	7064.000
1225.641	6947.000
1225.783	7101.000
1225.925	6988.000
1226.067	7087.000
1226.209	6889.000
1226.351	7109.000
1226.493	6986.000
1226.635	7084.000
1226.777	6891.000
1226.919	7114.000
1227.061	6987.000
1227.203	7052.000
1227.345	6896.000
1227.486	7072.000
1227.628	6963.000
1227.770	7079.000
1227.912	6880.000
1228.054	7108.000
1228.196	6895.000
1228.337	7053.000
1228.479	7013.000
1228.621	7046.000
1228.763	6925.000
1228.904	7052.000
1229.046	6863.000
1229.188	7132.000
1229.330	7025.000
1229.471	7042.000
1229.613	6920.000
1229.755	6996.000
1229.897	6963.000
1230.038	7070.000
1230.180	7007.000
1230.322	7142.000
1230.463	6928.000
1230.605	7124.000
1230.747	6925.000
1230.888	7089.000
1231.030	6928.000
1231.171	7085.000
1231.313	6962.000
1231.455	7096.000
1231.596	6970.000
1231.738	6981.000
1231.879	6858.000
1232.021	7113.000
1232.163	6866.000
1232.304	7051.000
1232.446	6915.000
1232.587	7036.000
1232.729	6908.000
1232.870	7027.000
1233.012	6917.000
1233.153	7127.000
1233.295	6831.000
1233.436	7115.000
1233.578	6903.000
1233.719	7057.000
1233.860	6914.000
1234.002	7085.000
1234.143	6924.000
1234.285	7072.000
1234.426	6882.000
1234.568	7048.000
1234.709	6924.000
1234.850	7060.000
1234.992	6895.000
1235.133	7033.000
1235.274	7032.000
1235.416	7065.000
1235.557	6919.000
1235.698	7101.000
1235.840	6881.000
1235.981	7037.000
1236.122	6885.000
1236.264	7075.000
1236.405	6863.000
1236.546	7162.000
1236.687	6930.000
1236.829	7132.000
1236.970	6887.000
1237.111	7079.000
1237.252	6929.000
1237.394	7061.000
1237.535	6862.000
1237.676	7048.000
1237.817	6882.000
1237.958	7082.000
1238.100	6951.000
1238.241	7021.000
1238.382	6851.000
1238.523	7055.000
1238.664	6902.000
1238.805	7022.000
1238.946	6893.000
1239.088	7032.000
1239.229	6823.000
1239.370	7055.000
1239.511	6810.000
1239.652	7071.000
1239.793	6911.000
1239.934	7120.000
1240.075	6900.000
1240.216	7042.000
1240.357	6851.000
1240.498	6997.000
1240.639	6898.000
1240.780	7118.000
1240.921	6878.000
1241.062	7070.000
1241.203	6770.000
1241.344	7039.000
1241.485	6880.000
1241.626	7016.000
1241.767	6850.000
1241.908	7019.000
1242.049	6940.000
1242.190	6960.000
1242.330	6883.000
1242.471	7047.000
1242.612	6848.000
1242.753	7050.000
1242.894	6806.000
1243.035	7088.000
1243.176	6865.000
1243.316	6973.000
1243.457	6835.000
1243.598	7030.000
1243.739	6846.000
1243.880	6911.000
1244.020	6791.000
1244.161	6993.000
1244.302	6888.000
1244.443	7042.000
1244.584	6903.000
1244.724	7048.000
1244.865	6828.000
1245.006	7010.000
1245.146	6792.000
1245.287	6989.000
1245.428	6746.000
1245.568	6979.000
1245.709	6891.000
1245.850	7024.000
1245.990	6834.000
1246.131	7031.000
1246.272	6817.000
1246.412	6994.000
1246.553	6753.000
1246.694	6955.000
1246.834	6808.000
1246.975	6908.000
1247.115	6714.000
1247.256	6916.000
1247.397	6871.000
1247.537	6899.000
1247.678	6792.000
1247.818	6948.000
1247.959	6810.000
1248.099	6935.000
1248.240	6743.000
1248.380	6944.000
1248.521	6775.000
1248.661	6905.000
1248.802	6761.000
1248.942	6981.000
1249.083	6774.000
1249.223	6860.000
1249.364	6768.000
1249.504	6905.000
1249.644	6733.000
1249.785	6831.000
1249.925	6730.000
1250.066	6954.000
1250.206	6791.000
1250.346	6898.000
1250.487	6727.000
1250.627	6904.000
1250.767	6740.000
1250.908	6854.000
1251.048	6715.000
1251.188	6887.000
1251.329	6701.000
1251.469	6875.000
1251.609	6736.000
1251.750	6897.000
1251.890	6717.000
1252.030	6831.000
1252.170	6676.000
1252.311	6908.000
1252.451	6744.000
1252.591	6862.000
1252.731	6722.000
1252.871	6915.000
1253.012	6663.000
1253.152	6851.000
1253.292	6794.000
1253.432	6919.000
1253.572	6765.000
1253.712	6879.000
1253.853	6755.000
1253.993	6841.000
1254.133	6695.000
1254.273	6889.000
1254.413	6712.000
1254.553	6876.000
1254.693	6703.000
1254.833	6841.000
1254.973	6687.000
1255.114	6931.000
1255.254	6754.000
1255.394	6924.000
1255.534	6663.000
1255.674	6918.000
1255.814	6724.000
1255.954	6917.000
1256.094	6715.000
1256.234	6937.000
1256.374	6717.000
1256.514	6881.000
1256.654	6713.000
1256.794	6891.000
1256.933	6728.000
1257.073	6951.000
1257.213	6749.000
1257.353	6867.000
1257.493	6760.000
1257.633	6846.000
1257.773	6787.000
1257.913	6949.000
1258.053	6772.000
1258.193	6843.000
1258.332	6714.000
1258.472	6901.000
1258.612	6811.000
1258.752	6858.000
1258.892	6777.000
1259.031	6890.000
1259.171	6755.000
1259.311	6942.000
1259.451	6737.000
1259.591	6896.000
1259.730	6817.000
1259.870	6927.000
1260.010	6733.000
1260.150	6976.000
1260.289	6799.000
1260.429	6926.000
1260.569	6804.000
1260.708	6936.000
1260.848	6775.000
1260.988	6873.000
1261.127	6767.000
1261.267	6933.000
1261.407	6752.000
1261.546	6894.000
1261.686	6819.000
1261.826	6936.000
1261.965	6776.000
1262.105	6847.000
1262.244	6744.000
1262.384	7016.000
1262.524	6779.000
1262.663	6901.000
1262.803	6781.000
1262.942	7001.000
1263.082	7188.000
1263.221	6921.000
1263.361	6819.000
1263.500	6927.000
1263.640	6739.000
1263.779	6981.000
1263.919	6753.000
1264.058	6971.000
1264.198	6752.000
1264.337	6818.000
1264.477	6857.000
1264.616	6882.000
1264.756	6737.000
1264.895	6901.000
1265.034	6773.000
1265.174	6947.000
1265.313	6755.000
1265.453	6858.000
1265.592	6748.000
1265.731	6883.000
1265.871	6750.000
1266.010	6903.000
1266.149	6769.000
1266.289	6841.000
1266.428	6818.000
1266.567	6849.000
1266.707	6712.000
1266.846	6982.000
1266.985	6725.000
1267.124	6867.000
1267.264	6711.000
1267.403	6810.000
1267.542	6710.000
1267.681	6837.000
1267.821	6736.000
1267.960	6756.000
1268.099	6746.000
1268.238	6792.000
1268.377	6762.000
1268.517	6831.000
1268.656	6733.000
1268.795	6851.000
1268.934	6724.000
1269.073	6926.000
1269.212	6735.000
1269.352	6808.000
1269.491	6767.000
1269.630	6820.000
1269.769	6761.000
1269.908	6838.000
1270.047	6749.000
1270.186	6813.000
1270.325	6766.000
1270.464	6854.000
1270.603	6792.000
1270.742	6850.000
1270.881	6743.000
1271.020	6791.000
1271.159	6709.000
1271.298	6789.000
1271.437	6703.000
1271.576	6889.000
1271.715	6728.000
1271.854	6876.000
1271.993	6685.000
1272.132	6819.000
1272.271	6733.000
1272.410	6825.000
1272.549	6667.000
1272.688	6882.000
1272.827	6715.000
1272.966	6893.000
1273.104	6777.000
1273.243	6926.000
1273.382	6702.000
1273.521	6901.000
1273.660	6694.000
1273.799	6839.000
1273.938	6714.000
1274.076	6935.000
1274.215	6704.000
1274.354	6920.000
1274.493	6742.000
1274.632	6893.000
1274.770	6695.000
1274.909	6860.000
1275.048	6731.000
1275.187	6917.000
1275.325	6760.000
1275.464	6884.000
1275.603	6818.000
1275.741	6959.000
1275.880	6809.000
1276.019	6833.000
1276.157	6793.000
1276.296	6931.000
1276.435	6761.000
1276.573	6909.000
1276.712	6750.000
1276.851	6967.000
1276.989	6722.000
1277.128	6958.000
1277.267	6735.000
1277.405	6981.000
1277.544	6856.000
1277.682	6925.000
1277.821	6710.000
1277.959	6878.000
1278.098	6738.000
1278.236	6894.000
1278.375	6768.000
1278.514	6920.000
1278.652	6783.000
1278.791	6892.000
1278.929	6781.000
1279.068	6904.000
1279.206	6787.000
1279.344	6899.000
1279.483	6763.000
1279.621	6938.000
1279.760	6752.000
1279.898	6888.000
1280.037	6752.000
1280.175	6912.000
1280.313	6678.000
1280.452	6929.000
1280.590	6800.000
1280.729	6845.000
1280.867	6748.000
1281.005	6956.000
1281.144	6722.000
1281.282	6902.000
1281.420	6765.000
1281.559	6867.000
1281.697	6712.000
1281.835	6855.000
1281.974	6716.000
1282.112	6812.000
1282.250	6739.000
1282.388	6870.000
1282.527	6733.000
1282.665	6852.000
1282.803	6690.000
1282.941	6953.000
1283.080	6777.000
1283.218	6854.000
1283.356	6789.000
1283.494	6887.000
1283.632	6743.000
1283.771	6879.000
1283.909	5910.000
1284.047	6861.000
1284.185	6706.000
1284.323	6779.000
1284.461	6644.000
1284.599	6863.000
1284.737	6662.000
1284.876	6849.000
1285.014	6741.000
1285.152	6877.000
1285.290	6704.000
1285.428	6791.000
1285.566	6671.000
1285.704	6879.000
1285.842	6715.000
1285.980	6811.000
1286.118	6610.000
1286.256	6830.000
1286.394	6645.000
1286.532	6758.000
1286.670	6679.000
1286.808	6739.000
1286.946	6670.000
1287.084	6791.000
1287.222	6602.000
1287.360	6802.000
1287.498	6565.000
1287.636	6855.000
1287.774	6634.000
1287.911	6739.000
1288.049	6673.000
1288.187	6704.000
1288.325	6587.000
1288.463	6684.000
1288.601	6555.000
1288.739	6676.000
1288.876	6589.000
1289.014	6776.000
1289.152	6606.000
1289.290	6755.000
1289.428	6528.000
1289.565	6706.000
1289.703	6538.000
1289.841	6679.000
1289.979	6467.000
1290.117	6665.000
1290.254	6481.000
1290.392	6655.000
1290.530	6506.000
1290.667	6659.000
1290.805	6610.000
1290.943	6697.000
1291.080	6497.000
1291.218	6762.000
1291.356	6476.000
1291.493	6654.000
1291.631	6574.000
1291.769	6736.000
1291.906	6528.000
1292.044	6793.000
1292.182	9388.000
1292.319	6763.000
1292.457	6573.000
1292.594	6702.000
1292.732	6558.000
1292.870	6686.000
1293.007	6475.000
1293.145	6656.000
1293.282	6642.000
1293.420	6784.000
1293.557	6631.000
1293.695	6683.000
1293.832	6544.000
1293.970	6689.000
1294.107	6620.000
1294.245	6770.000
1294.382	6579.000
1294.520	6694.000
1294.657	6559.000
1294.795	6734.000
1294.932	6603.000
1295.069	6793.000
1295.207	6604.000
1295.344	6731.000
1295.482	6619.000
1295.619	6745.000
1295.756	6526.000
1295.894	6668.000
1296.031	6538.000
1296.168	6781.000
1296.306	6543.000
1296.443	6709.000
1296.580	6544.000
1296.718	6772.000
1296.855	6545.000
1296.992	6755.000
1297.130	6533.000
1297.267	6745.000
1297.404	6439.000
1297.541	6714.000
1297.679	6486.000
1297.816	6707.000
1297.953	6503.000
1298.090	6716.000
1298.228	6543.000
1298.365	6684.000
1298.502	6530.000
1298.639	6746.000
1298.776	6467.000
1298.913	6729.000
1299.051	6581.000
1299.188	6612.000
1299.325	6516.000
1299.462	6735.000
1299.599	6517.000
1299.736	6663.000
1299.873	6525.000
1300.010	6691.000
1300.147	6540.000
1300.285	6671.000
1300.422	6556.000
1300.559	6661.000
1300.696	6545.000
1300.833	6736.000
1300.970	6489.000
1301.107	6722.000
1301.244	6443.000
1301.381	6672.000
1301.518	6600.000
1301.655	6772.000
1301.792	6538.000
1301.929	6651.000
1302.066	6544.000
1302.203	6720.000
1302.340	6549.000
1302.476	6738.000
1302.613	6544.000
1302.750	6774.000
1302.887	6496.000
1303.024	6653.000
1303.161	6508.000
1303.298	6760.000
1303.435	6502.000
1303.572	6583.000
1303.708	6517.000
1303.845	6756.000
1303.982	6567.000
1304.119	6650.000
1304.256	6518.000
1304.392	6624.000
1304.529	6588.000
1304.666	6724.000
