1249.954	3769.000
1250.101	3887.000
1250.248	3740.000
1250.395	3967.000
1250.542	3715.000
1250.689	3953.000
1250.836	3716.000
1250.983	3936.000
1251.130	3723.000
1251.278	3919.000
1251.425	3716.000
1251.572	3955.000
1251.719	3728.000
1251.866	3889.000
1252.013	3694.000
1252.160	3959.000
1252.307	3653.000
1252.454	3963.000
1252.601	3683.000
1252.748	3948.000
1252.895	3667.000
1253.042	3865.000
1253.188	3825.000
1253.335	3900.000
1253.482	3777.000
1253.629	3900.000
1253.776	3762.000
1253.923	3874.000
1254.070	3724.000
1254.217	3880.000
1254.364	3721.000
1254.510	3957.000
1254.657	3778.000
1254.804	3901.000
1254.951	3692.000
1255.098	3912.000
1255.244	3804.000
1255.391	3906.000
1255.538	3771.000
1255.685	3956.000
1255.831	3717.000
1255.978	3974.000
1256.125	3715.000
1256.271	3974.000
1256.418	3703.000
1256.565	3930.000
1256.711	3755.000
1256.858	3867.000
1257.005	3738.000
1257.151	3909.000
1257.298	3700.000
1257.445	3886.000
1257.591	3740.000
1257.738	3939.000
1257.884	3685.000
1258.031	3916.000
1258.177	3702.000
1258.324	3947.000
1258.470	3665.000
1258.617	3860.000
1258.763	3751.000
1258.910	3874.000
1259.056	3704.000
1259.203	3883.000
1259.349	3644.000
1259.496	3917.000
1259.642	3738.000
1259.789	3855.000
1259.935	3671.000
1260.082	3877.000
1260.228	3684.000
1260.374	3849.000
1260.521	3699.000
1260.667	3901.000
1260.813	3644.000
1260.960	3858.000
1261.106	3647.000
1261.252	3830.000
1261.399	3692.000
1261.545	3927.000
1261.691	3652.000
1261.837	3855.000
1261.984	3692.000
1262.130	3859.000
1262.276	3635.000
1262.422	3819.000
1262.569	3647.000
1262.715	3831.000
1262.861	3699.000
1263.007	3825.000
1263.153	3650.000
1263.300	3872.000
1263.446	3699.000
1263.592	3845.000
1263.738	3703.000
1263.884	3842.000
1264.030	3606.000
1264.176	3836.000
1264.322	3662.000
1264.468	3851.000
1264.614	3618.000
1264.761	3760.000
1264.907	3616.000
1265.053	3785.000
1265.199	3621.000
1265.345	3836.000
1265.491	3602.000
1265.637	3822.000
1265.783	3629.000
1265.928	3790.000
1266.074	3644.000
1266.220	3820.000
1266.366	3527.000
1266.512	3841.000
1266.658	3619.000
1266.804	3769.000
1266.950	3660.000
1267.096	3845.000
1267.242	3670.000
1267.387	3791.000
1267.533	3625.000
1267.679	3785.000
1267.825	3615.000
1267.971	3849.000
1268.117	3593.000
1268.262	3824.000
1268.408	3580.000
1268.554	3728.000
1268.700	3707.000
1268.845	3823.000
1268.991	3624.000
1269.137	3834.000
1269.282	3618.000
1269.428	3758.000
1269.574	3592.000
1269.719	3799.000
1269.865	3665.000
1270.011	3827.000
1270.156	3585.000
1270.302	3827.000
1270.448	3635.000
1270.593	3821.000
1270.739	3587.000
1270.884	3760.000
1271.030	3624.000
1271.176	3824.000
1271.321	3665.000
1271.467	3774.000
1271.612	3604.000
1271.758	3819.000
1271.903	3624.000
1272.049	3783.000
1272.194	3597.000
1272.340	3762.000
1272.485	3614.000
1272.630	3839.000
1272.776	3627.000
1272.921	3825.000
1273.067	3596.000
1273.212	3814.000
1273.358	3647.000
1273.503	3766.000
1273.648	3619.000
1273.794	3829.000
1273.939	3539.000
1274.084	3790.000
1274.230	3638.000
1274.375	3778.000
1274.520	3616.000
1274.666	3817.000
1274.811	3549.000
1274.956	3789.000
1275.101	3593.000
1275.247	3719.000
1275.392	3629.000
1275.537	3809.000
1275.682	3557.000
1275.827	3783.000
1275.973	3499.000
1276.118	3717.000
1276.263	3587.000
1276.408	3788.000
1276.553	3608.000
1276.698	3829.000
1276.844	3538.000
1276.989	3694.000
1277.134	3592.000
1277.279	3740.000
1277.424	3588.000
1277.569	3831.000
1277.714	3559.000
1277.859	3731.000
1278.004	3532.000
1278.149	3794.000
1278.294	3582.000
1278.439	3824.000
1278.584	3518.000
1278.729	3750.000
1278.874	3475.000
1279.019	3793.000
1279.164	3658.000
1279.309	3734.000
1279.454	3614.000
1279.599	3723.000
1279.744	3540.000
1279.888	3740.000
1280.033	3566.000
1280.178	3813.000
1280.323	3523.000
1280.468	3769.000
1280.613	3542.000
1280.758	3727.000
1280.902	3526.000
1281.047	3813.000
1281.192	3550.000
1281.337	3712.000
1281.481	3521.000
1281.626	3692.000
1281.771	3518.000
1281.916	3714.000
1282.060	3557.000
1282.205	3740.000
1282.350	3540.000
1282.495	3747.000
1282.639	3448.000
1282.784	3750.000
1282.929	3527.000
1283.073	3737.000
1283.218	3510.000
1283.362	3791.000
1283.507	3553.000
1283.652	3733.000
1283.796	3537.000
1283.941	3780.000
1284.085	3531.000
1284.230	3687.000
1284.374	3551.000
1284.519	3765.000
1284.663	3472.000
1284.808	3699.000
1284.952	3528.000
1285.097	3735.000
1285.241	3534.000
1285.386	3722.000
1285.530	3483.000
1285.675	3738.000
1285.819	3559.000
1285.964	3748.000
1286.108	3603.000
1286.252	3779.000
1286.397	3567.000
1286.541	3695.000
1286.686	3535.000
1286.830	3730.000
1286.974	3492.000
1287.119	3769.000
1287.263	3637.000
1287.407	3787.000
1287.552	3531.000
1287.696	3811.000
1287.840	3629.000
1287.984	3714.000
1288.129	3501.000
1288.273	3771.000
1288.417	3547.000
1288.561	3710.000
1288.705	3540.000
1288.850	3758.000
1288.994	3515.000
1289.138	3715.000
1289.282	3548.000
1289.426	3716.000
1289.570	3534.000
1289.715	3749.000
1289.859	3568.000
1290.003	3751.000
1290.147	3532.000
1290.291	3808.000
1290.435	3546.000
1290.579	3689.000
1290.723	3597.000
1290.867	3753.000
1291.011	3508.000
1291.155	3739.000
1291.299	3615.000
1291.443	3759.000
1291.587	3535.000
1291.731	3700.000
1291.875	3532.000
1292.019	3712.000
1292.163	3549.000
1292.307	3735.000
1292.451	3580.000
1292.595	3761.000
1292.739	3555.000
1292.883	3732.000
1293.027	3408.000
1293.170	3769.000
1293.314	3539.000
1293.458	3715.000
1293.602	3529.000
1293.746	3766.000
1293.890	3511.000
1294.033	3719.000
1294.177	3598.000
1294.321	3616.000
1294.465	3443.000
1294.608	3741.000
1294.752	3523.000
1294.896	3708.000
1295.040	3473.000
1295.183	3751.000
1295.327	3611.000
1295.471	3727.000
1295.614	3493.000
1295.758	3726.000
1295.902	3555.000
1296.045	3748.000
1296.189	3507.000
1296.332	3754.000
1296.476	3514.000
1296.620	3641.000
1296.763	3557.000
1296.907	3704.000
1297.050	3526.000
1297.194	3800.000
1297.337	3491.000
1297.481	3581.000
1297.625	3520.000
1297.768	3737.000
1297.912	3557.000
1298.055	3668.000
1298.198	3437.000
1298.342	3714.000
1298.485	3482.000
1298.629	3712.000
1298.772	3509.000
1298.916	3695.000
1299.059	3529.000
1299.202	3709.000
1299.346	3561.000
1299.489	3726.000
1299.633	3520.000
1299.776	3756.000
1299.919	3489.000
1300.063	3649.000
1300.206	3555.000
1300.349	3702.000
1300.492	3423.000
1300.636	3729.000
1300.779	3444.000
1300.922	3654.000
1301.066	3508.000
1301.209	3722.000
1301.352	3497.000
1301.495	3705.000
1301.638	3520.000
1301.782	3601.000
1301.925	3466.000
1302.068	3681.000
1302.211	3580.000
1302.354	3624.000
1302.497	3522.000
1302.641	3645.000
1302.784	3523.000
1302.927	3667.000
1303.070	3473.000
1303.213	3614.000
1303.356	3500.000
1303.499	3677.000
1303.642	3490.000
1303.785	3690.000
1303.928	3454.000
1304.071	3724.000
1304.214	3442.000
1304.357	3699.000
1304.500	3457.000
1304.643	3704.000
1304.786	3494.000
1304.929	3769.000
1305.072	3450.000
1305.215	3779.000
1305.358	3485.000
1305.501	3676.000
1305.644	3507.000
1305.786	3696.000
1305.929	3493.000
1306.072	3638.000
1306.215	3475.000
1306.358	3712.000
1306.501	3454.000
1306.644	3654.000
1306.786	3487.000
1306.929	3668.000
1307.072	3536.000
1307.215	3741.000
1307.357	3568.000
1307.500	3671.000
1307.643	3458.000
1307.786	3701.000
1307.928	3374.000
1308.071	3691.000
1308.214	3547.000
1308.356	3660.000
1308.499	3581.000
1308.642	3614.000
1308.784	3415.000
1308.927	3634.000
1309.070	3523.000
1309.212	3736.000
1309.355	3481.000
1309.497	3677.000
1309.640	3438.000
1309.783	3693.000
1309.925	3503.000
1310.068	3646.000
1310.210	3424.000
1310.353	3700.000
1310.495	3520.000
1310.638	3676.000
1310.780	3437.000
1310.923	3696.000
1311.065	3471.000
1311.208	3707.000
1311.350	3518.000
1311.493	3615.000
1311.635	3387.000
1311.777	3678.000
1311.920	3488.000
1312.062	3758.000
1312.205	3483.000
1312.347	3722.000
1312.489	3467.000
1312.632	3687.000
1312.774	3491.000
1312.916	3670.000
1313.059	3457.000
1313.201	3694.000
1313.343	3494.000
1313.485	3669.000
1313.628	3498.000
1313.770	3729.000
1313.912	3522.000
1314.054	3730.000
1314.197	3463.000
1314.339	3624.000
1314.481	3437.000
1314.623	3745.000
1314.765	3448.000
1314.908	3650.000
1315.050	3423.000
1315.192	3622.000
1315.334	3449.000
1315.476	3646.000
1315.618	3506.000
1315.760	3652.000
1315.902	3477.000
1316.045	3717.000
1316.187	3529.000
1316.329	3671.000
1316.471	3447.000
1316.613	3697.000
1316.755	3533.000
1316.897	3673.000
1317.039	3475.000
1317.181	3732.000
1317.323	3459.000
1317.465	3633.000
1317.607	3447.000
1317.749	3667.000
1317.890	3476.000
1318.032	3677.000
1318.174	3440.000
1318.316	3667.000
1318.458	3443.000
1318.600	3621.000
1318.742	3525.000
1318.884	3633.000
1319.026	3424.000
1319.167	3659.000
1319.309	3389.000
1319.451	3715.000
1319.593	3516.000
1319.735	3615.000
1319.876	3461.000
1320.018	3603.000
1320.160	3486.000
1320.302	3672.000
1320.443	3521.000
1320.585	3710.000
1320.727	3434.000
1320.868	3671.000
1321.010	3504.000
1321.152	3681.000
1321.294	3465.000
1321.435	3687.000
1321.577	3519.000
1321.718	3719.000
1321.860	3468.000
1322.002	3566.000
1322.143	3403.000
1322.285	3681.000
1322.426	3412.000
1322.568	3657.000
1322.710	3457.000
1322.851	3644.000
1322.993	3440.000
1323.134	3635.000
1323.276	3436.000
1323.417	3727.000
1323.559	3329.000
1323.700	3715.000
1323.842	3436.000
1323.983	3649.000
1324.124	3475.000
1324.266	3679.000
1324.407	3433.000
1324.549	3614.000
1324.690	3416.000
1324.832	3614.000
1324.973	3463.000
1325.114	3632.000
1325.256	3370.000
1325.397	3637.000
1325.538	3585.000
1325.680	3677.000
1325.821	3453.000
1325.962	3691.000
1326.103	3419.000
1326.245	3636.000
1326.386	3419.000
1326.527	3643.000
1326.669	3396.000
1326.810	3754.000
1326.951	3460.000
1327.092	3674.000
1327.233	3423.000
1327.375	3677.000
1327.516	3494.000
1327.657	3673.000
1327.798	3397.000
1327.939	3604.000
1328.080	3427.000
1328.221	3668.000
1328.363	3485.000
1328.504	3627.000
1328.645	3353.000
1328.786	3636.000
1328.927	3431.000
1329.068	3588.000
1329.209	3450.000
1329.350	3629.000
1329.491	3378.000
1329.632	3633.000
1329.773	3383.000
1329.914	3656.000
1330.055	3418.000
1330.196	3712.000
1330.337	3452.000
1330.478	3637.000
1330.619	3378.000
1330.760	3605.000
1330.901	3469.000
1331.041	3704.000
1331.182	3425.000
1331.323	3643.000
1331.464	3338.000
1331.605	3639.000
1331.746	3426.000
1331.887	3635.000
1332.027	3387.000
1332.168	3572.000
1332.309	3523.000
1332.450	3576.000
1332.591	3437.000
1332.731	3669.000
1332.872	3379.000
1333.013	3650.000
1333.154	3401.000
1333.294	3686.000
1333.435	3451.000
1333.576	3557.000
1333.716	3414.000
1333.857	3639.000
1333.998	3418.000
1334.138	3564.000
1334.279	3327.000
1334.420	3634.000
1334.560	3490.000
1334.701	3632.000
1334.841	3476.000
1334.982	3678.000
1335.123	3406.000
1335.263	3598.000
1335.404	3402.000
1335.544	3589.000
1335.685	3337.000
1335.825	3586.000
1335.966	3471.000
1336.106	3614.000
1336.247	3373.000
1336.387	3627.000
1336.528	3413.000
1336.668	3614.000
1336.809	3329.000
1336.949	3596.000
1337.089	3372.000
1337.230	3557.000
1337.370	3332.000
1337.511	3559.000
1337.651	3470.000
1337.791	3544.000
1337.932	3369.000
1338.072	3575.000
1338.212	3415.000
1338.353	3587.000
1338.493	3367.000
1338.633	3611.000
1338.773	3388.000
1338.914	3532.000
1339.054	3357.000
1339.194	3628.000
1339.335	3387.000
1339.475	3554.000
1339.615	3375.000
1339.755	3558.000
1339.895	3350.000
1340.036	3510.000
1340.176	3324.000
1340.316	3605.000
1340.456	3450.000
1340.596	3539.000
1340.736	3347.000
1340.876	3575.000
1341.016	3359.000
1341.157	3538.000
1341.297	3330.000
1341.437	3539.000
1341.577	3298.000
1341.717	3526.000
1341.857	3350.000
1341.997	3553.000
1342.137	3347.000
1342.277	3523.000
1342.417	3287.000
1342.557	3575.000
1342.697	3373.000
1342.837	3536.000
1342.977	3391.000
1343.117	3537.000
1343.257	3280.000
1343.397	3531.000
1343.536	3417.000
1343.676	3614.000
1343.816	3369.000
1343.956	3534.000
1344.096	3394.000
1344.236	3520.000
1344.376	3302.000
1344.515	3550.000
1344.655	3358.000
1344.795	3531.000
1344.935	3335.000
1345.075	3525.000
1345.214	3313.000
1345.354	3552.000
1345.494	3370.000
1345.634	3594.000
1345.773	3301.000
1345.913	3579.000
1346.053	3342.000
1346.192	3576.000
1346.332	3327.000
1346.472	3596.000
1346.611	3304.000
1346.751	3521.000
1346.891	3355.000
1347.030	3520.000
1347.170	3316.000
1347.310	3599.000
1347.449	3334.000
1347.589	3534.000
1347.728	3369.000
1347.868	3542.000
1348.007	3359.000
1348.147	3568.000
1348.286	3378.000
1348.426	3495.000
1348.565	3318.000
1348.705	3555.000
1348.844	3389.000
1348.984	3529.000
1349.123	3379.000
1349.263	3521.000
1349.402	3378.000
1349.542	3607.000
1349.681	3372.000
1349.821	3528.000
1349.960	3420.000
1350.099	3568.000
1350.239	3358.000
1350.378	3591.000
1350.517	3375.000
1350.657	3561.000
1350.796	3415.000
1350.935	3603.000
1351.075	3400.000
1351.214	3540.000
1351.353	3362.000
1351.492	3618.000
1351.632	3403.000
1351.771	3521.000
1351.910	3428.000
1352.049	3591.000
1352.189	3367.000
1352.328	3534.000
1352.467	3342.000
1352.606	3608.000
1352.745	3379.000
1352.885	3542.000
1353.024	3396.000
1353.163	3619.000
1353.302	3558.000
1353.441	3573.000
1353.580	3419.000
1353.719	3565.000
1353.858	3345.000
1353.997	3621.000
1354.136	3335.000
1354.275	3600.000
1354.414	3343.000
1354.554	3490.000
1354.693	3404.000
1354.832	3534.000
1354.970	3326.000
1355.109	3546.000
1355.248	3366.000
1355.387	3611.000
1355.526	3344.000
1355.665	3508.000
1355.804	3337.000
1355.943	3483.000
1356.082	3322.000
1356.221	3562.000
1356.360	3363.000
1356.499	3532.000
1356.637	3434.000
1356.776	3560.000
1356.915	3321.000
1357.054	3624.000
1357.193	3360.000
1357.332	3541.000
1357.470	3351.000
1357.609	3503.000
1357.748	3373.000
1357.887	3535.000
1358.025	3361.000
1358.164	3481.000
1358.303	3342.000
1358.442	3451.000
1358.580	3355.000
1358.719	3503.000
1358.858	3371.000
1358.996	3567.000
1359.135	3376.000
1359.274	3568.000
1359.412	3359.000
1359.551	3506.000
1359.689	3383.000
1359.828	3518.000
1359.967	3386.000
1360.105	3498.000
1360.244	3362.000
1360.382	3521.000
1360.521	3377.000
1360.659	3563.000
1360.798	3413.000
1360.936	3541.000
1361.075	3310.000
1361.213	3493.000
1361.352	3324.000
1361.490	3516.000
1361.629	3351.000
1361.767	3573.000
1361.906	3345.000
1362.044	3553.000
1362.183	3326.000
1362.321	3505.000
1362.459	3339.000
1362.598	3505.000
1362.736	3311.000
1362.874	3556.000
1363.013	3339.000
1363.151	3570.000
1363.289	3408.000
1363.428	3610.000
1363.566	3334.000
1363.704	3577.000
1363.843	3349.000
1363.981	3528.000
1364.119	3342.000
1364.257	3601.000
1364.396	3325.000
1364.534	3605.000
1364.672	3363.000
1364.810	3597.000
1364.948	3309.000
1365.087	3544.000
1365.225	3379.000
1365.363	3583.000
1365.501	3353.000
1365.639	3569.000
1365.777	3433.000
1365.915	3600.000
1366.053	3388.000
1366.192	3539.000
1366.330	3395.000
1366.468	3595.000
1366.606	3347.000
1366.744	3592.000
1366.882	3347.000
1367.020	3604.000
1367.158	3351.000
1367.296	3617.000
1367.434	3331.000
1367.572	3624.000
1367.710	3434.000
1367.848	3603.000
1367.986	3355.000
1368.124	3560.000
1368.261	3365.000
1368.399	3536.000
1368.537	3373.000
1368.675	3572.000
1368.813	3415.000
1368.951	3547.000
1369.089	3377.000
1369.227	3584.000
1369.364	3420.000
1369.502	3575.000
1369.640	3358.000
1369.778	3637.000
1369.916	3367.000
1370.053	3566.000
1370.191	3358.000
1370.329	3555.000
1370.467	3320.000
1370.604	3613.000
1370.742	3436.000
1370.880	3534.000
1371.017	3433.000
1371.155	3653.000
1371.293	3343.000
1371.430	3600.000
1371.568	3416.000
1371.706	3576.000
1371.843	3358.000
1371.981	3514.000
1372.119	3380.000
1372.256	3517.000
1372.394	3383.000
1372.531	3587.000
1372.669	3396.000
1372.806	3574.000
1372.944	3368.000
1373.082	3627.000
1373.219	3420.000
1373.357	3550.000
1373.494	3455.000
1373.632	3594.000
1373.769	3406.000
1373.906	3584.000
1374.044	2981.000
1374.181	3558.000
1374.319	3382.000
1374.456	3533.000
1374.594	3301.000
1374.731	3529.000
1374.868	3345.000
1375.006	3580.000
1375.143	3426.000
1375.280	3543.000
1375.418	3419.000
1375.555	3528.000
1375.692	3391.000
1375.830	3594.000
1375.967	3404.000
1376.104	3575.000
1376.242	3307.000
1376.379	3574.000
1376.516	3360.000
1376.653	3528.000
1376.791	3382.000
1376.928	3539.000
1377.065	3394.000
1377.202	3563.000
1377.339	3342.000
1377.477	3605.000
1377.614	3306.000
1377.751	3669.000
1377.888	3402.000
1378.025	3494.000
1378.162	3408.000
1378.299	3515.000
1378.436	3343.000
1378.574	3459.000
1378.711	3294.000
1378.848	3482.000
1378.985	3329.000
1379.122	3591.000
1379.259	3384.000
1379.396	3598.000
1379.533	3321.000
1379.670	3496.000
1379.807	3312.000
1379.944	3492.000
1380.081	3229.000
1380.218	3487.000
1380.355	3250.000
1380.491	3487.000
1380.628	3280.000
1380.765	3492.000
1380.902	3393.000
1381.039	3501.000
1381.176	3269.000
1381.313	3590.000
1381.450	3251.000
1381.586	3487.000
1381.723	3343.000
1381.860	3561.000
1381.997	3320.000
1382.134	3594.000
1382.271	5038.000
1382.407	3554.000
1382.544	3358.000
1382.681	3511.000
1382.818	3345.000
1382.954	3503.000
1383.091	3220.000
1383.228	3478.000
1383.364	3427.000
1383.501	3608.000
1383.638	3392.000
1383.774	3517.000
1383.911	3309.000
1384.048	3508.000
1384.184	3398.000
1384.321	3580.000
1384.457	3380.000
1384.594	3496.000
1384.731	3325.000
1384.867	3526.000
1385.004	3372.000
1385.140	3575.000
1385.277	3358.000
1385.413	3532.000
1385.550	3400.000
1385.686	3527.000
1385.823	3302.000
1385.959	3496.000
1386.096	3309.000
1386.232	3585.000
1386.369	3339.000
1386.505	3554.000
1386.642	3317.000
1386.778	3595.000
1386.914	3360.000
1387.051	3606.000
1387.187	3367.000
1387.324	3537.000
1387.460	3258.000
1387.596	3544.000
1387.733	3317.000
1387.869	3572.000
1388.005	3304.000
1388.142	3579.000
1388.278	3330.000
1388.414	3540.000
1388.550	3343.000
1388.687	3603.000
1388.823	3288.000
1388.959	3561.000
1389.095	3396.000
1389.232	3507.000
1389.368	3316.000
1389.504	3587.000
1389.640	3335.000
1389.776	3517.000
1389.912	3329.000
1390.049	3510.000
1390.185	3359.000
1390.321	3499.000
1390.457	3392.000
1390.593	3511.000
1390.729	3389.000
1390.865	3585.000
1391.001	3306.000
1391.137	3542.000
1391.273	3310.000
1391.409	3529.000
1391.545	3410.000
1391.681	3588.000
1391.817	3353.000
1391.953	3524.000
1392.089	3390.000
1392.225	3591.000
1392.361	3399.000
1392.497	3611.000
1392.633	3400.000
1392.769	3619.000
1392.905	3349.000
1393.041	3531.000
1393.177	3363.000
1393.313	3593.000
1393.449	3381.000
1393.584	3452.000
1393.720	3432.000
1393.856	3621.000
1393.992	3445.000
1394.128	3553.000
1394.264	3341.000
1394.399	3479.000
1394.535	3425.000
1394.671	3606.000
