1129.938	7169.000
1130.084	6931.000
1130.229	6879.000
1130.375	6785.000
1130.521	6659.000
1130.667	6552.000
1130.813	6404.000
1130.958	6371.000
1131.104	6262.000
1131.250	6228.000
1131.396	6090.000
1131.542	6148.000
1131.687	6041.000
1131.833	5980.000
1131.979	5914.000
1132.124	6000.000
1132.270	5797.000
1132.416	5954.000
1132.561	5827.000
1132.707	5990.000
1132.853	5938.000
1132.998	6034.000
1133.144	6194.000
1133.290	6156.000
1133.435	6212.000
1133.581	6203.000
1133.727	6240.000
1133.872	6231.000
1134.018	6242.000
1134.163	6213.000
1134.309	6179.000
1134.455	6165.000
1134.600	6038.000
1134.746	5966.000
1134.891	5761.000
1135.037	5759.000
1135.182	5670.000
1135.328	5591.000
1135.473	5500.000
1135.619	5532.000
1135.764	5299.000
1135.910	5400.000
1136.055	5167.000
1136.201	5293.000
1136.346	5043.000
1136.492	5159.000
1136.637	5043.000
1136.783	5017.000
1136.928	4907.000
1137.074	4976.000
1137.219	4802.000
1137.364	4887.000
1137.510	4774.000
1137.655	4899.000
1137.801	4659.000
1137.946	4810.000
1138.091	4611.000
1138.237	4771.000
1138.382	4549.000
1138.527	4684.000
1138.673	4568.000
1138.818	4630.000
1138.963	4496.000
1139.109	4585.000
1139.254	4436.000
1139.399	4651.000
1139.544	4474.000
1139.690	4553.000
1139.835	4397.000
1139.980	4565.000
1140.125	4370.000
1140.271	4522.000
1140.416	4443.000
1140.561	4544.000
1140.706	4298.000
1140.851	4502.000
1140.997	4335.000
1141.142	4474.000
1141.287	4393.000
1141.432	4547.000
1141.577	4286.000
1141.723	4476.000
1141.868	4317.000
1142.013	4469.000
1142.158	4282.000
1142.303	4431.000
1142.448	4265.000
1142.593	4416.000
1142.738	4322.000
1142.883	4421.000
1143.028	4276.000
1143.174	4487.000
1143.319	4307.000
1143.464	4420.000
1143.609	4254.000
1143.754	4399.000
1143.899	4205.000
1144.044	4398.000
1144.189	4236.000
1144.334	4394.000
1144.479	4170.000
1144.624	4297.000
1144.769	4156.000
1144.914	4275.000
1145.059	4138.000
1145.204	4363.000
1145.348	4139.000
1145.493	4322.000
1145.638	4159.000
1145.783	4293.000
1145.928	4175.000
1146.073	4314.000
1146.218	4034.000
1146.363	4331.000
1146.508	4102.000
1146.653	4279.000
1146.797	4148.000
1146.942	4319.000
1147.087	4167.000
1147.232	4299.000
1147.377	4140.000
1147.522	4267.000
1147.666	4127.000
1147.811	4351.000
1147.956	4074.000
1148.101	4328.000
1148.245	4092.000
1148.390	4224.000
1148.535	4211.000
1148.680	4295.000
1148.824	4119.000
1148.969	4311.000
1149.114	4139.000
1149.259	4242.000
1149.403	4095.000
1149.548	4272.000
1149.693	4179.000
1149.837	4313.000
1149.982	4097.000
1150.127	4310.000
1150.271	4167.000
1150.416	4317.000
1150.561	4111.000
1150.705	4251.000
1150.850	4150.000
1150.994	4347.000
1151.139	4183.000
1151.284	4279.000
1151.428	4117.000
1151.573	4338.000
1151.717	4169.000
1151.862	4302.000
1152.006	4127.000
1152.151	4274.000
1152.295	4129.000
1152.440	4351.000
1152.584	4205.000
1152.729	4368.000
1152.873	4155.000
1153.018	4382.000
1153.162	4186.000
1153.307	4300.000
1153.451	4167.000
1153.596	4344.000
1153.740	4107.000
1153.885	4322.000
1154.029	4186.000
1154.174	4336.000
1154.318	4175.000
1154.462	4386.000
1154.607	4110.000
1154.751	4374.000
1154.896	4181.000
1155.040	4298.000
1155.184	4244.000
1155.329	4355.000
1155.473	4148.000
1155.617	4395.000
1155.762	4101.000
1155.906	4310.000
1156.050	4172.000
1156.194	4384.000
1156.339	4213.000
1156.483	4407.000
1156.627	4124.000
1156.772	4267.000
1156.916	4183.000
1157.060	4320.000
1157.204	4231.000
1157.349	4420.000
1157.493	4173.000
1157.637	4363.000
1157.781	4140.000
1157.925	4393.000
1158.070	4197.000
1158.214	4433.000
1158.358	4141.000
1158.502	4344.000
1158.646	4106.000
1158.790	4417.000
1158.935	4302.000
1159.079	4314.000
1159.223	4230.000
1159.367	4344.000
1159.511	4129.000
1159.655	4349.000
1159.799	4166.000
1159.943	4417.000
1160.087	4108.000
1160.231	4346.000
1160.375	4117.000
1160.519	4333.000
1160.664	4101.000
1160.808	4391.000
1160.952	4125.000
1161.096	4299.000
1161.240	4081.000
1161.384	4269.000
1161.528	4035.000
1161.672	4257.000
1161.815	4110.000
1161.959	4301.000
1162.103	4078.000
1162.247	4298.000
1162.391	3977.000
1162.535	4283.000
1162.679	4037.000
1162.823	4246.000
1162.967	4041.000
1163.111	4292.000
1163.255	4075.000
1163.399	4210.000
1163.542	4031.000
1163.686	4239.000
1163.830	3993.000
1163.974	4160.000
1164.118	4032.000
1164.262	4218.000
1164.405	3960.000
1164.549	4122.000
1164.693	3982.000
1164.837	4178.000
1164.981	3971.000
1165.124	4188.000
1165.268	3933.000
1165.412	4188.000
1165.556	3999.000
1165.699	4179.000
1165.843	4021.000
1165.987	4217.000
1166.131	3990.000
1166.274	4106.000
1166.418	3937.000
1166.562	4151.000
1166.705	3923.000
1166.849	4202.000
1166.993	4066.000
1167.136	4206.000
1167.280	3931.000
1167.424	4195.000
1167.567	4051.000
1167.711	4138.000
1167.854	3922.000
1167.998	4188.000
1168.142	3958.000
1168.285	4131.000
1168.429	3957.000
1168.572	4180.000
1168.716	3965.000
1168.859	4136.000
1169.003	3967.000
1169.147	4133.000
1169.290	3969.000
1169.434	4146.000
1169.577	3992.000
1169.721	4172.000
1169.864	3960.000
1170.008	4207.000
1170.151	3985.000
1170.294	4138.000
1170.438	3997.000
1170.581	4182.000
1170.725	3915.000
1170.868	4171.000
1171.012	4028.000
1171.155	4185.000
1171.298	3954.000
1171.442	4106.000
1171.585	3952.000
1171.729	4143.000
1171.872	3966.000
1172.015	4135.000
1172.159	4010.000
1172.302	4191.000
1172.445	3953.000
1172.589	4155.000
1172.732	3837.000
1172.875	4199.000
1173.019	3950.000
1173.162	4128.000
1173.305	3939.000
1173.449	4192.000
1173.592	3927.000
1173.735	4146.000
1173.878	4057.000
1174.022	4087.000
1174.165	3879.000
1174.308	4171.000
1174.451	3967.000
1174.594	4127.000
1174.738	3936.000
1174.881	4182.000
1175.024	4045.000
1175.167	4170.000
1175.310	3944.000
1175.454	4186.000
1175.597	3994.000
1175.740	4184.000
1175.883	3939.000
1176.026	4228.000
1176.169	3969.000
1176.312	4089.000
1176.455	4003.000
1176.598	4147.000
1176.742	3977.000
1176.885	4267.000
1177.028	3959.000
1177.171	4067.000
1177.314	3986.000
1177.457	4205.000
1177.600	4004.000
1177.743	4125.000
1177.886	3916.000
1178.029	4207.000
1178.172	3989.000
1178.315	4147.000
1178.458	3968.000
1178.601	4212.000
1178.744	4016.000
1178.887	4187.000
1179.030	4023.000
1179.173	4224.000
1179.316	4001.000
1179.458	4225.000
1179.601	3971.000
1179.744	4142.000
1179.887	4034.000
1180.030	4175.000
1180.173	3950.000
1180.316	4216.000
1180.459	3921.000
1180.602	4155.000
1180.744	3987.000
1180.887	4217.000
1181.030	4020.000
1181.173	4166.000
1181.316	4024.000
1181.458	4130.000
1181.601	3982.000
1181.744	4200.000
1181.887	4103.000
1182.030	4139.000
1182.172	4006.000
1182.315	4167.000
1182.458	4026.000
1182.601	4180.000
1182.743	3966.000
1182.886	4163.000
1183.029	4016.000
1183.171	4198.000
1183.314	4017.000
1183.457	4200.000
1183.599	3952.000
1183.742	4239.000
1183.885	3954.000
1184.027	4193.000
1184.170	3975.000
1184.313	4244.000
1184.455	4009.000
1184.598	4297.000
1184.741	3955.000
1184.883	4304.000
1185.026	4044.000
1185.168	4205.000
1185.311	4031.000
1185.453	4204.000
1185.596	4024.000
1185.739	4168.000
1185.881	4038.000
1186.024	4253.000
1186.166	3987.000
1186.309	4201.000
1186.451	4021.000
1186.594	4227.000
1186.736	4123.000
1186.879	4262.000
1187.021	4093.000
1187.164	4222.000
1187.306	3984.000
1187.448	4268.000
1187.591	3927.000
1187.733	4227.000
1187.876	4087.000
1188.018	4213.000
1188.160	4097.000
1188.303	4166.000
1188.445	3954.000
1188.588	4177.000
1188.730	4075.000
1188.872	4297.000
1189.015	4037.000
1189.157	4250.000
1189.299	3969.000
1189.442	4252.000
1189.584	4040.000
1189.726	4201.000
1189.869	3962.000
1190.011	4256.000
1190.153	4098.000
1190.295	4215.000
1190.438	4018.000
1190.580	4220.000
1190.722	3978.000
1190.864	4258.000
1191.007	4081.000
1191.149	4149.000
1191.291	3951.000
1191.433	4196.000
1191.576	4054.000
1191.718	4309.000
1191.860	4010.000
1192.002	4255.000
1192.144	4036.000
1192.286	4211.000
1192.429	4029.000
1192.571	4245.000
1192.713	4036.000
1192.855	4239.000
1192.997	4041.000
1193.139	4225.000
1193.281	4043.000
1193.423	4224.000
1193.565	4063.000
1193.707	4232.000
1193.850	4003.000
1193.992	4177.000
1194.134	3959.000
1194.276	4267.000
1194.418	3954.000
1194.560	4204.000
1194.702	3979.000
1194.844	4163.000
1194.986	3972.000
1195.128	4155.000
1195.270	4018.000
1195.412	4182.000
1195.554	3995.000
1195.696	4189.000
1195.837	4034.000
1195.979	4141.000
1196.121	3970.000
1196.263	4203.000
1196.405	4014.000
1196.547	4165.000
1196.689	3958.000
1196.831	4224.000
1196.973	3931.000
1197.115	4104.000
1197.256	3947.000
1197.398	4125.000
1197.540	3941.000
1197.682	4138.000
1197.824	3935.000
1197.966	4126.000
1198.107	3889.000
1198.249	4091.000
1198.391	3982.000
1198.533	4077.000
1198.675	3859.000
1198.816	4079.000
1198.958	3835.000
1199.100	4135.000
1199.242	3949.000
1199.383	4051.000
1199.525	3867.000
1199.667	4004.000
1199.808	3901.000
1199.950	4070.000
1200.092	3896.000
1200.233	4064.000
1200.375	3851.000
1200.517	4063.000
1200.658	3879.000
1200.800	4059.000
1200.942	3828.000
1201.083	4053.000
1201.225	3856.000
1201.367	4059.000
1201.508	3838.000
1201.650	3891.000
1201.791	3741.000
1201.933	4008.000
1202.074	3706.000
1202.216	3975.000
1202.358	3744.000
1202.499	3952.000
1202.641	3767.000
1202.782	3912.000
1202.924	3713.000
1203.065	3969.000
1203.207	3620.000
1203.348	3966.000
1203.490	3725.000
1203.631	3913.000
1203.773	3734.000
1203.914	3930.000
1204.056	3675.000
1204.197	3893.000
1204.338	3666.000
1204.480	3879.000
1204.621	3696.000
1204.763	3886.000
1204.904	3628.000
1205.045	3891.000
1205.187	3838.000
1205.328	3896.000
1205.470	3685.000
1205.611	3910.000
1205.752	3629.000
1205.894	3864.000
1206.035	3654.000
1206.176	3877.000
1206.318	3631.000
1206.459	3974.000
1206.600	3658.000
1206.741	3917.000
1206.883	3649.000
1207.024	3868.000
1207.165	3690.000
1207.306	3882.000
1207.448	3596.000
1207.589	3855.000
1207.730	3628.000
1207.871	3883.000
1208.013	3675.000
1208.154	3834.000
1208.295	3536.000
1208.436	3874.000
1208.577	3652.000
1208.719	3824.000
1208.860	3640.000
1209.001	3820.000
1209.142	3565.000
1209.283	3821.000
1209.424	3559.000
1209.565	3851.000
1209.706	3615.000
1209.848	3885.000
1209.989	3611.000
1210.130	3790.000
1210.271	3549.000
1210.412	3778.000
1210.553	3638.000
1210.694	3907.000
1210.835	3584.000
1210.976	3836.000
1211.117	3518.000
1211.258	3785.000
1211.399	3613.000
1211.540	3818.000
1211.681	3600.000
1211.822	3768.000
1211.963	3674.000
1212.104	3732.000
1212.245	3613.000
1212.386	3821.000
1212.527	3584.000
1212.668	3787.000
1212.809	3550.000
1212.950	3827.000
1213.090	3622.000
1213.231	3716.000
1213.372	3603.000
1213.513	3810.000
1213.654	3605.000
1213.795	3720.000
1213.936	3497.000
1214.077	3765.000
1214.217	3647.000
1214.358	3780.000
1214.499	3627.000
1214.640	3847.000
1214.781	3585.000
1214.921	3779.000
1215.062	3571.000
1215.203	3760.000
1215.344	3492.000
1215.485	3751.000
1215.625	3622.000
1215.766	3800.000
1215.907	3574.000
1216.047	3816.000
1216.188	3569.000
1216.329	3786.000
1216.470	3530.000
1216.610	3758.000
1216.751	3542.000
1216.892	3699.000
1217.032	3501.000
1217.173	3728.000
1217.314	3608.000
1217.454	3748.000
1217.595	3532.000
1217.735	3781.000
1217.876	3566.000
1218.017	3786.000
1218.157	3544.000
1218.298	3776.000
1218.438	3544.000
1218.579	3728.000
1218.720	3556.000
1218.860	3777.000
1219.001	3565.000
1219.141	3706.000
1219.282	3563.000
1219.422	3708.000
1219.563	3523.000
1219.703	3694.000
1219.844	3506.000
1219.984	3778.000
1220.125	3596.000
1220.265	3697.000
1220.406	3516.000
1220.546	3728.000
1220.687	3571.000
1220.827	3720.000
1220.967	3497.000
1221.108	3734.000
1221.248	3493.000
1221.389	3693.000
1221.529	3530.000
1221.669	3756.000
1221.810	3507.000
1221.950	3684.000
1222.091	3489.000
1222.231	3756.000
1222.371	3526.000
1222.512	3727.000
1222.652	3541.000
1222.792	3721.000
1222.933	3455.000
1223.073	3685.000
1223.213	3589.000
1223.353	3795.000
1223.494	3555.000
1223.634	3733.000
1223.774	3569.000
1223.914	3676.000
1224.055	3487.000
1224.195	3742.000
1224.335	3547.000
1224.475	3710.000
1224.616	3499.000
1224.756	3690.000
1224.896	3462.000
1225.036	3765.000
1225.176	3551.000
1225.316	3782.000
1225.457	3472.000
1225.597	3768.000
1225.737	3515.000
1225.877	3760.000
1226.017	3519.000
1226.157	3772.000
1226.297	3496.000
1226.437	3713.000
1226.578	3526.000
1226.718	3703.000
1226.858	3486.000
1226.998	3774.000
1227.138	3538.000
1227.278	3696.000
1227.418	3538.000
1227.558	3712.000
1227.698	3561.000
1227.838	3774.000
1227.978	3547.000
1228.118	3688.000
1228.258	3523.000
1228.398	3744.000
1228.538	3578.000
1228.678	3712.000
1228.818	3558.000
1228.958	3691.000
1229.098	3574.000
1229.238	3785.000
1229.377	3536.000
1229.517	3715.000
1229.657	3596.000
1229.797	3769.000
1229.937	3547.000
1230.077	3816.000
1230.217	3568.000
1230.357	3774.000
1230.496	3619.000
1230.636	3771.000
1230.776	3575.000
1230.916	3752.000
1231.056	3556.000
1231.196	3802.000
1231.335	3568.000
1231.475	3683.000
1231.615	3589.000
1231.755	3780.000
1231.894	3544.000
1232.034	3713.000
1232.174	3508.000
1232.314	3807.000
1232.453	3565.000
1232.593	3736.000
1232.733	3597.000
1232.873	3821.000
1233.012	3776.000
1233.152	3761.000
1233.292	3554.000
1233.431	3740.000
1233.571	3523.000
1233.711	3809.000
1233.850	3533.000
1233.990	3800.000
1234.129	3535.000
1234.269	3690.000
1234.409	3602.000
1234.548	3735.000
1234.688	3540.000
1234.828	3734.000
1234.967	3556.000
1235.107	3779.000
1235.246	3552.000
1235.386	3726.000
1235.525	3527.000
1235.665	3680.000
1235.804	3508.000
1235.944	3762.000
1236.083	3554.000
1236.223	3724.000
1236.362	3624.000
1236.502	3709.000
1236.641	3527.000
1236.781	3822.000
1236.920	3537.000
1237.060	3746.000
1237.199	3518.000
1237.339	3691.000
1237.478	3553.000
1237.617	3710.000
1237.757	3567.000
1237.896	3642.000
1238.036	3550.000
1238.175	3645.000
1238.314	3559.000
1238.454	3705.000
1238.593	3553.000
1238.732	3729.000
1238.872	3562.000
1239.011	3763.000
1239.150	3525.000
1239.290	3706.000
1239.429	3591.000
1239.568	3720.000
1239.708	3556.000
1239.847	3697.000
1239.986	3556.000
1240.125	3664.000
1240.265	3583.000
1240.404	3757.000
1240.543	3636.000
1240.682	3702.000
1240.822	3534.000
1240.961	3678.000
1241.100	3547.000
1241.239	3707.000
1241.378	3542.000
1241.518	3752.000
1241.657	3537.000
1241.796	3740.000
1241.935	3498.000
1242.074	3684.000
1242.213	3522.000
1242.352	3667.000
1242.492	3474.000
1242.631	3751.000
1242.770	3505.000
1242.909	3741.000
1243.048	3564.000
1243.187	3779.000
1243.326	3505.000
1243.465	3765.000
1243.604	3527.000
1243.743	3694.000
1243.882	3507.000
1244.021	3769.000
1244.160	3479.000
1244.299	3776.000
1244.438	3582.000
1244.577	3772.000
1244.716	3480.000
1244.855	3731.000
1244.994	3542.000
1245.133	3742.000
1245.272	3534.000
1245.411	3743.000
1245.550	3592.000
1245.689	3785.000
1245.828	3609.000
1245.967	3726.000
1246.106	3543.000
1246.244	3787.000
1246.383	3540.000
1246.522	3776.000
1246.661	3528.000
1246.800	3766.000
1246.939	3532.000
1247.078	3768.000
1247.216	3525.000
1247.355	3812.000
1247.494	3626.000
1247.633	3779.000
1247.772	3491.000
1247.910	3741.000
1248.049	3538.000
1248.188	3715.000
1248.327	3570.000
1248.465	3783.000
1248.604	3595.000
1248.743	3741.000
1248.882	3575.000
1249.020	3775.000
1249.159	3583.000
1249.298	3726.000
1249.436	3534.000
1249.575	3799.000
1249.714	3566.000
1249.852	3740.000
1249.991	3573.000
1250.130	3735.000
1250.268	3487.000
1250.407	3772.000
1250.546	3611.000
1250.684	3681.000
1250.823	3609.000
1250.961	3838.000
1251.100	3518.000
1251.239	3762.000
1251.377	3612.000
1251.516	3737.000
1251.654	3535.000
1251.793	3693.000
1251.931	3558.000
1252.070	3687.000
1252.208	3579.000
1252.347	3770.000
1252.485	3579.000
1252.624	3730.000
1252.762	3543.000
1252.901	3805.000
1253.039	3589.000
1253.178	3731.000
1253.316	3632.000
1253.455	3757.000
1253.593	3576.000
1253.732	3774.000
1253.870	3157.000
1254.008	3701.000
1254.147	3545.000
1254.285	3699.000
1254.424	3453.000
1254.562	3736.000
1254.700	3521.000
1254.839	3720.000
1254.977	3627.000
1255.115	3744.000
1255.254	3602.000
1255.392	3705.000
1255.530	3524.000
1255.669	3767.000
1255.807	3584.000
1255.945	3731.000
1256.084	3451.000
1256.222	3750.000
1256.360	3485.000
1256.498	3668.000
1256.637	3535.000
1256.775	3687.000
1256.913	3533.000
1257.051	3740.000
1257.189	3500.000
1257.328	3762.000
1257.466	3488.000
1257.604	3796.000
1257.742	3547.000
1257.880	3668.000
1258.019	3573.000
1258.157	3659.000
1258.295	3500.000
1258.433	3650.000
1258.571	3443.000
1258.709	3633.000
1258.847	3481.000
1258.986	3745.000
1259.124	3497.000
1259.262	3713.000
1259.400	3455.000
1259.538	3636.000
1259.676	3454.000
1259.814	3657.000
1259.952	3374.000
1260.090	3662.000
1260.228	3388.000
1260.366	3639.000
1260.504	3423.000
1260.642	3643.000
1260.780	3539.000
1260.918	3657.000
1261.056	3438.000
1261.194	3743.000
1261.332	3401.000
1261.470	3649.000
1261.608	3505.000
1261.746	3716.000
1261.884	3458.000
1262.022	3761.000
1262.160	5044.000
1262.297	3714.000
1262.435	3500.000
1262.573	3672.000
1262.711	3506.000
1262.849	3627.000
1262.987	3411.000
1263.125	3622.000
1263.262	3558.000
1263.400	3732.000
1263.538	3538.000
1263.676	3661.000
1263.814	3442.000
1263.952	3673.000
1264.089	3556.000
1264.227	3758.000
1264.365	3463.000
1264.503	3646.000
1264.640	3445.000
1264.778	3700.000
1264.916	3526.000
1265.054	3710.000
1265.191	3491.000
1265.329	3701.000
1265.467	3528.000
1265.604	3658.000
1265.742	3446.000
1265.880	3653.000
1266.017	3442.000
1266.155	3740.000
1266.293	3459.000
1266.430	3684.000
1266.568	3461.000
1266.706	3729.000
1266.843	3491.000
1266.981	3723.000
1267.119	3470.000
1267.256	3692.000
1267.394	3365.000
1267.531	3690.000
1267.669	3388.000
1267.806	3703.000
1267.944	3427.000
1268.081	3726.000
1268.219	3454.000
1268.357	3689.000
1268.494	3455.000
1268.632	3757.000
1268.769	3381.000
1268.907	3678.000
1269.044	3496.000
1269.182	3624.000
1269.319	3440.000
1269.456	3695.000
1269.594	3426.000
1269.731	3673.000
1269.869	3452.000
1270.006	3631.000
1270.144	3460.000
1270.281	3635.000
1270.418	3484.000
1270.556	3634.000
1270.693	3485.000
1270.831	3738.000
1270.968	3413.000
1271.105	3652.000
1271.243	3385.000
1271.380	3653.000
1271.517	3527.000
1271.655	3727.000
1271.792	3430.000
1271.929	3650.000
1272.066	3474.000
1272.204	3709.000
1272.341	3468.000
1272.478	3740.000
1272.616	3480.000
1272.753	3742.000
1272.890	3468.000
1273.027	3628.000
1273.165	3443.000
1273.302	3692.000
1273.439	3479.000
1273.576	3564.000
1273.713	3496.000
1273.851	3702.000
1273.988	3525.000
1274.125	3641.000
1274.262	3435.000
1274.399	3589.000
1274.536	3518.000
1274.673	3707.000
