1029.870	5150.000
1030.015	5225.000
1030.160	5148.000
1030.305	5299.000
1030.449	5092.000
1030.594	5331.000
1030.739	5091.000
1030.884	5268.000
1031.029	5115.000
1031.173	5295.000
1031.318	5026.000
1031.463	5323.000
1031.608	5114.000
1031.752	5215.000
1031.897	5079.000
1032.042	5307.000
1032.187	5051.000
1032.331	5316.000
1032.476	5046.000
1032.621	5302.000
1032.765	5009.000
1032.910	5186.000
1033.055	5184.000
1033.200	5249.000
1033.344	5103.000
1033.489	5207.000
1033.634	5108.000
1033.778	5190.000
1033.923	5030.000
1034.068	5203.000
1034.212	5079.000
1034.357	5252.000
1034.502	5123.000
1034.646	5191.000
1034.791	5005.000
1034.935	5209.000
1035.080	5104.000
1035.225	5172.000
1035.369	5103.000
1035.514	5255.000
1035.658	5051.000
1035.803	5240.000
1035.947	5011.000
1036.092	5256.000
1036.237	5011.000
1036.381	5213.000
1036.526	5038.000
1036.670	5146.000
1036.815	5055.000
1036.959	5171.000
1037.104	5023.000
1037.248	5142.000
1037.393	5034.000
1037.537	5177.000
1037.682	4995.000
1037.826	5175.000
1037.971	4982.000
1038.115	5150.000
1038.260	4952.000
1038.404	5128.000
1038.549	5040.000
1038.693	5112.000
1038.838	4973.000
1038.982	5098.000
1039.126	4948.000
1039.271	5154.000
1039.415	4970.000
1039.560	5074.000
1039.704	4938.000
1039.848	5113.000
1039.993	4932.000
1040.137	5066.000
1040.282	4948.000
1040.426	5093.000
1040.570	4854.000
1040.715	5052.000
1040.859	4899.000
1041.003	5034.000
1041.148	4920.000
1041.292	5123.000
1041.436	4899.000
1041.581	5048.000
1041.725	4928.000
1041.869	5075.000
1042.014	4867.000
1042.158	5039.000
1042.302	4852.000
1042.447	5026.000
1042.591	4893.000
1042.735	5024.000
1042.879	4871.000
1043.024	5058.000
1043.168	4895.000
1043.312	5006.000
1043.456	4891.000
1043.601	4991.000
1043.745	4838.000
1043.889	4997.000
1044.033	4877.000
1044.178	5022.000
1044.322	4848.000
1044.466	4937.000
1044.610	4812.000
1044.754	4941.000
1044.899	4829.000
1045.043	5051.000
1045.187	4806.000
1045.331	4983.000
1045.475	4814.000
1045.619	4948.000
1045.763	4840.000
1045.908	4969.000
1046.052	4686.000
1046.196	4998.000
1046.340	4781.000
1046.484	4923.000
1046.628	4821.000
1046.772	4985.000
1046.916	4824.000
1047.060	4939.000
1047.205	4808.000
1047.349	4957.000
1047.493	4800.000
1047.637	4997.000
1047.781	4766.000
1047.925	4989.000
1048.069	4736.000
1048.213	4863.000
1048.357	4857.000
1048.501	4994.000
1048.645	4808.000
1048.789	4949.000
1048.933	4799.000
1049.077	4889.000
1049.221	4777.000
1049.365	4911.000
1049.509	4791.000
1049.653	4956.000
1049.797	4731.000
1049.941	4952.000
1050.085	4850.000
1050.229	4950.000
1050.373	4781.000
1050.517	4878.000
1050.660	4780.000
1050.804	4988.000
1050.948	4806.000
1051.092	4909.000
1051.236	4762.000
1051.380	4962.000
1051.524	4776.000
1051.668	4903.000
1051.812	4740.000
1051.956	4882.000
1052.099	4735.000
1052.243	4961.000
1052.387	4773.000
1052.531	4948.000
1052.675	4753.000
1052.819	4924.000
1052.962	4785.000
1053.106	4876.000
1053.250	4779.000
1053.394	4944.000
1053.538	4693.000
1053.681	4900.000
1053.825	4787.000
1053.969	4894.000
1054.113	4763.000
1054.257	4925.000
1054.400	4657.000
1054.544	4890.000
1054.688	4741.000
1054.832	4857.000
1054.975	4786.000
1055.119	4917.000
1055.263	4701.000
1055.407	4878.000
1055.550	4637.000
1055.694	4820.000
1055.838	4693.000
1055.981	4914.000
1056.125	4728.000
1056.269	4895.000
1056.412	4605.000
1056.556	4781.000
1056.700	4719.000
1056.843	4827.000
1056.987	4735.000
1057.131	4914.000
1057.274	4655.000
1057.418	4829.000
1057.562	4644.000
1057.705	4866.000
1057.849	4697.000
1057.992	4916.000
1058.136	4631.000
1058.280	4834.000
1058.423	4566.000
1058.567	4915.000
1058.710	4781.000
1058.854	4830.000
1058.997	4725.000
1059.141	4831.000
1059.285	4632.000
1059.428	4854.000
1059.572	4658.000
1059.715	4885.000
1059.859	4620.000
1060.002	4840.000
1060.146	4632.000
1060.289	4824.000
1060.433	4642.000
1060.576	4910.000
1060.720	4662.000
1060.863	4797.000
1061.007	4601.000
1061.150	4805.000
1061.294	4585.000
1061.437	4770.000
1061.580	4670.000
1061.724	4844.000
1061.867	4644.000
1062.011	4839.000
1062.154	4564.000
1062.298	4823.000
1062.441	4622.000
1062.584	4833.000
1062.728	4639.000
1062.871	4892.000
1063.015	4674.000
1063.158	4834.000
1063.301	4708.000
1063.445	4940.000
1063.588	4744.000
1063.731	4953.000
1063.875	4837.000
1064.018	5005.000
1064.161	4767.000
1064.305	4946.000
1064.448	4773.000
1064.591	4939.000
1064.735	4755.000
1064.878	4842.000
1065.021	4626.000
1065.165	4820.000
1065.308	4654.000
1065.451	4828.000
1065.594	4695.000
1065.738	4882.000
1065.881	4651.000
1066.024	4784.000
1066.167	4598.000
1066.311	4791.000
1066.454	4614.000
1066.597	4824.000
1066.740	4726.000
1066.884	4869.000
1067.027	4635.000
1067.170	4852.000
1067.313	4747.000
1067.456	4808.000
1067.599	4622.000
1067.743	4846.000
1067.886	4630.000
1068.029	4836.000
1068.172	4613.000
1068.315	4862.000
1068.458	4644.000
1068.602	4814.000
1068.745	4630.000
1068.888	4804.000
1069.031	4641.000
1069.174	4815.000
1069.317	4642.000
1069.460	4822.000
1069.603	4627.000
1069.746	4911.000
1069.890	4641.000
1070.033	4777.000
1070.176	4672.000
1070.319	4826.000
1070.462	4596.000
1070.605	4827.000
1070.748	4696.000
1070.891	4832.000
1071.034	4629.000
1071.177	4770.000
1071.320	4613.000
1071.463	4783.000
1071.606	4647.000
1071.749	4801.000
1071.892	4663.000
1072.035	4815.000
1072.178	4647.000
1072.321	4830.000
1072.464	4480.000
1072.607	4854.000
1072.750	4620.000
1072.893	4785.000
1073.036	4604.000
1073.179	4854.000
1073.322	4640.000
1073.465	4758.000
1073.607	4718.000
1073.750	4716.000
1073.893	4558.000
1074.036	4798.000
1074.179	4625.000
1074.322	4759.000
1074.465	4561.000
1074.608	4836.000
1074.751	4700.000
1074.893	4803.000
1075.036	4565.000
1075.179	4801.000
1075.322	4651.000
1075.465	4809.000
1075.608	4562.000
1075.750	4835.000
1075.893	4604.000
1076.036	4724.000
1076.179	4637.000
1076.322	4746.000
1076.464	4599.000
1076.607	4862.000
1076.750	4581.000
1076.893	4692.000
1077.036	4607.000
1077.178	4835.000
1077.321	4640.000
1077.464	4711.000
1077.607	4502.000
1077.749	4824.000
1077.892	4594.000
1078.035	4762.000
1078.177	4589.000
1078.320	4803.000
1078.463	4597.000
1078.606	4767.000
1078.748	4622.000
1078.891	4809.000
1079.034	4609.000
1079.176	4811.000
1079.319	4576.000
1079.462	4726.000
1079.604	4625.000
1079.747	4757.000
1079.890	4507.000
1080.032	4802.000
1080.175	4500.000
1080.317	4692.000
1080.460	4593.000
1080.603	4795.000
1080.745	4579.000
1080.888	4758.000
1081.030	4610.000
1081.173	4661.000
1081.316	4551.000
1081.458	4727.000
1081.601	4668.000
1081.743	4698.000
1081.886	4573.000
1082.028	4735.000
1082.171	4596.000
1082.313	4736.000
1082.456	4553.000
1082.598	4702.000
1082.741	4587.000
1082.883	4729.000
1083.026	4572.000
1083.168	4757.000
1083.311	4516.000
1083.453	4794.000
1083.596	4509.000
1083.738	4768.000
1083.881	4524.000
1084.023	4782.000
1084.166	4561.000
1084.308	4859.000
1084.451	4510.000
1084.593	4848.000
1084.736	4538.000
1084.878	4750.000
1085.020	4555.000
1085.163	4754.000
1085.305	4603.000
1085.448	4698.000
1085.590	4560.000
1085.732	4767.000
1085.875	4557.000
1086.017	4731.000
1086.159	4573.000
1086.302	4754.000
1086.444	4680.000
1086.586	4787.000
1086.729	4618.000
1086.871	4746.000
1087.013	4523.000
1087.156	4805.000
1087.298	4462.000
1087.440	4793.000
1087.583	4623.000
1087.725	4749.000
1087.867	4624.000
1088.010	4703.000
1088.152	4485.000
1088.294	4659.000
1088.436	4560.000
1088.579	4816.000
1088.721	4570.000
1088.863	4720.000
1089.005	4522.000
1089.148	4759.000
1089.290	4581.000
1089.432	4725.000
1089.574	4478.000
1089.716	4773.000
1089.859	4620.000
1090.001	4746.000
1090.143	4543.000
1090.285	4755.000
1090.427	4524.000
1090.569	4767.000
1090.712	4611.000
1090.854	4709.000
1090.996	4504.000
1091.138	4730.000
1091.280	4561.000
1091.422	4836.000
1091.564	4539.000
1091.707	4781.000
1091.849	4557.000
1091.991	4713.000
1092.133	4590.000
1092.275	4756.000
1092.417	4567.000
1092.559	4750.000
1092.701	4607.000
1092.843	4755.000
1092.985	4565.000
1093.127	4831.000
1093.269	4608.000
1093.411	4802.000
1093.554	4555.000
1093.696	4709.000
1093.838	4535.000
1093.980	4782.000
1094.122	4529.000
1094.264	4696.000
1094.406	4555.000
1094.548	4709.000
1094.690	4547.000
1094.832	4687.000
1094.973	4594.000
1095.115	4751.000
1095.257	4574.000
1095.399	4778.000
1095.541	4582.000
1095.683	4715.000
1095.825	4548.000
1095.967	4759.000
1096.109	4625.000
1096.251	4710.000
1096.393	4533.000
1096.535	4831.000
1096.677	4565.000
1096.819	4698.000
1096.960	4526.000
1097.102	4732.000
1097.244	4564.000
1097.386	4743.000
1097.528	4530.000
1097.670	4750.000
1097.812	4518.000
1097.953	4688.000
1098.095	4626.000
1098.237	4702.000
1098.379	4523.000
1098.521	4734.000
1098.662	4509.000
1098.804	4806.000
1098.946	4641.000
1099.088	4685.000
1099.230	4554.000
1099.371	4672.000
1099.513	4594.000
1099.655	4752.000
1099.797	4607.000
1099.938	4766.000
1100.080	4543.000
1100.222	4734.000
1100.364	4571.000
1100.505	4769.000
1100.647	4566.000
1100.789	4770.000
1100.931	4604.000
1101.072	4808.000
1101.214	4572.000
1101.356	4643.000
1101.497	4491.000
1101.639	4734.000
1101.781	4485.000
1101.922	4717.000
1102.064	4543.000
1102.206	4708.000
1102.347	4541.000
1102.489	4724.000
1102.631	4568.000
1102.772	4787.000
1102.914	4438.000
1103.055	4803.000
1103.197	4556.000
1103.339	4699.000
1103.480	4567.000
1103.622	4737.000
1103.763	4523.000
1103.905	4695.000
1104.046	4522.000
1104.188	4696.000
1104.330	4552.000
1104.471	4722.000
1104.613	4495.000
1104.754	4708.000
1104.896	4695.000
1105.037	4738.000
1105.179	4555.000
1105.320	4768.000
1105.462	4509.000
1105.603	4708.000
1105.745	4510.000
1105.886	4755.000
1106.028	4491.000
1106.169	4837.000
1106.311	4557.000
1106.452	4786.000
1106.594	4522.000
1106.735	4753.000
1106.876	4555.000
1107.018	4761.000
1107.159	4447.000
1107.301	4700.000
1107.442	4517.000
1107.584	4759.000
1107.725	4600.000
1107.866	4732.000
1108.008	4449.000
1108.149	4720.000
1108.291	4545.000
1108.432	4696.000
1108.573	4524.000
1108.715	4720.000
1108.856	4484.000
1108.997	4724.000
1109.139	4458.000
1109.280	4727.000
1109.421	4521.000
1109.563	4801.000
1109.704	4531.000
1109.845	4720.000
1109.987	4521.000
1110.128	4684.000
1110.269	4577.000
1110.410	4809.000
1110.552	4517.000
1110.693	4740.000
1110.834	4442.000
1110.975	4707.000
1111.117	4563.000
1111.258	4747.000
1111.399	4523.000
1111.540	4717.000
1111.682	4611.000
1111.823	4691.000
1111.964	4540.000
1112.105	4752.000
1112.247	4503.000
1112.388	4694.000
1112.529	4488.000
1112.670	4794.000
1112.811	4554.000
1112.952	4635.000
1113.094	4515.000
1113.235	4724.000
1113.376	4516.000
1113.517	4649.000
1113.658	4420.000
1113.799	4694.000
1113.940	4580.000
1114.082	4734.000
1114.223	4563.000
1114.364	4779.000
1114.505	4530.000
1114.646	4691.000
1114.787	4527.000
1114.928	4692.000
1115.069	4450.000
1115.210	4661.000
1115.351	4551.000
1115.492	4746.000
1115.633	4484.000
1115.774	4738.000
1115.916	4521.000
1116.057	4692.000
1116.198	4443.000
1116.339	4685.000
1116.480	4474.000
1116.621	4630.000
1116.762	4442.000
1116.903	4661.000
1117.044	4570.000
1117.185	4659.000
1117.326	4474.000
1117.466	4684.000
1117.607	4497.000
1117.748	4676.000
1117.889	4475.000
1118.030	4697.000
1118.171	4491.000
1118.312	4623.000
1118.453	4478.000
1118.594	4684.000
1118.735	4484.000
1118.876	4651.000
1119.017	4482.000
1119.158	4653.000
1119.298	4446.000
1119.439	4574.000
1119.580	4414.000
1119.721	4703.000
1119.862	4529.000
1120.003	4630.000
1120.144	4453.000
1120.284	4624.000
1120.425	4463.000
1120.566	4596.000
1120.707	4427.000
1120.848	4636.000
1120.989	4415.000
1121.129	4636.000
1121.270	4458.000
1121.411	4662.000
1121.552	4429.000
1121.693	4606.000
1121.833	4421.000
1121.974	4670.000
1122.115	4446.000
1122.256	4609.000
1122.396	4477.000
1122.537	4642.000
1122.678	4397.000
1122.819	4631.000
1122.959	4515.000
1123.100	4713.000
1123.241	4450.000
1123.381	4631.000
1123.522	4516.000
1123.663	4597.000
1123.803	4434.000
1123.944	4642.000
1124.085	4475.000
1124.225	4634.000
1124.366	4428.000
1124.507	4624.000
1124.647	4424.000
1124.788	4686.000
1124.929	4446.000
1125.069	4668.000
1125.210	4384.000
1125.351	4694.000
1125.491	4448.000
1125.632	4683.000
1125.772	4464.000
1125.913	4708.000
1126.054	4416.000
1126.194	4643.000
1126.335	4464.000
1126.475	4636.000
1126.616	4460.000
1126.756	4694.000
1126.897	4452.000
1127.037	4634.000
1127.178	4499.000
1127.318	4639.000
1127.459	4495.000
1127.600	4703.000
1127.740	4480.000
1127.881	4610.000
1128.021	4456.000
1128.162	4668.000
1128.302	4498.000
1128.442	4643.000
1128.583	4515.000
1128.723	4663.000
1128.864	4503.000
1129.004	4695.000
1129.145	4482.000
1129.285	4635.000
1129.426	4527.000
1129.566	4679.000
1129.706	4511.000
1129.847	4740.000
1129.987	4523.000
1130.128	4696.000
1130.268	4540.000
1130.408	4724.000
1130.549	4518.000
1130.689	4641.000
1130.830	4502.000
1130.970	4746.000
1131.110	4533.000
1131.251	4653.000
1131.391	4541.000
1131.531	4697.000
1131.672	4484.000
1131.812	4655.000
1131.952	4475.000
1132.093	4750.000
1132.233	4497.000
1132.373	4691.000
1132.513	4526.000
1132.654	4773.000
1132.794	4701.000
1132.934	4696.000
1133.075	4513.000
1133.215	4696.000
1133.355	4471.000
1133.495	4768.000
1133.636	4488.000
1133.776	4745.000
1133.916	4485.000
1134.056	4602.000
1134.196	4553.000
1134.337	4687.000
1134.477	4472.000
1134.617	4687.000
1134.757	4534.000
1134.897	4723.000
1135.038	4506.000
1135.178	4663.000
1135.318	4492.000
1135.458	4633.000
1135.598	4510.000
1135.738	4709.000
1135.879	4512.000
1136.019	4673.000
1136.159	4541.000
1136.299	4654.000
1136.439	4465.000
1136.579	4772.000
1136.719	4499.000
1136.859	4671.000
1136.999	4480.000
1137.140	4622.000
1137.280	4534.000
1137.420	4651.000
1137.560	4509.000
1137.700	4573.000
1137.840	4487.000
1137.980	4585.000
1138.120	4520.000
1138.260	4664.000
1138.400	4496.000
1138.540	4664.000
1138.680	4498.000
1138.820	4704.000
1138.960	4502.000
1139.100	4614.000
1139.240	4510.000
1139.380	4666.000
1139.520	4529.000
1139.660	4633.000
1139.800	4527.000
1139.940	4638.000
1140.080	4529.000
1140.220	4677.000
1140.360	4569.000
1140.500	4711.000
1140.640	4518.000
1140.780	4626.000
1140.919	4500.000
1141.059	4659.000
1141.199	4500.000
1141.339	4722.000
1141.479	4520.000
1141.619	4714.000
1141.759	4504.000
1141.899	4646.000
1142.039	4524.000
1142.178	4672.000
1142.318	4461.000
1142.458	4697.000
1142.598	4504.000
1142.738	4725.000
1142.878	4548.000
1143.017	4769.000
1143.157	4503.000
1143.297	4723.000
1143.437	4512.000
1143.577	4664.000
1143.716	4481.000
1143.856	4736.000
1143.996	4510.000
1144.136	4774.000
1144.275	4543.000
1144.415	4721.000
1144.555	4479.000
1144.695	4697.000
1144.834	4540.000
1144.974	4731.000
1145.114	4554.000
1145.254	4736.000
1145.393	4595.000
1145.533	4787.000
1145.673	4587.000
1145.812	4700.000
1145.952	4574.000
1146.092	4784.000
1146.231	4549.000
1146.371	4758.000
1146.511	4541.000
1146.650	4763.000
1146.790	4521.000
1146.930	4772.000
1147.069	4544.000
1147.209	4817.000
1147.349	4624.000
1147.488	4761.000
1147.628	4539.000
1147.767	4776.000
1147.907	4561.000
1148.047	4710.000
1148.186	4598.000
1148.326	4753.000
1148.465	4612.000
1148.605	4744.000
1148.744	4557.000
1148.884	4743.000
1149.024	4620.000
1149.163	4758.000
1149.303	4559.000
1149.442	4796.000
1149.582	4557.000
1149.721	4748.000
1149.861	4547.000
1150.000	4732.000
1150.140	4523.000
1150.279	4791.000
1150.419	4615.000
1150.558	4711.000
1150.698	4630.000
1150.837	4859.000
1150.977	4568.000
1151.116	4801.000
1151.255	4622.000
1151.395	4750.000
1151.534	4587.000
1151.674	4715.000
1151.813	4555.000
1151.953	4715.000
1152.092	4623.000
1152.231	4768.000
1152.371	4613.000
1152.510	4746.000
1152.650	4572.000
1152.789	4817.000
1152.928	4652.000
1153.068	4771.000
1153.207	4687.000
1153.346	4788.000
1153.486	4620.000
1153.625	4758.000
1153.764	4212.000
1153.904	4735.000
1154.043	4583.000
1154.182	4690.000
1154.322	4509.000
1154.461	4784.000
1154.600	4562.000
1154.740	4807.000
1154.879	4650.000
1155.018	4779.000
1155.157	4650.000
1155.297	4731.000
1155.436	4603.000
1155.575	4804.000
1155.714	4626.000
1155.854	4764.000
1155.993	4528.000
1156.132	4775.000
1156.271	4566.000
1156.411	4755.000
1156.550	4587.000
1156.689	4739.000
1156.828	4590.000
1156.967	4810.000
1157.107	4567.000
1157.246	4806.000
1157.385	4543.000
1157.524	4856.000
1157.663	4612.000
1157.802	4716.000
1157.941	4621.000
1158.081	4700.000
1158.220	4569.000
1158.359	4691.000
1158.498	4523.000
1158.637	4673.000
1158.776	4515.000
1158.915	4786.000
1159.054	4564.000
1159.193	4771.000
1159.333	4559.000
1159.472	4693.000
1159.611	4520.000
1159.750	4691.000
1159.889	4460.000
1160.028	4696.000
1160.167	4484.000
1160.306	4689.000
1160.445	4498.000
1160.584	4717.000
1160.723	4616.000
1160.862	4736.000
1161.001	4516.000
1161.140	4817.000
1161.279	4487.000
1161.418	4719.000
1161.557	4564.000
1161.696	4759.000
1161.835	4530.000
1161.974	4855.000
1162.113	5884.000
1162.252	4794.000
1162.391	4571.000
1162.530	4767.000
1162.669	4617.000
1162.808	4739.000
1162.946	4487.000
1163.085	4715.000
1163.224	4668.000
1163.363	4861.000
1163.502	4671.000
1163.641	4771.000
1163.780	4590.000
1163.919	4762.000
1164.058	4671.000
1164.196	4853.000
1164.335	4595.000
1164.474	4779.000
1164.613	4590.000
1164.752	4823.000
1164.891	4681.000
1165.029	4853.000
1165.168	4634.000
1165.307	4844.000
1165.446	4667.000
1165.585	4803.000
1165.723	4600.000
1165.862	4769.000
1166.001	4578.000
1166.140	4851.000
1166.279	4613.000
1166.417	4822.000
1166.556	4603.000
1166.695	4879.000
1166.834	4619.000
1166.972	4888.000
1167.111	4632.000
1167.250	4820.000
1167.388	4526.000
1167.527	4848.000
1167.666	4596.000
1167.805	4819.000
1167.943	4606.000
1168.082	4836.000
1168.221	4663.000
1168.359	4809.000
1168.498	4657.000
1168.637	4890.000
1168.775	4580.000
1168.914	4849.000
1169.052	4702.000
1169.191	4795.000
1169.330	4628.000
1169.468	4872.000
1169.607	4624.000
1169.746	4814.000
1169.884	4644.000
1170.023	4815.000
1170.161	4694.000
1170.300	4816.000
1170.439	4710.000
1170.577	4847.000
1170.716	4721.000
1170.854	4940.000
1170.993	4635.000
1171.131	4889.000
1171.270	4633.000
1171.408	4829.000
1171.547	4785.000
1171.685	4935.000
1171.824	4688.000
1171.962	4872.000
1172.101	4748.000
1172.239	4925.000
1172.378	4725.000
1172.516	5002.000
1172.655	4744.000
1172.793	4974.000
1172.932	4725.000
1173.070	4917.000
1173.209	4738.000
1173.347	4939.000
1173.486	4749.000
1173.624	4792.000
1173.762	4768.000
1173.901	4971.000
1174.039	4797.000
1174.178	4907.000
1174.316	4738.000
1174.454	4834.000
1174.593	4820.000
1174.731	5000.000
