1129.938	8678.000
1130.084	8689.000
1130.229	8659.000
1130.375	8732.000
1130.521	8643.000
1130.667	8772.000
1130.813	8646.000
1130.958	8721.000
1131.104	8625.000
1131.250	8719.000
1131.396	8619.000
1131.542	8749.000
1131.687	8680.000
1131.833	8625.000
1131.979	8642.000
1132.124	8752.000
1132.270	8563.000
1132.416	8763.000
1132.561	8597.000
1132.707	8717.000
1132.853	8612.000
1132.998	8642.000
1133.144	8769.000
1133.290	8698.000
1133.435	8650.000
1133.581	8674.000
1133.727	8669.000
1133.872	8638.000
1134.018	8588.000
1134.163	8652.000
1134.309	8639.000
1134.455	8706.000
1134.600	8668.000
1134.746	8669.000
1134.891	8592.000
1135.037	8641.000
1135.182	8682.000
1135.328	8617.000
1135.473	8673.000
1135.619	8675.000
1135.764	8609.000
1135.910	8685.000
1136.055	8572.000
1136.201	8701.000
1136.346	8521.000
1136.492	8652.000
1136.637	8665.000
1136.783	8560.000
1136.928	8596.000
1137.074	8645.000
1137.219	8579.000
1137.364	8594.000
1137.510	8632.000
1137.655	8671.000
1137.801	8567.000
1137.946	8631.000
1138.091	8520.000
1138.237	8616.000
1138.382	8539.000
1138.527	8542.000
1138.673	8599.000
1138.818	8526.000
1138.963	8528.000
1139.109	8521.000
1139.254	8480.000
1139.399	8583.000
1139.544	8529.000
1139.690	8469.000
1139.835	8472.000
1139.980	8544.000
1140.125	8497.000
1140.271	8480.000
1140.416	8508.000
1140.561	8556.000
1140.706	8432.000
1140.851	8475.000
1140.997	8452.000
1141.142	8458.000
1141.287	8427.000
1141.432	8580.000
1141.577	8408.000
1141.723	8488.000
1141.868	8472.000
1142.013	8470.000
1142.158	8374.000
1142.303	8422.000
1142.448	8380.000
1142.593	8397.000
1142.738	8399.000
1142.883	8410.000
1143.028	8395.000
1143.174	8432.000
1143.319	8389.000
1143.464	8436.000
1143.609	8421.000
1143.754	8393.000
1143.899	8330.000
1144.044	8388.000
1144.189	8383.000
1144.334	8437.000
1144.479	8319.000
1144.624	8356.000
1144.769	8306.000
1144.914	8309.000
1145.059	8343.000
1145.204	8434.000
1145.348	8305.000
1145.493	8400.000
1145.638	8296.000
1145.783	8333.000
1145.928	8347.000
1146.073	8337.000
1146.218	8211.000
1146.363	8416.000
1146.508	8280.000
1146.653	8294.000
1146.797	8340.000
1146.942	8361.000
1147.087	8319.000
1147.232	8359.000
1147.377	8325.000
1147.522	8343.000
1147.666	8327.000
1147.811	8410.000
1147.956	8285.000
1148.101	8362.000
1148.245	8194.000
1148.390	8273.000
1148.535	8383.000
1148.680	8394.000
1148.824	8285.000
1148.969	8390.000
1149.114	8327.000
1149.259	8349.000
1149.403	8277.000
1149.548	8348.000
1149.693	8324.000
1149.837	8403.000
1149.982	8324.000
1150.127	8344.000
1150.271	8336.000
1150.416	8380.000
1150.561	8339.000
1150.705	8279.000
1150.850	8329.000
1150.994	8407.000
1151.139	8380.000
1151.284	8343.000
1151.428	8267.000
1151.573	8394.000
1151.717	8330.000
1151.862	8319.000
1152.006	8255.000
1152.151	8325.000
1152.295	8228.000
1152.440	8399.000
1152.584	8341.000
1152.729	8401.000
1152.873	8282.000
1153.018	8391.000
1153.162	8274.000
1153.307	8282.000
1153.451	8236.000
1153.596	8359.000
1153.740	8200.000
1153.885	8315.000
1154.029	8319.000
1154.174	8314.000
1154.318	8268.000
1154.462	8356.000
1154.607	8183.000
1154.751	8315.000
1154.896	8229.000
1155.040	8267.000
1155.184	8312.000
1155.329	8354.000
1155.473	8191.000
1155.617	8305.000
1155.762	8137.000
1155.906	8251.000
1156.050	8221.000
1156.194	8364.000
1156.339	8240.000
1156.483	8313.000
1156.627	8120.000
1156.772	8205.000
1156.916	8216.000
1157.060	8271.000
1157.204	8247.000
1157.349	8310.000
1157.493	8170.000
1157.637	8233.000
1157.781	8135.000
1157.925	8263.000
1158.070	8205.000
1158.214	8300.000
1158.358	8135.000
1158.502	8223.000
1158.646	8074.000
1158.790	8292.000
1158.935	8264.000
1159.079	8203.000
1159.223	8188.000
1159.367	8212.000
1159.511	8119.000
1159.655	8228.000
1159.799	8149.000
1159.943	8265.000
1160.087	8115.000
1160.231	8267.000
1160.375	8135.000
1160.519	8228.000
1160.664	8088.000
1160.808	8285.000
1160.952	8139.000
1161.096	8205.000
1161.240	8106.000
1161.384	8207.000
1161.528	8056.000
1161.672	8194.000
1161.815	8155.000
1161.959	8236.000
1162.103	8130.000
1162.247	8255.000
1162.391	8006.000
1162.535	8256.000
1162.679	8084.000
1162.823	8225.000
1162.967	8084.000
1163.111	8276.000
1163.255	8162.000
1163.399	8219.000
1163.542	8141.000
1163.686	8245.000
1163.830	8088.000
1163.974	8196.000
1164.118	8140.000
1164.262	8244.000
1164.405	8081.000
1164.549	8171.000
1164.693	8127.000
1164.837	8198.000
1164.981	8111.000
1165.124	8221.000
1165.268	8061.000
1165.412	8252.000
1165.556	8104.000
1165.699	8265.000
1165.843	8231.000
1165.987	8320.000
1166.131	8187.000
1166.274	8200.000
1166.418	8101.000
1166.562	8197.000
1166.705	8090.000
1166.849	8231.000
1166.993	8271.000
1167.136	8284.000
1167.280	8116.000
1167.424	8306.000
1167.567	8222.000
1167.711	8206.000
1167.854	8115.000
1167.998	8283.000
1168.142	8148.000
1168.285	8241.000
1168.429	8096.000
1168.572	8253.000
1168.716	8132.000
1168.859	8242.000
1169.003	8184.000
1169.147	8236.000
1169.290	8148.000
1169.434	8249.000
1169.577	8181.000
1169.721	8256.000
1169.864	8164.000
1170.008	8336.000
1170.151	8202.000
1170.294	8192.000
1170.438	8212.000
1170.581	8308.000
1170.725	8113.000
1170.868	8278.000
1171.012	8235.000
1171.155	8316.000
1171.298	8170.000
1171.442	8221.000
1171.585	8165.000
1171.729	8244.000
1171.872	8144.000
1172.015	8218.000
1172.159	8183.000
1172.302	8283.000
1172.445	8182.000
1172.589	8261.000
1172.732	8016.000
1172.875	8314.000
1173.019	8130.000
1173.162	8187.000
1173.305	8114.000
1173.449	8273.000
1173.592	8134.000
1173.735	8212.000
1173.878	8216.000
1174.022	8187.000
1174.165	8087.000
1174.308	8239.000
1174.451	8148.000
1174.594	8231.000
1174.738	8096.000
1174.881	8299.000
1175.024	8205.000
1175.167	8212.000
1175.310	8104.000
1175.454	8240.000
1175.597	8149.000
1175.740	8261.000
1175.883	8086.000
1176.026	8257.000
1176.169	8112.000
1176.312	8104.000
1176.455	8131.000
1176.598	8191.000
1176.742	8081.000
1176.885	8310.000
1177.028	8077.000
1177.171	8065.000
1177.314	8094.000
1177.457	8297.000
1177.600	8121.000
1177.743	8152.000
1177.886	8005.000
1178.029	8250.000
1178.172	8081.000
1178.315	8199.000
1178.458	8081.000
1178.601	8222.000
1178.744	8087.000
1178.887	8196.000
1179.030	8157.000
1179.173	8229.000
1179.316	8080.000
1179.458	8269.000
1179.601	8031.000
1179.744	8133.000
1179.887	8103.000
1180.030	8177.000
1180.173	8000.000
1180.316	8222.000
1180.459	7999.000
1180.602	8119.000
1180.744	8041.000
1180.887	8233.000
1181.030	8074.000
1181.173	8176.000
1181.316	8064.000
1181.458	8068.000
1181.601	8012.000
1181.744	8098.000
1181.887	8172.000
1182.030	8081.000
1182.172	8053.000
1182.315	8102.000
1182.458	8075.000
1182.601	8164.000
1182.743	8009.000
1182.886	8106.000
1183.029	8053.000
1183.171	8133.000
1183.314	8069.000
1183.457	8141.000
1183.599	7985.000
1183.742	8187.000
1183.885	7989.000
1184.027	8152.000
1184.170	8023.000
1184.313	8227.000
1184.455	8059.000
1184.598	8264.000
1184.741	7980.000
1184.883	8256.000
1185.026	8053.000
1185.168	8164.000
1185.311	8048.000
1185.453	8170.000
1185.596	8089.000
1185.739	8108.000
1185.881	8058.000
1186.024	8193.000
1186.166	8027.000
1186.309	8115.000
1186.451	8062.000
1186.594	8163.000
1186.736	8134.000
1186.879	8168.000
1187.021	8099.000
1187.164	8149.000
1187.306	8026.000
1187.448	8177.000
1187.591	7702.000
1187.733	8199.000
1187.876	8086.000
1188.018	8112.000
1188.160	8147.000
1188.303	8116.000
1188.445	7989.000
1188.588	8133.000
1188.730	8108.000
1188.872	8251.000
1189.015	8023.000
1189.157	8139.000
1189.299	8010.000
1189.442	8218.000
1189.584	8076.000
1189.726	8135.000
1189.869	7974.000
1190.011	8196.000
1190.153	8079.000
1190.295	8161.000
1190.438	8035.000
1190.580	8176.000
1190.722	8039.000
1190.864	8210.000
1191.007	8091.000
1191.149	8153.000
1191.291	7973.000
1191.433	8144.000
1191.576	8086.000
1191.718	8293.000
1191.860	8027.000
1192.002	8186.000
1192.144	8062.000
1192.286	8179.000
1192.429	8050.000
1192.571	8199.000
1192.713	8055.000
1192.855	8187.000
1192.997	8079.000
1193.139	8191.000
1193.281	8039.000
1193.423	8239.000
1193.565	8109.000
1193.707	8202.000
1193.850	8075.000
1193.992	8145.000
1194.134	8029.000
1194.276	8222.000
1194.418	8037.000
1194.560	8145.000
1194.702	8044.000
1194.844	8137.000
1194.986	8027.000
1195.128	8194.000
1195.270	8076.000
1195.412	8200.000
1195.554	8029.000
1195.696	8236.000
1195.837	8096.000
1195.979	8159.000
1196.121	8043.000
1196.263	8201.000
1196.405	8108.000
1196.547	8187.000
1196.689	8007.000
1196.831	8197.000
1196.973	8084.000
1197.115	8125.000
1197.256	8042.000
1197.398	8158.000
1197.540	8038.000
1197.682	8140.000
1197.824	8030.000
1197.966	8181.000
1198.107	8032.000
1198.249	8171.000
1198.391	8158.000
1198.533	8136.000
1198.675	8044.000
1198.816	8136.000
1198.958	8018.000
1199.100	8231.000
1199.242	8128.000
1199.383	8135.000
1199.525	8055.000
1199.667	8063.000
1199.808	8067.000
1199.950	8160.000
1200.092	8123.000
1200.233	8248.000
1200.375	8037.000
1200.517	8170.000
1200.658	8051.000
1200.800	8199.000
1200.942	8064.000
1201.083	8218.000
1201.225	8125.000
1201.367	8235.000
1201.508	8075.000
1201.650	8036.000
1201.791	7982.000
1201.933	8195.000
1202.074	8007.000
1202.216	8105.000
1202.358	8027.000
1202.499	8121.000
1202.641	7999.000
1202.782	8105.000
1202.924	8037.000
1203.065	8227.000
1203.207	7938.000
1203.348	8193.000
1203.490	8026.000
1203.631	8170.000
1203.773	8061.000
1203.914	8135.000
1204.056	8035.000
1204.197	8135.000
1204.338	7999.000
1204.480	8121.000
1204.621	8005.000
1204.763	8184.000
1204.904	7979.000
1205.045	8114.000
1205.187	8178.000
1205.328	8165.000
1205.470	8072.000
1205.611	8203.000
1205.752	8015.000
1205.894	8145.000
1206.035	8006.000
1206.176	8174.000
1206.318	7944.000
1206.459	8284.000
1206.600	8083.000
1206.741	8222.000
1206.883	8004.000
1207.024	8207.000
1207.165	8072.000
1207.306	8174.000
1207.448	8000.000
1207.589	8156.000
1207.730	8027.000
1207.871	8153.000
1208.013	8063.000
1208.154	8139.000
1208.295	7940.000
1208.436	8146.000
1208.577	8018.000
1208.719	8114.000
1208.860	8049.000
1209.001	8155.000
1209.142	7946.000
1209.283	8167.000
1209.424	7915.000
1209.565	8162.000
1209.706	8035.000
1209.848	8242.000
1209.989	8046.000
1210.130	8140.000
1210.271	7976.000
1210.412	8081.000
1210.553	8053.000
1210.694	8188.000
1210.835	7988.000
1210.976	8174.000
1211.117	7882.000
1211.258	8128.000
1211.399	8016.000
1211.540	8162.000
1211.681	7964.000
1211.822	8122.000
1211.963	8114.000
1212.104	8095.000
1212.245	7998.000
1212.386	8159.000
1212.527	7988.000
1212.668	8172.000
1212.809	7971.000
1212.950	8192.000
1213.090	7988.000
1213.231	8056.000
1213.372	7956.000
1213.513	8101.000
1213.654	7977.000
1213.795	8042.000
1213.936	7924.000
1214.077	8125.000
1214.217	8077.000
1214.358	8162.000
1214.499	8021.000
1214.640	8171.000
1214.781	7960.000
1214.921	8124.000
1215.062	7911.000
1215.203	8109.000
1215.344	7879.000
1215.485	8088.000
1215.625	7996.000
1215.766	8127.000
1215.907	7972.000
1216.047	8129.000
1216.188	7906.000
1216.329	8081.000
1216.470	7836.000
1216.610	8084.000
1216.751	7924.000
1216.892	7974.000
1217.032	7843.000
1217.173	8024.000
1217.314	7987.000
1217.454	7989.000
1217.595	7909.000
1217.735	8040.000
1217.876	7901.000
1218.017	8039.000
1218.157	7862.000
1218.298	8080.000
1218.438	7900.000
1218.579	8009.000
1218.720	7857.000
1218.860	8082.000
1219.001	7903.000
1219.141	7966.000
1219.282	7886.000
1219.422	7955.000
1219.563	7795.000
1219.703	7912.000
1219.844	7830.000
1219.984	8046.000
1220.125	7940.000
1220.265	7975.000
1220.406	7861.000
1220.546	7989.000
1220.687	7885.000
1220.827	7914.000
1220.967	7823.000
1221.108	7986.000
1221.248	7806.000
1221.389	7967.000
1221.529	7819.000
1221.669	7996.000
1221.810	7864.000
1221.950	7924.000
1222.091	7830.000
1222.231	8020.000
1222.371	7880.000
1222.512	7956.000
1222.652	7891.000
1222.792	7995.000
1222.933	7787.000
1223.073	7937.000
1223.213	7924.000
1223.353	8015.000
1223.494	7885.000
1223.634	7941.000
1223.774	7881.000
1223.914	7924.000
1224.055	7809.000
1224.195	7988.000
1224.335	7853.000
1224.475	7949.000
1224.616	7807.000
1224.756	7925.000
1224.896	7804.000
1225.036	8045.000
1225.176	7880.000
1225.316	8032.000
1225.457	7792.000
1225.597	8024.000
1225.737	7860.000
1225.877	8030.000
1226.017	7847.000
1226.157	8042.000
1226.297	7850.000
1226.437	7956.000
1226.578	7853.000
1226.718	7988.000
1226.858	7843.000
1226.998	8053.000
1227.138	7914.000
1227.278	7967.000
1227.418	7922.000
1227.558	7974.000
1227.698	7919.000
1227.838	8055.000
1227.978	7901.000
1228.118	7956.000
1228.258	7857.000
1228.398	8012.000
1228.538	7911.000
1228.678	7953.000
1228.818	7906.000
1228.958	7997.000
1229.098	7912.000
1229.238	8059.000
1229.377	7912.000
1229.517	7972.000
1229.657	7960.000
1229.797	8023.000
1229.937	7868.000
1230.077	8079.000
1230.217	7970.000
1230.357	8076.000
1230.496	8006.000
1230.636	8058.000
1230.776	7953.000
1230.916	8029.000
1231.056	7931.000
1231.196	8050.000
1231.335	7926.000
1231.475	8003.000
1231.615	8013.000
1231.755	8066.000
1231.894	7935.000
1232.034	7982.000
1232.174	7909.000
1232.314	8136.000
1232.453	7931.000
1232.593	8033.000
1232.733	7943.000
1232.873	8132.000
1233.012	8472.000
1233.152	8061.000
1233.292	7921.000
1233.431	8071.000
1233.571	7897.000
1233.711	8096.000
1233.850	7883.000
1233.990	8090.000
1234.129	7914.000
1234.269	7937.000
1234.409	7992.000
1234.548	8057.000
1234.688	7915.000
1234.828	8025.000
1234.967	7960.000
1235.107	8109.000
1235.246	7921.000
1235.386	7963.000
1235.525	7894.000
1235.665	7985.000
1235.804	7914.000
1235.944	7989.000
1236.083	7937.000
1236.223	7999.000
1236.362	7976.000
1236.502	7995.000
1236.641	7858.000
1236.781	8117.000
1236.920	7903.000
1237.060	7962.000
1237.199	7892.000
1237.339	7964.000
1237.478	7889.000
1237.617	7983.000
1237.757	7899.000
1237.896	7919.000
1238.036	7916.000
1238.175	7949.000
1238.314	7893.000
1238.454	7946.000
1238.593	7856.000
1238.732	8001.000
1238.872	7883.000
1239.011	8071.000
1239.150	7907.000
1239.290	7952.000
1239.429	7937.000
1239.568	7975.000
1239.708	7907.000
1239.847	7979.000
1239.986	7918.000
1240.125	7948.000
1240.265	7917.000
1240.404	7987.000
1240.543	7993.000
1240.682	7947.000
1240.822	7927.000
1240.961	7915.000
1241.100	7935.000
1241.239	8012.000
1241.378	7906.000
1241.518	8022.000
1241.657	7922.000
1241.796	8068.000
1241.935	7910.000
1242.074	7986.000
1242.213	7929.000
1242.352	7980.000
1242.492	7846.000
1242.631	8055.000
1242.770	7940.000
1242.909	8066.000
1243.048	7948.000
1243.187	8087.000
1243.326	7902.000
1243.465	8075.000
1243.604	7922.000
1243.743	8022.000
1243.882	7897.000
1244.021	8101.000
1244.160	7918.000
1244.299	8079.000
1244.438	7949.000
1244.577	8090.000
1244.716	7914.000
1244.855	8062.000
1244.994	7980.000
1245.133	8136.000
1245.272	7987.000
1245.411	8114.000
1245.550	8100.000
1245.689	8151.000
1245.828	8037.000
1245.967	8067.000
1246.106	8058.000
1246.244	8167.000
1246.383	8003.000
1246.522	8131.000
1246.661	8010.000
1246.800	8193.000
1246.939	7986.000
1247.078	8168.000
1247.216	8009.000
1247.355	8233.000
1247.494	8129.000
1247.633	8181.000
1247.772	7991.000
1247.910	8112.000
1248.049	8012.000
1248.188	8153.000
1248.327	8028.000
1248.465	8170.000
1248.604	8051.000
1248.743	8145.000
1248.882	8074.000
1249.020	8169.000
1249.159	8086.000
1249.298	8168.000
1249.436	8027.000
1249.575	8239.000
1249.714	8014.000
1249.852	8116.000
1249.991	8026.000
1250.130	8146.000
1250.268	7946.000
1250.407	8173.000
1250.546	8088.000
1250.684	8069.000
1250.823	8042.000
1250.961	8192.000
1251.100	8008.000
1251.239	8152.000
1251.377	8067.000
1251.516	8112.000
1251.654	8026.000
1251.793	8101.000
1251.931	8000.000
1252.070	8076.000
1252.208	8038.000
1252.347	8126.000
1252.485	8050.000
1252.624	8103.000
1252.762	7986.000
1252.901	8190.000
1253.039	8117.000
1253.178	8091.000
1253.316	8121.000
1253.455	8173.000
1253.593	8078.000
1253.732	8137.000
1253.870	6857.000
1254.008	8119.000
1254.147	8007.000
1254.285	8028.000
1254.424	7942.000
1254.562	8132.000
1254.700	7981.000
1254.839	8124.000
1254.977	8051.000
1255.115	8156.000
1255.254	8026.000
1255.392	8112.000
1255.530	8016.000
1255.669	8175.000
1255.807	8027.000
1255.945	8113.000
1256.084	7932.000
1256.222	8127.000
1256.360	7964.000
1256.498	8050.000
1256.637	7991.000
1256.775	8044.000
1256.913	7978.000
1257.051	8048.000
1257.189	7904.000
1257.328	8154.000
1257.466	7910.000
1257.604	8156.000
1257.742	7975.000
1257.880	8037.000
1258.019	8016.000
1258.157	7992.000
1258.295	7919.000
1258.433	7977.000
1258.571	7884.000
1258.709	7941.000
1258.847	7878.000
1258.986	8045.000
1259.124	7930.000
1259.262	8075.000
1259.400	7872.000
1259.538	8008.000
1259.676	7875.000
1259.814	7955.000
1259.952	7812.000
1260.090	7962.000
1260.228	7783.000
1260.366	7940.000
1260.504	7801.000
1260.642	7969.000
1260.780	7915.000
1260.918	7968.000
1261.056	7843.000
1261.194	8078.000
1261.332	7801.000
1261.470	7942.000
1261.608	7895.000
1261.746	8038.000
1261.884	7820.000
1262.022	8073.000
1262.160	12486.000
1262.297	8081.000
1262.435	7955.000
1262.573	7963.000
1262.711	7927.000
1262.849	8034.000
1262.987	7822.000
1263.125	7984.000
1263.262	7999.000
1263.400	8116.000
1263.538	8008.000
1263.676	8013.000
1263.814	7880.000
1263.952	8050.000
1264.089	7988.000
1264.227	8100.000
1264.365	7967.000
1264.503	8081.000
1264.640	7874.000
1264.778	8110.000
1264.916	8013.000
1265.054	8144.000
1265.191	7976.000
1265.329	8134.000
1265.467	8007.000
1265.604	8095.000
1265.742	7960.000
1265.880	8039.000
1266.017	7951.000
1266.155	8166.000
1266.293	7990.000
1266.430	8091.000
1266.568	7941.000
1266.706	8141.000
1266.843	7952.000
1266.981	8142.000
1267.119	7934.000
1267.256	8113.000
1267.394	7854.000
1267.531	8111.000
1267.669	7901.000
1267.806	8105.000
1267.944	7924.000
1268.081	8151.000
1268.219	7960.000
1268.357	8073.000
1268.494	7962.000
1268.632	8170.000
1268.769	7894.000
1268.907	8157.000
1269.044	8038.000
1269.182	8017.000
1269.319	7938.000
1269.456	8130.000
1269.594	8023.000
1269.731	8061.000
1269.869	7984.000
1270.006	8076.000
1270.144	8034.000
1270.281	8101.000
1270.418	8033.000
1270.556	8137.000
1270.693	8018.000
1270.831	8183.000
1270.968	7947.000
1271.105	8143.000
1271.243	7955.000
1271.380	8114.000
1271.517	8087.000
1271.655	8235.000
1271.792	8018.000
1271.929	8080.000
1272.066	8078.000
1272.204	8198.000
1272.341	8073.000
1272.478	8211.000
1272.616	8036.000
1272.753	8220.000
1272.890	8051.000
1273.027	8145.000
1273.165	8057.000
1273.302	8194.000
1273.439	8084.000
1273.576	8068.000
1273.713	8073.000
1273.851	8295.000
1273.988	8127.000
1274.125	8146.000
1274.262	8074.000
1274.399	8118.000
1274.536	8128.000
1274.673	8233.000
