1229.956	6480.000
1230.103	6451.000
1230.250	6423.000
1230.397	6566.000
1230.544	6409.000
1230.691	6552.000
1230.838	6413.000
1230.985	6527.000
1231.132	6419.000
1231.278	6514.000
1231.425	6385.000
1231.572	6550.000
1231.719	6454.000
1231.866	6450.000
1232.013	6437.000
1232.159	6592.000
1232.306	6356.000
1232.453	6574.000
1232.600	6379.000
1232.746	6579.000
1232.893	6382.000
1233.040	6474.000
1233.186	6566.000
1233.333	6552.000
1233.480	6459.000
1233.627	6508.000
1233.773	6442.000
1233.920	6473.000
1234.066	6403.000
1234.213	6523.000
1234.360	6440.000
1234.506	6574.000
1234.653	6461.000
1234.800	6541.000
1234.946	6401.000
1235.093	6522.000
1235.239	6504.000
1235.386	6473.000
1235.532	6477.000
1235.679	6548.000
1235.825	6407.000
1235.972	6555.000
1236.118	6419.000
1236.265	6561.000
1236.411	6395.000
1236.558	6547.000
1236.704	6457.000
1236.851	6490.000
1236.997	6433.000
1237.143	6530.000
1237.290	6377.000
1237.436	6496.000
1237.583	6450.000
1237.729	6572.000
1237.875	6374.000
1238.022	6498.000
1238.168	6398.000
1238.314	6527.000
1238.461	6365.000
1238.607	6472.000
1238.753	6445.000
1238.900	6452.000
1239.046	6397.000
1239.192	6460.000
1239.338	6348.000
1239.485	6527.000
1239.631	6408.000
1239.777	6417.000
1239.923	6355.000
1240.070	6511.000
1240.216	6380.000
1240.362	6442.000
1240.508	6383.000
1240.654	6467.000
1240.800	6337.000
1240.947	6435.000
1241.093	6328.000
1241.239	6387.000
1241.385	6353.000
1241.531	6515.000
1241.677	6314.000
1241.823	6428.000
1241.969	6373.000
1242.115	6468.000
1242.261	6299.000
1242.407	6392.000
1242.553	6280.000
1242.699	6408.000
1242.845	6349.000
1242.991	6413.000
1243.137	6300.000
1243.283	6418.000
1243.429	6344.000
1243.575	6439.000
1243.721	6336.000
1243.867	6389.000
1244.013	6267.000
1244.159	6399.000
1244.305	6306.000
1244.451	6416.000
1244.596	6320.000
1244.742	6336.000
1244.888	6262.000
1245.034	6309.000
1245.180	6299.000
1245.326	6429.000
1245.471	6261.000
1245.617	6397.000
1245.763	6273.000
1245.909	6357.000
1246.055	6297.000
1246.200	6390.000
1246.346	6147.000
1246.492	6428.000
1246.638	6243.000
1246.783	6352.000
1246.929	6315.000
1247.075	6388.000
1247.220	6316.000
1247.366	6372.000
1247.512	6298.000
1247.657	6373.000
1247.803	6282.000
1247.949	6417.000
1248.094	6277.000
1248.240	6394.000
1248.385	6189.000
1248.531	6279.000
1248.676	6381.000
1248.822	6400.000
1248.968	6293.000
1249.113	6397.000
1249.259	6296.000
1249.404	6371.000
1249.550	6265.000
1249.695	6397.000
1249.841	6326.000
1249.986	6426.000
1250.132	6275.000
1250.277	6379.000
1250.422	6323.000
1250.568	6416.000
1250.713	6299.000
1250.859	6338.000
1251.004	6318.000
1251.150	6444.000
1251.295	6357.000
1251.440	6382.000
1251.586	6283.000
1251.731	6443.000
1251.876	6321.000
1252.022	6385.000
1252.167	6253.000
1252.312	6366.000
1252.458	6269.000
1252.603	6447.000
1252.748	6311.000
1252.893	6441.000
1253.039	6291.000
1253.184	6401.000
1253.329	6296.000
1253.474	6367.000
1253.619	6292.000
1253.765	6399.000
1253.910	6198.000
1254.055	6402.000
1254.200	6335.000
1254.345	6351.000
1254.490	6281.000
1254.636	6420.000
1254.781	6219.000
1254.926	6403.000
1255.071	6283.000
1255.216	6348.000
1255.361	6311.000
1255.506	6415.000
1255.651	6226.000
1255.796	6417.000
1255.941	6165.000
1256.086	6320.000
1256.231	6214.000
1256.376	6413.000
1256.521	6294.000
1256.666	6391.000
1256.811	6161.000
1256.956	6282.000
1257.101	6237.000
1257.246	6320.000
1257.391	6257.000
1257.536	6381.000
1257.681	6192.000
1257.826	6335.000
1257.971	6181.000
1258.116	6350.000
1258.260	6236.000
1258.405	6405.000
1258.550	6184.000
1258.695	6306.000
1258.840	6139.000
1258.985	6397.000
1259.129	6306.000
1259.274	6297.000
1259.419	6286.000
1259.564	6328.000
1259.708	6175.000
1259.853	6327.000
1259.998	6236.000
1260.143	6412.000
1260.287	6162.000
1260.432	6356.000
1260.577	6216.000
1260.721	6337.000
1260.866	6160.000
1261.011	6413.000
1261.155	6231.000
1261.300	6347.000
1261.445	6156.000
1261.589	6309.000
1261.734	6142.000
1261.878	6313.000
1262.023	6211.000
1262.168	6383.000
1262.312	6197.000
1262.457	6372.000
1262.601	6094.000
1262.746	6356.000
1262.890	6167.000
1263.035	6341.000
1263.179	6170.000
1263.324	6417.000
1263.468	6223.000
1263.613	6337.000
1263.757	6192.000
1263.902	6399.000
1264.046	6183.000
1264.191	6306.000
1264.335	6187.000
1264.479	6397.000
1264.624	6184.000
1264.768	6298.000
1264.912	6181.000
1265.057	6337.000
1265.201	6232.000
1265.346	6354.000
1265.490	6167.000
1265.634	6375.000
1265.778	6212.000
1265.923	6370.000
1266.067	6297.000
1266.211	6411.000
1266.356	6256.000
1266.500	6288.000
1266.644	6177.000
1266.788	6343.000
1266.933	6168.000
1267.077	6348.000
1267.221	6310.000
1267.365	6400.000
1267.509	6203.000
1267.653	6438.000
1267.798	6303.000
1267.942	6348.000
1268.086	6224.000
1268.230	6377.000
1268.374	6239.000
1268.518	6361.000
1268.662	6215.000
1268.806	6431.000
1268.950	6239.000
1269.095	6364.000
1269.239	6235.000
1269.383	6387.000
1269.527	6238.000
1269.671	6382.000
1269.815	6262.000
1269.959	6392.000
1270.103	6204.000
1270.247	6473.000
1270.391	6262.000
1270.535	6345.000
1270.679	6270.000
1270.822	6405.000
1270.966	6195.000
1271.110	6401.000
1271.254	6306.000
1271.398	6386.000
1271.542	6228.000
1271.686	6364.000
1271.830	6233.000
1271.973	6363.000
1272.117	6226.000
1272.261	6354.000
1272.405	6271.000
1272.549	6391.000
1272.693	6248.000
1272.836	6378.000
1272.980	6091.000
1273.124	6437.000
1273.268	6229.000
1273.411	6344.000
1273.555	6210.000
1273.699	6409.000
1273.843	6236.000
1273.986	6342.000
1274.130	6295.000
1274.274	6286.000
1274.417	6174.000
1274.561	6376.000
1274.705	6236.000
1274.848	6331.000
1274.992	6152.000
1275.135	6421.000
1275.279	6315.000
1275.423	6372.000
1275.566	6201.000
1275.710	6360.000
1275.853	6259.000
1275.997	6390.000
1276.140	6155.000
1276.284	6360.000
1276.427	6197.000
1276.571	6245.000
1276.714	6234.000
1276.858	6331.000
1277.001	6191.000
1277.145	6426.000
1277.288	6180.000
1277.432	6236.000
1277.575	6192.000
1277.719	6392.000
1277.862	6256.000
1278.005	6299.000
1278.149	6109.000
1278.292	6400.000
1278.435	6147.000
1278.579	6331.000
1278.722	6159.000
1278.865	6380.000
1279.009	6201.000
1279.152	6333.000
1279.295	6241.000
1279.439	6383.000
1279.582	6194.000
1279.725	6362.000
1279.868	6141.000
1280.012	6271.000
1280.155	6224.000
1280.298	6334.000
1280.441	6070.000
1280.585	6387.000
1280.728	6108.000
1280.871	6268.000
1281.014	6155.000
1281.157	6334.000
1281.300	6194.000
1281.444	6299.000
1281.587	6196.000
1281.730	6248.000
1281.873	6155.000
1282.016	6309.000
1282.159	6263.000
1282.302	6256.000
1282.445	6175.000
1282.588	6245.000
1282.731	6180.000
1282.874	6293.000
1283.017	6121.000
1283.160	6261.000
1283.303	6172.000
1283.446	6267.000
1283.589	6146.000
1283.732	6266.000
1283.875	6085.000
1284.018	6351.000
1284.161	6101.000
1284.304	6317.000
1284.447	6138.000
1284.590	6353.000
1284.733	6143.000
1284.876	6395.000
1285.019	6070.000
1285.161	6404.000
1285.304	6142.000
1285.447	6320.000
1285.590	6129.000
1285.733	6325.000
1285.876	6187.000
1286.018	6239.000
1286.161	6149.000
1286.304	6359.000
1286.447	6149.000
1286.589	6310.000
1286.732	6171.000
1286.875	6293.000
1287.018	6211.000
1287.160	6339.000
1287.303	6205.000
1287.446	6290.000
1287.588	6116.000
1287.731	6349.000
1287.874	5932.000
1288.016	6333.000
1288.159	6220.000
1288.302	6285.000
1288.444	6236.000
1288.587	6252.000
1288.729	6087.000
1288.872	6228.000
1289.015	6180.000
1289.157	6374.000
1289.300	6129.000
1289.442	6283.000
1289.585	6093.000
1289.727	6339.000
1289.870	6172.000
1290.012	6286.000
1290.155	6104.000
1290.297	6318.000
1290.440	6183.000
1290.582	6292.000
1290.725	6146.000
1290.867	6347.000
1291.009	6143.000
1291.152	6341.000
1291.294	6188.000
1291.437	6276.000
1291.579	6080.000
1291.721	6272.000
1291.864	6139.000
1292.006	6434.000
1292.148	6129.000
1292.291	6330.000
1292.433	6183.000
1292.575	6296.000
1292.718	6162.000
1292.860	6320.000
1293.002	6126.000
1293.145	6323.000
1293.287	6190.000
1293.429	6275.000
1293.571	6176.000
1293.713	6379.000
1293.856	6162.000
1293.998	6344.000
1294.140	6139.000
1294.282	6234.000
1294.424	6097.000
1294.567	6349.000
1294.709	6103.000
1294.851	6246.000
1294.993	6099.000
1295.135	6254.000
1295.277	6108.000
1295.419	6269.000
1295.561	6151.000
1295.703	6295.000
1295.845	6130.000
1295.987	6327.000
1296.129	6165.000
1296.272	6256.000
1296.414	6132.000
1296.556	6329.000
1296.698	6164.000
1296.840	6295.000
1296.981	6092.000
1297.123	6320.000
1297.265	6123.000
1297.407	6258.000
1297.549	6113.000
1297.691	6274.000
1297.833	6110.000
1297.975	6287.000
1298.117	6080.000
1298.259	6270.000
1298.401	6100.000
1298.542	6236.000
1298.684	6187.000
1298.826	6236.000
1298.968	6086.000
1299.110	6257.000
1299.252	6061.000
1299.393	6335.000
1299.535	6170.000
1299.677	6237.000
1299.819	6132.000
1299.960	6194.000
1300.102	6124.000
1300.244	6267.000
1300.386	6167.000
1300.527	6320.000
1300.669	6110.000
1300.811	6271.000
1300.952	6114.000
1301.094	6284.000
1301.236	6128.000
1301.377	6314.000
1301.519	6147.000
1301.661	6339.000
1301.802	6127.000
1301.944	6180.000
1302.085	6076.000
1302.227	6306.000
1302.368	6026.000
1302.510	6217.000
1302.652	6091.000
1302.793	6230.000
1302.935	6080.000
1303.076	6240.000
1303.218	6069.000
1303.359	6290.000
1303.501	5986.000
1303.642	6287.000
1303.783	6108.000
1303.925	6230.000
1304.066	6085.000
1304.208	6263.000
1304.349	6108.000
1304.491	6213.000
1304.632	6044.000
1304.773	6208.000
1304.915	6112.000
1305.056	6246.000
1305.197	6011.000
1305.339	6208.000
1305.480	6225.000
1305.621	6248.000
1305.763	6092.000
1305.904	6276.000
1306.045	6062.000
1306.187	6216.000
1306.328	6048.000
1306.469	6241.000
1306.610	6019.000
1306.752	6353.000
1306.893	6114.000
1307.034	6293.000
1307.175	6050.000
1307.316	6264.000
1307.458	6078.000
1307.599	6253.000
1307.740	6037.000
1307.881	6220.000
1308.022	6038.000
1308.163	6244.000
1308.304	6097.000
1308.446	6206.000
1308.587	5988.000
1308.728	6219.000
1308.869	6060.000
1309.010	6169.000
1309.151	6087.000
1309.292	6252.000
1309.433	6002.000
1309.574	6211.000
1309.715	5987.000
1309.856	6255.000
1309.997	6067.000
1310.138	6313.000
1310.279	6064.000
1310.420	6170.000
1310.561	6016.000
1310.702	6170.000
1310.843	6088.000
1310.984	6269.000
1311.124	6042.000
1311.265	6221.000
1311.406	5931.000
1311.547	6202.000
1311.688	6067.000
1311.829	6217.000
1311.970	6024.000
1312.110	6157.000
1312.251	6123.000
1312.392	6124.000
1312.533	6037.000
1312.674	6218.000
1312.814	6012.000
1312.955	6206.000
1313.096	5989.000
1313.237	6222.000
1313.377	6042.000
1313.518	6124.000
1313.659	5991.000
1313.800	6175.000
1313.940	6023.000
1314.081	6114.000
1314.222	5939.000
1314.362	6166.000
1314.503	6093.000
1314.644	6242.000
1314.784	6029.000
1314.925	6243.000
1315.065	5994.000
1315.206	6168.000
1315.347	5983.000
1315.487	6126.000
1315.628	5916.000
1315.768	6131.000
1315.909	6018.000
1316.049	6182.000
1316.190	5949.000
1316.330	6178.000
1316.471	5952.000
1316.611	6167.000
1316.752	5882.000
1316.892	6107.000
1317.033	5917.000
1317.173	6046.000
1317.313	5892.000
1317.454	6053.000
1317.594	6017.000
1317.735	6069.000
1317.875	5921.000
1318.015	6095.000
1318.156	5944.000
1318.296	6118.000
1318.437	5946.000
1318.577	6143.000
1318.717	5924.000
1318.857	6058.000
1318.998	5904.000
1319.138	6142.000
1319.278	5936.000
1319.419	6022.000
1319.559	5918.000
1319.699	6072.000
1319.839	5866.000
1319.980	6002.000
1320.120	5851.000
1320.260	6129.000
1320.400	5941.000
1320.540	6061.000
1320.681	5898.000
1320.821	6104.000
1320.961	5928.000
1321.101	5987.000
1321.241	5860.000
1321.381	6025.000
1321.521	5828.000
1321.661	6018.000
1321.802	5865.000
1321.942	6029.000
1322.082	5899.000
1322.222	5995.000
1322.362	5846.000
1322.502	6038.000
1322.642	5886.000
1322.782	6000.000
1322.922	5890.000
1323.062	6039.000
1323.202	5803.000
1323.342	6004.000
1323.482	5943.000
1323.622	6098.000
1323.762	5856.000
1323.902	5995.000
1324.041	5873.000
1324.181	5973.000
1324.321	5822.000
1324.461	6036.000
1324.601	5868.000
1324.741	6004.000
1324.881	5846.000
1325.021	5992.000
1325.160	5818.000
1325.300	6063.000
1325.440	5871.000
1325.580	6084.000
1325.720	5800.000
1325.859	6067.000
1325.999	5836.000
1326.139	6059.000
1326.279	5840.000
1326.418	6109.000
1326.558	5808.000
1326.698	6026.000
1326.838	5844.000
1326.977	6014.000
1327.117	5824.000
1327.257	6073.000
1327.396	5879.000
1327.536	5991.000
1327.675	5903.000
1327.815	5957.000
1327.955	5869.000
1328.094	6068.000
1328.234	5886.000
1328.374	5998.000
1328.513	5837.000
1328.653	6029.000
1328.792	5884.000
1328.932	5976.000
1329.071	5888.000
1329.211	5987.000
1329.350	5879.000
1329.490	6073.000
1329.629	5857.000
1329.769	6002.000
1329.908	5944.000
1330.048	6027.000
1330.187	5865.000
1330.327	6099.000
1330.466	5940.000
1330.605	6062.000
1330.745	5926.000
1330.884	6061.000
1331.024	5879.000
1331.163	6020.000
1331.302	5878.000
1331.442	6077.000
1331.581	5883.000
1331.720	6008.000
1331.860	5953.000
1331.999	6072.000
1332.138	5870.000
1332.277	5988.000
1332.417	5841.000
1332.556	6089.000
1332.695	5869.000
1332.834	6019.000
1332.974	5887.000
1333.113	6117.000
1333.252	6295.000
1333.391	6064.000
1333.531	5883.000
1333.670	6034.000
1333.809	5856.000
1333.948	6078.000
1334.087	5848.000
1334.226	6082.000
1334.365	5849.000
1334.505	5963.000
1334.644	5911.000
1334.783	6012.000
1334.922	5894.000
1335.061	6000.000
1335.200	5890.000
1335.339	6068.000
1335.478	5871.000
1335.617	5976.000
1335.756	5847.000
1335.895	5967.000
1336.034	5815.000
1336.173	6013.000
1336.312	5865.000
1336.451	5960.000
1336.590	5914.000
1336.729	5960.000
1336.868	5808.000
1337.007	6087.000
1337.146	5831.000
1337.285	5943.000
1337.423	5832.000
1337.562	5931.000
1337.701	5834.000
1337.840	5929.000
1337.979	5831.000
1338.118	5892.000
1338.256	5833.000
1338.395	5883.000
1338.534	5834.000
1338.673	5977.000
1338.812	5796.000
1338.950	5945.000
1339.089	5831.000
1339.228	5995.000
1339.367	5825.000
1339.505	5911.000
1339.644	5855.000
1339.783	5924.000
1339.922	5841.000
1340.060	5945.000
1340.199	5843.000
1340.338	5915.000
1340.476	5838.000
1340.615	5983.000
1340.753	5875.000
1340.892	5937.000
1341.031	5840.000
1341.169	5899.000
1341.308	5840.000
1341.446	5937.000
1341.585	5792.000
1341.724	5983.000
1341.862	5831.000
1342.001	5982.000
1342.139	5821.000
1342.278	5930.000
1342.416	5819.000
1342.555	5936.000
1342.693	5781.000
1342.832	5997.000
1342.970	5816.000
1343.109	6000.000
1343.247	5868.000
1343.385	6026.000
1343.524	5811.000
1343.662	6006.000
1343.801	5815.000
1343.939	5940.000
1344.077	5785.000
1344.216	6034.000
1344.354	5790.000
1344.492	6018.000
1344.631	5827.000
1344.769	6022.000
1344.907	5785.000
1345.046	5958.000
1345.184	5835.000
1345.322	6029.000
1345.460	5872.000
1345.599	5997.000
1345.737	5906.000
1345.875	6063.000
1346.013	5905.000
1346.152	5960.000
1346.290	5874.000
1346.428	6083.000
1346.566	5856.000
1346.704	6000.000
1346.843	5879.000
1346.981	6050.000
1347.119	5829.000
1347.257	6050.000
1347.395	5825.000
1347.533	6100.000
1347.671	5936.000
1347.809	6052.000
1347.947	5830.000
1348.085	5989.000
1348.224	5886.000
1348.362	5965.000
1348.500	5872.000
1348.638	6049.000
1348.776	5889.000
1348.914	5998.000
1349.052	5886.000
1349.190	6047.000
1349.328	5919.000
1349.466	6000.000
1349.603	5843.000
1349.741	6092.000
1349.879	5851.000
1350.017	5983.000
1350.155	5834.000
1350.293	6005.000
1350.431	5792.000
1350.569	6055.000
1350.707	5903.000
1350.844	5956.000
1350.982	5889.000
1351.120	6081.000
1351.258	5836.000
1351.396	6041.000
1351.534	5897.000
1351.671	6007.000
1351.809	5824.000
1351.947	5960.000
1352.085	5829.000
1352.222	5953.000
1352.360	5864.000
1352.498	6012.000
1352.636	5850.000
1352.773	5980.000
1352.911	5816.000
1353.049	6032.000
1353.186	5898.000
1353.324	5997.000
1353.462	5912.000
1353.599	6000.000
1353.737	5844.000
1353.874	5998.000
1354.012	5075.000
1354.150	5988.000
1354.287	5846.000
1354.425	5953.000
1354.562	5772.000
1354.700	5969.000
1354.837	5802.000
1354.975	6011.000
1355.112	5854.000
1355.250	5969.000
1355.387	5848.000
1355.525	5945.000
1355.662	5794.000
1355.800	6010.000
1355.937	5850.000
1356.075	5943.000
1356.212	5720.000
1356.350	5947.000
1356.487	5744.000
1356.624	5879.000
1356.762	5820.000
1356.899	5897.000
1357.037	5805.000
1357.174	5937.000
1357.311	5768.000
1357.449	5994.000
1357.586	5728.000
1357.723	6026.000
1357.860	5803.000
1357.998	5902.000
1358.135	5807.000
1358.272	5862.000
1358.410	5777.000
1358.547	5852.000
1358.684	5675.000
1358.821	5818.000
1358.959	5742.000
1359.096	5943.000
1359.233	5740.000
1359.370	5935.000
1359.507	5705.000
1359.644	5864.000
1359.782	5710.000
1359.919	5835.000
1360.056	5618.000
1360.193	5827.000
1360.330	5622.000
1360.467	5805.000
1360.604	5634.000
1360.741	5879.000
1360.878	5803.000
1361.015	5846.000
1361.152	5682.000
1361.290	5934.000
1361.427	5627.000
1361.564	5814.000
1361.701	5719.000
1361.838	5905.000
1361.975	5667.000
1362.112	5954.000
1362.248	8569.000
1362.385	5925.000
1362.522	5727.000
1362.659	5829.000
1362.796	5711.000
1362.933	5845.000
1363.070	5599.000
1363.207	5784.000
1363.344	5795.000
1363.481	5951.000
1363.617	5773.000
1363.754	5836.000
1363.891	5719.000
1364.028	5898.000
1364.165	5828.000
1364.302	5963.000
1364.438	5758.000
1364.575	5911.000
1364.712	5707.000
1364.849	5910.000
1364.985	5779.000
1365.122	5950.000
1365.259	5774.000
1365.396	5912.000
1365.532	5762.000
1365.669	5913.000
1365.806	5724.000
1365.942	5811.000
1366.079	5728.000
1366.216	5959.000
1366.352	5769.000
1366.489	5882.000
1366.625	5708.000
1366.762	5990.000
1366.899	5766.000
1367.035	5972.000
1367.172	5707.000
1367.308	5931.000
1367.445	5671.000
1367.581	5908.000
1367.718	5713.000
1367.855	5909.000
1367.991	5711.000
1368.128	5959.000
1368.264	5750.000
1368.401	5895.000
1368.537	5722.000
1368.673	5971.000
1368.810	5660.000
1368.946	5948.000
1369.083	5761.000
1369.219	5831.000
1369.356	5691.000
1369.492	5932.000
1369.628	5737.000
1369.765	5890.000
1369.901	5749.000
1370.037	5865.000
1370.174	5771.000
1370.310	5900.000
1370.446	5762.000
1370.583	5899.000
1370.719	5779.000
1370.855	5962.000
1370.992	5709.000
1371.128	5932.000
1371.264	5683.000
1371.400	5866.000
1371.537	5815.000
1371.673	5960.000
1371.809	5757.000
1371.945	5888.000
1372.081	5807.000
1372.218	5970.000
1372.354	5790.000
1372.490	5989.000
1372.626	5791.000
1372.762	6000.000
1372.898	5786.000
1373.034	5918.000
1373.170	5780.000
1373.307	5968.000
1373.443	5807.000
1373.579	5827.000
1373.715	5821.000
1373.851	6022.000
1373.987	5854.000
1374.123	5888.000
1374.259	5815.000
1374.395	5869.000
1374.531	5855.000
1374.667	5995.000
