1029.870	6133.000
1030.015	6209.000
1030.160	6121.000
1030.305	6291.000
1030.449	6132.000
1030.594	6309.000
1030.739	6090.000
1030.884	6248.000
1031.029	6122.000
1031.173	6240.000
1031.318	6056.000
1031.463	6281.000
1031.608	6136.000
1031.752	6187.000
1031.897	6099.000
1032.042	6289.000
1032.187	6027.000
1032.331	6291.000
1032.476	6078.000
1032.621	6310.000
1032.765	6088.000
1032.910	6202.000
1033.055	6230.000
1033.200	6241.000
1033.344	6151.000
1033.489	6226.000
1033.634	6129.000
1033.778	6232.000
1033.923	6118.000
1034.068	6219.000
1034.212	6150.000
1034.357	6278.000
1034.502	6155.000
1034.646	6228.000
1034.791	6074.000
1034.935	6236.000
1035.080	6165.000
1035.225	6167.000
1035.369	6166.000
1035.514	6287.000
1035.658	6134.000
1035.803	6271.000
1035.947	6089.000
1036.092	6287.000
1036.237	6048.000
1036.381	6243.000
1036.526	6150.000
1036.670	6206.000
1036.815	6148.000
1036.959	6249.000
1037.104	6096.000
1037.248	6184.000
1037.393	6154.000
1037.537	6260.000
1037.682	6086.000
1037.826	6238.000
1037.971	6075.000
1038.115	6238.000
1038.260	6035.000
1038.404	6200.000
1038.549	6126.000
1038.693	6165.000
1038.838	6079.000
1038.982	6152.000
1039.126	6010.000
1039.271	6249.000
1039.415	6071.000
1039.560	6156.000
1039.704	6092.000
1039.848	6164.000
1039.993	6073.000
1040.137	6141.000
1040.282	6091.000
1040.426	6199.000
1040.570	6028.000
1040.715	6182.000
1040.859	6048.000
1041.003	6149.000
1041.148	6059.000
1041.292	6244.000
1041.436	6019.000
1041.581	6165.000
1041.725	6067.000
1041.869	6149.000
1042.014	5981.000
1042.158	6106.000
1042.302	5982.000
1042.447	6119.000
1042.591	6055.000
1042.735	6114.000
1042.879	6015.000
1043.024	6158.000
1043.168	6051.000
1043.312	6152.000
1043.456	6067.000
1043.601	6136.000
1043.745	5996.000
1043.889	6147.000
1044.033	6070.000
1044.178	6158.000
1044.322	6030.000
1044.466	6081.000
1044.610	5973.000
1044.754	6023.000
1044.899	6012.000
1045.043	6170.000
1045.187	6002.000
1045.331	6119.000
1045.475	5990.000
1045.619	6115.000
1045.763	6004.000
1045.908	6140.000
1046.052	5909.000
1046.196	6182.000
1046.340	5967.000
1046.484	6057.000
1046.628	6044.000
1046.772	6163.000
1046.916	6028.000
1047.060	6133.000
1047.205	6037.000
1047.349	6090.000
1047.493	6032.000
1047.637	6182.000
1047.781	6004.000
1047.925	6163.000
1048.069	5941.000
1048.213	6072.000
1048.357	6114.000
1048.501	6187.000
1048.645	6052.000
1048.789	6166.000
1048.933	6030.000
1049.077	6116.000
1049.221	6052.000
1049.365	6139.000
1049.509	6092.000
1049.653	6202.000
1049.797	6035.000
1049.941	6172.000
1050.085	6089.000
1050.229	6192.000
1050.373	6068.000
1050.517	6092.000
1050.660	6089.000
1050.804	6232.000
1050.948	6127.000
1051.092	6146.000
1051.236	6071.000
1051.380	6244.000
1051.524	6118.000
1051.668	6166.000
1051.812	6043.000
1051.956	6155.000
1052.099	6053.000
1052.243	6259.000
1052.387	6111.000
1052.531	6240.000
1052.675	6116.000
1052.819	6209.000
1052.962	6107.000
1053.106	6177.000
1053.250	6110.000
1053.394	6220.000
1053.538	6031.000
1053.681	6189.000
1053.825	6112.000
1053.969	6212.000
1054.113	6131.000
1054.257	6258.000
1054.400	6043.000
1054.544	6249.000
1054.688	6102.000
1054.832	6170.000
1054.975	6140.000
1055.119	6257.000
1055.263	6075.000
1055.407	6234.000
1055.550	5997.000
1055.694	6169.000
1055.838	6104.000
1055.981	6293.000
1056.125	6121.000
1056.269	6286.000
1056.412	6036.000
1056.556	6164.000
1056.700	6101.000
1056.843	6206.000
1056.987	6156.000
1057.131	6304.000
1057.274	6077.000
1057.418	6195.000
1057.562	6070.000
1057.705	6234.000
1057.849	6110.000
1057.992	6278.000
1058.136	6080.000
1058.280	6232.000
1058.423	6003.000
1058.567	6299.000
1058.710	6227.000
1058.854	6172.000
1058.997	6162.000
1059.141	6185.000
1059.285	6073.000
1059.428	6218.000
1059.572	6126.000
1059.715	6298.000
1059.859	6063.000
1060.002	6281.000
1060.146	6080.000
1060.289	6223.000
1060.433	6062.000
1060.576	6306.000
1060.720	6106.000
1060.863	6246.000
1061.007	6076.000
1061.150	6213.000
1061.294	6056.000
1061.437	6241.000
1061.580	6136.000
1061.724	6301.000
1061.867	6116.000
1062.011	6283.000
1062.154	6007.000
1062.298	6290.000
1062.441	6075.000
1062.584	6301.000
1062.728	6118.000
1062.871	6353.000
1063.015	6197.000
1063.158	6379.000
1063.301	6325.000
1063.445	6567.000
1063.588	6422.000
1063.731	6573.000
1063.875	6502.000
1064.018	6672.000
1064.161	6425.000
1064.305	6527.000
1064.448	6391.000
1064.591	6446.000
1064.735	6272.000
1064.878	6323.000
1065.021	6167.000
1065.165	6363.000
1065.308	6177.000
1065.451	6319.000
1065.594	6251.000
1065.738	6363.000
1065.881	6235.000
1066.024	6277.000
1066.167	6163.000
1066.311	6331.000
1066.454	6168.000
1066.597	6378.000
1066.740	6313.000
1066.884	6378.000
1067.027	6188.000
1067.170	6416.000
1067.313	6325.000
1067.456	6316.000
1067.599	6205.000
1067.743	6417.000
1067.886	6233.000
1068.029	6377.000
1068.172	6239.000
1068.315	6422.000
1068.458	6227.000
1068.602	6348.000
1068.745	6271.000
1068.888	6402.000
1069.031	6287.000
1069.174	6395.000
1069.317	6301.000
1069.460	6413.000
1069.603	6301.000
1069.746	6496.000
1069.890	6300.000
1070.033	6379.000
1070.176	6340.000
1070.319	6477.000
1070.462	6270.000
1070.605	6456.000
1070.748	6391.000
1070.891	6484.000
1071.034	6301.000
1071.177	6438.000
1071.320	6326.000
1071.463	6441.000
1071.606	6343.000
1071.749	6427.000
1071.892	6361.000
1072.035	6505.000
1072.178	6370.000
1072.321	6458.000
1072.464	6205.000
1072.607	6559.000
1072.750	6301.000
1072.893	6479.000
1073.036	6347.000
1073.179	6555.000
1073.322	6358.000
1073.465	6481.000
1073.607	6441.000
1073.750	6416.000
1073.893	6351.000
1074.036	6529.000
1074.179	6371.000
1074.322	6517.000
1074.465	6352.000
1074.608	6588.000
1074.751	6477.000
1074.893	6570.000
1075.036	6378.000
1075.179	6570.000
1075.322	6478.000
1075.465	6565.000
1075.608	6368.000
1075.750	6624.000
1075.893	6396.000
1076.036	6495.000
1076.179	6461.000
1076.322	6571.000
1076.464	6446.000
1076.607	6687.000
1076.750	6408.000
1076.893	6483.000
1077.036	6454.000
1077.178	6641.000
1077.321	6501.000
1077.464	6574.000
1077.607	6401.000
1077.749	6686.000
1077.892	6474.000
1078.035	6627.000
1078.177	6498.000
1078.320	6658.000
1078.463	6500.000
1078.606	6646.000
1078.748	6571.000
1078.891	6706.000
1079.034	6558.000
1079.176	6732.000
1079.319	6489.000
1079.462	6651.000
1079.604	6566.000
1079.747	6656.000
1079.890	6456.000
1080.032	6749.000
1080.175	6499.000
1080.317	6664.000
1080.460	6558.000
1080.603	6716.000
1080.745	6593.000
1080.888	6714.000
1081.030	6620.000
1081.173	6669.000
1081.316	6564.000
1081.458	6733.000
1081.601	6718.000
1081.743	6702.000
1081.886	6626.000
1082.028	6737.000
1082.171	6687.000
1082.313	6804.000
1082.456	6627.000
1082.598	6732.000
1082.741	6667.000
1082.883	6790.000
1083.026	6671.000
1083.168	6810.000
1083.311	6648.000
1083.453	6879.000
1083.596	6626.000
1083.738	6828.000
1083.881	6685.000
1084.023	6922.000
1084.166	6737.000
1084.308	6972.000
1084.451	6680.000
1084.593	7019.000
1084.736	6767.000
1084.878	6948.000
1085.020	6790.000
1085.163	6958.000
1085.305	6837.000
1085.448	6878.000
1085.590	6813.000
1085.732	6984.000
1085.875	6791.000
1086.017	6967.000
1086.159	6845.000
1086.302	6997.000
1086.444	6915.000
1086.586	7031.000
1086.729	6926.000
1086.871	7032.000
1087.013	6840.000
1087.156	7070.000
1087.298	6675.000
1087.440	7101.000
1087.583	6989.000
1087.725	7058.000
1087.867	7026.000
1088.010	7022.000
1088.152	6905.000
1088.294	7068.000
1088.436	7018.000
1088.579	7214.000
1088.721	6986.000
1088.863	7118.000
1089.005	6940.000
1089.148	7199.000
1089.290	7038.000
1089.432	7172.000
1089.574	7011.000
1089.716	7226.000
1089.859	7119.000
1090.001	7204.000
1090.143	7038.000
1090.285	7260.000
1090.427	7097.000
1090.569	7259.000
1090.712	7177.000
1090.854	7224.000
1090.996	7062.000
1091.138	7263.000
1091.280	7166.000
1091.422	7429.000
1091.564	7164.000
1091.707	7347.000
1091.849	7212.000
1091.991	7323.000
1092.133	7222.000
1092.275	7399.000
1092.417	7226.000
1092.559	7428.000
1092.701	7262.000
1092.843	7421.000
1092.985	7296.000
1093.127	7471.000
1093.269	7314.000
1093.411	7490.000
1093.554	7299.000
1093.696	7412.000
1093.838	7289.000
1093.980	7527.000
1094.122	7280.000
1094.264	7444.000
1094.406	7347.000
1094.548	7461.000
1094.690	7325.000
1094.832	7487.000
1094.973	7424.000
1095.115	7547.000
1095.257	7389.000
1095.399	7585.000
1095.541	7479.000
1095.683	7536.000
1095.825	7414.000
1095.967	7614.000
1096.109	7517.000
1096.251	7612.000
1096.393	7440.000
1096.535	7656.000
1096.677	7491.000
1096.819	7614.000
1096.960	7487.000
1097.102	7651.000
1097.244	7544.000
1097.386	7661.000
1097.528	7538.000
1097.670	7701.000
1097.812	7534.000
1097.953	7692.000
1098.095	7697.000
1098.237	7726.000
1098.379	7605.000
1098.521	7718.000
1098.662	7625.000
1098.804	7870.000
1098.946	7773.000
1099.088	7820.000
1099.230	7714.000
1099.371	7757.000
1099.513	7780.000
1099.655	7899.000
1099.797	7824.000
1099.938	7981.000
1100.080	7797.000
1100.222	7943.000
1100.364	7847.000
1100.505	8047.000
1100.647	7875.000
1100.789	8094.000
1100.931	7986.000
1101.072	8152.000
1101.214	7998.000
1101.356	7999.000
1101.497	7955.000
1101.639	8171.000
1101.781	7960.000
1101.922	8161.000
1102.064	8023.000
1102.206	8201.000
1102.347	8067.000
1102.489	8229.000
1102.631	8099.000
1102.772	8326.000
1102.914	8062.000
1103.055	8342.000
1103.197	8221.000
1103.339	8342.000
1103.480	8242.000
1103.622	8393.000
1103.763	8282.000
1103.905	8411.000
1104.046	8301.000
1104.188	8450.000
1104.330	8358.000
1104.471	8516.000
1104.613	8366.000
1104.754	8546.000
1104.896	8575.000
1105.037	8598.000
1105.179	8487.000
1105.320	8677.000
1105.462	8504.000
1105.603	8699.000
1105.745	8562.000
1105.886	8747.000
1106.028	8550.000
1106.169	8906.000
1106.311	8705.000
1106.452	8886.000
1106.594	8683.000
1106.735	8890.000
1106.876	8779.000
1107.018	8942.000
1107.159	8753.000
1107.301	8917.000
1107.442	8836.000
1107.584	9019.000
1107.725	8925.000
1107.866	9061.000
1108.008	8877.000
1108.149	9092.000
1108.291	9038.000
1108.432	9087.000
1108.573	9074.000
1108.715	9218.000
1108.856	9050.000
1108.997	9290.000
1109.139	9087.000
1109.280	9336.000
1109.421	9214.000
1109.563	9450.000
1109.704	9270.000
1109.845	9399.000
1109.987	9302.000
1110.128	9409.000
1110.269	9414.000
1110.410	9588.000
1110.552	9396.000
1110.693	9590.000
1110.834	9379.000
1110.975	9642.000
1111.117	9509.000
1111.258	9690.000
1111.399	9539.000
1111.540	9736.000
1111.682	9723.000
1111.823	9754.000
1111.964	9679.000
1112.105	9919.000
1112.247	9752.000
1112.388	9939.000
1112.529	9767.000
1112.670	10031.000
1112.811	9873.000
1112.952	9966.000
1113.094	9911.000
1113.235	10081.000
1113.376	9996.000
1113.517	10066.000
1113.658	9962.000
1113.799	10192.000
1113.940	10159.000
1114.082	10314.000
1114.223	10226.000
1114.364	10411.000
1114.505	10256.000
1114.646	10423.000
1114.787	10269.000
1114.928	10420.000
1115.069	10251.000
1115.210	10445.000
1115.351	10470.000
1115.492	10596.000
1115.633	10447.000
1115.774	10649.000
1115.916	10536.000
1116.057	10670.000
1116.198	10497.000
1116.339	10706.000
1116.480	10590.000
1116.621	10643.000
1116.762	10598.000
1116.903	10772.000
1117.044	10816.000
1117.185	10841.000
1117.326	10799.000
1117.466	10919.000
1117.607	10891.000
1117.748	11051.000
1117.889	10930.000
1118.030	11120.000
1118.171	10960.000
1118.312	11095.000
1118.453	10989.000
1118.594	11254.000
1118.735	11097.000
1118.876	11200.000
1119.017	11172.000
1119.158	11202.000
1119.298	11159.000
1119.439	11265.000
1119.580	11216.000
1119.721	11459.000
1119.862	11409.000
1120.003	11444.000
1120.144	11337.000
1120.284	11461.000
1120.425	11363.000
1120.566	11463.000
1120.707	11445.000
1120.848	11663.000
1120.989	11494.000
1121.129	11647.000
1121.270	11584.000
1121.411	11711.000
1121.552	11626.000
1121.693	11663.000
1121.833	11582.000
1121.974	11761.000
1122.115	11656.000
1122.256	11749.000
1122.396	11713.000
1122.537	11781.000
1122.678	11623.000
1122.819	11889.000
1122.959	11959.000
1123.100	12110.000
1123.241	12036.000
1123.381	12091.000
1123.522	11970.000
1123.663	11947.000
1123.803	11920.000
1123.944	12098.000
1124.085	12058.000
1124.225	12251.000
1124.366	12155.000
1124.507	12329.000
1124.647	12257.000
1124.788	12433.000
1124.929	12296.000
1125.069	12389.000
1125.210	12149.000
1125.351	12292.000
1125.491	12107.000
1125.632	12325.000
1125.772	12266.000
1125.913	12505.000
1126.054	12359.000
1126.194	12485.000
1126.335	12432.000
1126.475	12538.000
1126.616	12512.000
1126.756	12704.000
1126.897	12597.000
1127.037	12641.000
1127.178	12631.000
1127.318	12604.000
1127.459	12601.000
1127.600	12687.000
1127.740	12486.000
1127.881	12556.000
1128.021	12483.000
1128.162	12672.000
1128.302	12677.000
1128.442	12727.000
1128.583	12664.000
1128.723	12699.000
1128.864	12681.000
1129.004	12806.000
1129.145	12600.000
1129.285	12735.000
1129.426	12678.000
1129.566	12646.000
1129.706	12528.000
1129.847	12669.000
1129.987	12584.000
1130.128	12688.000
1130.268	12657.000
1130.408	12721.000
1130.549	12629.000
1130.689	12657.000
1130.830	12595.000
1130.970	12710.000
1131.110	12535.000
1131.251	12543.000
1131.391	12564.000
1131.531	12503.000
1131.672	12384.000
1131.812	12387.000
1131.952	12224.000
1132.093	12395.000
1132.233	12176.000
1132.373	12212.000
1132.513	12098.000
1132.654	12192.000
1132.794	12328.000
1132.934	11992.000
1133.075	11831.000
1133.215	11813.000
1133.355	11541.000
1133.495	11658.000
1133.636	11415.000
1133.776	11497.000
1133.916	11256.000
1134.056	11151.000
1134.196	11096.000
1134.337	11005.000
1134.477	10736.000
1134.617	10609.000
1134.757	10358.000
1134.897	10441.000
1135.038	10173.000
1135.178	10232.000
1135.318	10062.000
1135.458	10086.000
1135.598	9883.000
1135.738	9897.000
1135.879	9603.000
1136.019	9498.000
1136.159	9358.000
1136.299	9305.000
1136.439	9079.000
1136.579	9285.000
1136.719	8975.000
1136.859	8956.000
1136.999	8768.000
1137.140	8735.000
1137.280	8552.000
1137.420	8551.000
1137.560	8399.000
1137.700	8318.000
1137.840	8241.000
1137.980	8223.000
1138.120	8123.000
1138.260	8154.000
1138.400	7949.000
1138.540	8047.000
1138.680	7890.000
1138.820	8055.000
1138.960	7814.000
1139.100	7872.000
1139.240	7798.000
1139.380	7793.000
1139.520	7699.000
1139.660	7752.000
1139.800	7641.000
1139.940	7649.000
1140.080	7583.000
1140.220	7687.000
1140.360	7616.000
1140.500	7611.000
1140.640	7477.000
1140.780	7481.000
1140.919	7379.000
1141.059	7476.000
1141.199	7345.000
1141.339	7485.000
1141.479	7331.000
1141.619	7395.000
1141.759	7219.000
1141.899	7339.000
1142.039	7202.000
1142.178	7262.000
1142.318	7081.000
1142.458	7315.000
1142.598	7120.000
1142.738	7296.000
1142.878	7135.000
1143.017	7232.000
1143.157	7004.000
1143.297	7212.000
1143.437	6996.000
1143.577	7107.000
1143.716	6942.000
1143.856	7153.000
1143.996	6913.000
1144.136	7092.000
1144.275	6933.000
1144.415	7061.000
1144.555	6825.000
1144.695	6994.000
1144.834	6884.000
1144.974	7074.000
1145.114	6896.000
1145.254	7003.000
1145.393	6910.000
1145.533	7040.000
1145.673	6891.000
1145.812	6938.000
1145.952	6870.000
1146.092	7035.000
1146.231	6827.000
1146.371	6963.000
1146.511	6829.000
1146.650	7016.000
1146.790	6769.000
1146.930	6974.000
1147.069	6791.000
1147.209	7033.000
1147.349	6907.000
1147.488	6987.000
1147.628	6778.000
1147.767	6941.000
1147.907	6803.000
1148.047	6935.000
1148.186	6838.000
1148.326	6962.000
1148.465	6864.000
1148.605	6913.000
1148.744	6795.000
1148.884	6935.000
1149.024	6819.000
1149.163	6951.000
1149.303	6773.000
1149.442	6987.000
1149.582	6806.000
1149.721	6886.000
1149.861	6743.000
1150.000	6922.000
1150.140	6681.000
1150.279	6965.000
1150.419	6819.000
1150.558	6850.000
1150.698	6826.000
1150.837	6963.000
1150.977	6745.000
1151.116	6921.000
1151.255	6780.000
1151.395	6877.000
1151.534	6741.000
1151.674	6843.000
1151.813	6741.000
1151.953	6820.000
1152.092	6735.000
1152.231	6847.000
1152.371	6752.000
1152.510	6847.000
1152.650	6721.000
1152.789	6924.000
1152.928	6781.000
1153.068	6855.000
1153.207	6782.000
1153.346	6899.000
1153.486	6739.000
1153.625	6855.000
1153.764	5958.000
1153.904	6841.000
1154.043	6702.000
1154.182	6787.000
1154.322	6677.000
1154.461	6850.000
1154.600	6670.000
1154.740	6841.000
1154.879	6741.000
1155.018	6840.000
1155.157	6709.000
1155.297	6813.000
1155.436	6651.000
1155.575	6860.000
1155.714	6691.000
1155.854	6814.000
1155.993	6598.000
1156.132	6832.000
1156.271	6621.000
1156.411	6764.000
1156.550	6686.000
1156.689	6756.000
1156.828	6642.000
1156.967	6787.000
1157.107	6583.000
1157.246	6817.000
1157.385	6563.000
1157.524	6881.000
1157.663	6676.000
1157.802	6746.000
1157.941	6707.000
1158.081	6719.000
1158.220	6601.000
1158.359	6703.000
1158.498	6551.000
1158.637	6675.000
1158.776	6571.000
1158.915	6776.000
1159.054	6592.000
1159.193	6784.000
1159.333	6547.000
1159.472	6689.000
1159.611	6565.000
1159.750	6680.000
1159.889	6475.000
1160.028	6666.000
1160.167	6465.000
1160.306	6638.000
1160.445	6487.000
1160.584	6664.000
1160.723	6620.000
1160.862	6689.000
1161.001	6522.000
1161.140	6745.000
1161.279	6463.000
1161.418	6634.000
1161.557	6552.000
1161.696	6686.000
1161.835	6520.000
1161.974	6779.000
1162.113	9429.000
1162.252	6747.000
1162.391	6543.000
1162.530	6663.000
1162.669	6557.000
1162.808	6676.000
1162.946	6437.000
1163.085	6600.000
1163.224	6591.000
1163.363	6747.000
1163.502	6569.000
1163.641	6622.000
1163.780	6463.000
1163.919	6628.000
1164.058	6572.000
1164.196	6703.000
1164.335	6521.000
1164.474	6614.000
1164.613	6428.000
1164.752	6626.000
1164.891	6492.000
1165.029	6666.000
1165.168	6490.000
1165.307	6653.000
1165.446	6505.000
1165.585	6591.000
1165.723	6423.000
1165.862	6517.000
1166.001	6376.000
1166.140	6625.000
1166.279	6425.000
1166.417	6572.000
1166.556	6383.000
1166.695	6599.000
1166.834	6403.000
1166.972	6603.000
1167.111	6373.000
1167.250	6530.000
1167.388	6262.000
1167.527	6544.000
1167.666	6311.000
1167.805	6530.000
1167.943	6299.000
1168.082	6541.000
1168.221	6332.000
1168.359	6494.000
1168.498	6301.000
1168.637	6538.000
1168.775	6241.000
1168.914	6507.000
1169.052	6338.000
1169.191	6387.000
1169.330	6220.000
1169.468	6500.000
1169.607	6276.000
1169.746	6431.000
1169.884	6259.000
1170.023	6400.000
1170.161	6300.000
1170.300	6410.000
1170.439	6326.000
1170.577	6440.000
1170.716	6282.000
1170.854	6472.000
1170.993	6217.000
1171.131	6421.000
1171.270	6193.000
1171.408	6394.000
1171.547	6320.000
1171.685	6467.000
1171.824	6267.000
1171.962	6399.000
1172.101	6285.000
1172.239	6454.000
1172.378	6265.000
1172.516	6465.000
1172.655	6253.000
1172.793	6483.000
1172.932	6256.000
1173.070	6362.000
1173.209	6286.000
1173.347	6428.000
1173.486	6272.000
1173.624	6309.000
1173.762	6295.000
1173.901	6483.000
1174.039	6315.000
1174.178	6349.000
1174.316	6269.000
1174.454	6343.000
1174.593	6319.000
1174.731	6446.000
