1029.870	8720.000
1030.015	8684.000
1030.160	8686.000
1030.305	8767.000
1030.449	8665.000
1030.594	8765.000
1030.739	8651.000
1030.884	8750.000
1031.029	8664.000
1031.173	8694.000
1031.318	8598.000
1031.463	8786.000
1031.608	8617.000
1031.752	8660.000
1031.897	8656.000
1032.042	8797.000
1032.187	8578.000
1032.331	8743.000
1032.476	8623.000
1032.621	8750.000
1032.765	8604.000
1032.910	8636.000
1033.055	8749.000
1033.200	8688.000
1033.344	8674.000
1033.489	8694.000
1033.634	8691.000
1033.778	8658.000
1033.923	8607.000
1034.068	8647.000
1034.212	8643.000
1034.357	8725.000
1034.502	8656.000
1034.646	8697.000
1034.791	8570.000
1034.935	8649.000
1035.080	8695.000
1035.225	8606.000
1035.369	8663.000
1035.514	8703.000
1035.658	8620.000
1035.803	8678.000
1035.947	8584.000
1036.092	8724.000
1036.237	8555.000
1036.381	8667.000
1036.526	8648.000
1036.670	8612.000
1036.815	8608.000
1036.959	8656.000
1037.104	8587.000
1037.248	8580.000
1037.393	8630.000
1037.537	8692.000
1037.682	8564.000
1037.826	8631.000
1037.971	8515.000
1038.115	8617.000
1038.260	8512.000
1038.404	8547.000
1038.549	8590.000
1038.693	8552.000
1038.838	8514.000
1038.982	8555.000
1039.126	8478.000
1039.271	8623.000
1039.415	8530.000
1039.560	8502.000
1039.704	8475.000
1039.848	8595.000
1039.993	8483.000
1040.137	8489.000
1040.282	8556.000
1040.426	8557.000
1040.570	8432.000
1040.715	8497.000
1040.859	8429.000
1041.003	8486.000
1041.148	8445.000
1041.292	8574.000
1041.436	8401.000
1041.581	8505.000
1041.725	8474.000
1041.869	8461.000
1042.014	8370.000
1042.158	8438.000
1042.302	8374.000
1042.447	8423.000
1042.591	8417.000
1042.735	8426.000
1042.879	8357.000
1043.024	8472.000
1043.168	8400.000
1043.312	8425.000
1043.456	8444.000
1043.601	8395.000
1043.745	8339.000
1043.889	8441.000
1044.033	8400.000
1044.178	8428.000
1044.322	8332.000
1044.466	8355.000
1044.610	8316.000
1044.754	8329.000
1044.899	8309.000
1045.043	8453.000
1045.187	8315.000
1045.331	8365.000
1045.475	8294.000
1045.619	8355.000
1045.763	8345.000
1045.908	8388.000
1046.052	8226.000
1046.196	8442.000
1046.340	8292.000
1046.484	8275.000
1046.628	8356.000
1046.772	8373.000
1046.916	8356.000
1047.060	8385.000
1047.205	8304.000
1047.349	8362.000
1047.493	8324.000
1047.637	8437.000
1047.781	8275.000
1047.925	8402.000
1048.069	8204.000
1048.213	8299.000
1048.357	8399.000
1048.501	8399.000
1048.645	8284.000
1048.789	8386.000
1048.933	8324.000
1049.077	8355.000
1049.221	8279.000
1049.365	8377.000
1049.509	8351.000
1049.653	8420.000
1049.797	8305.000
1049.941	8395.000
1050.085	8332.000
1050.229	8407.000
1050.373	8332.000
1050.517	8301.000
1050.660	8336.000
1050.804	8460.000
1050.948	8366.000
1051.092	8352.000
1051.236	8313.000
1051.380	8419.000
1051.524	8320.000
1051.668	8322.000
1051.812	8271.000
1051.956	8354.000
1052.099	8216.000
1052.243	8388.000
1052.387	8299.000
1052.531	8411.000
1052.675	8325.000
1052.819	8347.000
1052.962	8283.000
1053.106	8307.000
1053.250	8277.000
1053.394	8371.000
1053.538	8231.000
1053.681	8302.000
1053.825	8305.000
1053.969	8300.000
1054.113	8268.000
1054.257	8356.000
1054.400	8179.000
1054.544	8352.000
1054.688	8222.000
1054.832	8268.000
1054.975	8345.000
1055.119	8352.000
1055.263	8203.000
1055.407	8331.000
1055.550	8141.000
1055.694	8255.000
1055.838	8207.000
1055.981	8355.000
1056.125	8278.000
1056.269	8332.000
1056.412	8144.000
1056.556	8238.000
1056.700	8215.000
1056.843	8281.000
1056.987	8268.000
1057.131	8359.000
1057.274	8165.000
1057.418	8265.000
1057.562	8118.000
1057.705	8240.000
1057.849	8139.000
1057.992	8301.000
1058.136	8140.000
1058.280	8270.000
1058.423	8062.000
1058.567	8316.000
1058.710	8310.000
1058.854	8202.000
1058.997	8187.000
1059.141	8221.000
1059.285	8111.000
1059.428	8209.000
1059.572	8132.000
1059.715	8300.000
1059.859	8101.000
1060.002	8249.000
1060.146	8145.000
1060.289	8239.000
1060.433	8071.000
1060.576	8276.000
1060.720	8132.000
1060.863	8240.000
1061.007	8076.000
1061.150	8207.000
1061.294	8096.000
1061.437	8231.000
1061.580	8163.000
1061.724	8296.000
1061.867	8165.000
1062.011	8272.000
1062.154	7998.000
1062.298	8288.000
1062.441	8074.000
1062.584	8274.000
1062.728	8129.000
1062.871	8326.000
1063.015	8228.000
1063.158	8414.000
1063.301	8467.000
1063.445	8765.000
1063.588	8627.000
1063.731	8823.000
1063.875	8701.000
1064.018	8895.000
1064.161	8737.000
1064.305	8969.000
1064.448	8936.000
1064.591	9085.000
1064.735	8824.000
1064.878	8580.000
1065.021	8234.000
1065.165	8338.000
1065.308	8120.000
1065.451	8286.000
1065.594	8226.000
1065.738	8322.000
1065.881	8219.000
1066.024	8159.000
1066.167	8104.000
1066.311	8245.000
1066.454	8105.000
1066.597	8220.000
1066.740	8265.000
1066.884	8304.000
1067.027	8120.000
1067.170	8313.000
1067.313	8251.000
1067.456	8236.000
1067.599	8138.000
1067.743	8289.000
1067.886	8150.000
1068.029	8264.000
1068.172	8165.000
1068.315	8306.000
1068.458	8144.000
1068.602	8231.000
1068.745	8160.000
1068.888	8278.000
1069.031	8165.000
1069.174	8277.000
1069.317	8211.000
1069.460	8254.000
1069.603	8150.000
1069.746	8349.000
1069.890	8203.000
1070.033	8241.000
1070.176	8201.000
1070.319	8300.000
1070.462	8099.000
1070.605	8326.000
1070.748	8238.000
1070.891	8315.000
1071.034	8195.000
1071.177	8245.000
1071.320	8169.000
1071.463	8284.000
1071.606	8150.000
1071.749	8247.000
1071.892	8175.000
1072.035	8305.000
1072.178	8167.000
1072.321	8272.000
1072.464	8022.000
1072.607	8337.000
1072.750	8134.000
1072.893	8223.000
1073.036	8136.000
1073.179	8291.000
1073.322	8126.000
1073.465	8235.000
1073.607	8230.000
1073.750	8171.000
1073.893	8090.000
1074.036	8247.000
1074.179	8132.000
1074.322	8206.000
1074.465	8080.000
1074.608	8315.000
1074.751	8235.000
1074.893	8244.000
1075.036	8098.000
1075.179	8241.000
1075.322	8169.000
1075.465	8279.000
1075.608	8069.000
1075.750	8275.000
1075.893	8125.000
1076.036	8137.000
1076.179	8134.000
1076.322	8205.000
1076.464	8120.000
1076.607	8317.000
1076.750	8062.000
1076.893	8066.000
1077.036	8078.000
1077.178	8295.000
1077.321	8155.000
1077.464	8165.000
1077.607	7997.000
1077.749	8256.000
1077.892	8047.000
1078.035	8192.000
1078.177	8102.000
1078.320	8233.000
1078.463	8109.000
1078.606	8186.000
1078.748	8142.000
1078.891	8248.000
1079.034	8099.000
1079.176	8264.000
1079.319	8022.000
1079.462	8159.000
1079.604	8132.000
1079.747	8190.000
1079.890	7993.000
1080.032	8261.000
1080.175	7995.000
1080.317	8143.000
1080.460	8071.000
1080.603	8219.000
1080.745	8105.000
1080.888	8199.000
1081.030	8089.000
1081.173	8106.000
1081.316	8035.000
1081.458	8162.000
1081.601	8173.000
1081.743	8122.000
1081.886	8064.000
1082.028	8105.000
1082.171	8091.000
1082.313	8157.000
1082.456	8032.000
1082.598	8117.000
1082.741	8071.000
1082.883	8162.000
1083.026	8076.000
1083.168	8161.000
1083.311	8002.000
1083.453	8241.000
1083.596	7981.000
1083.738	8192.000
1083.881	8025.000
1084.023	8213.000
1084.166	8047.000
1084.308	8286.000
1084.451	7996.000
1084.593	8268.000
1084.736	8069.000
1084.878	8226.000
1085.020	8026.000
1085.163	8195.000
1085.305	8065.000
1085.448	8106.000
1085.590	8073.000
1085.732	8228.000
1085.875	8028.000
1086.017	8147.000
1086.159	8064.000
1086.302	8157.000
1086.444	8125.000
1086.586	8188.000
1086.729	8107.000
1086.871	8158.000
1087.013	8014.000
1087.156	8224.000
1087.298	7727.000
1087.440	8202.000
1087.583	8112.000
1087.725	8195.000
1087.867	8120.000
1088.010	8142.000
1088.152	7987.000
1088.294	8120.000
1088.436	8106.000
1088.579	8251.000
1088.721	8022.000
1088.863	8139.000
1089.005	8027.000
1089.148	8229.000
1089.290	8076.000
1089.432	8153.000
1089.574	8015.000
1089.716	8227.000
1089.859	8116.000
1090.001	8199.000
1090.143	8021.000
1090.285	8215.000
1090.427	8034.000
1090.569	8234.000
1090.712	8078.000
1090.854	8144.000
1090.996	7970.000
1091.138	8128.000
1091.280	8053.000
1091.422	8328.000
1091.564	8044.000
1091.707	8203.000
1091.849	8076.000
1091.991	8204.000
1092.133	8086.000
1092.275	8230.000
1092.417	8067.000
1092.559	8225.000
1092.701	8105.000
1092.843	8215.000
1092.985	8069.000
1093.127	8246.000
1093.269	8131.000
1093.411	8259.000
1093.554	8035.000
1093.696	8136.000
1093.838	8039.000
1093.980	8241.000
1094.122	7994.000
1094.264	8137.000
1094.406	8000.000
1094.548	8131.000
1094.690	8023.000
1094.832	8197.000
1094.973	8074.000
1095.115	8224.000
1095.257	8037.000
1095.399	8232.000
1095.541	8106.000
1095.683	8137.000
1095.825	8052.000
1095.967	8221.000
1096.109	8127.000
1096.251	8190.000
1096.393	8042.000
1096.535	8241.000
1096.677	8081.000
1096.819	8148.000
1096.960	8018.000
1097.102	8193.000
1097.244	8056.000
1097.386	8183.000
1097.528	8025.000
1097.670	8195.000
1097.812	8029.000
1097.953	8170.000
1098.095	8128.000
1098.237	8172.000
1098.379	8037.000
1098.521	8140.000
1098.662	7996.000
1098.804	8250.000
1098.946	8134.000
1099.088	8179.000
1099.230	8071.000
1099.371	8092.000
1099.513	8091.000
1099.655	8180.000
1099.797	8113.000
1099.938	8264.000
1100.080	8012.000
1100.222	8188.000
1100.364	8081.000
1100.505	8228.000
1100.647	8079.000
1100.789	8216.000
1100.931	8142.000
1101.072	8253.000
1101.214	8071.000
1101.356	8065.000
1101.497	8024.000
1101.639	8229.000
1101.781	7957.000
1101.922	8167.000
1102.064	8009.000
1102.206	8120.000
1102.347	8017.000
1102.489	8139.000
1102.631	8000.000
1102.772	8236.000
1102.914	7945.000
1103.055	8207.000
1103.197	8027.000
1103.339	8169.000
1103.480	8050.000
1103.622	8157.000
1103.763	8032.000
1103.905	8151.000
1104.046	7974.000
1104.188	8125.000
1104.330	8017.000
1104.471	8171.000
1104.613	7964.000
1104.754	8128.000
1104.896	8183.000
1105.037	8197.000
1105.179	8044.000
1105.320	8195.000
1105.462	7984.000
1105.603	8153.000
1105.745	8008.000
1105.886	8209.000
1106.028	7934.000
1106.169	8286.000
1106.311	8091.000
1106.452	8262.000
1106.594	8013.000
1106.735	8203.000
1106.876	8080.000
1107.018	8197.000
1107.159	8005.000
1107.301	8154.000
1107.442	7993.000
1107.584	8183.000
1107.725	8065.000
1107.866	8171.000
1108.008	7972.000
1108.149	8156.000
1108.291	8047.000
1108.432	8150.000
1108.573	8061.000
1108.715	8174.000
1108.856	7960.000
1108.997	8164.000
1109.139	7955.000
1109.280	8196.000
1109.421	8019.000
1109.563	8258.000
1109.704	8040.000
1109.845	8110.000
1109.987	7987.000
1110.128	8109.000
1110.269	8077.000
1110.410	8247.000
1110.552	8007.000
1110.693	8144.000
1110.834	7888.000
1110.975	8146.000
1111.117	8025.000
1111.258	8183.000
1111.399	7973.000
1111.540	8128.000
1111.682	8068.000
1111.823	8067.000
1111.964	8040.000
1112.105	8220.000
1112.247	7977.000
1112.388	8168.000
1112.529	7959.000
1112.670	8203.000
1112.811	8007.000
1112.952	8084.000
1113.094	7953.000
1113.235	8096.000
1113.376	8010.000
1113.517	8063.000
1113.658	7905.000
1113.799	8102.000
1113.940	8036.000
1114.082	8148.000
1114.223	8027.000
1114.364	8186.000
1114.505	7949.000
1114.646	8152.000
1114.787	7949.000
1114.928	8097.000
1115.069	7887.000
1115.210	8076.000
1115.351	7991.000
1115.492	8188.000
1115.633	7977.000
1115.774	8129.000
1115.916	7941.000
1116.057	8121.000
1116.198	7877.000
1116.339	8074.000
1116.480	7912.000
1116.621	7988.000
1116.762	7868.000
1116.903	8029.000
1117.044	7972.000
1117.185	7989.000
1117.326	7882.000
1117.466	8041.000
1117.607	7907.000
1117.748	8042.000
1117.889	7918.000
1118.030	8104.000
1118.171	7919.000
1118.312	7995.000
1118.453	7853.000
1118.594	8096.000
1118.735	7902.000
1118.876	7947.000
1119.017	7883.000
1119.158	7987.000
1119.298	7826.000
1119.439	7917.000
1119.580	7841.000
1119.721	8078.000
1119.862	7911.000
1120.003	7998.000
1120.144	7861.000
1120.284	8026.000
1120.425	7874.000
1120.566	7957.000
1120.707	7813.000
1120.848	7998.000
1120.989	7828.000
1121.129	7953.000
1121.270	7810.000
1121.411	8004.000
1121.552	7854.000
1121.693	7957.000
1121.833	7808.000
1121.974	8020.000
1122.115	7885.000
1122.256	7945.000
1122.396	7887.000
1122.537	8007.000
1122.678	7778.000
1122.819	7925.000
1122.959	7926.000
1123.100	8054.000
1123.241	7847.000
1123.381	7964.000
1123.522	7889.000
1123.663	7934.000
1123.803	7806.000
1123.944	7979.000
1124.085	7822.000
1124.225	7997.000
1124.366	7823.000
1124.507	7946.000
1124.647	7821.000
1124.788	8040.000
1124.929	7895.000
1125.069	8040.000
1125.210	7790.000
1125.351	8022.000
1125.491	7847.000
1125.632	8034.000
1125.772	7851.000
1125.913	8050.000
1126.054	7849.000
1126.194	7981.000
1126.335	7846.000
1126.475	8038.000
1126.616	7848.000
1126.756	8041.000
1126.897	7892.000
1127.037	7974.000
1127.178	7912.000
1127.318	7970.000
1127.459	7892.000
1127.600	8051.000
1127.740	7895.000
1127.881	7996.000
1128.021	7828.000
1128.162	8017.000
1128.302	7905.000
1128.442	7979.000
1128.583	7914.000
1128.723	8007.000
1128.864	7931.000
1129.004	8096.000
1129.145	7912.000
1129.285	8047.000
1129.426	7997.000
1129.566	8113.000
1129.706	7950.000
1129.847	8127.000
1129.987	7964.000
1130.128	8058.000
1130.268	7981.000
1130.408	8108.000
1130.549	7938.000
1130.689	8024.000
1130.830	7946.000
1130.970	8083.000
1131.110	7924.000
1131.251	8066.000
1131.391	7987.000
1131.531	8072.000
1131.672	7928.000
1131.812	8027.000
1131.952	7900.000
1132.093	8152.000
1132.233	7924.000
1132.373	8055.000
1132.513	7963.000
1132.654	8157.000
1132.794	8501.000
1132.934	8074.000
1133.075	7930.000
1133.215	8071.000
1133.355	7876.000
1133.495	8127.000
1133.636	7902.000
1133.776	8143.000
1133.916	7936.000
1134.056	7970.000
1134.196	7977.000
1134.337	8054.000
1134.477	7920.000
1134.617	8050.000
1134.757	7941.000
1134.897	8111.000
1135.038	7900.000
1135.178	7997.000
1135.318	7899.000
1135.458	8013.000
1135.598	7903.000
1135.738	8012.000
1135.879	7944.000
1136.019	7973.000
1136.159	7989.000
1136.299	7981.000
1136.439	7894.000
1136.579	8140.000
1136.719	7925.000
1136.859	8017.000
1136.999	7898.000
1137.140	7959.000
1137.280	7897.000
1137.420	7960.000
1137.560	7897.000
1137.700	7909.000
1137.840	7933.000
1137.980	7935.000
1138.120	7891.000
1138.260	8018.000
1138.400	7887.000
1138.540	8016.000
1138.680	7912.000
1138.820	8081.000
1138.960	7928.000
1139.100	7962.000
1139.240	7933.000
1139.380	7967.000
1139.520	7943.000
1139.660	8004.000
1139.800	7881.000
1139.940	8001.000
1140.080	7916.000
1140.220	8017.000
1140.360	7992.000
1140.500	8000.000
1140.640	7889.000
1140.780	7984.000
1140.919	7901.000
1141.059	8019.000
1141.199	7902.000
1141.339	8075.000
1141.479	7938.000
1141.619	8071.000
1141.759	7906.000
1141.899	7990.000
1142.039	7892.000
1142.178	8006.000
1142.318	7852.000
1142.458	8093.000
1142.598	7922.000
1142.738	8102.000
1142.878	7967.000
1143.017	8093.000
1143.157	7912.000
1143.297	8092.000
1143.437	7914.000
1143.577	8037.000
1143.716	7893.000
1143.856	8135.000
1143.996	7902.000
1144.136	8097.000
1144.275	7943.000
1144.415	8129.000
1144.555	7912.000
1144.695	8068.000
1144.834	7983.000
1144.974	8135.000
1145.114	8011.000
1145.254	8112.000
1145.393	8049.000
1145.533	8190.000
1145.673	8052.000
1145.812	8084.000
1145.952	8043.000
1146.092	8194.000
1146.231	7985.000
1146.371	8110.000
1146.511	8030.000
1146.650	8206.000
1146.790	7975.000
1146.930	8192.000
1147.069	7987.000
1147.209	8236.000
1147.349	8120.000
1147.488	8192.000
1147.628	8005.000
1147.767	8179.000
1147.907	8053.000
1148.047	8166.000
1148.186	8037.000
1148.326	8187.000
1148.465	8064.000
1148.605	8127.000
1148.744	8057.000
1148.884	8174.000
1149.024	8124.000
1149.163	8153.000
1149.303	8027.000
1149.442	8243.000
1149.582	8030.000
1149.721	8153.000
1149.861	8023.000
1150.000	8189.000
1150.140	7957.000
1150.279	8194.000
1150.419	8088.000
1150.558	8102.000
1150.698	8050.000
1150.837	8212.000
1150.977	8023.000
1151.116	8162.000
1151.255	8059.000
1151.395	8145.000
1151.534	8006.000
1151.674	8122.000
1151.813	7999.000
1151.953	8115.000
1152.092	8036.000
1152.231	8149.000
1152.371	8056.000
1152.510	8145.000
1152.650	8001.000
1152.789	8222.000
1152.928	8094.000
1153.068	8129.000
1153.207	8097.000
1153.346	8181.000
1153.486	8035.000
1153.625	8161.000
1153.764	6899.000
1153.904	8131.000
1154.043	8035.000
1154.182	8095.000
1154.322	7954.000
1154.461	8146.000
1154.600	7994.000
1154.740	8161.000
1154.879	8093.000
1155.018	8136.000
1155.157	8031.000
1155.297	8122.000
1155.436	7987.000
1155.575	8171.000
1155.714	8040.000
1155.854	8111.000
1155.993	7944.000
1156.132	8130.000
1156.271	7931.000
1156.411	8058.000
1156.550	8022.000
1156.689	8049.000
1156.828	7958.000
1156.967	8103.000
1157.107	7961.000
1157.246	8103.000
1157.385	7902.000
1157.524	8178.000
1157.663	7968.000
1157.802	8063.000
1157.941	8005.000
1158.081	8016.000
1158.220	7943.000
1158.359	7985.000
1158.498	7865.000
1158.637	7932.000
1158.776	7864.000
1158.915	8081.000
1159.054	7923.000
1159.193	8057.000
1159.333	7869.000
1159.472	8018.000
1159.611	7848.000
1159.750	7969.000
1159.889	7816.000
1160.028	7956.000
1160.167	7787.000
1160.306	7938.000
1160.445	7823.000
1160.584	7996.000
1160.723	7910.000
1160.862	8001.000
1161.001	7846.000
1161.140	8061.000
1161.279	7824.000
1161.418	7937.000
1161.557	7884.000
1161.696	8061.000
1161.835	7846.000
1161.974	8127.000
1162.113	12350.000
1162.252	8106.000
1162.391	7918.000
1162.530	8051.000
1162.669	7895.000
1162.808	8008.000
1162.946	7821.000
1163.085	8008.000
1163.224	8019.000
1163.363	8147.000
1163.502	8005.000
1163.641	8024.000
1163.780	7920.000
1163.919	8044.000
1164.058	8007.000
1164.196	8136.000
1164.335	7944.000
1164.474	8074.000
1164.613	7929.000
1164.752	8106.000
1164.891	8013.000
1165.029	8162.000
1165.168	7994.000
1165.307	8123.000
1165.446	8034.000
1165.585	8101.000
1165.723	7951.000
1165.862	8046.000
1166.001	7933.000
1166.140	8168.000
1166.279	7975.000
1166.417	8113.000
1166.556	7895.000
1166.695	8186.000
1166.834	7969.000
1166.972	8151.000
1167.111	7951.000
1167.250	8152.000
1167.388	7867.000
1167.527	8106.000
1167.666	7920.000
1167.805	8090.000
1167.943	7921.000
1168.082	8149.000
1168.221	7985.000
1168.359	8101.000
1168.498	7976.000
1168.637	8156.000
1168.775	7902.000
1168.914	8175.000
1169.052	8056.000
1169.191	8046.000
1169.330	7985.000
1169.468	8166.000
1169.607	7982.000
1169.746	8114.000
1169.884	7988.000
1170.023	8111.000
1170.161	8035.000
1170.300	8111.000
1170.439	8021.000
1170.577	8162.000
1170.716	8017.000
1170.854	8207.000
1170.993	7969.000
1171.131	8149.000
1171.270	7941.000
1171.408	8140.000
1171.547	8074.000
1171.685	8223.000
1171.824	7988.000
1171.962	8131.000
1172.101	8072.000
1172.239	8248.000
1172.378	8025.000
1172.516	8224.000
1172.655	8063.000
1172.793	8243.000
1172.932	8067.000
1173.070	8144.000
1173.209	8086.000
1173.347	8238.000
1173.486	8064.000
1173.624	8091.000
1173.762	8096.000
1173.901	8267.000
1174.039	8142.000
1174.178	8155.000
1174.316	8122.000
1174.454	8147.000
1174.593	8159.000
1174.731	8273.000
