1429.840	8688.000
1429.989	8673.000
1430.138	8684.000
1430.288	8737.000
1430.437	8632.000
1430.587	8778.000
1430.736	8645.000
1430.885	8694.000
1431.035	8633.000
1431.184	8697.000
1431.333	8583.000
1431.482	8758.000
1431.632	8640.000
1431.781	8635.000
1431.930	8630.000
1432.079	8781.000
1432.229	8558.000
1432.378	8718.000
1432.527	8603.000
1432.676	8736.000
1432.825	8627.000
1432.974	8648.000
1433.123	8751.000
1433.273	8721.000
1433.422	8650.000
1433.571	8680.000
1433.720	8688.000
1433.869	8639.000
1434.018	8608.000
1434.167	8666.000
1434.316	8669.000
1434.465	8686.000
1434.614	8654.000
1434.763	8684.000
1434.911	8597.000
1435.060	8634.000
1435.209	8663.000
1435.358	8621.000
1435.507	8642.000
1435.656	8646.000
1435.805	8637.000
1435.954	8686.000
1436.102	8588.000
1436.251	8702.000
1436.400	8559.000
1436.549	8661.000
1436.697	8619.000
1436.846	8593.000
1436.995	8600.000
1437.144	8619.000
1437.292	8586.000
1437.441	8611.000
1437.590	8631.000
1437.738	8695.000
1437.887	8575.000
1438.035	8598.000
1438.184	8541.000
1438.333	8614.000
1438.481	8509.000
1438.630	8523.000
1438.778	8582.000
1438.927	8544.000
1439.075	8506.000
1439.224	8527.000
1439.372	8484.000
1439.521	8611.000
1439.669	8513.000
1439.818	8495.000
1439.966	8498.000
1440.114	8565.000
1440.263	8515.000
1440.411	8483.000
1440.559	8466.000
1440.708	8533.000
1440.856	8431.000
1441.004	8483.000
1441.153	8411.000
1441.301	8470.000
1441.449	8442.000
1441.597	8557.000
1441.746	8376.000
1441.894	8497.000
1442.042	8437.000
1442.190	8440.000
1442.338	8358.000
1442.487	8451.000
1442.635	8357.000
1442.783	8421.000
1442.931	8418.000
1443.079	8442.000
1443.227	8379.000
1443.375	8449.000
1443.523	8431.000
1443.671	8418.000
1443.819	8434.000
1443.967	8393.000
1444.115	8356.000
1444.263	8411.000
1444.411	8391.000
1444.559	8422.000
1444.707	8303.000
1444.855	8359.000
1445.003	8285.000
1445.151	8291.000
1445.299	8323.000
1445.447	8422.000
1445.594	8313.000
1445.742	8359.000
1445.890	8317.000
1446.038	8335.000
1446.186	8340.000
1446.333	8380.000
1446.481	8183.000
1446.629	8439.000
1446.776	8295.000
1446.924	8296.000
1447.072	8316.000
1447.220	8381.000
1447.367	8313.000
1447.515	8358.000
1447.662	8311.000
1447.810	8359.000
1447.958	8310.000
1448.105	8429.000
1448.253	8286.000
1448.400	8382.000
1448.548	8222.000
1448.695	8295.000
1448.843	8372.000
1448.990	8402.000
1449.138	8319.000
1449.285	8382.000
1449.433	8316.000
1449.580	8337.000
1449.728	8296.000
1449.875	8332.000
1450.022	8357.000
1450.170	8437.000
1450.317	8307.000
1450.464	8368.000
1450.612	8330.000
1450.759	8389.000
1450.906	8309.000
1451.054	8273.000
1451.201	8299.000
1451.348	8415.000
1451.495	8351.000
1451.643	8363.000
1451.790	8291.000
1451.937	8389.000
1452.084	8310.000
1452.231	8341.000
1452.378	8218.000
1452.526	8323.000
1452.673	8232.000
1452.820	8394.000
1452.967	8338.000
1453.114	8387.000
1453.261	8260.000
1453.408	8365.000
1453.555	8303.000
1453.702	8292.000
1453.849	8266.000
1453.996	8359.000
1454.143	8194.000
1454.290	8298.000
1454.437	8269.000
1454.584	8314.000
1454.731	8290.000
1454.878	8357.000
1455.024	8184.000
1455.171	8347.000
1455.318	8225.000
1455.465	8257.000
1455.612	8298.000
1455.759	8339.000
1455.905	8181.000
1456.052	8346.000
1456.199	8124.000
1456.346	8256.000
1456.492	8210.000
1456.639	8343.000
1456.786	8265.000
1456.932	8308.000
1457.079	8095.000
1457.226	8230.000
1457.372	8201.000
1457.519	8255.000
1457.665	8239.000
1457.812	8340.000
1457.959	8168.000
1458.105	8259.000
1458.252	8150.000
1458.398	8292.000
1458.545	8192.000
1458.691	8324.000
1458.838	8112.000
1458.984	8277.000
1459.131	8077.000
1459.277	8309.000
1459.423	8276.000
1459.570	8190.000
1459.716	8161.000
1459.863	8232.000
1460.009	8099.000
1460.155	8247.000
1460.302	8155.000
1460.448	8270.000
1460.594	8126.000
1460.741	8260.000
1460.887	8131.000
1461.033	8216.000
1461.179	8094.000
1461.326	8288.000
1461.472	8137.000
1461.618	8211.000
1461.764	8075.000
1461.910	8202.000
1462.056	8049.000
1462.203	8228.000
1462.349	8168.000
1462.495	8266.000
1462.641	8151.000
1462.787	8251.000
1462.933	7984.000
1463.079	8249.000
1463.225	8081.000
1463.371	8207.000
1463.517	8084.000
1463.663	8327.000
1463.809	8181.000
1463.955	8193.000
1464.101	8137.000
1464.247	8255.000
1464.393	8101.000
1464.539	8199.000
1464.684	8108.000
1464.830	8249.000
1464.976	8087.000
1465.122	8209.000
1465.268	8109.000
1465.414	8221.000
1465.559	8116.000
1465.705	8219.000
1465.851	8084.000
1465.997	8267.000
1466.142	8105.000
1466.288	8266.000
1466.434	8255.000
1466.579	8289.000
1466.725	8161.000
1466.871	8168.000
1467.016	8093.000
1467.162	8196.000
1467.308	8070.000
1467.453	8239.000
1467.599	8256.000
1467.744	8263.000
1467.890	8138.000
1468.035	8277.000
1468.181	8240.000
1468.326	8218.000
1468.472	8117.000
1468.617	8282.000
1468.763	8139.000
1468.908	8268.000
1469.054	8143.000
1469.199	8298.000
1469.344	8130.000
1469.490	8254.000
1469.635	8193.000
1469.780	8259.000
1469.926	8158.000
1470.071	8270.000
1470.216	8177.000
1470.362	8251.000
1470.507	8158.000
1470.652	8380.000
1470.797	8193.000
1470.943	8181.000
1471.088	8178.000
1471.233	8270.000
1471.378	8093.000
1471.523	8271.000
1471.668	8258.000
1471.814	8304.000
1471.959	8161.000
1472.104	8245.000
1472.249	8160.000
1472.394	8244.000
1472.539	8149.000
1472.684	8229.000
1472.829	8194.000
1472.974	8300.000
1473.119	8173.000
1473.264	8255.000
1473.409	7998.000
1473.554	8286.000
1473.699	8117.000
1473.844	8225.000
1473.989	8108.000
1474.134	8277.000
1474.279	8136.000
1474.423	8232.000
1474.568	8210.000
1474.713	8157.000
1474.858	8095.000
1475.003	8258.000
1475.147	8147.000
1475.292	8235.000
1475.437	8082.000
1475.582	8290.000
1475.726	8206.000
1475.871	8239.000
1476.016	8115.000
1476.161	8236.000
1476.305	8153.000
1476.450	8260.000
1476.594	8059.000
1476.739	8272.000
1476.884	8110.000
1477.028	8101.000
1477.173	8124.000
1477.317	8220.000
1477.462	8104.000
1477.606	8304.000
1477.751	8036.000
1477.895	8075.000
1478.040	8083.000
1478.184	8269.000
1478.329	8134.000
1478.473	8147.000
1478.618	8009.000
1478.762	8261.000
1478.907	8063.000
1479.051	8204.000
1479.195	8054.000
1479.340	8233.000
1479.484	8100.000
1479.628	8204.000
1479.773	8150.000
1479.917	8221.000
1480.061	8063.000
1480.205	8241.000
1480.350	8039.000
1480.494	8128.000
1480.638	8094.000
1480.782	8182.000
1480.926	7987.000
1481.071	8259.000
1481.215	7970.000
1481.359	8127.000
1481.503	8054.000
1481.647	8213.000
1481.791	8079.000
1481.935	8166.000
1482.079	8092.000
1482.223	8121.000
1482.367	8037.000
1482.511	8139.000
1482.655	8157.000
1482.799	8128.000
1482.943	8054.000
1483.087	8106.000
1483.231	8065.000
1483.375	8173.000
1483.519	8030.000
1483.663	8082.000
1483.807	8082.000
1483.951	8153.000
1484.095	8061.000
1484.238	8158.000
1484.382	8003.000
1484.526	8193.000
1484.670	7999.000
1484.814	8150.000
1484.957	8027.000
1485.101	8200.000
1485.245	8055.000
1485.389	8256.000
1485.532	7976.000
1485.676	8285.000
1485.820	8014.000
1485.963	8187.000
1486.107	8047.000
1486.250	8195.000
1486.394	8050.000
1486.538	8107.000
1486.681	8025.000
1486.825	8198.000
1486.968	8033.000
1487.112	8146.000
1487.255	8071.000
1487.399	8154.000
1487.542	8133.000
1487.686	8199.000
1487.829	8094.000
1487.973	8151.000
1488.116	8004.000
1488.260	8189.000
1488.403	7713.000
1488.546	8218.000
1488.690	8087.000
1488.833	8165.000
1488.976	8106.000
1489.120	8132.000
1489.263	7963.000
1489.406	8116.000
1489.550	8103.000
1489.693	8265.000
1489.836	8036.000
1489.979	8145.000
1490.123	8012.000
1490.266	8182.000
1490.409	8090.000
1490.552	8144.000
1490.695	8028.000
1490.838	8204.000
1490.981	8070.000
1491.125	8174.000
1491.268	8034.000
1491.411	8192.000
1491.554	8000.000
1491.697	8222.000
1491.840	8092.000
1491.983	8147.000
1492.126	7948.000
1492.269	8156.000
1492.412	8056.000
1492.555	8294.000
1492.698	8035.000
1492.841	8200.000
1492.984	8050.000
1493.126	8201.000
1493.269	8054.000
1493.412	8185.000
1493.555	8051.000
1493.698	8220.000
1493.841	8098.000
1493.984	8177.000
1494.126	8089.000
1494.269	8207.000
1494.412	8114.000
1494.555	8227.000
1494.697	8060.000
1494.840	8128.000
1494.983	8021.000
1495.125	8219.000
1495.268	8012.000
1495.411	8145.000
1495.553	8034.000
1495.696	8142.000
1495.839	8032.000
1495.981	8164.000
1496.124	8076.000
1496.266	8176.000
1496.409	8037.000
1496.551	8262.000
1496.694	8090.000
1496.836	8165.000
1496.979	8053.000
1497.121	8190.000
1497.264	8117.000
1497.406	8201.000
1497.549	7988.000
1497.691	8241.000
1497.834	8055.000
1497.976	8170.000
1498.118	8018.000
1498.261	8194.000
1498.403	8023.000
1498.545	8155.000
1498.688	8024.000
1498.830	8190.000
1498.972	8024.000
1499.114	8161.000
1499.257	8144.000
1499.399	8135.000
1499.541	8019.000
1499.683	8131.000
1499.826	8015.000
1499.968	8236.000
1500.110	8135.000
1500.252	8154.000
1500.394	8044.000
1500.536	8064.000
1500.678	8073.000
1500.820	8192.000
1500.962	8147.000
1501.104	8254.000
1501.247	8049.000
1501.389	8185.000
1501.531	8084.000
1501.673	8181.000
1501.815	8063.000
1501.956	8174.000
1502.098	8143.000
1502.240	8218.000
1502.382	8098.000
1502.524	8060.000
1502.666	8005.000
1502.808	8237.000
1502.950	7980.000
1503.092	8133.000
1503.233	8022.000
1503.375	8126.000
1503.517	8002.000
1503.659	8128.000
1503.801	8035.000
1503.942	8213.000
1504.084	7923.000
1504.226	8197.000
1504.367	8010.000
1504.509	8163.000
1504.651	8035.000
1504.792	8142.000
1504.934	8046.000
1505.076	8167.000
1505.217	7979.000
1505.359	8155.000
1505.501	8036.000
1505.642	8171.000
1505.784	7955.000
1505.925	8145.000
1506.067	8176.000
1506.208	8169.000
1506.350	8042.000
1506.491	8170.000
1506.633	8003.000
1506.774	8167.000
1506.915	7996.000
1507.057	8155.000
1507.198	7930.000
1507.340	8277.000
1507.481	8055.000
1507.622	8241.000
1507.764	7999.000
1507.905	8201.000
1508.046	8067.000
1508.188	8176.000
1508.329	7977.000
1508.470	8125.000
1508.611	8029.000
1508.753	8188.000
1508.894	8071.000
1509.035	8160.000
1509.176	7974.000
1509.317	8121.000
1509.459	8065.000
1509.600	8135.000
1509.741	8023.000
1509.882	8158.000
1510.023	7971.000
1510.164	8142.000
1510.305	7954.000
1510.446	8200.000
1510.587	8034.000
1510.728	8237.000
1510.869	8046.000
1511.010	8117.000
1511.151	7983.000
1511.292	8056.000
1511.433	8064.000
1511.574	8209.000
1511.715	7986.000
1511.856	8216.000
1511.997	7886.000
1512.138	8169.000
1512.279	8041.000
1512.419	8150.000
1512.560	7983.000
1512.701	8155.000
1512.842	8093.000
1512.983	8064.000
1513.123	7974.000
1513.264	8183.000
1513.405	7991.000
1513.546	8146.000
1513.686	7937.000
1513.827	8198.000
1513.968	7992.000
1514.108	8053.000
1514.249	7955.000
1514.390	8098.000
1514.530	7982.000
1514.671	8079.000
1514.811	7870.000
1514.952	8101.000
1515.093	8041.000
1515.233	8151.000
1515.374	8011.000
1515.514	8158.000
1515.655	7970.000
1515.795	8120.000
1515.936	7947.000
1516.076	8080.000
1516.216	7867.000
1516.357	8094.000
1516.497	8000.000
1516.638	8113.000
1516.778	7970.000
1516.918	8118.000
1517.059	7947.000
1517.199	8096.000
1517.339	7852.000
1517.480	8082.000
1517.620	7904.000
1517.760	7958.000
1517.900	7829.000
1518.041	8019.000
1518.181	7991.000
1518.321	8009.000
1518.461	7889.000
1518.601	8040.000
1518.742	7936.000
1518.882	8025.000
1519.022	7889.000
1519.162	8066.000
1519.302	7866.000
1519.442	7996.000
1519.582	7831.000
1519.722	8084.000
1519.862	7916.000
1520.002	7986.000
1520.142	7879.000
1520.282	7969.000
1520.422	7849.000
1520.562	7927.000
1520.702	7849.000
1520.842	8045.000
1520.982	7926.000
1521.122	8025.000
1521.262	7862.000
1521.402	7981.000
1521.542	7856.000
1521.682	7935.000
1521.821	7834.000
1521.961	7980.000
1522.101	7806.000
1522.241	7965.000
1522.380	7832.000
1522.520	7975.000
1522.660	7848.000
1522.800	7927.000
1522.939	7812.000
1523.079	8018.000
1523.219	7868.000
1523.358	7969.000
1523.498	7856.000
1523.638	7989.000
1523.777	7779.000
1523.917	7939.000
1524.057	7886.000
1524.196	8061.000
1524.336	7875.000
1524.475	7939.000
1524.615	7874.000
1524.754	7940.000
1524.894	7813.000
1525.033	7964.000
1525.173	7825.000
1525.312	7971.000
1525.452	7799.000
1525.591	7920.000
1525.730	7812.000
1525.870	8052.000
1526.009	7883.000
1526.148	8019.000
1526.288	7817.000
1526.427	8026.000
1526.566	7849.000
1526.706	8042.000
1526.845	7828.000
1526.984	8067.000
1527.124	7836.000
1527.263	7995.000
1527.402	7856.000
1527.541	8022.000
1527.680	7840.000
1527.820	8025.000
1527.959	7884.000
1528.098	7976.000
1528.237	7919.000
1528.376	7997.000
1528.515	7870.000
1528.654	8097.000
1528.793	7902.000
1528.933	7953.000
1529.072	7863.000
1529.211	8056.000
1529.350	7934.000
1529.489	7961.000
1529.628	7906.000
1529.767	8018.000
1529.905	7921.000
1530.044	8059.000
1530.183	7891.000
1530.322	8008.000
1530.461	7955.000
1530.600	8040.000
1530.739	7914.000
1530.878	8116.000
1531.017	7985.000
1531.155	8077.000
1531.294	7979.000
1531.433	8078.000
1531.572	8018.000
1531.710	8077.000
1531.849	7985.000
1531.988	8135.000
1532.127	7993.000
1532.265	8108.000
1532.404	8083.000
1532.543	8184.000
1532.681	8049.000
1532.820	8123.000
1532.959	8036.000
1533.097	8225.000
1533.236	7947.000
1533.374	8028.000
1533.513	7978.000
1533.651	8168.000
1533.790	8485.000
1533.929	8063.000
1534.067	7941.000
1534.205	8067.000
1534.344	7891.000
1534.482	8106.000
1534.621	7891.000
1534.759	8112.000
1534.898	7923.000
1535.036	7959.000
1535.174	7971.000
1535.313	8046.000
1535.451	7941.000
1535.589	8051.000
1535.728	7951.000
1535.866	8111.000
1536.004	7927.000
1536.143	8028.000
1536.281	7887.000
1536.419	8009.000
1536.557	7924.000
1536.696	8030.000
1536.834	7950.000
1536.972	7992.000
1537.110	7961.000
1537.248	7973.000
1537.386	7866.000
1537.525	8118.000
1537.663	7927.000
1537.801	8018.000
1537.939	7904.000
1538.077	7910.000
1538.215	7911.000
1538.353	7963.000
1538.491	7880.000
1538.629	7925.000
1538.767	7912.000
1538.905	7930.000
1539.043	7894.000
1539.181	7999.000
1539.319	7882.000
1539.457	8034.000
1539.595	7879.000
1539.732	8060.000
1539.870	7900.000
1540.008	7957.000
1540.146	7916.000
1540.284	7966.000
1540.422	7912.000
1540.559	7964.000
1540.697	7913.000
1540.835	7953.000
1540.973	7936.000
1541.110	7977.000
1541.248	7966.000
1541.386	8004.000
1541.523	7933.000
1541.661	7951.000
1541.799	7886.000
1541.936	8000.000
1542.074	7881.000
1542.212	8029.000
1542.349	7923.000
1542.487	8048.000
1542.624	7915.000
1542.762	7994.000
1542.899	7873.000
1543.037	8003.000
1543.174	7845.000
1543.312	8064.000
1543.449	7959.000
1543.587	8083.000
1543.724	7971.000
1543.862	8087.000
1543.999	7891.000
1544.137	8085.000
1544.274	7906.000
1544.411	8034.000
1544.549	7883.000
1544.686	8098.000
1544.823	7908.000
1544.961	8107.000
1545.098	7947.000
1545.235	8115.000
1545.372	7891.000
1545.510	8066.000
1545.647	7957.000
1545.784	8125.000
1545.921	8007.000
1546.058	8103.000
1546.196	8040.000
1546.333	8186.000
1546.470	8061.000
1546.607	8076.000
1546.744	8028.000
1546.881	8215.000
1547.018	8005.000
1547.155	8126.000
1547.292	8034.000
1547.429	8179.000
1547.567	7979.000
1547.704	8187.000
1547.841	7983.000
1547.977	8224.000
1548.114	8084.000
1548.251	8176.000
1548.388	7993.000
1548.525	8141.000
1548.662	8037.000
1548.799	8074.000
1548.936	8061.000
1549.073	8166.000
1549.210	8076.000
1549.346	8114.000
1549.483	8067.000
1549.620	8169.000
1549.757	8067.000
1549.893	8162.000
1550.030	8024.000
1550.167	8209.000
1550.304	8054.000
1550.440	8118.000
1550.577	7999.000
1550.714	8165.000
1550.850	7936.000
1550.987	8143.000
1551.124	8081.000
1551.260	8083.000
1551.397	8076.000
1551.533	8213.000
1551.670	8011.000
1551.807	8189.000
1551.943	8056.000
1552.080	8131.000
1552.216	8006.000
1552.353	8097.000
1552.489	8018.000
1552.626	8087.000
1552.762	8013.000
1552.898	8133.000
1553.035	8045.000
1553.171	8105.000
1553.308	7987.000
1553.444	8212.000
1553.580	8089.000
1553.717	8122.000
1553.853	8110.000
1553.989	8185.000
1554.126	8036.000
1554.262	8146.000
1554.398	6866.000
1554.534	8140.000
1554.671	8052.000
1554.807	8071.000
1554.943	7936.000
1555.079	8158.000
1555.215	7977.000
1555.352	8159.000
1555.488	8036.000
1555.624	8135.000
1555.760	8039.000
1555.896	8134.000
1556.032	7979.000
1556.168	8169.000
1556.304	8024.000
1556.440	8112.000
1556.576	7933.000
1556.712	8125.000
1556.848	7926.000
1556.984	8083.000
1557.120	8001.000
1557.256	8023.000
1557.392	7951.000
1557.528	8055.000
1557.664	7916.000
1557.800	8143.000
1557.936	7904.000
1558.071	8138.000
1558.207	7974.000
1558.343	8035.000
1558.479	8011.000
1558.615	8005.000
1558.751	7904.000
1558.886	7967.000
1559.022	7849.000
1559.158	7956.000
1559.293	7907.000
1559.429	8080.000
1559.565	7897.000
1559.701	8015.000
1559.836	7856.000
1559.972	8000.000
1560.107	7870.000
1560.243	7961.000
1560.379	7772.000
1560.514	7980.000
1560.650	7804.000
1560.785	7923.000
1560.921	7815.000
1561.056	7975.000
1561.192	7922.000
1561.327	7970.000
1561.463	7828.000
1561.598	8066.000
1561.734	7812.000
1561.869	7954.000
1562.005	7898.000
1562.140	8023.000
1562.275	7838.000
1562.411	8097.000
1562.546	12371.000
1562.682	8067.000
1562.817	7916.000
1562.952	8010.000
1563.087	7942.000
1563.223	8027.000
1563.358	7809.000
1563.493	7993.000
1563.628	7981.000
1563.764	8144.000
1563.899	7986.000
1564.034	8010.000
1564.169	7911.000
1564.304	8027.000
1564.440	8044.000
1564.575	8102.000
1564.710	7967.000
1564.845	8100.000
1564.980	7902.000
1565.115	8105.000
1565.250	8011.000
1565.385	8163.000
1565.520	8003.000
1565.655	8130.000
1565.790	7992.000
1565.925	8066.000
1566.060	7983.000
1566.195	8022.000
1566.330	7960.000
1566.465	8129.000
1566.600	7972.000
1566.735	8065.000
1566.870	7955.000
1567.004	8156.000
1567.139	7960.000
1567.274	8149.000
1567.409	7929.000
1567.544	8102.000
1567.678	7867.000
1567.813	8083.000
1567.948	7921.000
1568.083	8110.000
1568.217	7919.000
1568.352	8151.000
1568.487	7994.000
1568.622	8102.000
1568.756	7936.000
1568.891	8140.000
1569.025	7887.000
1569.160	8155.000
1569.295	8039.000
1569.429	8015.000
1569.564	7942.000
1569.698	8153.000
1569.833	7971.000
1569.967	8089.000
1570.102	7978.000
1570.236	8106.000
1570.371	8021.000
1570.505	8069.000
1570.640	8049.000
1570.774	8110.000
1570.909	8024.000
1571.043	8192.000
1571.177	7942.000
1571.312	8159.000
1571.446	7927.000
1571.581	8091.000
1571.715	8073.000
1571.849	8219.000
1571.983	7999.000
1572.118	8119.000
1572.252	8057.000
1572.386	8238.000
1572.521	8070.000
1572.655	8232.000
1572.789	8039.000
1572.923	8243.000
1573.057	8034.000
1573.191	8140.000
1573.326	8057.000
1573.460	8222.000
1573.594	8035.000
1573.728	8078.000
1573.862	8054.000
1573.996	8266.000
1574.130	8136.000
1574.264	8159.000
1574.398	8068.000
1574.532	8119.000
1574.666	8133.000
1574.800	8255.000
