1029.870	8714.000
1030.015	8668.000
1030.160	8675.000
1030.305	8777.000
1030.449	8634.000
1030.594	8787.000
1030.739	8661.000
1030.884	8727.000
1031.029	8663.000
1031.173	8702.000
1031.318	8631.000
1031.463	8747.000
1031.608	8649.000
1031.752	8663.000
1031.897	8625.000
1032.042	8763.000
1032.187	8563.000
1032.331	8755.000
1032.476	8583.000
1032.621	8740.000
1032.765	8594.000
1032.910	8661.000
1033.055	8741.000
1033.200	8692.000
1033.344	8678.000
1033.489	8678.000
1033.634	8665.000
1033.778	8640.000
1033.923	8612.000
1034.068	8654.000
1034.212	8672.000
1034.357	8725.000
1034.502	8653.000
1034.646	8671.000
1034.791	8569.000
1034.935	8638.000
1035.080	8700.000
1035.225	8608.000
1035.369	8667.000
1035.514	8690.000
1035.658	8618.000
1035.803	8697.000
1035.947	8601.000
1036.092	8699.000
1036.237	8557.000
1036.381	8630.000
1036.526	8660.000
1036.670	8579.000
1036.815	8606.000
1036.959	8653.000
1037.104	8609.000
1037.248	8579.000
1037.393	8645.000
1037.537	8668.000
1037.682	8581.000
1037.826	8617.000
1037.971	8535.000
1038.115	8646.000
1038.260	8521.000
1038.404	8547.000
1038.549	8581.000
1038.693	8532.000
1038.838	8500.000
1038.982	8534.000
1039.126	8501.000
1039.271	8605.000
1039.415	8544.000
1039.560	8522.000
1039.704	8495.000
1039.848	8535.000
1039.993	8505.000
1040.137	8498.000
1040.282	8523.000
1040.426	8527.000
1040.570	8432.000
1040.715	8507.000
1040.859	8431.000
1041.003	8486.000
1041.148	8443.000
1041.292	8586.000
1041.436	8434.000
1041.581	8507.000
1041.725	8492.000
1041.869	8473.000
1042.014	8391.000
1042.158	8431.000
1042.302	8374.000
1042.447	8421.000
1042.591	8402.000
1042.735	8431.000
1042.879	8392.000
1043.024	8481.000
1043.168	8411.000
1043.312	8419.000
1043.456	8422.000
1043.601	8444.000
1043.745	8344.000
1043.889	8432.000
1044.033	8423.000
1044.178	8458.000
1044.322	8370.000
1044.466	8383.000
1044.610	8346.000
1044.754	8302.000
1044.899	8351.000
1045.043	8455.000
1045.187	8344.000
1045.331	8429.000
1045.475	8347.000
1045.619	8376.000
1045.763	8367.000
1045.908	8431.000
1046.052	8259.000
1046.196	8460.000
1046.340	8315.000
1046.484	8325.000
1046.628	8391.000
1046.772	8398.000
1046.916	8402.000
1047.060	8385.000
1047.205	8310.000
1047.349	8373.000
1047.493	8360.000
1047.637	8453.000
1047.781	8328.000
1047.925	8427.000
1048.069	8266.000
1048.213	8335.000
1048.357	8440.000
1048.501	8467.000
1048.645	8371.000
1048.789	8410.000
1048.933	8352.000
1049.077	8391.000
1049.221	8360.000
1049.365	8396.000
1049.509	8412.000
1049.653	8457.000
1049.797	8383.000
1049.941	8387.000
1050.085	8362.000
1050.229	8445.000
1050.373	8393.000
1050.517	8336.000
1050.660	8371.000
1050.804	8459.000
1050.948	8422.000
1051.092	8392.000
1051.236	8361.000
1051.380	8432.000
1051.524	8368.000
1051.668	8377.000
1051.812	8307.000
1051.956	8396.000
1052.099	8305.000
1052.243	8467.000
1052.387	8419.000
1052.531	8449.000
1052.675	8400.000
1052.819	8416.000
1052.962	8374.000
1053.106	8358.000
1053.250	8311.000
1053.394	8442.000
1053.538	8318.000
1053.681	8392.000
1053.825	8386.000
1053.969	8405.000
1054.113	8391.000
1054.257	8464.000
1054.400	8282.000
1054.544	8409.000
1054.688	8340.000
1054.832	8393.000
1054.975	8406.000
1055.119	8437.000
1055.263	8299.000
1055.407	8391.000
1055.550	8218.000
1055.694	8321.000
1055.838	8303.000
1055.981	8425.000
1056.125	8334.000
1056.269	8412.000
1056.412	8243.000
1056.556	8306.000
1056.700	8295.000
1056.843	8350.000
1056.987	8335.000
1057.131	8414.000
1057.274	8277.000
1057.418	8325.000
1057.562	8243.000
1057.705	8372.000
1057.849	8271.000
1057.992	8413.000
1058.136	8226.000
1058.280	8352.000
1058.423	8177.000
1058.567	8377.000
1058.710	8356.000
1058.854	8283.000
1058.997	8332.000
1059.141	8288.000
1059.285	8225.000
1059.428	8290.000
1059.572	8247.000
1059.715	8395.000
1059.859	8212.000
1060.002	8373.000
1060.146	8255.000
1060.289	8315.000
1060.433	8158.000
1060.576	8389.000
1060.720	8241.000
1060.863	8314.000
1061.007	8195.000
1061.150	8314.000
1061.294	8154.000
1061.437	8330.000
1061.580	8271.000
1061.724	8375.000
1061.867	8241.000
1062.011	8349.000
1062.154	8110.000
1062.298	8359.000
1062.441	8183.000
1062.584	8336.000
1062.728	8225.000
1062.871	8462.000
1063.015	8345.000
1063.158	8555.000
1063.301	8577.000
1063.445	8863.000
1063.588	8720.000
1063.731	8892.000
1063.875	8778.000
1064.018	9038.000
1064.161	8866.000
1064.305	9053.000
1064.448	9031.000
1064.591	9161.000
1064.735	8892.000
1064.878	8646.000
1065.021	8313.000
1065.165	8414.000
1065.308	8269.000
1065.451	8373.000
1065.594	8352.000
1065.738	8407.000
1065.881	8297.000
1066.024	8311.000
1066.167	8214.000
1066.311	8303.000
1066.454	8186.000
1066.597	8400.000
1066.740	8385.000
1066.884	8375.000
1067.027	8233.000
1067.170	8412.000
1067.313	8360.000
1067.456	8318.000
1067.599	8240.000
1067.743	8400.000
1067.886	8255.000
1068.029	8394.000
1068.172	8261.000
1068.315	8395.000
1068.458	8246.000
1068.602	8362.000
1068.745	8323.000
1068.888	8397.000
1069.031	8318.000
1069.174	8393.000
1069.317	8318.000
1069.460	8382.000
1069.603	8251.000
1069.746	8487.000
1069.890	8367.000
1070.033	8352.000
1070.176	8357.000
1070.319	8437.000
1070.462	8276.000
1070.605	8445.000
1070.748	8406.000
1070.891	8450.000
1071.034	8349.000
1071.177	8406.000
1071.320	8321.000
1071.463	8415.000
1071.606	8341.000
1071.749	8399.000
1071.892	8364.000
1072.035	8446.000
1072.178	8356.000
1072.321	8404.000
1072.464	8204.000
1072.607	8490.000
1072.750	8310.000
1072.893	8402.000
1073.036	8311.000
1073.179	8459.000
1073.322	8282.000
1073.465	8388.000
1073.607	8391.000
1073.750	8351.000
1073.893	8234.000
1074.036	8440.000
1074.179	8314.000
1074.322	8385.000
1074.465	8238.000
1074.608	8491.000
1074.751	8374.000
1074.893	8388.000
1075.036	8275.000
1075.179	8393.000
1075.322	8335.000
1075.465	8409.000
1075.608	8232.000
1075.750	8453.000
1075.893	8263.000
1076.036	8287.000
1076.179	8366.000
1076.322	8406.000
1076.464	8342.000
1076.607	8580.000
1076.750	8371.000
1076.893	8443.000
1077.036	8547.000
1077.178	8809.000
1077.321	8811.000
1077.464	8905.000
1077.607	8966.000
1077.749	9319.000
1077.892	9330.000
1078.035	9700.000
1078.177	9860.000
1078.320	10105.000
1078.463	9917.000
1078.606	9729.000
1078.748	9455.000
1078.891	9305.000
1079.034	9014.000
1079.176	9043.000
1079.319	8785.000
1079.462	8831.000
1079.604	8766.000
1079.747	8768.000
1079.890	8588.000
1080.032	8814.000
1080.175	8550.000
1080.317	8642.000
1080.460	8577.000
1080.603	8739.000
1080.745	8601.000
1080.888	8682.000
1081.030	8621.000
1081.173	8613.000
1081.316	8550.000
1081.458	8666.000
1081.601	8702.000
1081.743	8641.000
1081.886	8574.000
1082.028	8645.000
1082.171	8658.000
1082.313	8749.000
1082.456	8637.000
1082.598	8723.000
1082.741	8680.000
1082.883	8785.000
1083.026	8715.000
1083.168	8831.000
1083.311	8706.000
1083.453	8934.000
1083.596	8805.000
1083.738	8965.000
1083.881	8938.000
1084.023	9177.000
1084.166	9051.000
1084.308	9327.000
1084.451	9142.000
1084.593	9472.000
1084.736	9355.000
1084.878	9572.000
1085.020	9582.000
1085.163	9793.000
1085.305	9778.000
1085.448	9824.000
1085.590	9802.000
1085.732	9844.000
1085.875	9630.000
1086.017	9671.000
1086.159	9615.000
1086.302	9689.000
1086.444	9610.000
1086.586	9609.000
1086.729	9534.000
1086.871	9531.000
1087.013	9335.000
1087.156	9442.000
1087.298	8960.000
1087.440	9433.000
1087.583	9280.000
1087.725	9359.000
1087.867	9326.000
1088.010	9312.000
1088.152	9203.000
1088.294	9297.000
1088.436	9323.000
1088.579	9472.000
1088.721	9293.000
1088.863	9378.000
1089.005	9326.000
1089.148	9506.000
1089.290	9411.000
1089.432	9491.000
1089.574	9415.000
1089.716	9626.000
1089.859	9558.000
1090.001	9616.000
1090.143	9548.000
1090.285	9726.000
1090.427	9559.000
1090.569	9726.000
1090.712	9649.000
1090.854	9656.000
1090.996	9506.000
1091.138	9672.000
1091.280	9561.000
1091.422	9758.000
1091.564	9445.000
1091.707	9566.000
1091.849	9418.000
1091.991	9450.000
1092.133	9345.000
1092.275	9394.000
1092.417	9213.000
1092.559	9334.000
1092.701	9197.000
1092.843	9225.000
1092.985	9116.000
1093.127	9221.000
1093.269	9123.000
1093.411	9206.000
1093.554	9022.000
1093.696	9067.000
1093.838	8934.000
1093.980	9126.000
1094.122	8932.000
1094.264	9066.000
1094.406	9048.000
1094.548	9150.000
1094.690	9156.000
1094.832	9428.000
1094.973	9486.000
1095.115	9805.000
1095.257	9925.000
1095.399	10369.000
1095.541	10523.000
1095.683	10739.000
1095.825	10694.000
1095.967	10774.000
1096.109	10647.000
1096.251	10552.000
1096.393	10360.000
1096.535	10395.000
1096.677	10184.000
1096.819	10130.000
1096.960	9944.000
1097.102	9984.000
1097.244	9826.000
1097.386	9888.000
1097.528	9766.000
1097.670	9859.000
1097.812	9699.000
1097.953	9774.000
1098.095	9699.000
1098.237	9671.000
1098.379	9496.000
1098.521	9570.000
1098.662	9457.000
1098.804	9648.000
1098.946	9591.000
1099.088	9606.000
1099.230	9500.000
1099.371	9575.000
1099.513	9577.000
1099.655	9631.000
1099.797	9659.000
1099.938	9752.000
1100.080	9620.000
1100.222	9735.000
1100.364	9621.000
1100.505	9733.000
1100.647	9587.000
1100.789	9710.000
1100.931	9644.000
1101.072	9715.000
1101.214	9639.000
1101.356	9561.000
1101.497	9535.000
1101.639	9694.000
1101.781	9521.000
1101.922	9583.000
1102.064	9525.000
1102.206	9609.000
1102.347	9559.000
1102.489	9723.000
1102.631	9681.000
1102.772	9888.000
1102.914	9671.000
1103.055	9974.000
1103.197	9841.000
1103.339	9945.000
1103.480	9893.000
1103.622	9989.000
1103.763	9880.000
1103.905	10007.000
1104.046	9889.000
1104.188	10004.000
1104.330	9922.000
1104.471	10021.000
1104.613	9855.000
1104.754	9938.000
1104.896	9952.000
1105.037	9926.000
1105.179	9831.000
1105.320	10015.000
1105.462	9969.000
1105.603	10200.000
1105.745	10125.000
1105.886	10263.000
1106.028	10022.000
1106.169	10201.000
1106.311	9976.000
1106.452	10074.000
1106.594	9866.000
1106.735	10068.000
1106.876	10028.000
1107.018	10137.000
1107.159	9955.000
1107.301	10097.000
1107.442	9955.000
1107.584	10143.000
1107.725	10048.000
1107.866	10153.000
1108.008	10021.000
1108.149	10290.000
1108.291	10287.000
1108.432	10411.000
1108.573	10449.000
1108.715	10637.000
1108.856	10487.000
1108.997	10661.000
1109.139	10471.000
1109.280	10546.000
1109.421	10427.000
1109.563	10604.000
1109.704	10477.000
1109.845	10600.000
1109.987	10539.000
1110.128	10589.000
1110.269	10581.000
1110.410	10741.000
1110.552	10539.000
1110.693	10710.000
1110.834	10482.000
1110.975	10706.000
1111.117	10669.000
1111.258	10808.000
1111.399	10703.000
1111.540	10853.000
1111.682	10823.000
1111.823	10772.000
1111.964	10738.000
1112.105	10939.000
1112.247	10824.000
1112.388	11079.000
1112.529	10989.000
1112.670	11245.000
1112.811	11158.000
1112.952	11258.000
1113.094	11153.000
1113.235	11256.000
1113.376	11119.000
1113.517	11111.000
1113.658	10952.000
1113.799	11094.000
1113.940	11105.000
1114.082	11210.000
1114.223	11193.000
1114.364	11426.000
1114.505	11348.000
1114.646	11572.000
1114.787	11487.000
1114.928	11655.000
1115.069	11513.000
1115.210	11707.000
1115.351	11722.000
1115.492	11856.000
1115.633	11804.000
1115.774	11932.000
1115.916	11828.000
1116.057	11990.000
1116.198	11874.000
1116.339	12102.000
1116.480	12054.000
1116.621	12114.000
1116.762	12022.000
1116.903	12175.000
1117.044	12189.000
1117.185	12168.000
1117.326	12219.000
1117.466	12419.000
1117.607	12516.000
1117.748	12742.000
1117.889	12773.000
1118.030	13018.000
1118.171	12947.000
1118.312	13126.000
1118.453	13075.000
1118.594	13304.000
1118.735	13220.000
1118.876	13274.000
1119.017	13352.000
1119.158	13387.000
1119.298	13450.000
1119.439	13595.000
1119.580	13732.000
1119.721	14025.000
1119.862	14031.000
1120.003	14189.000
1120.144	14265.000
1120.284	14534.000
1120.425	14561.000
1120.566	14687.000
1120.707	14763.000
1120.848	15098.000
1120.989	15153.000
1121.129	15410.000
1121.270	15480.000
1121.411	15588.000
1121.552	15632.000
1121.693	15808.000
1121.833	15983.000
1121.974	16346.000
1122.115	16421.000
1122.256	16679.000
1122.396	16872.000
1122.537	17084.000
1122.678	17134.000
1122.819	17442.000
1122.959	17752.000
1123.100	18064.000
1123.241	18352.000
1123.381	18679.000
1123.522	18962.000
1123.663	19106.000
1123.803	19293.000
1123.944	19481.000
1124.085	19842.000
1124.225	20277.000
1124.366	20748.000
1124.507	21140.000
1124.647	21563.000
1124.788	21941.000
1124.929	22273.000
1125.069	22589.000
1125.210	22881.000
1125.351	23240.000
1125.491	23478.000
1125.632	23643.000
1125.772	23929.000
1125.913	24514.000
1126.054	25196.000
1126.194	25633.000
1126.335	26247.000
1126.475	26572.000
1126.616	27014.000
1126.756	27648.000
1126.897	28379.000
1127.037	28628.000
1127.178	29350.000
1127.318	29564.000
1127.459	30237.000
1127.600	30460.000
1127.740	30943.000
1127.881	31148.000
1128.021	31459.000
1128.162	31794.000
1128.302	32357.000
1128.442	32992.000
1128.583	33422.000
1128.723	33486.000
1128.864	33912.000
1129.004	34000.000
1129.145	34178.000
1129.285	34134.000
1129.426	34456.000
1129.566	34302.000
1129.706	34295.000
1129.847	33676.000
1129.987	33322.000
1130.128	32602.000
1130.268	32492.000
1130.408	31836.000
1130.549	31227.000
1130.689	30353.000
1130.830	29926.000
1130.970	29190.000
1131.110	28740.000
1131.251	28111.000
1131.391	27863.000
1131.531	27096.000
1131.672	26474.000
1131.812	25539.000
1131.952	24807.000
1132.093	24120.000
1132.233	23335.000
1132.373	22669.000
1132.513	22249.000
1132.654	21872.000
1132.794	21919.000
1132.934	21308.000
1133.075	21270.000
1133.215	21199.000
1133.355	21104.000
1133.495	21174.000
1133.636	21126.000
1133.776	21260.000
1133.916	21367.000
1134.056	21548.000
1134.196	22233.000
1134.337	22780.000
1134.477	23928.000
1134.617	25341.000
1134.757	27288.000
1134.897	29530.000
1135.038	32138.000
1135.178	34718.000
1135.318	37127.000
1135.458	37937.000
1135.598	37852.000
1135.738	36545.000
1135.879	35078.000
1136.019	32961.000
1136.159	31115.000
1136.299	28807.000
1136.439	27210.000
1136.579	26166.000
1136.719	25251.000
1136.859	24116.000
1136.999	23482.000
1137.140	22707.000
1137.280	22261.000
1137.420	21692.000
1137.560	21336.000
1137.700	20768.000
1137.840	20494.000
1137.980	20022.000
1138.120	19647.000
1138.260	19193.000
1138.400	18752.000
1138.540	18340.000
1138.680	17901.000
1138.820	17561.000
1138.960	17175.000
1139.100	16852.000
1139.240	16775.000
1139.380	16469.000
1139.520	16293.000
1139.660	16091.000
1139.800	15881.000
1139.940	15702.000
1140.080	15601.000
1140.220	15471.000
1140.360	15411.000
1140.500	15196.000
1140.640	15146.000
1140.780	14990.000
1140.919	14868.000
1141.059	14757.000
1141.199	14625.000
1141.339	14700.000
1141.479	14621.000
1141.619	14651.000
1141.759	14506.000
1141.899	14504.000
1142.039	14502.000
1142.178	14457.000
1142.318	14385.000
1142.458	14494.000
1142.598	14471.000
1142.738	14548.000
1142.878	14517.000
1143.017	14646.000
1143.157	14554.000
1143.297	14695.000
1143.437	14676.000
1143.577	14746.000
1143.716	14667.000
1143.856	14795.000
1143.996	14586.000
1144.136	14567.000
1144.275	14379.000
1144.415	14262.000
1144.555	13931.000
1144.695	13962.000
1144.834	13849.000
1144.974	13971.000
1145.114	13791.000
1145.254	13684.000
1145.393	13618.000
1145.533	13553.000
1145.673	13349.000
1145.812	13241.000
1145.952	13180.000
1146.092	13246.000
1146.231	13018.000
1146.371	13040.000
1146.511	12984.000
1146.650	12998.000
1146.790	12730.000
1146.930	12866.000
1147.069	12663.000
1147.209	12849.000
1147.349	12774.000
1147.488	12763.000
1147.628	12644.000
1147.767	12705.000
1147.907	12623.000
1148.047	12708.000
1148.186	12702.000
1148.326	12807.000
1148.465	12744.000
1148.605	12745.000
1148.744	12747.000
1148.884	12783.000
1149.024	12752.000
1149.163	12777.000
1149.303	12695.000
1149.442	12908.000
1149.582	12769.000
1149.721	12836.000
1149.861	12704.000
1150.000	12817.000
1150.140	12640.000
1150.279	12860.000
1150.419	12821.000
1150.558	12750.000
1150.698	12751.000
1150.837	12838.000
1150.977	12607.000
1151.116	12675.000
1151.255	12560.000
1151.395	12539.000
1151.534	12471.000
1151.674	12477.000
1151.813	12387.000
1151.953	12398.000
1152.092	12365.000
1152.231	12336.000
1152.371	12271.000
1152.510	12273.000
1152.650	12087.000
1152.789	12249.000
1152.928	12154.000
1153.068	12090.000
1153.207	12119.000
1153.346	12097.000
1153.486	12006.000
1153.625	11997.000
1153.764	10727.000
1153.904	11948.000
1154.043	11837.000
1154.182	11828.000
1154.322	11731.000
1154.461	11904.000
1154.600	11758.000
1154.740	11893.000
1154.879	11857.000
1155.018	11862.000
1155.157	11744.000
1155.297	11815.000
1155.436	11720.000
1155.575	11850.000
1155.714	11700.000
1155.854	11735.000
1155.993	11580.000
1156.132	11750.000
1156.271	11570.000
1156.411	11658.000
1156.550	11645.000
1156.689	11611.000
1156.828	11592.000
1156.967	11636.000
1157.107	11535.000
1157.246	11746.000
1157.385	11516.000
1157.524	11750.000
1157.663	11584.000
1157.802	11586.000
1157.941	11576.000
1158.081	11526.000
1158.220	11495.000
1158.359	11572.000
1158.498	11515.000
1158.637	11569.000
1158.776	11571.000
1158.915	11712.000
1159.054	11575.000
1159.193	11702.000
1159.333	11532.000
1159.472	11625.000
1159.611	11532.000
1159.750	11674.000
1159.889	11566.000
1160.028	11710.000
1160.167	11603.000
1160.306	11717.000
1160.445	11620.000
1160.584	11783.000
1160.723	11740.000
1160.862	11771.000
1161.001	11698.000
1161.140	11928.000
1161.279	11733.000
1161.418	11841.000
1161.557	11904.000
1161.696	12035.000
1161.835	11918.000
1161.974	12142.000
1162.113	16492.000
1162.252	12128.000
1162.391	12030.000
1162.530	12142.000
1162.669	12124.000
1162.808	12195.000
1162.946	12102.000
1163.085	12192.000
1163.224	12239.000
1163.363	12329.000
1163.502	12238.000
1163.641	12247.000
1163.780	12187.000
1163.919	12250.000
1164.058	12309.000
1164.196	12364.000
1164.335	12284.000
1164.474	12426.000
1164.613	12324.000
1164.752	12472.000
1164.891	12468.000
1165.029	12553.000
1165.168	12426.000
1165.307	12514.000
1165.446	12477.000
1165.585	12515.000
1165.723	12523.000
1165.862	12590.000
1166.001	12642.000
1166.140	12800.000
1166.279	12643.000
1166.417	12743.000
1166.556	12636.000
1166.695	12818.000
1166.834	12677.000
1166.972	12805.000
1167.111	12690.000
1167.250	12856.000
1167.388	12671.000
1167.527	12929.000
1167.666	12851.000
1167.805	13021.000
1167.943	12919.000
1168.082	13148.000
1168.221	13019.000
1168.359	13102.000
1168.498	13032.000
1168.637	13238.000
1168.775	13076.000
1168.914	13409.000
1169.052	13360.000
1169.191	13342.000
1169.330	13415.000
1169.468	13695.000
1169.607	13612.000
1169.746	13688.000
1169.884	13647.000
1170.023	13704.000
1170.161	13691.000
1170.300	13639.000
1170.439	13664.000
1170.577	13705.000
1170.716	13692.000
1170.854	13835.000
1170.993	13715.000
1171.131	13810.000
1171.270	13633.000
1171.408	13744.000
1171.547	13750.000
1171.685	13855.000
1171.824	13739.000
1171.962	13784.000
1172.101	13844.000
1172.239	13986.000
1172.378	13913.000
1172.516	14074.000
1172.655	13952.000
1172.793	14056.000
1172.932	13912.000
1173.070	13950.000
1173.209	13972.000
1173.347	14116.000
1173.486	14030.000
1173.624	14047.000
1173.762	14147.000
1173.901	14284.000
1174.039	14270.000
1174.178	14229.000
1174.316	14293.000
1174.454	14262.000
1174.593	14337.000
1174.731	14389.000
