1129.938	10045.000
1130.084	9903.000
1130.229	10017.000
1130.375	9964.000
1130.521	9955.000
1130.667	9948.000
1130.813	9887.000
1130.958	9831.000
1131.104	9866.000
1131.250	9804.000
1131.396	9831.000
1131.542	9839.000
1131.687	9860.000
1131.833	9742.000
1131.979	9849.000
1132.124	9871.000
1132.270	9733.000
1132.416	9863.000
1132.561	9827.000
1132.707	9894.000
1132.853	9838.000
1132.998	9808.000
1133.144	10063.000
1133.290	9936.000
1133.435	10023.000
1133.581	9950.000
1133.727	10082.000
1133.872	9970.000
1134.018	10082.000
1134.163	9970.000
1134.309	10040.000
1134.455	9968.000
1134.600	9941.000
1134.746	9881.000
1134.891	9821.000
1135.037	9792.000
1135.182	9924.000
1135.328	9714.000
1135.473	9857.000
1135.619	9746.000
1135.764	9767.000
1135.910	9763.000
1136.055	9724.000
1136.201	9745.000
1136.346	9674.000
1136.492	9690.000
1136.637	9737.000
1136.783	9613.000
1136.928	9642.000
1137.074	9632.000
1137.219	9657.000
1137.364	9536.000
1137.510	9676.000
1137.655	9673.000
1137.801	9609.000
1137.946	9608.000
1138.091	9606.000
1138.237	9608.000
1138.382	9553.000
1138.527	9533.000
1138.673	9618.000
1138.818	9549.000
1138.963	9566.000
1139.109	9501.000
1139.254	9519.000
1139.399	9601.000
1139.544	9565.000
1139.690	9454.000
1139.835	9535.000
1139.980	9545.000
1140.125	9551.000
1140.271	9469.000
1140.416	9609.000
1140.561	9534.000
1140.706	9500.000
1140.851	9471.000
1140.997	9509.000
1141.142	9462.000
1141.287	9523.000
1141.432	9613.000
1141.577	9498.000
1141.723	9541.000
1141.868	9565.000
1142.013	9503.000
1142.158	9480.000
1142.303	9470.000
1142.448	9523.000
1142.593	9492.000
1142.738	9551.000
1142.883	9481.000
1143.028	9460.000
1143.174	9486.000
1143.319	9506.000
1143.464	9484.000
1143.609	9542.000
1143.754	9496.000
1143.899	9499.000
1144.044	9479.000
1144.189	9519.000
1144.334	9508.000
1144.479	9457.000
1144.624	9415.000
1144.769	9454.000
1144.914	9387.000
1145.059	9463.000
1145.204	9510.000
1145.348	9448.000
1145.493	9435.000
1145.638	9457.000
1145.783	9418.000
1145.928	9491.000
1146.073	9506.000
1146.218	9354.000
1146.363	9530.000
1146.508	9465.000
1146.653	9409.000
1146.797	9524.000
1146.942	9482.000
1147.087	9488.000
1147.232	9479.000
1147.377	9492.000
1147.522	9464.000
1147.666	9478.000
1147.811	9533.000
1147.956	9447.000
1148.101	9487.000
1148.245	9403.000
1148.390	9364.000
1148.535	9559.000
1148.680	9485.000
1148.824	9458.000
1148.969	9456.000
1149.114	9496.000
1149.259	9472.000
1149.403	9468.000
1149.548	9466.000
1149.693	9529.000
1149.837	9517.000
1149.982	9471.000
1150.127	9481.000
1150.271	9472.000
1150.416	9479.000
1150.561	9458.000
1150.705	9386.000
1150.850	9467.000
1150.994	9517.000
1151.139	9477.000
1151.284	9426.000
1151.428	9424.000
1151.573	9437.000
1151.717	9411.000
1151.862	9387.000
1152.006	9351.000
1152.151	9389.000
1152.295	9310.000
1152.440	9461.000
1152.584	9410.000
1152.729	9435.000
1152.873	9344.000
1153.018	9371.000
1153.162	9352.000
1153.307	9283.000
1153.451	9301.000
1153.596	9401.000
1153.740	9250.000
1153.885	9310.000
1154.029	9312.000
1154.174	9273.000
1154.318	9279.000
1154.462	9332.000
1154.607	9173.000
1154.751	9305.000
1154.896	9214.000
1155.040	9211.000
1155.184	9227.000
1155.329	9267.000
1155.473	9159.000
1155.617	9236.000
1155.762	9067.000
1155.906	9152.000
1156.050	9131.000
1156.194	9229.000
1156.339	9171.000
1156.483	9196.000
1156.627	9045.000
1156.772	9100.000
1156.916	9073.000
1157.060	9120.000
1157.204	9117.000
1157.349	9189.000
1157.493	9006.000
1157.637	9123.000
1157.781	8998.000
1157.925	9136.000
1158.070	9047.000
1158.214	9170.000
1158.358	8982.000
1158.502	9088.000
1158.646	8954.000
1158.790	9133.000
1158.935	9132.000
1159.079	9036.000
1159.223	9052.000
1159.367	9025.000
1159.511	8997.000
1159.655	9088.000
1159.799	9021.000
1159.943	9127.000
1160.087	8958.000
1160.231	9079.000
1160.375	9008.000
1160.519	9075.000
1160.664	8963.000
1160.808	9115.000
1160.952	9026.000
1161.096	9052.000
1161.240	8975.000
1161.384	9062.000
1161.528	8933.000
1161.672	9067.000
1161.815	9064.000
1161.959	9153.000
1162.103	9032.000
1162.247	9121.000
1162.391	8920.000
1162.535	9167.000
1162.679	8979.000
1162.823	9080.000
1162.967	8992.000
1163.111	9181.000
1163.255	9082.000
1163.399	9109.000
1163.542	9042.000
1163.686	9161.000
1163.830	9014.000
1163.974	9111.000
1164.118	9075.000
1164.262	9193.000
1164.405	9051.000
1164.549	9118.000
1164.693	9079.000
1164.837	9138.000
1164.981	9102.000
1165.124	9171.000
1165.268	9081.000
1165.412	9250.000
1165.556	9141.000
1165.699	9262.000
1165.843	9263.000
1165.987	9292.000
1166.131	9232.000
1166.274	9186.000
1166.418	9154.000
1166.562	9256.000
1166.705	9152.000
1166.849	9312.000
1166.993	9355.000
1167.136	9339.000
1167.280	9254.000
1167.424	9423.000
1167.567	9399.000
1167.711	9321.000
1167.854	9270.000
1167.998	9411.000
1168.142	9327.000
1168.285	9421.000
1168.429	9331.000
1168.572	9471.000
1168.716	9341.000
1168.859	9463.000
1169.003	9421.000
1169.147	9492.000
1169.290	9427.000
1169.434	9536.000
1169.577	9467.000
1169.721	9532.000
1169.864	9450.000
1170.008	9654.000
1170.151	9514.000
1170.294	9519.000
1170.438	9606.000
1170.581	9651.000
1170.725	9497.000
1170.868	9646.000
1171.012	9658.000
1171.155	9686.000
1171.298	9606.000
1171.442	9675.000
1171.585	9654.000
1171.729	9708.000
1171.872	9648.000
1172.015	9718.000
1172.159	9726.000
1172.302	9789.000
1172.445	9726.000
1172.589	9776.000
1172.732	9616.000
1172.875	9854.000
1173.019	9736.000
1173.162	9806.000
1173.305	9778.000
1173.449	9902.000
1173.592	9829.000
1173.735	9863.000
1173.878	9938.000
1174.022	9842.000
1174.165	9822.000
1174.308	9963.000
1174.451	9880.000
1174.594	9960.000
1174.738	9837.000
1174.881	10080.000
1175.024	10011.000
1175.167	10028.000
1175.310	9919.000
1175.454	10081.000
1175.597	10053.000
1175.740	10109.000
1175.883	9977.000
1176.026	10171.000
1176.169	10054.000
1176.312	10037.000
1176.455	10131.000
1176.598	10140.000
1176.742	10104.000
1176.885	10284.000
1177.028	10104.000
1177.171	10091.000
1177.314	10163.000
1177.457	10317.000
1177.600	10220.000
1177.743	10234.000
1177.886	10161.000
1178.029	10367.000
1178.172	10212.000
1178.315	10332.000
1178.458	10249.000
1178.601	10359.000
1178.744	10259.000
1178.887	10372.000
1179.030	10391.000
1179.173	10468.000
1179.316	10359.000
1179.458	10482.000
1179.601	10325.000
1179.744	10404.000
1179.887	10450.000
1180.030	10499.000
1180.173	10362.000
1180.316	10596.000
1180.459	10359.000
1180.602	10490.000
1180.744	10475.000
1180.887	10582.000
1181.030	10495.000
1181.173	10576.000
1181.316	10534.000
1181.458	10521.000
1181.601	10516.000
1181.744	10576.000
1181.887	10681.000
1182.030	10572.000
1182.172	10582.000
1182.315	10588.000
1182.458	10624.000
1182.601	10673.000
1182.743	10619.000
1182.886	10634.000
1183.029	10632.000
1183.171	10667.000
1183.314	10661.000
1183.457	10732.000
1183.599	10621.000
1183.742	10795.000
1183.885	10641.000
1184.027	10784.000
1184.170	10675.000
1184.313	10859.000
1184.455	10716.000
1184.598	10931.000
1184.741	10630.000
1184.883	10945.000
1185.026	10759.000
1185.168	10865.000
1185.311	10755.000
1185.453	10897.000
1185.596	10803.000
1185.739	10817.000
1185.881	10816.000
1186.024	10921.000
1186.166	10753.000
1186.309	10846.000
1186.451	10829.000
1186.594	10927.000
1186.736	10867.000
1186.879	10923.000
1187.021	10880.000
1187.164	10905.000
1187.306	10777.000
1187.448	10950.000
1187.591	10488.000
1187.733	10981.000
1187.876	10884.000
1188.018	10891.000
1188.160	10872.000
1188.303	10887.000
1188.445	10773.000
1188.588	10878.000
1188.730	10874.000
1188.872	11031.000
1189.015	10777.000
1189.157	10900.000
1189.299	10782.000
1189.442	10926.000
1189.584	10816.000
1189.726	10856.000
1189.869	10711.000
1190.011	10906.000
1190.153	10834.000
1190.295	10860.000
1190.438	10770.000
1190.580	10900.000
1190.722	10765.000
1190.864	10881.000
1191.007	10785.000
1191.149	10771.000
1191.291	10666.000
1191.433	10787.000
1191.576	10748.000
1191.718	10917.000
1191.860	10662.000
1192.002	10822.000
1192.144	10732.000
1192.286	10794.000
1192.429	10685.000
1192.571	10788.000
1192.713	10644.000
1192.855	10788.000
1192.997	10677.000
1193.139	10725.000
1193.281	10639.000
1193.423	10750.000
1193.565	10643.000
1193.707	10668.000
1193.850	10583.000
1193.992	10581.000
1194.134	10500.000
1194.276	10682.000
1194.418	10472.000
1194.560	10547.000
1194.702	10415.000
1194.844	10491.000
1194.986	10424.000
1195.128	10494.000
1195.270	10423.000
1195.412	10488.000
1195.554	10354.000
1195.696	10468.000
1195.837	10365.000
1195.979	10366.000
1196.121	10230.000
1196.263	10349.000
1196.405	10315.000
1196.547	10354.000
1196.689	10118.000
1196.831	10292.000
1196.973	10135.000
1197.115	10180.000
1197.256	10083.000
1197.398	10115.000
1197.540	10042.000
1197.682	10096.000
1197.824	9955.000
1197.966	10100.000
1198.107	9919.000
1198.249	9984.000
1198.391	9962.000
1198.533	9950.000
1198.675	9832.000
1198.816	9857.000
1198.958	9757.000
1199.100	9942.000
1199.242	9828.000
1199.383	9781.000
1199.525	9681.000
1199.667	9675.000
1199.808	9681.000
1199.950	9717.000
1200.092	9699.000
1200.233	9741.000
1200.375	9527.000
1200.517	9644.000
1200.658	9519.000
1200.800	9607.000
1200.942	9464.000
1201.083	9553.000
1201.225	9486.000
1201.367	9540.000
1201.508	9396.000
1201.650	9340.000
1201.791	9287.000
1201.933	9479.000
1202.074	9213.000
1202.216	9311.000
1202.358	9207.000
1202.499	9294.000
1202.641	9172.000
1202.782	9249.000
1202.924	9136.000
1203.065	9298.000
1203.207	9055.000
1203.348	9251.000
1203.490	9087.000
1203.631	9176.000
1203.773	9069.000
1203.914	9161.000
1204.056	9016.000
1204.197	9151.000
1204.338	8966.000
1204.480	9068.000
1204.621	8961.000
1204.763	9073.000
1204.904	8888.000
1205.045	9036.000
1205.187	9069.000
1205.328	9068.000
1205.470	8929.000
1205.611	9036.000
1205.752	8879.000
1205.894	9020.000
1206.035	8892.000
1206.176	9004.000
1206.318	8803.000
1206.459	9140.000
1206.600	8901.000
1206.741	9055.000
1206.883	8830.000
1207.024	9011.000
1207.165	8930.000
1207.306	8977.000
1207.448	8819.000
1207.589	8948.000
1207.730	8837.000
1207.871	8996.000
1208.013	8872.000
1208.154	8970.000
1208.295	8774.000
1208.436	8922.000
1208.577	8824.000
1208.719	8903.000
1208.860	8794.000
1209.001	8978.000
1209.142	8708.000
1209.283	8952.000
1209.424	8729.000
1209.565	8942.000
1209.706	8812.000
1209.848	8997.000
1209.989	8795.000
1210.130	8886.000
1210.271	8766.000
1210.412	8860.000
1210.553	8814.000
1210.694	8973.000
1210.835	8764.000
1210.976	8957.000
1211.117	8651.000
1211.258	8916.000
1211.399	8794.000
1211.540	8918.000
1211.681	8714.000
1211.822	8855.000
1211.963	8845.000
1212.104	8870.000
1212.245	8764.000
1212.386	8947.000
1212.527	8741.000
1212.668	8924.000
1212.809	8727.000
1212.950	8948.000
1213.090	8750.000
1213.231	8842.000
1213.372	8731.000
1213.513	8908.000
1213.654	8768.000
1213.795	8820.000
1213.936	8682.000
1214.077	8862.000
1214.217	8819.000
1214.358	8905.000
1214.499	8795.000
1214.640	8955.000
1214.781	8765.000
1214.921	8895.000
1215.062	8691.000
1215.203	8860.000
1215.344	8654.000
1215.485	8820.000
1215.625	8783.000
1215.766	8913.000
1215.907	8744.000
1216.047	8913.000
1216.188	8711.000
1216.329	8866.000
1216.470	8659.000
1216.610	8879.000
1216.751	8712.000
1216.892	8736.000
1217.032	8615.000
1217.173	8810.000
1217.314	8779.000
1217.454	8801.000
1217.595	8687.000
1217.735	8814.000
1217.876	8722.000
1218.017	8835.000
1218.157	8682.000
1218.298	8874.000
1218.438	8675.000
1218.579	8804.000
1218.720	8659.000
1218.860	8893.000
1219.001	8694.000
1219.141	8780.000
1219.282	8739.000
1219.422	8768.000
1219.563	8674.000
1219.703	8716.000
1219.844	8633.000
1219.984	8852.000
1220.125	8737.000
1220.265	8809.000
1220.406	8670.000
1220.546	8806.000
1220.687	8706.000
1220.827	8752.000
1220.967	8631.000
1221.108	8816.000
1221.248	8605.000
1221.389	8772.000
1221.529	8673.000
1221.669	8794.000
1221.810	8684.000
1221.950	8748.000
1222.091	8633.000
1222.231	8821.000
1222.371	8708.000
1222.512	8768.000
1222.652	8720.000
1222.792	8850.000
1222.933	8584.000
1223.073	8740.000
1223.213	8755.000
1223.353	8909.000
1223.494	8712.000
1223.634	8766.000
1223.774	8689.000
1223.914	8790.000
1224.055	8642.000
1224.195	8807.000
1224.335	8682.000
1224.475	8815.000
1224.616	8663.000
1224.756	8783.000
1224.896	8612.000
1225.036	8835.000
1225.176	8750.000
1225.316	8886.000
1225.457	8605.000
1225.597	8840.000
1225.737	8689.000
1225.877	8866.000
1226.017	8679.000
1226.157	8892.000
1226.297	8676.000
1226.437	8812.000
1226.578	8707.000
1226.718	8821.000
1226.858	8655.000
1226.998	8880.000
1227.138	8738.000
1227.278	8828.000
1227.418	8759.000
1227.558	8814.000
1227.698	8749.000
1227.838	8909.000
1227.978	8735.000
1228.118	8832.000
1228.258	8663.000
1228.398	8850.000
1228.538	8757.000
1228.678	8795.000
1228.818	8767.000
1228.958	8852.000
1229.098	8758.000
1229.238	8912.000
1229.377	8725.000
1229.517	8853.000
1229.657	8832.000
1229.797	8863.000
1229.937	8745.000
1230.077	8962.000
1230.217	8802.000
1230.357	8921.000
1230.496	8844.000
1230.636	8929.000
1230.776	8810.000
1230.916	8847.000
1231.056	8806.000
1231.196	8935.000
1231.335	8755.000
1231.475	8849.000
1231.615	8882.000
1231.755	8896.000
1231.894	8777.000
1232.034	8887.000
1232.174	8769.000
1232.314	9020.000
1232.453	8799.000
1232.593	8893.000
1232.733	8819.000
1232.873	8991.000
1233.012	9352.000
1233.152	8917.000
1233.292	8808.000
1233.431	8926.000
1233.571	8743.000
1233.711	8984.000
1233.850	8780.000
1233.990	9002.000
1234.129	8776.000
1234.269	8793.000
1234.409	8872.000
1234.548	8913.000
1234.688	8796.000
1234.828	8918.000
1234.967	8798.000
1235.107	9007.000
1235.246	8792.000
1235.386	8864.000
1235.525	8795.000
1235.665	8896.000
1235.804	8782.000
1235.944	8892.000
1236.083	8806.000
1236.223	8888.000
1236.362	8872.000
1236.502	8885.000
1236.641	8800.000
1236.781	9016.000
1236.920	8809.000
1237.060	8901.000
1237.199	8810.000
1237.339	8842.000
1237.478	8783.000
1237.617	8875.000
1237.757	8793.000
1237.896	8798.000
1238.036	8820.000
1238.175	8812.000
1238.314	8825.000
1238.454	8882.000
1238.593	8775.000
1238.732	8912.000
1238.872	8784.000
1239.011	8976.000
1239.150	8833.000
1239.290	8894.000
1239.429	8865.000
1239.568	8884.000
1239.708	8823.000
1239.847	8901.000
1239.986	8850.000
1240.125	8898.000
1240.265	8862.000
1240.404	8954.000
1240.543	8941.000
1240.682	8931.000
1240.822	8889.000
1240.961	8873.000
1241.100	8857.000
1241.239	8939.000
1241.378	8836.000
1241.518	9031.000
1241.657	8890.000
1241.796	9035.000
1241.935	8884.000
1242.074	8966.000
1242.213	8893.000
1242.352	8999.000
1242.492	8844.000
1242.631	9049.000
1242.770	8905.000
1242.909	9051.000
1243.048	8944.000
1243.187	9089.000
1243.326	8920.000
1243.465	9108.000
1243.604	8923.000
1243.743	9031.000
1243.882	8924.000
1244.021	9135.000
1244.160	8957.000
1244.299	9114.000
1244.438	8994.000
1244.577	9141.000
1244.716	8962.000
1244.855	9067.000
1244.994	9015.000
1245.133	9180.000
1245.272	9078.000
1245.411	9185.000
1245.550	9140.000
1245.689	9256.000
1245.828	9143.000
1245.967	9153.000
1246.106	9138.000
1246.244	9281.000
1246.383	9112.000
1246.522	9190.000
1246.661	9130.000
1246.800	9318.000
1246.939	9065.000
1247.078	9268.000
1247.216	9093.000
1247.355	9361.000
1247.494	9249.000
1247.633	9280.000
1247.772	9137.000
1247.910	9284.000
1248.049	9188.000
1248.188	9295.000
1248.327	9243.000
1248.465	9325.000
1248.604	9195.000
1248.743	9323.000
1248.882	9250.000
1249.020	9320.000
1249.159	9296.000
1249.298	9325.000
1249.436	9243.000
1249.575	9387.000
1249.714	9244.000
1249.852	9328.000
1249.991	9221.000
1250.130	9393.000
1250.268	9171.000
1250.407	9400.000
1250.546	9336.000
1250.684	9309.000
1250.823	9293.000
1250.961	9458.000
1251.100	9282.000
1251.239	9445.000
1251.377	9303.000
1251.516	9362.000
1251.654	9270.000
1251.793	9363.000
1251.931	9319.000
1252.070	9361.000
1252.208	9337.000
1252.347	9427.000
1252.485	9354.000
1252.624	9420.000
1252.762	9313.000
1252.901	9505.000
1253.039	9412.000
1253.178	9458.000
1253.316	9405.000
1253.455	9486.000
1253.593	9377.000
1253.732	9458.000
1253.870	8239.000
1254.008	9467.000
1254.147	9364.000
1254.285	9427.000
1254.424	9316.000
1254.562	9490.000
1254.700	9350.000
1254.839	9474.000
1254.977	9408.000
1255.115	9515.000
1255.254	9386.000
1255.392	9461.000
1255.530	9379.000
1255.669	9559.000
1255.807	9404.000
1255.945	9472.000
1256.084	9345.000
1256.222	9515.000
1256.360	9354.000
1256.498	9449.000
1256.637	9408.000
1256.775	9459.000
1256.913	9412.000
1257.051	9504.000
1257.189	9376.000
1257.328	9560.000
1257.466	9355.000
1257.604	9577.000
1257.742	9403.000
1257.880	9461.000
1258.019	9414.000
1258.157	9437.000
1258.295	9366.000
1258.433	9386.000
1258.571	9306.000
1258.709	9382.000
1258.847	9340.000
1258.986	9501.000
1259.124	9343.000
1259.262	9489.000
1259.400	9300.000
1259.538	9435.000
1259.676	9286.000
1259.814	9413.000
1259.952	9257.000
1260.090	9380.000
1260.228	9231.000
1260.366	9383.000
1260.504	9250.000
1260.642	9426.000
1260.780	9337.000
1260.918	9438.000
1261.056	9329.000
1261.194	9459.000
1261.332	9223.000
1261.470	9376.000
1261.608	9327.000
1261.746	9427.000
1261.884	9235.000
1262.022	9499.000
1262.160	13813.000
1262.297	9486.000
1262.435	9330.000
1262.573	9389.000
1262.711	9293.000
1262.849	9403.000
1262.987	9233.000
1263.125	9398.000
1263.262	9396.000
1263.400	9511.000
1263.538	9359.000
1263.676	9381.000
1263.814	9288.000
1263.952	9411.000
1264.089	9406.000
1264.227	9473.000
1264.365	9327.000
1264.503	9438.000
1264.640	9258.000
1264.778	9441.000
1264.916	9349.000
1265.054	9477.000
1265.191	9298.000
1265.329	9424.000
1265.467	9339.000
1265.604	9384.000
1265.742	9248.000
1265.880	9319.000
1266.017	9251.000
1266.155	9418.000
1266.293	9270.000
1266.430	9352.000
1266.568	9213.000
1266.706	9403.000
1266.843	9253.000
1266.981	9366.000
1267.119	9207.000
1267.256	9351.000
1267.394	9083.000
1267.531	9359.000
1267.669	9156.000
1267.806	9322.000
1267.944	9114.000
1268.081	9333.000
1268.219	9184.000
1268.357	9297.000
1268.494	9169.000
1268.632	9319.000
1268.769	9098.000
1268.907	9325.000
1269.044	9216.000
1269.182	9190.000
1269.319	9118.000
1269.456	9288.000
1269.594	9138.000
1269.731	9201.000
1269.869	9130.000
1270.006	9233.000
1270.144	9131.000
1270.281	9224.000
1270.418	9178.000
1270.556	9275.000
1270.693	9159.000
1270.831	9295.000
1270.968	9103.000
1271.105	9296.000
1271.243	9012.000
1271.380	9202.000
1271.517	9200.000
1271.655	9298.000
1271.792	9121.000
1271.929	9191.000
1272.066	9163.000
1272.204	9286.000
1272.341	9159.000
1272.478	9275.000
1272.616	9111.000
1272.753	9266.000
1272.890	9129.000
1273.027	9188.000
1273.165	9093.000
1273.302	9249.000
1273.439	9095.000
1273.576	9097.000
1273.713	9143.000
1273.851	9302.000
1273.988	9150.000
1274.125	9172.000
1274.262	9082.000
1274.399	9124.000
1274.536	9146.000
1274.673	9235.000
