929.762	8912.000
929.906	8901.000
930.049	8877.000
930.193	8971.000
930.337	8868.000
930.481	8976.000
930.625	8867.000
930.769	8937.000
930.913	8865.000
931.057	8915.000
931.201	8839.000
931.345	8962.000
931.488	8866.000
931.632	8851.000
931.776	8862.000
931.920	8993.000
932.064	8785.000
932.208	8958.000
932.352	8829.000
932.495	8937.000
932.639	8826.000
932.783	8829.000
932.927	8985.000
933.071	8896.000
933.215	8868.000
933.359	8894.000
933.502	8868.000
933.646	8848.000
933.790	8813.000
933.934	8852.000
934.078	8887.000
934.221	8923.000
934.365	8888.000
934.509	8877.000
934.653	8757.000
934.797	8820.000
934.940	8899.000
935.084	8809.000
935.228	8867.000
935.372	8893.000
935.515	8834.000
935.659	8905.000
935.803	8825.000
935.947	8929.000
936.090	8771.000
936.234	8857.000
936.378	8876.000
936.522	8801.000
936.665	8794.000
936.809	8866.000
936.953	8787.000
937.097	8772.000
937.240	8846.000
937.384	8862.000
937.528	8791.000
937.671	8863.000
937.815	8765.000
937.959	8845.000
938.102	8735.000
938.246	8742.000
938.390	8805.000
938.534	8743.000
938.677	8744.000
938.821	8736.000
938.965	8700.000
939.108	8793.000
939.252	8752.000
939.396	8683.000
939.539	8697.000
939.683	8784.000
939.826	8715.000
939.970	8714.000
940.114	8690.000
940.257	8768.000
940.401	8618.000
940.545	8694.000
940.688	8639.000
940.832	8650.000
940.975	8627.000
941.119	8771.000
941.263	8610.000
941.406	8698.000
941.550	8662.000
941.693	8665.000
941.837	8561.000
941.981	8648.000
942.124	8611.000
942.268	8630.000
942.411	8630.000
942.555	8601.000
942.698	8626.000
942.842	8657.000
942.986	8608.000
943.129	8624.000
943.273	8631.000
943.416	8604.000
943.560	8528.000
943.703	8611.000
943.847	8591.000
943.990	8601.000
944.134	8576.000
944.277	8563.000
944.421	8516.000
944.564	8493.000
944.708	8523.000
944.851	8668.000
944.995	8519.000
945.138	8578.000
945.282	8515.000
945.425	8558.000
945.569	8575.000
945.712	8587.000
945.856	8411.000
945.999	8655.000
946.143	8506.000
946.286	8499.000
946.430	8567.000
946.573	8594.000
946.716	8547.000
946.860	8540.000
947.003	8535.000
947.147	8568.000
947.290	8524.000
947.434	8647.000
947.577	8523.000
947.720	8607.000
947.864	8438.000
948.007	8479.000
948.151	8612.000
948.294	8616.000
948.437	8534.000
948.581	8622.000
948.724	8534.000
948.868	8554.000
949.011	8490.000
949.154	8564.000
949.298	8571.000
949.441	8618.000
949.584	8516.000
949.728	8577.000
949.871	8550.000
950.015	8597.000
950.158	8530.000
950.301	8513.000
950.445	8507.000
950.588	8637.000
950.731	8589.000
950.875	8591.000
951.018	8519.000
951.161	8617.000
951.304	8543.000
951.448	8534.000
951.591	8465.000
951.734	8542.000
951.878	8465.000
952.021	8631.000
952.164	8530.000
952.308	8606.000
952.451	8502.000
952.594	8550.000
952.737	8487.000
952.881	8498.000
953.024	8479.000
953.167	8574.000
953.310	8448.000
953.454	8531.000
953.597	8531.000
953.740	8502.000
953.883	8486.000
954.027	8562.000
954.170	8404.000
954.313	8553.000
954.456	8461.000
954.600	8496.000
954.743	8538.000
954.886	8571.000
955.029	8425.000
955.172	8537.000
955.316	8312.000
955.459	8466.000
955.602	8415.000
955.745	8533.000
955.888	8486.000
956.032	8546.000
956.175	8362.000
956.318	8419.000
956.461	8440.000
956.604	8435.000
956.747	8447.000
956.890	8556.000
957.034	8416.000
957.177	8426.000
957.320	8336.000
957.463	8473.000
957.606	8397.000
957.749	8523.000
957.892	8331.000
958.036	8464.000
958.179	8290.000
958.322	8517.000
958.465	8446.000
958.608	8400.000
958.751	8413.000
958.894	8420.000
959.037	8336.000
959.180	8426.000
959.323	8358.000
959.467	8506.000
959.610	8320.000
959.753	8455.000
959.896	8345.000
960.039	8425.000
960.182	8289.000
960.325	8526.000
960.468	8348.000
960.611	8434.000
960.754	8311.000
960.897	8384.000
961.040	8245.000
961.183	8407.000
961.326	8370.000
961.469	8489.000
961.612	8337.000
961.755	8462.000
961.898	8227.000
962.041	8492.000
962.184	8281.000
962.327	8427.000
962.470	8313.000
962.613	8523.000
962.756	8375.000
962.899	8440.000
963.042	8334.000
963.185	8457.000
963.328	8301.000
963.471	8416.000
963.614	8320.000
963.757	8476.000
963.900	8283.000
964.043	8390.000
964.186	8309.000
964.329	8398.000
964.472	8338.000
964.615	8444.000
964.758	8296.000
964.900	8500.000
965.043	8341.000
965.186	8487.000
965.329	8462.000
965.472	8526.000
965.615	8394.000
965.758	8417.000
965.901	8322.000
966.044	8452.000
966.187	8302.000
966.329	8466.000
966.472	8474.000
966.615	8536.000
966.758	8345.000
966.901	8492.000
967.044	8472.000
967.187	8429.000
967.330	8330.000
967.472	8504.000
967.615	8349.000
967.758	8493.000
967.901	8354.000
968.044	8519.000
968.187	8306.000
968.329	8458.000
968.472	8394.000
968.615	8474.000
968.758	8380.000
968.901	8458.000
969.043	8410.000
969.186	8439.000
969.329	8351.000
969.472	8558.000
969.615	8418.000
969.757	8411.000
969.900	8415.000
970.043	8509.000
970.186	8331.000
970.328	8505.000
970.471	8460.000
970.614	8548.000
970.757	8408.000
970.899	8450.000
971.042	8398.000
971.185	8448.000
971.328	8373.000
971.470	8464.000
971.613	8411.000
971.756	8517.000
971.899	8379.000
972.041	8477.000
972.184	8218.000
972.327	8524.000
972.469	8330.000
972.612	8448.000
972.755	8327.000
972.898	8509.000
973.040	8331.000
973.183	8440.000
973.326	8446.000
973.468	8386.000
973.611	8295.000
973.754	8457.000
973.896	8367.000
974.039	8440.000
974.182	8280.000
974.324	8547.000
974.467	8413.000
974.610	8476.000
974.752	8343.000
974.895	8459.000
975.037	8392.000
975.180	8481.000
975.323	8287.000
975.465	8474.000
975.608	8325.000
975.751	8329.000
975.893	8359.000
976.036	8407.000
976.178	8318.000
976.321	8501.000
976.464	8266.000
976.606	8279.000
976.749	8296.000
976.891	8487.000
977.034	8339.000
977.176	8357.000
977.319	8226.000
977.462	8487.000
977.604	8261.000
977.747	8416.000
977.889	8304.000
978.032	8402.000
978.174	8285.000
978.317	8413.000
978.459	8386.000
978.602	8456.000
978.744	8300.000
978.887	8477.000
979.029	8241.000
979.172	8360.000
979.314	8344.000
979.457	8411.000
979.599	8207.000
979.742	8480.000
979.884	8192.000
980.027	8335.000
980.169	8282.000
980.312	8435.000
980.454	8270.000
980.597	8395.000
980.739	8305.000
980.882	8297.000
981.024	8213.000
981.167	8355.000
981.309	8363.000
981.452	8293.000
981.594	8255.000
981.736	8307.000
981.879	8293.000
982.021	8399.000
982.164	8229.000
982.306	8329.000
982.449	8256.000
982.591	8348.000
982.733	8276.000
982.876	8370.000
983.018	8175.000
983.161	8408.000
983.303	8214.000
983.445	8363.000
983.588	8224.000
983.730	8440.000
983.873	8254.000
984.015	8496.000
984.157	8182.000
984.300	8499.000
984.442	8278.000
984.584	8411.000
984.727	8269.000
984.869	8419.000
985.011	8281.000
985.154	8293.000
985.296	8247.000
985.438	8409.000
985.581	8252.000
985.723	8351.000
985.865	8260.000
986.008	8394.000
986.150	8346.000
986.292	8422.000
986.435	8307.000
986.577	8394.000
986.719	8209.000
986.861	8434.000
987.004	7930.000
987.146	8444.000
987.288	8290.000
987.431	8360.000
987.573	8355.000
987.715	8352.000
987.857	8161.000
988.000	8338.000
988.142	8287.000
988.284	8471.000
988.426	8238.000
988.569	8348.000
988.711	8238.000
988.853	8425.000
988.995	8276.000
989.138	8378.000
989.280	8220.000
989.422	8421.000
989.564	8292.000
989.706	8401.000
989.849	8250.000
989.991	8414.000
990.133	8239.000
990.275	8410.000
990.417	8311.000
990.560	8347.000
990.702	8168.000
990.844	8335.000
990.986	8256.000
991.128	8550.000
991.270	8244.000
991.413	8415.000
991.555	8285.000
991.697	8404.000
991.839	8285.000
991.981	8439.000
992.123	8264.000
992.265	8431.000
992.408	8289.000
992.550	8403.000
992.692	8294.000
992.834	8441.000
992.976	8307.000
993.118	8410.000
993.260	8284.000
993.402	8364.000
993.544	8213.000
993.687	8435.000
993.829	8246.000
993.971	8328.000
994.113	8238.000
994.255	8333.000
994.397	8241.000
994.539	8386.000
994.681	8294.000
994.823	8431.000
994.965	8253.000
995.107	8436.000
995.249	8334.000
995.391	8381.000
995.533	8248.000
995.675	8405.000
995.817	8320.000
995.959	8393.000
996.101	8224.000
996.243	8439.000
996.385	8286.000
996.527	8367.000
996.669	8221.000
996.811	8415.000
996.953	8271.000
997.095	8412.000
997.237	8207.000
997.379	8403.000
997.521	8242.000
997.663	8343.000
997.805	8360.000
997.947	8352.000
998.089	8251.000
998.231	8339.000
998.373	8236.000
998.515	8472.000
998.657	8327.000
998.799	8381.000
998.941	8284.000
999.083	8298.000
999.225	8307.000
999.367	8369.000
999.509	8342.000
999.651	8460.000
999.793	8232.000
999.934	8400.000
1000.076	8259.000
1000.218	8433.000
1000.360	8273.000
1000.502	8389.000
1000.644	8324.000
1000.786	8415.000
1000.928	8329.000
1001.070	8278.000
1001.212	8219.000
1001.353	8432.000
1001.495	8185.000
1001.637	8348.000
1001.779	8230.000
1001.921	8324.000
1002.063	8230.000
1002.205	8339.000
1002.346	8226.000
1002.488	8427.000
1002.630	8130.000
1002.772	8402.000
1002.914	8253.000
1003.055	8359.000
1003.197	8242.000
1003.339	8359.000
1003.481	8232.000
1003.623	8363.000
1003.765	8210.000
1003.906	8351.000
1004.048	8227.000
1004.190	8380.000
1004.332	8154.000
1004.473	8338.000
1004.615	8363.000
1004.757	8380.000
1004.899	8240.000
1005.041	8402.000
1005.182	8201.000
1005.324	8373.000
1005.466	8200.000
1005.608	8397.000
1005.749	8165.000
1005.891	8459.000
1006.033	8281.000
1006.175	8457.000
1006.316	8206.000
1006.458	8394.000
1006.600	8304.000
1006.741	8369.000
1006.883	8205.000
1007.025	8340.000
1007.167	8220.000
1007.308	8387.000
1007.450	8300.000
1007.592	8396.000
1007.733	8179.000
1007.875	8355.000
1008.017	8246.000
1008.158	8335.000
1008.300	8245.000
1008.442	8371.000
1008.583	8180.000
1008.725	8394.000
1008.867	8150.000
1009.008	8363.000
1009.150	8226.000
1009.292	8462.000
1009.433	8253.000
1009.575	8337.000
1009.716	8209.000
1009.858	8299.000
1010.000	8247.000
1010.141	8429.000
1010.283	8211.000
1010.425	8391.000
1010.566	8086.000
1010.708	8355.000
1010.849	8240.000
1010.991	8363.000
1011.132	8174.000
1011.274	8331.000
1011.416	8314.000
1011.557	8294.000
1011.699	8218.000
1011.840	8373.000
1011.982	8189.000
1012.123	8382.000
1012.265	8181.000
1012.407	8441.000
1012.548	8206.000
1012.690	8312.000
1012.831	8160.000
1012.973	8346.000
1013.114	8256.000
1013.256	8382.000
1013.397	8302.000
1013.539	8575.000
1013.680	8559.000
1013.822	8710.000
1013.963	8561.000
1014.105	8785.000
1014.246	8644.000
1014.388	9000.000
1014.529	8959.000
1014.671	9163.000
1014.812	8634.000
1014.954	8551.000
1015.095	8394.000
1015.237	8411.000
1015.378	8200.000
1015.520	8341.000
1015.661	8131.000
1015.803	8293.000
1015.944	8071.000
1016.085	8280.000
1016.227	8145.000
1016.368	8164.000
1016.510	8070.000
1016.651	8235.000
1016.793	8216.000
1016.934	8198.000
1017.075	8094.000
1017.217	8238.000
1017.358	8110.000
1017.500	8243.000
1017.641	8073.000
1017.782	8258.000
1017.924	8107.000
1018.065	8232.000
1018.207	8072.000
1018.348	8300.000
1018.489	8062.000
1018.631	8223.000
1018.772	8093.000
1018.913	8202.000
1019.055	8043.000
1019.196	8125.000
1019.337	8054.000
1019.479	8257.000
1019.620	8116.000
1019.761	8189.000
1019.903	8069.000
1020.044	8243.000
1020.185	8074.000
1020.327	8130.000
1020.468	8001.000
1020.609	8203.000
1020.751	8027.000
1020.892	8169.000
1021.033	8063.000
1021.175	8199.000
1021.316	8052.000
1021.457	8150.000
1021.598	8016.000
1021.740	8233.000
1021.881	8051.000
1022.022	8171.000
1022.164	8109.000
1022.305	8213.000
1022.446	7975.000
1022.587	8163.000
1022.729	8108.000
1022.870	8269.000
1023.011	8065.000
1023.152	8138.000
1023.294	8060.000
1023.435	8135.000
1023.576	8011.000
1023.717	8193.000
1023.858	8057.000
1024.000	8182.000
1024.141	8040.000
1024.282	8122.000
1024.423	8023.000
1024.564	8275.000
1024.706	8071.000
1024.847	8239.000
1024.988	8024.000
1025.129	8238.000
1025.270	8065.000
1025.412	8258.000
1025.553	8039.000
1025.694	8262.000
1025.835	8051.000
1025.976	8195.000
1026.117	8063.000
1026.258	8217.000
1026.400	8027.000
1026.541	8239.000
1026.682	8086.000
1026.823	8198.000
1026.964	8099.000
1027.105	8167.000
1027.246	8106.000
1027.388	8265.000
1027.529	8121.000
1027.670	8194.000
1027.811	8057.000
1027.952	8251.000
1028.093	8110.000
1028.234	8175.000
1028.375	8111.000
1028.516	8197.000
1028.657	8130.000
1028.798	8275.000
1028.939	8067.000
1029.081	8225.000
1029.222	8184.000
1029.363	8262.000
1029.504	8077.000
1029.645	8334.000
1029.786	8182.000
1029.927	8285.000
1030.068	8165.000
1030.209	8278.000
1030.350	8178.000
1030.491	8259.000
1030.632	8152.000
1030.773	8295.000
1030.914	8128.000
1031.055	8261.000
1031.196	8213.000
1031.337	8288.000
1031.478	8173.000
1031.619	8226.000
1031.760	8122.000
1031.901	8344.000
1032.042	8127.000
1032.183	8299.000
1032.324	8197.000
1032.465	8379.000
1032.606	8703.000
1032.747	8279.000
1032.888	8194.000
1033.029	8300.000
1033.170	8095.000
1033.311	8323.000
1033.452	8098.000
1033.592	8377.000
1033.733	8119.000
1033.874	8184.000
1034.015	8222.000
1034.156	8282.000
1034.297	8155.000
1034.438	8266.000
1034.579	8163.000
1034.720	8370.000
1034.861	8128.000
1035.002	8228.000
1035.142	8128.000
1035.283	8226.000
1035.424	8107.000
1035.565	8241.000
1035.706	8141.000
1035.847	8240.000
1035.988	8180.000
1036.129	8210.000
1036.269	8115.000
1036.410	8339.000
1036.551	8161.000
1036.692	8249.000
1036.833	8110.000
1036.974	8185.000
1037.114	8129.000
1037.255	8212.000
1037.396	8127.000
1037.537	8154.000
1037.678	8171.000
1037.819	8183.000
1037.959	8111.000
1038.100	8250.000
1038.241	8099.000
1038.382	8243.000
1038.523	8137.000
1038.663	8302.000
1038.804	8154.000
1038.945	8206.000
1039.086	8178.000
1039.226	8223.000
1039.367	8193.000
1039.508	8262.000
1039.649	8165.000
1039.789	8227.000
1039.930	8190.000
1040.071	8252.000
1040.212	8254.000
1040.352	8247.000
1040.493	8176.000
1040.634	8187.000
1040.775	8189.000
1040.915	8254.000
1041.056	8168.000
1041.197	8308.000
1041.337	8202.000
1041.478	8351.000
1041.619	8181.000
1041.760	8278.000
1041.900	8202.000
1042.041	8292.000
1042.182	8111.000
1042.322	8359.000
1042.463	8198.000
1042.604	8362.000
1042.744	8261.000
1042.885	8408.000
1043.026	8200.000
1043.166	8371.000
1043.307	8201.000
1043.448	8329.000
1043.588	8193.000
1043.729	8410.000
1043.869	8194.000
1044.010	8375.000
1044.151	8231.000
1044.291	8400.000
1044.432	8207.000
1044.573	8356.000
1044.713	8263.000
1044.854	8435.000
1044.994	8293.000
1045.135	8412.000
1045.276	8323.000
1045.416	8451.000
1045.557	8325.000
1045.697	8396.000
1045.838	8351.000
1045.978	8504.000
1046.119	8328.000
1046.260	8457.000
1046.400	8311.000
1046.541	8496.000
1046.681	8285.000
1046.822	8528.000
1046.962	8326.000
1047.103	8564.000
1047.243	8476.000
1047.384	8512.000
1047.524	8343.000
1047.665	8496.000
1047.805	8356.000
1047.946	8450.000
1048.087	8368.000
1048.227	8510.000
1048.368	8410.000
1048.508	8464.000
1048.649	8408.000
1048.789	8531.000
1048.929	8443.000
1049.070	8508.000
1049.210	8383.000
1049.351	8591.000
1049.491	8371.000
1049.632	8533.000
1049.772	8389.000
1049.913	8526.000
1050.053	8311.000
1050.194	8560.000
1050.334	8461.000
1050.475	8514.000
1050.615	8446.000
1050.755	8591.000
1050.896	8421.000
1051.036	8548.000
1051.177	8455.000
1051.317	8519.000
1051.458	8401.000
1051.598	8505.000
1051.738	8429.000
1051.879	8458.000
1052.019	8451.000
1052.160	8540.000
1052.300	8464.000
1052.440	8539.000
1052.581	8431.000
1052.721	8615.000
1052.861	8547.000
1053.002	8584.000
1053.142	8535.000
1053.282	8597.000
1053.423	8476.000
1053.563	8627.000
1053.704	7319.000
1053.844	8594.000
1053.984	8484.000
1054.125	8525.000
1054.265	8434.000
1054.405	8618.000
1054.546	8463.000
1054.686	8630.000
1054.826	8563.000
1054.966	8612.000
1055.107	8519.000
1055.247	8578.000
1055.387	8475.000
1055.528	8649.000
1055.668	8514.000
1055.808	8608.000
1055.948	8407.000
1056.089	8620.000
1056.229	8431.000
1056.369	8550.000
1056.510	8479.000
1056.650	8554.000
1056.790	8465.000
1056.930	8598.000
1057.071	8417.000
1057.211	8655.000
1057.351	8371.000
1057.491	8661.000
1057.632	8506.000
1057.772	8555.000
1057.912	8517.000
1058.052	8496.000
1058.192	8433.000
1058.333	8493.000
1058.473	8389.000
1058.613	8474.000
1058.753	8427.000
1058.893	8623.000
1059.034	8419.000
1059.174	8620.000
1059.314	8391.000
1059.454	8526.000
1059.594	8394.000
1059.734	8456.000
1059.875	8301.000
1060.015	8486.000
1060.155	8314.000
1060.295	8466.000
1060.435	8342.000
1060.575	8531.000
1060.716	8461.000
1060.856	8532.000
1060.996	8375.000
1061.136	8603.000
1061.276	8335.000
1061.416	8499.000
1061.556	8448.000
1061.696	8582.000
1061.837	8377.000
1061.977	8623.000
1062.117	13074.000
1062.257	8619.000
1062.397	8445.000
1062.537	8540.000
1062.677	8495.000
1062.817	8557.000
1062.957	8351.000
1063.097	8583.000
1063.237	8536.000
1063.377	8696.000
1063.517	8576.000
1063.658	8718.000
1063.798	8689.000
1063.938	8864.000
1064.078	8841.000
1064.218	8966.000
1064.358	8863.000
1064.498	9029.000
1064.638	8902.000
1064.778	9099.000
1064.918	9123.000
1065.058	9341.000
1065.198	9141.000
1065.338	9022.000
1065.478	8741.000
1065.618	8686.000
1065.758	8527.000
1065.898	8594.000
1066.038	8490.000
1066.178	8721.000
1066.318	8522.000
1066.458	8631.000
1066.598	8465.000
1066.738	8726.000
1066.878	8542.000
1067.018	8714.000
1067.158	8479.000
1067.297	8665.000
1067.437	8414.000
1067.577	8649.000
1067.717	8419.000
1067.857	8661.000
1067.997	8456.000
1068.137	8710.000
1068.277	8539.000
1068.417	8650.000
1068.557	8549.000
1068.697	8709.000
1068.837	8446.000
1068.977	8714.000
1069.116	8624.000
1069.256	8628.000
1069.396	8525.000
1069.536	8737.000
1069.676	8548.000
1069.816	8667.000
1069.956	8582.000
1070.096	8676.000
1070.235	8600.000
1070.375	8662.000
1070.515	8629.000
1070.655	8721.000
1070.795	8631.000
1070.935	8777.000
1071.074	8559.000
1071.214	8732.000
1071.354	8554.000
1071.494	8720.000
1071.634	8656.000
1071.774	8862.000
1071.913	8644.000
1072.053	8736.000
1072.193	8708.000
1072.333	8847.000
1072.473	8683.000
1072.612	8868.000
1072.752	8688.000
1072.892	8850.000
1073.032	8664.000
1073.172	8755.000
1073.311	8703.000
1073.451	8875.000
1073.591	8674.000
1073.731	8749.000
1073.870	8730.000
1074.010	8900.000
1074.150	8774.000
1074.290	8810.000
1074.429	8759.000
1074.569	8769.000
1074.709	8812.000
1074.848	8911.000
