1159.948	8005.000
1160.095	7820.000
1160.241	7930.000
1160.387	7888.000
1160.533	7928.000
1160.679	7877.000
1160.825	7906.000
1160.971	7864.000
1161.117	7890.000
1161.263	7843.000
1161.410	7822.000
1161.556	7862.000
1161.702	7887.000
1161.848	7756.000
1161.994	7854.000
1162.140	7855.000
1162.286	7779.000
1162.432	7834.000
1162.578	7802.000
1162.724	7811.000
1162.870	7758.000
1163.016	7706.000
1163.162	7907.000
1163.308	7751.000
1163.454	7811.000
1163.599	7690.000
1163.745	7805.000
1163.891	7692.000
1164.037	7719.000
1164.183	7660.000
1164.329	7765.000
1164.475	7740.000
1164.621	7746.000
1164.767	7687.000
1164.912	7663.000
1165.058	7670.000
1165.204	7755.000
1165.350	7612.000
1165.496	7731.000
1165.642	7675.000
1165.787	7665.000
1165.933	7708.000
1166.079	7636.000
1166.225	7723.000
1166.370	7601.000
1166.516	7647.000
1166.662	7651.000
1166.808	7587.000
1166.953	7623.000
1167.099	7643.000
1167.245	7610.000
1167.390	7576.000
1167.536	7662.000
1167.682	7656.000
1167.827	7581.000
1167.973	7601.000
1168.119	7588.000
1168.264	7619.000
1168.410	7532.000
1168.556	7543.000
1168.701	7590.000
1168.847	7580.000
1168.992	7546.000
1169.138	7528.000
1169.284	7485.000
1169.429	7594.000
1169.575	7582.000
1169.720	7501.000
1169.866	7560.000
1170.011	7568.000
1170.157	7544.000
1170.302	7521.000
1170.448	7568.000
1170.593	7547.000
1170.739	7461.000
1170.884	7529.000
1171.030	7493.000
1171.175	7510.000
1171.321	7528.000
1171.466	7600.000
1171.611	7480.000
1171.757	7529.000
1171.902	7555.000
1172.048	7518.000
1172.193	7467.000
1172.338	7491.000
1172.484	7470.000
1172.629	7481.000
1172.775	7529.000
1172.920	7491.000
1173.065	7483.000
1173.211	7512.000
1173.356	7546.000
1173.501	7498.000
1173.646	7548.000
1173.792	7500.000
1173.937	7478.000
1174.082	7499.000
1174.228	7522.000
1174.373	7580.000
1174.518	7493.000
1174.663	7450.000
1174.809	7454.000
1174.954	7415.000
1175.099	7472.000
1175.244	7551.000
1175.389	7465.000
1175.535	7522.000
1175.680	7469.000
1175.825	7519.000
1175.970	7499.000
1176.115	7526.000
1176.260	7411.000
1176.405	7592.000
1176.550	7475.000
1176.696	7467.000
1176.841	7530.000
1176.986	7550.000
1177.131	7551.000
1177.276	7555.000
1177.421	7539.000
1177.566	7563.000
1177.711	7571.000
1177.856	7644.000
1178.001	7509.000
1178.146	7591.000
1178.291	7478.000
1178.436	7503.000
1178.581	7631.000
1178.726	7618.000
1178.871	7582.000
1179.016	7608.000
1179.161	7600.000
1179.306	7543.000
1179.451	7583.000
1179.596	7587.000
1179.741	7649.000
1179.886	7664.000
1180.030	7600.000
1180.175	7671.000
1180.320	7639.000
1180.465	7664.000
1180.610	7645.000
1180.755	7601.000
1180.900	7639.000
1181.044	7739.000
1181.189	7711.000
1181.334	7645.000
1181.479	7635.000
1181.624	7700.000
1181.768	7683.000
1181.913	7685.000
1182.058	7620.000
1182.203	7669.000
1182.348	7631.000
1182.492	7718.000
1182.637	7731.000
1182.782	7743.000
1182.926	7699.000
1183.071	7722.000
1183.216	7699.000
1183.360	7689.000
1183.505	7711.000
1183.650	7730.000
1183.794	7658.000
1183.939	7723.000
1184.084	7707.000
1184.228	7718.000
1184.373	7692.000
1184.518	7787.000
1184.662	7649.000
1184.807	7788.000
1184.951	7699.000
1185.096	7705.000
1185.241	7746.000
1185.385	7801.000
1185.530	7643.000
1185.674	7773.000
1185.819	7632.000
1185.963	7724.000
1186.108	7707.000
1186.252	7809.000
1186.397	7719.000
1186.541	7820.000
1186.686	7618.000
1186.830	7698.000
1186.975	7716.000
1187.119	7760.000
1187.263	7765.000
1187.408	7837.000
1187.552	7688.000
1187.697	7776.000
1187.841	7685.000
1187.985	7801.000
1188.130	7720.000
1188.274	7840.000
1188.419	7699.000
1188.563	7793.000
1188.707	7667.000
1188.852	7830.000
1188.996	7855.000
1189.140	7763.000
1189.285	7762.000
1189.429	7758.000
1189.573	7711.000
1189.717	7821.000
1189.862	7755.000
1190.006	7852.000
1190.150	7691.000
1190.294	7839.000
1190.439	7748.000
1190.583	7820.000
1190.727	7697.000
1190.871	7890.000
1191.016	7767.000
1191.160	7802.000
1191.304	7704.000
1191.448	7831.000
1191.592	7702.000
1191.736	7816.000
1191.881	7790.000
1192.025	7881.000
1192.169	7759.000
1192.313	7870.000
1192.457	7653.000
1192.601	7888.000
1192.745	7719.000
1192.889	7868.000
1193.033	7755.000
1193.177	7954.000
1193.321	7801.000
1193.465	7884.000
1193.610	7757.000
1193.754	7889.000
1193.898	7720.000
1194.042	7841.000
1194.186	7760.000
1194.330	7920.000
1194.474	7718.000
1194.617	7815.000
1194.761	7771.000
1194.905	7842.000
1195.049	7763.000
1195.193	7860.000
1195.337	7724.000
1195.481	7862.000
1195.625	7754.000
1195.769	7865.000
1195.913	7806.000
1196.057	7925.000
1196.201	7784.000
1196.344	7800.000
1196.488	7701.000
1196.632	7800.000
1196.776	7671.000
1196.920	7849.000
1197.064	7828.000
1197.207	7877.000
1197.351	7677.000
1197.495	7871.000
1197.639	7785.000
1197.782	7786.000
1197.926	7657.000
1198.070	7817.000
1198.214	7689.000
1198.357	7783.000
1198.501	7643.000
1198.645	7794.000
1198.789	7644.000
1198.932	7732.000
1199.076	7641.000
1199.220	7723.000
1199.363	7622.000
1199.507	7715.000
1199.651	7643.000
1199.794	7718.000
1199.938	7557.000
1200.081	7807.000
1200.225	7579.000
1200.369	7619.000
1200.512	7593.000
1200.656	7707.000
1200.799	7485.000
1200.943	7634.000
1201.087	7602.000
1201.230	7667.000
1201.374	7497.000
1201.517	7551.000
1201.661	7469.000
1201.804	7572.000
1201.948	7456.000
1202.091	7528.000
1202.235	7452.000
1202.378	7579.000
1202.522	7409.000
1202.665	7491.000
1202.808	7230.000
1202.952	7534.000
1203.095	7324.000
1203.239	7397.000
1203.382	7297.000
1203.526	7457.000
1203.669	7272.000
1203.812	7365.000
1203.956	7337.000
1204.099	7276.000
1204.242	7196.000
1204.386	7379.000
1204.529	7224.000
1204.672	7316.000
1204.816	7101.000
1204.959	7383.000
1205.102	7279.000
1205.246	7313.000
1205.389	7157.000
1205.532	7306.000
1205.675	7215.000
1205.819	7312.000
1205.962	7095.000
1206.105	7318.000
1206.248	7111.000
1206.392	7170.000
1206.535	7140.000
1206.678	7244.000
1206.821	7113.000
1206.964	7347.000
1207.108	7099.000
1207.251	7130.000
1207.394	7058.000
1207.537	7277.000
1207.680	7146.000
1207.823	7173.000
1207.966	7038.000
1208.109	7272.000
1208.253	7058.000
1208.396	7202.000
1208.539	7051.000
1208.682	7245.000
1208.825	7063.000
1208.968	7211.000
1209.111	7101.000
1209.254	7211.000
1209.397	7044.000
1209.540	7225.000
1209.683	7007.000
1209.826	7098.000
1209.969	7056.000
1210.112	7137.000
1210.255	6927.000
1210.398	7197.000
1210.541	6956.000
1210.684	7067.000
1210.827	6960.000
1210.970	7172.000
1211.113	6987.000
1211.255	7104.000
1211.398	7029.000
1211.541	7032.000
1211.684	6934.000
1211.827	7074.000
1211.970	7051.000
1212.113	7022.000
1212.256	6963.000
1212.398	7030.000
1212.541	6968.000
1212.684	7078.000
1212.827	6929.000
1212.970	7018.000
1213.112	6948.000
1213.255	7052.000
1213.398	6941.000
1213.541	7085.000
1213.683	6870.000
1213.826	7142.000
1213.969	6877.000
1214.112	7083.000
1214.254	6905.000
1214.397	7136.000
1214.540	6933.000
1214.682	7164.000
1214.825	6868.000
1214.968	7202.000
1215.110	6939.000
1215.253	7084.000
1215.396	6940.000
1215.538	7087.000
1215.681	6967.000
1215.824	7032.000
1215.966	6949.000
1216.109	7101.000
1216.251	6895.000
1216.394	7035.000
1216.536	6943.000
1216.679	7085.000
1216.822	7003.000
1216.964	7083.000
1217.107	6979.000
1217.249	7091.000
1217.392	6873.000
1217.534	7126.000
1217.677	6714.000
1217.819	7077.000
1217.962	6990.000
1218.104	7066.000
1218.247	7011.000
1218.389	6997.000
1218.531	6852.000
1218.674	7011.000
1218.816	6970.000
1218.959	7154.000
1219.101	6952.000
1219.243	7053.000
1219.386	6904.000
1219.528	7104.000
1219.671	6948.000
1219.813	7021.000
1219.955	6879.000
1220.098	7089.000
1220.240	6979.000
1220.382	7065.000
1220.525	6934.000
1220.667	7116.000
1220.809	6930.000
1220.951	7114.000
1221.094	6998.000
1221.236	7049.000
1221.378	6853.000
1221.520	7058.000
1221.663	6927.000
1221.805	7195.000
1221.947	6883.000
1222.089	7133.000
1222.232	6965.000
1222.374	7083.000
1222.516	6953.000
1222.658	7121.000
1222.800	6959.000
1222.942	7095.000
1223.084	6963.000
1223.227	7105.000
1223.369	6976.000
1223.511	7152.000
1223.653	7005.000
1223.795	7127.000
1223.937	6959.000
1224.079	7052.000
1224.221	6895.000
1224.363	7169.000
1224.505	6925.000
1224.647	7056.000
1224.789	6910.000
1224.932	7040.000
1225.074	6928.000
1225.216	7097.000
1225.358	6981.000
1225.500	7097.000
1225.641	6949.000
1225.783	7152.000
1225.925	6993.000
1226.067	7071.000
1226.209	6918.000
1226.351	7133.000
1226.493	6994.000
1226.635	7094.000
1226.777	6911.000
1226.919	7158.000
1227.061	6948.000
1227.203	7055.000
1227.345	6924.000
1227.486	7080.000
1227.628	6931.000
1227.770	7064.000
1227.912	6918.000
1228.054	7095.000
1228.196	6920.000
1228.337	7073.000
1228.479	7053.000
1228.621	7052.000
1228.763	6931.000
1228.904	7063.000
1229.046	6901.000
1229.188	7154.000
1229.330	7033.000
1229.471	7046.000
1229.613	6958.000
1229.755	7011.000
1229.897	6945.000
1230.038	7085.000
1230.180	7013.000
1230.322	7165.000
1230.463	6936.000
1230.605	7108.000
1230.747	6967.000
1230.888	7115.000
1231.030	6949.000
1231.171	7126.000
1231.313	6998.000
1231.455	7173.000
1231.596	6985.000
1231.738	6987.000
1231.879	6908.000
1232.021	7104.000
1232.163	6871.000
1232.304	7060.000
1232.446	6915.000
1232.587	7063.000
1232.729	6932.000
1232.870	7065.000
1233.012	6925.000
1233.153	7129.000
1233.295	6816.000
1233.436	7151.000
1233.578	6923.000
1233.719	7054.000
1233.860	6964.000
1234.002	7098.000
1234.143	6891.000
1234.285	7096.000
1234.426	6906.000
1234.568	7057.000
1234.709	6940.000
1234.850	7065.000
1234.992	6882.000
1235.133	7053.000
1235.274	7059.000
1235.416	7068.000
1235.557	6915.000
1235.698	7115.000
1235.840	6927.000
1235.981	7083.000
1236.122	6898.000
1236.264	7078.000
1236.405	6887.000
1236.546	7177.000
1236.687	6952.000
1236.829	7139.000
1236.970	6908.000
1237.111	7089.000
1237.252	6939.000
1237.394	7085.000
1237.535	6865.000
1237.676	7034.000
1237.817	6893.000
1237.958	7117.000
1238.100	6939.000
1238.241	7074.000
1238.382	6839.000
1238.523	7049.000
1238.664	6944.000
1238.805	7008.000
1238.946	6932.000
1239.088	7048.000
1239.229	6846.000
1239.370	7083.000
1239.511	6827.000
1239.652	7077.000
1239.793	6903.000
1239.934	7139.000
1240.075	6931.000
1240.216	7036.000
1240.357	6849.000
1240.498	7007.000
1240.639	6922.000
1240.780	7125.000
1240.921	6856.000
1241.062	7092.000
1241.203	6808.000
1241.344	7052.000
1241.485	6908.000
1241.626	7039.000
1241.767	6856.000
1241.908	7015.000
1242.049	6964.000
1242.190	7003.000
1242.330	6901.000
1242.471	7083.000
1242.612	6851.000
1242.753	7031.000
1242.894	6820.000
1243.035	7087.000
1243.176	6870.000
1243.316	6971.000
1243.457	6823.000
1243.598	7023.000
1243.739	6910.000
1243.880	6977.000
1244.020	6778.000
1244.161	6999.000
1244.302	6905.000
1244.443	7043.000
1244.584	6881.000
1244.724	7082.000
1244.865	6857.000
1245.006	7058.000
1245.146	6841.000
1245.287	7024.000
1245.428	6751.000
1245.568	6975.000
1245.709	6882.000
1245.850	7037.000
1245.990	6844.000
1246.131	7012.000
1246.272	6814.000
1246.412	6998.000
1246.553	6721.000
1246.694	6998.000
1246.834	6809.000
1246.975	6904.000
1247.115	6732.000
1247.256	6916.000
1247.397	6891.000
1247.537	6927.000
1247.678	6798.000
1247.818	6969.000
1247.959	6797.000
1248.099	6980.000
1248.240	6787.000
1248.380	6987.000
1248.521	6819.000
1248.661	6934.000
1248.802	6777.000
1248.942	7008.000
1249.083	6792.000
1249.223	6872.000
1249.364	6810.000
1249.504	6909.000
1249.644	6735.000
1249.785	6853.000
1249.925	6719.000
1250.066	6964.000
1250.206	6828.000
1250.346	6907.000
1250.487	6791.000
1250.627	6935.000
1250.767	6770.000
1250.908	6848.000
1251.048	6727.000
1251.188	6901.000
1251.329	6714.000
1251.469	6898.000
1251.609	6742.000
1251.750	6908.000
1251.890	6739.000
1252.030	6843.000
1252.170	6696.000
1252.311	6924.000
1252.451	6761.000
1252.591	6874.000
1252.731	6749.000
1252.871	6904.000
1253.012	6678.000
1253.152	6869.000
1253.292	6809.000
1253.432	6958.000
1253.572	6769.000
1253.712	6864.000
1253.853	6751.000
1253.993	6856.000
1254.133	6707.000
1254.273	6889.000
1254.413	6743.000
1254.553	6892.000
1254.693	6716.000
1254.833	6851.000
1254.973	6693.000
1255.114	6942.000
1255.254	6750.000
1255.394	6933.000
1255.534	6696.000
1255.674	6924.000
1255.814	6719.000
1255.954	6930.000
1256.094	6750.000
1256.234	6935.000
1256.374	6727.000
1256.514	6863.000
1256.654	6765.000
1256.794	6889.000
1256.933	6699.000
1257.073	6947.000
1257.213	6767.000
1257.353	6879.000
1257.493	6800.000
1257.633	6856.000
1257.773	6786.000
1257.913	6956.000
1258.053	6785.000
1258.193	6870.000
1258.332	6697.000
1258.472	6921.000
1258.612	6766.000
1258.752	6857.000
1258.892	6779.000
1259.031	6870.000
1259.171	6779.000
1259.311	6959.000
1259.451	6756.000
1259.591	6891.000
1259.730	6816.000
1259.870	6926.000
1260.010	6754.000
1260.150	6965.000
1260.289	6832.000
1260.429	6940.000
1260.569	6843.000
1260.708	6967.000
1260.848	6801.000
1260.988	6909.000
1261.127	6783.000
1261.267	6962.000
1261.407	6807.000
1261.546	6894.000
1261.686	6836.000
1261.826	6952.000
1261.965	6780.000
1262.105	6884.000
1262.244	6777.000
1262.384	6986.000
1262.524	6768.000
1262.663	6919.000
1262.803	6813.000
1262.942	7002.000
1263.082	7189.000
1263.221	6940.000
1263.361	6807.000
1263.500	6907.000
1263.640	6735.000
1263.779	6984.000
1263.919	6724.000
1264.058	6986.000
1264.198	6763.000
1264.337	6849.000
1264.477	6825.000
1264.616	6910.000
1264.756	6777.000
1264.895	6907.000
1265.034	6795.000
1265.174	6985.000
1265.313	6744.000
1265.453	6855.000
1265.592	6744.000
1265.731	6863.000
1265.871	6731.000
1266.010	6918.000
1266.149	6751.000
1266.289	6858.000
1266.428	6813.000
1266.567	6866.000
1266.707	6724.000
1266.846	6975.000
1266.985	6757.000
1267.124	6843.000
1267.264	6730.000
1267.403	6828.000
1267.542	6773.000
1267.681	6852.000
1267.821	6761.000
1267.960	6807.000
1268.099	6760.000
1268.238	6819.000
1268.377	6744.000
1268.517	6840.000
1268.656	6735.000
1268.795	6878.000
1268.934	6762.000
1269.073	6956.000
1269.212	6742.000
1269.352	6840.000
1269.491	6792.000
1269.630	6858.000
1269.769	6749.000
1269.908	6862.000
1270.047	6778.000
1270.186	6818.000
1270.325	6748.000
1270.464	6888.000
1270.603	6791.000
1270.742	6854.000
1270.881	6736.000
1271.020	6795.000
1271.159	6752.000
1271.298	6845.000
1271.437	6733.000
1271.576	6909.000
1271.715	6776.000
1271.854	6895.000
1271.993	6717.000
1272.132	6839.000
1272.271	6738.000
1272.410	6835.000
1272.549	6679.000
1272.688	6918.000
1272.827	6730.000
1272.966	6935.000
1273.104	6799.000
1273.243	6946.000
1273.382	6752.000
1273.521	6938.000
1273.660	6726.000
1273.799	6859.000
1273.938	6707.000
1274.076	6905.000
1274.215	6700.000
1274.354	6935.000
1274.493	6764.000
1274.632	6928.000
1274.770	6702.000
1274.909	6903.000
1275.048	6782.000
1275.187	6929.000
1275.325	6738.000
1275.464	6904.000
1275.603	6810.000
1275.741	6955.000
1275.880	6819.000
1276.019	6864.000
1276.157	6788.000
1276.296	6974.000
1276.435	6760.000
1276.573	6933.000
1276.712	6792.000
1276.851	6980.000
1276.989	6725.000
1277.128	6970.000
1277.267	6750.000
1277.405	7015.000
1277.544	6886.000
1277.682	6948.000
1277.821	6769.000
1277.959	6899.000
1278.098	6720.000
1278.236	6878.000
1278.375	6769.000
1278.514	6939.000
1278.652	6805.000
1278.791	6901.000
1278.929	6799.000
1279.068	6942.000
1279.206	6827.000
1279.344	6919.000
1279.483	6776.000
1279.621	6980.000
1279.760	6772.000
1279.898	6914.000
1280.037	6755.000
1280.175	6925.000
1280.313	6659.000
1280.452	6950.000
1280.590	6809.000
1280.729	6847.000
1280.867	6781.000
1281.005	6951.000
1281.144	6749.000
1281.282	6919.000
1281.420	6809.000
1281.559	6855.000
1281.697	6732.000
1281.835	6847.000
1281.974	6722.000
1282.112	6843.000
1282.250	6743.000
1282.388	6889.000
1282.527	6769.000
1282.665	6863.000
1282.803	6719.000
1282.941	6952.000
1283.080	6811.000
1283.218	6891.000
1283.356	6815.000
1283.494	6907.000
1283.632	6770.000
1283.771	6888.000
1283.909	5923.000
1284.047	6849.000
1284.185	6737.000
1284.323	6795.000
1284.461	6655.000
1284.599	6839.000
1284.737	6688.000
1284.876	6851.000
1285.014	6760.000
1285.152	6853.000
1285.290	6737.000
1285.428	6813.000
1285.566	6673.000
1285.704	6878.000
1285.842	6723.000
1285.980	6825.000
1286.118	6628.000
1286.256	6846.000
1286.394	6611.000
1286.532	6750.000
1286.670	6668.000
1286.808	6757.000
1286.946	6642.000
1287.084	6824.000
1287.222	6615.000
1287.360	6837.000
1287.498	6589.000
1287.636	6871.000
1287.774	6665.000
1287.911	6727.000
1288.049	6708.000
1288.187	6719.000
1288.325	6619.000
1288.463	6692.000
1288.601	6557.000
1288.739	6663.000
1288.876	6598.000
1289.014	6804.000
1289.152	6594.000
1289.290	6803.000
1289.428	6585.000
1289.565	6706.000
1289.703	6568.000
1289.841	6715.000
1289.979	6485.000
1290.117	6697.000
1290.254	6494.000
1290.392	6664.000
1290.530	6503.000
1290.667	6709.000
1290.805	6615.000
1290.943	6676.000
1291.080	6500.000
1291.218	6766.000
1291.356	6522.000
1291.493	6673.000
1291.631	6591.000
1291.769	6732.000
1291.906	6534.000
1292.044	6784.000
1292.182	9380.000
1292.319	6763.000
1292.457	6580.000
1292.594	6699.000
1292.732	6596.000
1292.870	6671.000
1293.007	6458.000
1293.145	6692.000
1293.282	6650.000
1293.420	6785.000
1293.557	6611.000
1293.695	6695.000
1293.832	6525.000
1293.970	6731.000
1294.107	6636.000
1294.245	6774.000
1294.382	6583.000
1294.520	6711.000
1294.657	6543.000
1294.795	6766.000
1294.932	6634.000
1295.069	6759.000
1295.207	6612.000
1295.344	6757.000
1295.482	6652.000
1295.619	6738.000
1295.756	6580.000
1295.894	6696.000
1296.031	6558.000
1296.168	6772.000
1296.306	6559.000
1296.443	6735.000
1296.580	6535.000
1296.718	6791.000
1296.855	6604.000
1296.992	6777.000
1297.130	6531.000
1297.267	6749.000
1297.404	6448.000
1297.541	6723.000
1297.679	6502.000
1297.816	6712.000
1297.953	6519.000
1298.090	6721.000
1298.228	6568.000
1298.365	6722.000
1298.502	6512.000
1298.639	6782.000
1298.776	6439.000
1298.913	6737.000
1299.051	6582.000
1299.188	6637.000
1299.325	6490.000
1299.462	6725.000
1299.599	6494.000
1299.736	6677.000
1299.873	6549.000
1300.010	6674.000
1300.147	6580.000
1300.285	6661.000
1300.422	6591.000
1300.559	6685.000
1300.696	6554.000
1300.833	6738.000
1300.970	6509.000
1301.107	6699.000
1301.244	6482.000
1301.381	6643.000
1301.518	6584.000
1301.655	6791.000
1301.792	6504.000
1301.929	6683.000
1302.066	6564.000
1302.203	6736.000
1302.340	6555.000
1302.476	6763.000
1302.613	6555.000
1302.750	6771.000
1302.887	6514.000
1303.024	6651.000
1303.161	6545.000
1303.298	6735.000
1303.435	6537.000
1303.572	6605.000
1303.708	6580.000
1303.845	6765.000
1303.982	6609.000
1304.119	6667.000
1304.256	6535.000
1304.392	6606.000
1304.529	6592.000
1304.666	6738.000
