1029.870	9507.000
1030.015	9443.000
1030.160	9434.000
1030.305	9509.000
1030.449	9428.000
1030.594	9487.000
1030.739	9389.000
1030.884	9444.000
1031.029	9403.000
1031.173	9451.000
1031.318	9345.000
1031.463	9506.000
1031.608	9374.000
1031.752	9373.000
1031.897	9354.000
1032.042	9450.000
1032.187	9317.000
1032.331	9445.000
1032.476	9328.000
1032.621	9431.000
1032.765	9326.000
1032.910	9347.000
1033.055	9433.000
1033.200	9371.000
1033.344	9355.000
1033.489	9341.000
1033.634	9374.000
1033.778	9296.000
1033.923	9311.000
1034.068	9300.000
1034.212	9334.000
1034.357	9374.000
1034.502	9341.000
1034.646	9315.000
1034.791	9248.000
1034.935	9282.000
1035.080	9342.000
1035.225	9237.000
1035.369	9304.000
1035.514	9309.000
1035.658	9263.000
1035.803	9325.000
1035.947	9234.000
1036.092	9330.000
1036.237	9216.000
1036.381	9277.000
1036.526	9262.000
1036.670	9213.000
1036.815	9225.000
1036.959	9231.000
1037.104	9224.000
1037.248	9231.000
1037.393	9247.000
1037.537	9249.000
1037.682	9199.000
1037.826	9180.000
1037.971	9146.000
1038.115	9215.000
1038.260	9143.000
1038.404	9122.000
1038.549	9189.000
1038.693	9146.000
1038.838	9085.000
1038.982	9084.000
1039.126	9060.000
1039.271	9140.000
1039.415	9101.000
1039.560	9007.000
1039.704	9067.000
1039.848	9109.000
1039.993	9061.000
1040.137	9035.000
1040.282	9074.000
1040.426	9096.000
1040.570	8986.000
1040.715	9023.000
1040.859	8990.000
1041.003	9009.000
1041.148	9010.000
1041.292	9084.000
1041.436	8957.000
1041.581	9044.000
1041.725	9011.000
1041.869	8993.000
1042.014	8931.000
1042.158	8982.000
1042.302	8895.000
1042.447	8954.000
1042.591	8949.000
1042.735	8934.000
1042.879	8931.000
1043.024	8950.000
1043.168	8944.000
1043.312	8929.000
1043.456	8939.000
1043.601	8907.000
1043.745	8856.000
1043.889	8923.000
1044.033	8916.000
1044.178	8890.000
1044.322	8873.000
1044.466	8846.000
1044.610	8811.000
1044.754	8804.000
1044.899	8836.000
1045.043	8938.000
1045.187	8837.000
1045.331	8851.000
1045.475	8825.000
1045.619	8848.000
1045.763	8829.000
1045.908	8868.000
1046.052	8697.000
1046.196	8891.000
1046.340	8792.000
1046.484	8796.000
1046.628	8863.000
1046.772	8842.000
1046.916	8846.000
1047.060	8807.000
1047.205	8800.000
1047.349	8813.000
1047.493	8788.000
1047.637	8894.000
1047.781	8752.000
1047.925	8842.000
1048.069	8737.000
1048.213	8743.000
1048.357	8861.000
1048.501	8875.000
1048.645	8792.000
1048.789	8818.000
1048.933	8797.000
1049.077	8783.000
1049.221	8761.000
1049.365	8793.000
1049.509	8849.000
1049.653	8858.000
1049.797	8765.000
1049.941	8846.000
1050.085	8792.000
1050.229	8870.000
1050.373	8785.000
1050.517	8775.000
1050.660	8812.000
1050.804	8862.000
1050.948	8836.000
1051.092	8822.000
1051.236	8786.000
1051.380	8888.000
1051.524	8806.000
1051.668	8792.000
1051.812	8753.000
1051.956	8800.000
1052.099	8737.000
1052.243	8840.000
1052.387	8816.000
1052.531	8871.000
1052.675	8776.000
1052.819	8848.000
1052.962	8809.000
1053.106	8808.000
1053.250	8749.000
1053.394	8820.000
1053.538	8700.000
1053.681	8810.000
1053.825	8769.000
1053.969	8797.000
1054.113	8773.000
1054.257	8851.000
1054.400	8677.000
1054.544	8814.000
1054.688	8728.000
1054.832	8744.000
1054.975	8759.000
1055.119	8795.000
1055.263	8701.000
1055.407	8814.000
1055.550	8611.000
1055.694	8723.000
1055.838	8734.000
1055.981	8848.000
1056.125	8758.000
1056.269	8791.000
1056.412	8628.000
1056.556	8699.000
1056.700	8701.000
1056.843	8702.000
1056.987	8742.000
1057.131	8805.000
1057.274	8630.000
1057.418	8708.000
1057.562	8602.000
1057.705	8769.000
1057.849	8664.000
1057.992	8783.000
1058.136	8613.000
1058.280	8726.000
1058.423	8564.000
1058.567	8747.000
1058.710	8735.000
1058.854	8647.000
1058.997	8705.000
1059.141	8684.000
1059.285	8592.000
1059.428	8703.000
1059.572	8620.000
1059.715	8739.000
1059.859	8599.000
1060.002	8723.000
1060.146	8627.000
1060.289	8677.000
1060.433	8581.000
1060.576	8757.000
1060.720	8645.000
1060.863	8656.000
1061.007	8555.000
1061.150	8683.000
1061.294	8558.000
1061.437	8661.000
1061.580	8616.000
1061.724	8753.000
1061.867	8632.000
1062.011	8714.000
1062.154	8471.000
1062.298	8735.000
1062.441	8568.000
1062.584	8694.000
1062.728	8601.000
1062.871	8763.000
1063.015	8671.000
1063.158	8696.000
1063.301	8694.000
1063.445	8880.000
1063.588	8858.000
1063.731	8953.000
1063.875	8936.000
1064.018	9088.000
1064.161	8885.000
1064.305	8993.000
1064.448	8929.000
1064.591	8958.000
1064.735	8809.000
1064.878	8794.000
1065.021	8628.000
1065.165	8752.000
1065.308	8607.000
1065.451	8699.000
1065.594	8728.000
1065.738	8741.000
1065.881	8658.000
1066.024	8633.000
1066.167	8609.000
1066.311	8700.000
1066.454	8563.000
1066.597	8759.000
1066.740	8737.000
1066.884	8749.000
1067.027	8585.000
1067.170	8769.000
1067.313	8725.000
1067.456	8697.000
1067.599	8608.000
1067.743	8751.000
1067.886	8648.000
1068.029	8727.000
1068.172	8668.000
1068.315	8764.000
1068.458	8648.000
1068.602	8678.000
1068.745	8685.000
1068.888	8700.000
1069.031	8667.000
1069.174	8757.000
1069.317	8680.000
1069.460	8780.000
1069.603	8693.000
1069.746	8859.000
1069.890	8691.000
1070.033	8706.000
1070.176	8704.000
1070.319	8781.000
1070.462	8663.000
1070.605	8790.000
1070.748	8789.000
1070.891	8817.000
1071.034	8703.000
1071.177	8758.000
1071.320	8697.000
1071.463	8796.000
1071.606	8680.000
1071.749	8745.000
1071.892	8723.000
1072.035	8841.000
1072.178	8754.000
1072.321	8805.000
1072.464	8576.000
1072.607	8856.000
1072.750	8701.000
1072.893	8780.000
1073.036	8689.000
1073.179	8859.000
1073.322	8697.000
1073.465	8774.000
1073.607	8819.000
1073.750	8716.000
1073.893	8648.000
1074.036	8835.000
1074.179	8737.000
1074.322	8808.000
1074.465	8654.000
1074.608	8858.000
1074.751	8800.000
1074.893	8833.000
1075.036	8693.000
1075.179	8810.000
1075.322	8783.000
1075.465	8858.000
1075.608	8680.000
1075.750	8875.000
1075.893	8712.000
1076.036	8754.000
1076.179	8761.000
1076.322	8825.000
1076.464	8735.000
1076.607	8928.000
1076.750	8698.000
1076.893	8704.000
1077.036	8769.000
1077.178	8888.000
1077.321	8802.000
1077.464	8807.000
1077.607	8684.000
1077.749	8932.000
1077.892	8747.000
1078.035	8863.000
1078.177	8771.000
1078.320	8891.000
1078.463	8804.000
1078.606	8912.000
1078.748	8903.000
1078.891	8999.000
1079.034	8845.000
1079.176	8979.000
1079.319	8813.000
1079.462	8953.000
1079.604	8927.000
1079.747	8994.000
1079.890	8837.000
1080.032	9057.000
1080.175	8819.000
1080.317	8950.000
1080.460	8915.000
1080.603	9022.000
1080.745	8954.000
1080.888	8999.000
1081.030	8917.000
1081.173	8932.000
1081.316	8874.000
1081.458	9019.000
1081.601	8998.000
1081.743	8984.000
1081.886	8931.000
1082.028	8968.000
1082.171	8963.000
1082.313	9035.000
1082.456	8919.000
1082.598	8970.000
1082.741	8980.000
1082.883	8999.000
1083.026	8954.000
1083.168	9041.000
1083.311	8870.000
1083.453	9093.000
1083.596	8945.000
1083.738	9069.000
1083.881	8967.000
1084.023	9187.000
1084.166	9031.000
1084.308	9215.000
1084.451	8961.000
1084.593	9249.000
1084.736	9052.000
1084.878	9157.000
1085.020	9061.000
1085.163	9209.000
1085.305	9133.000
1085.448	9142.000
1085.590	9111.000
1085.732	9259.000
1085.875	9105.000
1086.017	9204.000
1086.159	9166.000
1086.302	9299.000
1086.444	9268.000
1086.586	9306.000
1086.729	9282.000
1086.871	9335.000
1087.013	9194.000
1087.156	9398.000
1087.298	9030.000
1087.440	9421.000
1087.583	9326.000
1087.725	9354.000
1087.867	9363.000
1088.010	9327.000
1088.152	9235.000
1088.294	9330.000
1088.436	9328.000
1088.579	9453.000
1088.721	9256.000
1088.863	9357.000
1089.005	9238.000
1089.148	9405.000
1089.290	9271.000
1089.432	9324.000
1089.574	9223.000
1089.716	9413.000
1089.859	9314.000
1090.001	9377.000
1090.143	9231.000
1090.285	9426.000
1090.427	9269.000
1090.569	9383.000
1090.712	9317.000
1090.854	9335.000
1090.996	9181.000
1091.138	9363.000
1091.280	9283.000
1091.422	9486.000
1091.564	9235.000
1091.707	9373.000
1091.849	9296.000
1091.991	9319.000
1092.133	9257.000
1092.275	9399.000
1092.417	9244.000
1092.559	9342.000
1092.701	9252.000
1092.843	9334.000
1092.985	9222.000
1093.127	9362.000
1093.269	9252.000
1093.411	9324.000
1093.554	9161.000
1093.696	9229.000
1093.838	9124.000
1093.980	9324.000
1094.122	9090.000
1094.264	9213.000
1094.406	9111.000
1094.548	9204.000
1094.690	9131.000
1094.832	9235.000
1094.973	9153.000
1095.115	9280.000
1095.257	9141.000
1095.399	9306.000
1095.541	9208.000
1095.683	9259.000
1095.825	9144.000
1095.967	9331.000
1096.109	9270.000
1096.251	9368.000
1096.393	9218.000
1096.535	9419.000
1096.677	9268.000
1096.819	9372.000
1096.960	9305.000
1097.102	9437.000
1097.244	9349.000
1097.386	9441.000
1097.528	9327.000
1097.670	9479.000
1097.812	9349.000
1097.953	9432.000
1098.095	9477.000
1098.237	9486.000
1098.379	9400.000
1098.521	9455.000
1098.662	9344.000
1098.804	9564.000
1098.946	9526.000
1099.088	9483.000
1099.230	9439.000
1099.371	9473.000
1099.513	9483.000
1099.655	9555.000
1099.797	9535.000
1099.938	9671.000
1100.080	9480.000
1100.222	9604.000
1100.364	9525.000
1100.505	9671.000
1100.647	9517.000
1100.789	9711.000
1100.931	9628.000
1101.072	9719.000
1101.214	9598.000
1101.356	9577.000
1101.497	9590.000
1101.639	9765.000
1101.781	9570.000
1101.922	9722.000
1102.064	9636.000
1102.206	9778.000
1102.347	9700.000
1102.489	9794.000
1102.631	9740.000
1102.772	9904.000
1102.914	9635.000
1103.055	9913.000
1103.197	9820.000
1103.339	9933.000
1103.480	9837.000
1103.622	9954.000
1103.763	9869.000
1103.905	9990.000
1104.046	9902.000
1104.188	9999.000
1104.330	9949.000
1104.471	10103.000
1104.613	9964.000
1104.754	10102.000
1104.896	10223.000
1105.037	10194.000
1105.179	10131.000
1105.320	10245.000
1105.462	10140.000
1105.603	10299.000
1105.745	10198.000
1105.886	10380.000
1106.028	10244.000
1106.169	10502.000
1106.311	10397.000
1106.452	10543.000
1106.594	10402.000
1106.735	10576.000
1106.876	10515.000
1107.018	10611.000
1107.159	10514.000
1107.301	10639.000
1107.442	10566.000
1107.584	10739.000
1107.725	10695.000
1107.866	10793.000
1108.008	10683.000
1108.149	10878.000
1108.291	10811.000
1108.432	10900.000
1108.573	10880.000
1108.715	10999.000
1108.856	10893.000
1108.997	11097.000
1109.139	10995.000
1109.280	11175.000
1109.421	11152.000
1109.563	11357.000
1109.704	11254.000
1109.845	11346.000
1109.987	11282.000
1110.128	11400.000
1110.269	11445.000
1110.410	11617.000
1110.552	11495.000
1110.693	11692.000
1110.834	11520.000
1110.975	11763.000
1111.117	11755.000
1111.258	11881.000
1111.399	11778.000
1111.540	11972.000
1111.682	12003.000
1111.823	12010.000
1111.964	12063.000
1112.105	12209.000
1112.247	12132.000
1112.388	12327.000
1112.529	12255.000
1112.670	12477.000
1112.811	12414.000
1112.952	12498.000
1113.094	12484.000
1113.235	12633.000
1113.376	12677.000
1113.517	12707.000
1113.658	12706.000
1113.799	12901.000
1113.940	12957.000
1114.082	13114.000
1114.223	13130.000
1114.364	13286.000
1114.505	13222.000
1114.646	13354.000
1114.787	13318.000
1114.928	13479.000
1115.069	13418.000
1115.210	13604.000
1115.351	13649.000
1115.492	13813.000
1115.633	13795.000
1115.774	13982.000
1115.916	13949.000
1116.057	14108.000
1116.198	14060.000
1116.339	14275.000
1116.480	14226.000
1116.621	14261.000
1116.762	14316.000
1116.903	14537.000
1117.044	14669.000
1117.185	14692.000
1117.326	14737.000
1117.466	14857.000
1117.607	14937.000
1117.748	15099.000
1117.889	15141.000
1118.030	15371.000
1118.171	15341.000
1118.312	15467.000
1118.453	15420.000
1118.594	15708.000
1118.735	15705.000
1118.876	15825.000
1119.017	15889.000
1119.158	15975.000
1119.298	16021.000
1119.439	16114.000
1119.580	16264.000
1119.721	16523.000
1119.862	16598.000
1120.003	16660.000
1120.144	16701.000
1120.284	16851.000
1120.425	16819.000
1120.566	16934.000
1120.707	17028.000
1120.848	17331.000
1120.989	17361.000
1121.129	17549.000
1121.270	17624.000
1121.411	17703.000
1121.552	17784.000
1121.693	17884.000
1121.833	17961.000
1121.974	18137.000
1122.115	18132.000
1122.256	18268.000
1122.396	18289.000
1122.537	18481.000
1122.678	18468.000
1122.819	18584.000
1122.959	18942.000
1123.100	19071.000
1123.241	19268.000
1123.381	19424.000
1123.522	19566.000
1123.663	19564.000
1123.803	19494.000
1123.944	19654.000
1124.085	19798.000
1124.225	20013.000
1124.366	20189.000
1124.507	20416.000
1124.647	20555.000
1124.788	20832.000
1124.929	20880.000
1125.069	20967.000
1125.210	20969.000
1125.351	21043.000
1125.491	20975.000
1125.632	21019.000
1125.772	21050.000
1125.913	21404.000
1126.054	21572.000
1126.194	21732.000
1126.335	21876.000
1126.475	21993.000
1126.616	22127.000
1126.756	22275.000
1126.897	22514.000
1127.037	22450.000
1127.178	22670.000
1127.318	22582.000
1127.459	22783.000
1127.600	22832.000
1127.740	22733.000
1127.881	22654.000
1128.021	22711.000
1128.162	22879.000
1128.302	23009.000
1128.442	23134.000
1128.583	23186.000
1128.723	23139.000
1128.864	23249.000
1129.004	23256.000
1129.145	23227.000
1129.285	23194.000
1129.426	23288.000
1129.566	23162.000
1129.706	23020.000
1129.847	22852.000
1129.987	22766.000
1130.128	22678.000
1130.268	22731.000
1130.408	22674.000
1130.549	22525.000
1130.689	22350.000
1130.830	22286.000
1130.970	22076.000
1131.110	21860.000
1131.251	21543.000
1131.391	21438.000
1131.531	21053.000
1131.672	20801.000
1131.812	20436.000
1131.952	20123.000
1132.093	19944.000
1132.233	19465.000
1132.373	19182.000
1132.513	18823.000
1132.654	18566.000
1132.794	18466.000
1132.934	17873.000
1133.075	17548.000
1133.215	17254.000
1133.355	16824.000
1133.495	16698.000
1133.636	16272.000
1133.776	16107.000
1133.916	15807.000
1134.056	15525.000
1134.196	15390.000
1134.337	15164.000
1134.477	14928.000
1134.617	14718.000
1134.757	14427.000
1134.897	14355.000
1135.038	14055.000
1135.178	14079.000
1135.318	14032.000
1135.458	14089.000
1135.598	14044.000
1135.738	14128.000
1135.879	14032.000
1136.019	13987.000
1136.159	13941.000
1136.299	13862.000
1136.439	13872.000
1136.579	14139.000
1136.719	14040.000
1136.859	14019.000
1136.999	13947.000
1137.140	13877.000
1137.280	13818.000
1137.420	13697.000
1137.560	13579.000
1137.700	13377.000
1137.840	13326.000
1137.980	13196.000
1138.120	13025.000
1138.260	12938.000
1138.400	12682.000
1138.540	12614.000
1138.680	12414.000
1138.820	12424.000
1138.960	12145.000
1139.100	12115.000
1139.240	12014.000
1139.380	11880.000
1139.520	11779.000
1139.660	11711.000
1139.800	11574.000
1139.940	11483.000
1140.080	11386.000
1140.220	11369.000
1140.360	11281.000
1140.500	11232.000
1140.640	11138.000
1140.780	11026.000
1140.919	10913.000
1141.059	10890.000
1141.199	10774.000
1141.339	10865.000
1141.479	10762.000
1141.619	10787.000
1141.759	10647.000
1141.899	10690.000
1142.039	10601.000
1142.178	10609.000
1142.318	10455.000
1142.458	10610.000
1142.598	10488.000
1142.738	10555.000
1142.878	10442.000
1143.017	10507.000
1143.157	10353.000
1143.297	10462.000
1143.437	10317.000
1143.577	10396.000
1143.716	10275.000
1143.856	10394.000
1143.996	10229.000
1144.136	10379.000
1144.275	10224.000
1144.415	10344.000
1144.555	10159.000
1144.695	10271.000
1144.834	10210.000
1144.974	10343.000
1145.114	10229.000
1145.254	10294.000
1145.393	10250.000
1145.533	10337.000
1145.673	10252.000
1145.812	10258.000
1145.952	10190.000
1146.092	10327.000
1146.231	10146.000
1146.371	10256.000
1146.511	10165.000
1146.650	10297.000
1146.790	10068.000
1146.930	10236.000
1147.069	10068.000
1147.209	10270.000
1147.349	10158.000
1147.488	10181.000
1147.628	10016.000
1147.767	10124.000
1147.907	10033.000
1148.047	10109.000
1148.186	10036.000
1148.326	10174.000
1148.465	10060.000
1148.605	10114.000
1148.744	10074.000
1148.884	10106.000
1149.024	10051.000
1149.163	10098.000
1149.303	10005.000
1149.442	10162.000
1149.582	9964.000
1149.721	10062.000
1149.861	9982.000
1150.000	10048.000
1150.140	9883.000
1150.279	10111.000
1150.419	10030.000
1150.558	10001.000
1150.698	10050.000
1150.837	10188.000
1150.977	9990.000
1151.116	10109.000
1151.255	9994.000
1151.395	10032.000
1151.534	9962.000
1151.674	10039.000
1151.813	10005.000
1151.953	10034.000
1152.092	10004.000
1152.231	10077.000
1152.371	10047.000
1152.510	10101.000
1152.650	9971.000
1152.789	10144.000
1152.928	10099.000
1153.068	10067.000
1153.207	10106.000
1153.346	10140.000
1153.486	10061.000
1153.625	10125.000
1153.764	9239.000
1153.904	10110.000
1154.043	10075.000
1154.182	10099.000
1154.322	9992.000
1154.461	10137.000
1154.600	10053.000
1154.740	10164.000
1154.879	10097.000
1155.018	10179.000
1155.157	10025.000
1155.297	10092.000
1155.436	10021.000
1155.575	10210.000
1155.714	10052.000
1155.854	10135.000
1155.993	9977.000
1156.132	10199.000
1156.271	9994.000
1156.411	10075.000
1156.550	10081.000
1156.689	10082.000
1156.828	10016.000
1156.967	10142.000
1157.107	10003.000
1157.246	10238.000
1157.385	9993.000
1157.524	10240.000
1157.663	10053.000
1157.802	10131.000
1157.941	10113.000
1158.081	10131.000
1158.220	10029.000
1158.359	10080.000
1158.498	9980.000
1158.637	10037.000
1158.776	10042.000
1158.915	10194.000
1159.054	10060.000
1159.193	10187.000
1159.333	10026.000
1159.472	10137.000
1159.611	10018.000
1159.750	10106.000
1159.889	9955.000
1160.028	10119.000
1160.167	9940.000
1160.306	10066.000
1160.445	9962.000
1160.584	10120.000
1160.723	10091.000
1160.862	10101.000
1161.001	9990.000
1161.140	10193.000
1161.279	9933.000
1161.418	10062.000
1161.557	9988.000
1161.696	10120.000
1161.835	9951.000
1161.974	10164.000
1162.113	12637.000
1162.252	10158.000
1162.391	9982.000
1162.530	10071.000
1162.669	9977.000
1162.808	10089.000
1162.946	9926.000
1163.085	10028.000
1163.224	10047.000
1163.363	10119.000
1163.502	10008.000
1163.641	9989.000
1163.780	9926.000
1163.919	10024.000
1164.058	9965.000
1164.196	10052.000
1164.335	9912.000
1164.474	9988.000
1164.613	9852.000
1164.752	9996.000
1164.891	9894.000
1165.029	10014.000
1165.168	9871.000
1165.307	9952.000
1165.446	9916.000
1165.585	9945.000
1165.723	9788.000
1165.862	9819.000
1166.001	9781.000
1166.140	9971.000
1166.279	9778.000
1166.417	9879.000
1166.556	9737.000
1166.695	9946.000
1166.834	9773.000
1166.972	9883.000
1167.111	9733.000
1167.250	9863.000
1167.388	9655.000
1167.527	9838.000
1167.666	9655.000
1167.805	9837.000
1167.943	9688.000
1168.082	9861.000
1168.221	9748.000
1168.359	9865.000
1168.498	9692.000
1168.637	9875.000
1168.775	9666.000
1168.914	9859.000
1169.052	9743.000
1169.191	9709.000
1169.330	9711.000
1169.468	9884.000
1169.607	9698.000
1169.746	9795.000
1169.884	9696.000
1170.023	9815.000
1170.161	9786.000
1170.300	9821.000
1170.439	9775.000
1170.577	9865.000
1170.716	9767.000
1170.854	9913.000
1170.993	9742.000
1171.131	9899.000
1171.270	9685.000
1171.408	9849.000
1171.547	9857.000
1171.685	9973.000
1171.824	9748.000
1171.962	9898.000
1172.101	9854.000
1172.239	9957.000
1172.378	9843.000
1172.516	9948.000
1172.655	9831.000
1172.793	9993.000
1172.932	9811.000
1173.070	9907.000
1173.209	9854.000
1173.347	9997.000
1173.486	9850.000
1173.624	9846.000
1173.762	9877.000
1173.901	10057.000
1174.039	9919.000
1174.178	9955.000
1174.316	9908.000
1174.454	9909.000
1174.593	9906.000
1174.731	10035.000
