1159.948	7633.000
1160.095	7529.000
1160.241	7606.000
1160.387	7581.000
1160.533	7607.000
1160.679	7603.000
1160.825	7579.000
1160.971	7533.000
1161.117	7592.000
1161.263	7555.000
1161.410	7536.000
1161.556	7584.000
1161.702	7529.000
1161.848	7464.000
1161.994	7513.000
1162.140	7550.000
1162.286	7443.000
1162.432	7527.000
1162.578	7463.000
1162.724	7546.000
1162.870	7458.000
1163.016	7419.000
1163.162	7569.000
1163.308	7466.000
1163.454	7523.000
1163.599	7423.000
1163.745	7473.000
1163.891	7390.000
1164.037	7422.000
1164.183	7406.000
1164.329	7451.000
1164.475	7482.000
1164.621	7469.000
1164.767	7418.000
1164.912	7347.000
1165.058	7380.000
1165.204	7464.000
1165.350	7346.000
1165.496	7434.000
1165.642	7426.000
1165.787	7387.000
1165.933	7421.000
1166.079	7347.000
1166.225	7441.000
1166.370	7315.000
1166.516	7392.000
1166.662	7397.000
1166.808	7325.000
1166.953	7374.000
1167.099	7358.000
1167.245	7348.000
1167.390	7311.000
1167.536	7365.000
1167.682	7393.000
1167.827	7333.000
1167.973	7371.000
1168.119	7287.000
1168.264	7361.000
1168.410	7264.000
1168.556	7294.000
1168.701	7355.000
1168.847	7304.000
1168.992	7312.000
1169.138	7275.000
1169.284	7248.000
1169.429	7377.000
1169.575	7311.000
1169.720	7257.000
1169.866	7299.000
1170.011	7296.000
1170.157	7302.000
1170.302	7288.000
1170.448	7341.000
1170.593	7334.000
1170.739	7236.000
1170.884	7301.000
1171.030	7255.000
1171.175	7267.000
1171.321	7251.000
1171.466	7373.000
1171.611	7263.000
1171.757	7278.000
1171.902	7310.000
1172.048	7296.000
1172.193	7225.000
1172.338	7259.000
1172.484	7224.000
1172.629	7266.000
1172.775	7266.000
1172.920	7270.000
1173.065	7224.000
1173.211	7310.000
1173.356	7269.000
1173.501	7264.000
1173.646	7277.000
1173.792	7251.000
1173.937	7221.000
1174.082	7288.000
1174.228	7278.000
1174.373	7329.000
1174.518	7246.000
1174.663	7234.000
1174.809	7193.000
1174.954	7195.000
1175.099	7261.000
1175.244	7347.000
1175.389	7259.000
1175.535	7307.000
1175.680	7258.000
1175.825	7273.000
1175.970	7283.000
1176.115	7324.000
1176.260	7169.000
1176.405	7359.000
1176.550	7278.000
1176.696	7273.000
1176.841	7317.000
1176.986	7345.000
1177.131	7317.000
1177.276	7321.000
1177.421	7288.000
1177.566	7342.000
1177.711	7298.000
1177.856	7397.000
1178.001	7287.000
1178.146	7369.000
1178.291	7226.000
1178.436	7287.000
1178.581	7379.000
1178.726	7388.000
1178.871	7339.000
1179.016	7394.000
1179.161	7349.000
1179.306	7347.000
1179.451	7321.000
1179.596	7404.000
1179.741	7427.000
1179.886	7449.000
1180.030	7381.000
1180.175	7444.000
1180.320	7400.000
1180.465	7451.000
1180.610	7401.000
1180.755	7375.000
1180.900	7407.000
1181.044	7492.000
1181.189	7462.000
1181.334	7442.000
1181.479	7414.000
1181.624	7507.000
1181.768	7440.000
1181.913	7459.000
1182.058	7371.000
1182.203	7453.000
1182.348	7389.000
1182.492	7524.000
1182.637	7483.000
1182.782	7509.000
1182.926	7425.000
1183.071	7475.000
1183.216	7471.000
1183.360	7483.000
1183.505	7452.000
1183.650	7541.000
1183.794	7389.000
1183.939	7504.000
1184.084	7482.000
1184.228	7470.000
1184.373	7472.000
1184.518	7559.000
1184.662	7371.000
1184.807	7540.000
1184.951	7463.000
1185.096	7458.000
1185.241	7526.000
1185.385	7553.000
1185.530	7406.000
1185.674	7554.000
1185.819	7356.000
1185.963	7486.000
1186.108	7459.000
1186.252	7584.000
1186.397	7479.000
1186.541	7597.000
1186.686	7428.000
1186.830	7476.000
1186.975	7484.000
1187.119	7524.000
1187.263	7510.000
1187.408	7615.000
1187.552	7442.000
1187.697	7536.000
1187.841	7438.000
1187.985	7539.000
1188.130	7480.000
1188.274	7614.000
1188.419	7420.000
1188.563	7578.000
1188.707	7398.000
1188.852	7620.000
1188.996	7620.000
1189.140	7520.000
1189.285	7535.000
1189.429	7534.000
1189.573	7472.000
1189.717	7586.000
1189.862	7476.000
1190.006	7654.000
1190.150	7455.000
1190.294	7597.000
1190.439	7516.000
1190.583	7587.000
1190.727	7447.000
1190.871	7666.000
1191.016	7528.000
1191.160	7595.000
1191.304	7459.000
1191.448	7595.000
1191.592	7454.000
1191.736	7598.000
1191.881	7517.000
1192.025	7653.000
1192.169	7494.000
1192.313	7634.000
1192.457	7409.000
1192.601	7670.000
1192.745	7474.000
1192.889	7658.000
1193.033	7486.000
1193.177	7665.000
1193.321	7570.000
1193.465	7638.000
1193.610	7540.000
1193.754	7669.000
1193.898	7483.000
1194.042	7622.000
1194.186	7501.000
1194.330	7694.000
1194.474	7495.000
1194.617	7613.000
1194.761	7510.000
1194.905	7591.000
1195.049	7491.000
1195.193	7625.000
1195.337	7461.000
1195.481	7685.000
1195.625	7518.000
1195.769	7670.000
1195.913	7599.000
1196.057	7668.000
1196.201	7539.000
1196.344	7560.000
1196.488	7471.000
1196.632	7571.000
1196.776	7454.000
1196.920	7617.000
1197.064	7590.000
1197.207	7640.000
1197.351	7454.000
1197.495	7671.000
1197.639	7578.000
1197.782	7543.000
1197.926	7429.000
1198.070	7602.000
1198.214	7440.000
1198.357	7563.000
1198.501	7433.000
1198.645	7578.000
1198.789	7396.000
1198.932	7536.000
1199.076	7428.000
1199.220	7502.000
1199.363	7404.000
1199.507	7524.000
1199.651	7423.000
1199.794	7492.000
1199.938	7367.000
1200.081	7585.000
1200.225	7391.000
1200.369	7438.000
1200.512	7385.000
1200.656	7485.000
1200.799	7274.000
1200.943	7463.000
1201.087	7390.000
1201.230	7454.000
1201.374	7276.000
1201.517	7363.000
1201.661	7298.000
1201.804	7367.000
1201.948	7236.000
1202.091	7358.000
1202.235	7270.000
1202.378	7379.000
1202.522	7200.000
1202.665	7327.000
1202.808	7052.000
1202.952	7358.000
1203.095	7150.000
1203.239	7257.000
1203.382	7114.000
1203.526	7299.000
1203.669	7104.000
1203.812	7220.000
1203.956	7191.000
1204.099	7114.000
1204.242	7026.000
1204.386	7202.000
1204.529	7083.000
1204.672	7157.000
1204.816	6989.000
1204.959	7217.000
1205.102	7099.000
1205.246	7144.000
1205.389	6987.000
1205.532	7162.000
1205.675	7036.000
1205.819	7171.000
1205.962	6960.000
1206.105	7180.000
1206.248	6991.000
1206.392	7037.000
1206.535	7008.000
1206.678	7127.000
1206.821	6983.000
1206.964	7231.000
1207.108	6927.000
1207.251	6980.000
1207.394	6939.000
1207.537	7154.000
1207.680	6989.000
1207.823	7040.000
1207.966	6859.000
1208.109	7114.000
1208.253	6915.000
1208.396	7102.000
1208.539	6900.000
1208.682	7075.000
1208.825	6916.000
1208.968	7042.000
1209.111	6988.000
1209.254	7089.000
1209.397	6896.000
1209.540	7078.000
1209.683	6847.000
1209.826	6979.000
1209.969	6930.000
1210.112	7059.000
1210.255	6793.000
1210.398	7069.000
1210.541	6802.000
1210.684	6955.000
1210.827	6855.000
1210.970	7029.000
1211.113	6858.000
1211.255	7007.000
1211.398	6870.000
1211.541	6934.000
1211.684	6836.000
1211.827	6976.000
1211.970	6964.000
1212.113	6915.000
1212.256	6834.000
1212.398	6952.000
1212.541	6841.000
1212.684	6976.000
1212.827	6794.000
1212.970	6911.000
1213.112	6846.000
1213.255	6956.000
1213.398	6810.000
1213.541	6975.000
1213.683	6765.000
1213.826	7016.000
1213.969	6755.000
1214.112	6974.000
1214.254	6810.000
1214.397	7011.000
1214.540	6806.000
1214.682	7057.000
1214.825	6774.000
1214.968	7046.000
1215.110	6826.000
1215.253	6969.000
1215.396	6830.000
1215.538	6986.000
1215.681	6830.000
1215.824	6902.000
1215.966	6835.000
1216.109	6999.000
1216.251	6792.000
1216.394	6956.000
1216.536	6814.000
1216.679	6985.000
1216.822	6894.000
1216.964	6974.000
1217.107	6880.000
1217.249	6947.000
1217.392	6795.000
1217.534	7016.000
1217.677	6588.000
1217.819	7003.000
1217.962	6883.000
1218.104	6962.000
1218.247	6886.000
1218.389	6923.000
1218.531	6755.000
1218.674	6871.000
1218.816	6895.000
1218.959	7053.000
1219.101	6809.000
1219.243	6945.000
1219.386	6785.000
1219.528	6977.000
1219.671	6845.000
1219.813	6953.000
1219.955	6768.000
1220.098	7016.000
1220.240	6872.000
1220.382	6940.000
1220.525	6799.000
1220.667	7011.000
1220.809	6811.000
1220.951	6996.000
1221.094	6865.000
1221.236	6920.000
1221.378	6730.000
1221.520	6960.000
1221.663	6825.000
1221.805	7092.000
1221.947	6813.000
1222.089	7004.000
1222.232	6834.000
1222.374	6980.000
1222.516	6843.000
1222.658	7048.000
1222.800	6876.000
1222.942	7020.000
1223.084	6860.000
1223.227	6992.000
1223.369	6866.000
1223.511	7048.000
1223.653	6852.000
1223.795	7046.000
1223.937	6811.000
1224.079	6928.000
1224.221	6789.000
1224.363	7033.000
1224.505	6809.000
1224.647	6939.000
1224.789	6806.000
1224.932	6960.000
1225.074	6798.000
1225.216	6977.000
1225.358	6874.000
1225.500	7006.000
1225.641	6831.000
1225.783	7036.000
1225.925	6907.000
1226.067	6952.000
1226.209	6828.000
1226.351	7037.000
1226.493	6870.000
1226.635	7010.000
1226.777	6821.000
1226.919	7032.000
1227.061	6840.000
1227.203	6958.000
1227.345	6846.000
1227.486	6979.000
1227.628	6859.000
1227.770	6973.000
1227.912	6815.000
1228.054	7003.000
1228.196	6804.000
1228.337	6959.000
1228.479	6894.000
1228.621	6971.000
1228.763	6810.000
1228.904	6975.000
1229.046	6791.000
1229.188	7024.000
1229.330	6904.000
1229.471	6942.000
1229.613	6855.000
1229.755	6882.000
1229.897	6870.000
1230.038	6974.000
1230.180	6898.000
1230.322	7058.000
1230.463	6825.000
1230.605	7021.000
1230.747	6877.000
1230.888	7038.000
1231.030	6853.000
1231.171	7011.000
1231.313	6917.000
1231.455	7078.000
1231.596	6844.000
1231.738	6889.000
1231.879	6776.000
1232.021	7039.000
1232.163	6767.000
1232.304	6944.000
1232.446	6842.000
1232.587	6959.000
1232.729	6807.000
1232.870	6991.000
1233.012	6826.000
1233.153	7031.000
1233.295	6734.000
1233.436	7008.000
1233.578	6812.000
1233.719	6952.000
1233.860	6864.000
1234.002	6992.000
1234.143	6811.000
1234.285	6977.000
1234.426	6788.000
1234.568	6960.000
1234.709	6805.000
1234.850	6960.000
1234.992	6798.000
1235.133	6957.000
1235.274	6961.000
1235.416	6980.000
1235.557	6831.000
1235.698	7015.000
1235.840	6760.000
1235.981	6969.000
1236.122	6799.000
1236.264	6990.000
1236.405	6764.000
1236.546	7094.000
1236.687	6837.000
1236.829	7043.000
1236.970	6784.000
1237.111	6996.000
1237.252	6872.000
1237.394	7000.000
1237.535	6752.000
1237.676	6942.000
1237.817	6808.000
1237.958	6992.000
1238.100	6836.000
1238.241	6959.000
1238.382	6739.000
1238.523	6952.000
1238.664	6814.000
1238.805	6927.000
1238.946	6806.000
1239.088	6992.000
1239.229	6752.000
1239.370	6976.000
1239.511	6736.000
1239.652	6970.000
1239.793	6806.000
1239.934	7053.000
1240.075	6811.000
1240.216	6920.000
1240.357	6746.000
1240.498	6916.000
1240.639	6829.000
1240.780	7019.000
1240.921	6784.000
1241.062	6972.000
1241.203	6678.000
1241.344	6966.000
1241.485	6791.000
1241.626	6960.000
1241.767	6761.000
1241.908	6920.000
1242.049	6870.000
1242.190	6891.000
1242.330	6773.000
1242.471	6967.000
1242.612	6758.000
1242.753	6934.000
1242.894	6707.000
1243.035	6985.000
1243.176	6806.000
1243.316	6872.000
1243.457	6731.000
1243.598	6918.000
1243.739	6782.000
1243.880	6856.000
1244.020	6677.000
1244.161	6902.000
1244.302	6837.000
1244.443	6936.000
1244.584	6808.000
1244.724	6941.000
1244.865	6730.000
1245.006	6920.000
1245.146	6740.000
1245.287	6900.000
1245.428	6649.000
1245.568	6889.000
1245.709	6795.000
1245.850	6936.000
1245.990	6741.000
1246.131	6930.000
1246.272	6712.000
1246.412	6910.000
1246.553	6665.000
1246.694	6880.000
1246.834	6699.000
1246.975	6778.000
1247.115	6623.000
1247.256	6842.000
1247.397	6750.000
1247.537	6811.000
1247.678	6667.000
1247.818	6826.000
1247.959	6710.000
1248.099	6868.000
1248.240	6699.000
1248.380	6859.000
1248.521	6688.000
1248.661	6816.000
1248.802	6691.000
1248.942	6916.000
1249.083	6667.000
1249.223	6781.000
1249.364	6676.000
1249.504	6805.000
1249.644	6630.000
1249.785	6750.000
1249.925	6643.000
1250.066	6869.000
1250.206	6734.000
1250.346	6790.000
1250.487	6675.000
1250.627	6824.000
1250.767	6646.000
1250.908	6764.000
1251.048	6623.000
1251.188	6795.000
1251.329	6580.000
1251.469	6778.000
1251.609	6637.000
1251.750	6782.000
1251.890	6656.000
1252.030	6770.000
1252.170	6598.000
1252.311	6833.000
1252.451	6647.000
1252.591	6771.000
1252.731	6664.000
1252.871	6809.000
1253.012	6566.000
1253.152	6779.000
1253.292	6717.000
1253.432	6852.000
1253.572	6660.000
1253.712	6767.000
1253.853	6652.000
1253.993	6737.000
1254.133	6605.000
1254.273	6775.000
1254.413	6649.000
1254.553	6768.000
1254.693	6604.000
1254.833	6776.000
1254.973	6591.000
1255.114	6821.000
1255.254	6659.000
1255.394	6842.000
1255.534	6557.000
1255.674	6823.000
1255.814	6639.000
1255.954	6805.000
1256.094	6599.000
1256.234	6832.000
1256.374	6602.000
1256.514	6783.000
1256.654	6629.000
1256.794	6787.000
1256.933	6626.000
1257.073	6852.000
1257.213	6635.000
1257.353	6734.000
1257.493	6683.000
1257.633	6768.000
1257.773	6665.000
1257.913	6850.000
1258.053	6682.000
1258.193	6713.000
1258.332	6604.000
1258.472	6789.000
1258.612	6678.000
1258.752	6735.000
1258.892	6647.000
1259.031	6781.000
1259.171	6656.000
1259.311	6860.000
1259.451	6645.000
1259.591	6777.000
1259.730	6683.000
1259.870	6788.000
1260.010	6636.000
1260.150	6876.000
1260.289	6691.000
1260.429	6839.000
1260.569	6741.000
1260.708	6854.000
1260.848	6690.000
1260.988	6771.000
1261.127	6676.000
1261.267	6855.000
1261.407	6665.000
1261.546	6783.000
1261.686	6746.000
1261.826	6831.000
1261.965	6667.000
1262.105	6743.000
1262.244	6641.000
1262.384	6873.000
1262.524	6658.000
1262.663	6827.000
1262.803	6712.000
1262.942	6921.000
1263.082	7084.000
1263.221	6805.000
1263.361	6658.000
1263.500	6820.000
1263.640	6605.000
1263.779	6887.000
1263.919	6648.000
1264.058	6874.000
1264.198	6653.000
1264.337	6719.000
1264.477	6735.000
1264.616	6792.000
1264.756	6631.000
1264.895	6783.000
1265.034	6651.000
1265.174	6869.000
1265.313	6648.000
1265.453	6751.000
1265.592	6625.000
1265.731	6742.000
1265.871	6645.000
1266.010	6800.000
1266.149	6673.000
1266.289	6764.000
1266.428	6711.000
1266.567	6755.000
1266.707	6603.000
1266.846	6843.000
1266.985	6659.000
1267.124	6782.000
1267.264	6616.000
1267.403	6720.000
1267.542	6657.000
1267.681	6722.000
1267.821	6618.000
1267.960	6662.000
1268.099	6625.000
1268.238	6666.000
1268.377	6633.000
1268.517	6769.000
1268.656	6602.000
1268.795	6741.000
1268.934	6622.000
1269.073	6806.000
1269.212	6619.000
1269.352	6742.000
1269.491	6670.000
1269.630	6742.000
1269.769	6631.000
1269.908	6744.000
1270.047	6625.000
1270.186	6702.000
1270.325	6646.000
1270.464	6775.000
1270.603	6682.000
1270.742	6734.000
1270.881	6614.000
1271.020	6663.000
1271.159	6631.000
1271.298	6711.000
1271.437	6614.000
1271.576	6775.000
1271.715	6641.000
1271.854	6755.000
1271.993	6593.000
1272.132	6715.000
1272.271	6621.000
1272.410	6733.000
1272.549	6548.000
1272.688	6787.000
1272.827	6615.000
1272.966	6798.000
1273.104	6636.000
1273.243	6804.000
1273.382	6604.000
1273.521	6791.000
1273.660	6613.000
1273.799	6738.000
1273.938	6573.000
1274.076	6836.000
1274.215	6590.000
1274.354	6820.000
1274.493	6626.000
1274.632	6815.000
1274.770	6571.000
1274.909	6767.000
1275.048	6644.000
1275.187	6798.000
1275.325	6651.000
1275.464	6790.000
1275.603	6689.000
1275.741	6826.000
1275.880	6668.000
1276.019	6751.000
1276.157	6618.000
1276.296	6842.000
1276.435	6640.000
1276.573	6810.000
1276.712	6645.000
1276.851	6827.000
1276.989	6615.000
1277.128	6839.000
1277.267	6641.000
1277.405	6867.000
1277.544	6761.000
1277.682	6813.000
1277.821	6614.000
1277.959	6802.000
1278.098	6661.000
1278.236	6759.000
1278.375	6660.000
1278.514	6810.000
1278.652	6704.000
1278.791	6774.000
1278.929	6672.000
1279.068	6823.000
1279.206	6689.000
1279.344	6801.000
1279.483	6659.000
1279.621	6855.000
1279.760	6608.000
1279.898	6771.000
1280.037	6625.000
1280.175	6790.000
1280.313	6556.000
1280.452	6812.000
1280.590	6681.000
1280.729	6712.000
1280.867	6662.000
1281.005	6845.000
1281.144	6611.000
1281.282	6792.000
1281.420	6647.000
1281.559	6768.000
1281.697	6583.000
1281.835	6717.000
1281.974	6629.000
1282.112	6711.000
1282.250	6643.000
1282.388	6761.000
1282.527	6633.000
1282.665	6754.000
1282.803	6607.000
1282.941	6828.000
1283.080	6670.000
1283.218	6761.000
1283.356	6693.000
1283.494	6743.000
1283.632	6635.000
1283.771	6746.000
1283.909	5799.000
1284.047	6720.000
1284.185	6610.000
1284.323	6715.000
1284.461	6513.000
1284.599	6726.000
1284.737	6560.000
1284.876	6732.000
1285.014	6637.000
1285.152	6727.000
1285.290	6582.000
1285.428	6728.000
1285.566	6540.000
1285.704	6774.000
1285.842	6611.000
1285.980	6707.000
1286.118	6503.000
1286.256	6737.000
1286.394	6495.000
1286.532	6639.000
1286.670	6552.000
1286.808	6635.000
1286.946	6504.000
1287.084	6657.000
1287.222	6479.000
1287.360	6713.000
1287.498	6467.000
1287.636	6741.000
1287.774	6516.000
1287.911	6626.000
1288.049	6566.000
1288.187	6592.000
1288.325	6502.000
1288.463	6589.000
1288.601	6428.000
1288.739	6549.000
1288.876	6464.000
1289.014	6686.000
1289.152	6479.000
1289.290	6656.000
1289.428	6439.000
1289.565	6592.000
1289.703	6437.000
1289.841	6560.000
1289.979	6356.000
1290.117	6559.000
1290.254	6351.000
1290.392	6559.000
1290.530	6367.000
1290.667	6574.000
1290.805	6502.000
1290.943	6593.000
1291.080	6389.000
1291.218	6684.000
1291.356	6379.000
1291.493	6558.000
1291.631	6451.000
1291.769	6619.000
1291.906	6442.000
1292.044	6655.000
1292.182	9350.000
1292.319	6612.000
1292.457	6457.000
1292.594	6580.000
1292.732	6443.000
1292.870	6581.000
1293.007	6335.000
1293.145	6559.000
1293.282	6542.000
1293.420	6668.000
1293.557	6504.000
1293.695	6561.000
1293.832	6444.000
1293.970	6602.000
1294.107	6526.000
1294.245	6653.000
1294.382	6455.000
1294.520	6601.000
1294.657	6379.000
1294.795	6618.000
1294.932	6461.000
1295.069	6672.000
1295.207	6513.000
1295.344	6642.000
1295.482	6482.000
1295.619	6622.000
1295.756	6400.000
1295.894	6561.000
1296.031	6396.000
1296.168	6650.000
1296.306	6453.000
1296.443	6593.000
1296.580	6415.000
1296.718	6680.000
1296.855	6454.000
1296.992	6658.000
1297.130	6436.000
1297.267	6611.000
1297.404	6326.000
1297.541	6595.000
1297.679	6376.000
1297.816	6593.000
1297.953	6338.000
1298.090	6637.000
1298.228	6427.000
1298.365	6565.000
1298.502	6364.000
1298.639	6625.000
1298.776	6336.000
1298.913	6588.000
1299.051	6461.000
1299.188	6504.000
1299.325	6363.000
1299.462	6622.000
1299.599	6394.000
1299.736	6541.000
1299.873	6386.000
1300.010	6547.000
1300.147	6433.000
1300.285	6538.000
1300.422	6436.000
1300.559	6585.000
1300.696	6441.000
1300.833	6591.000
1300.970	6351.000
1301.107	6562.000
1301.244	6324.000
1301.381	6551.000
1301.518	6469.000
1301.655	6642.000
1301.792	6386.000
1301.929	6521.000
1302.066	6388.000
1302.203	6630.000
1302.340	6421.000
1302.476	6635.000
1302.613	6403.000
1302.750	6645.000
1302.887	6397.000
1303.024	6512.000
1303.161	6403.000
1303.298	6600.000
1303.435	6379.000
1303.572	6484.000
1303.708	6425.000
1303.845	6627.000
1303.982	6440.000
1304.119	6541.000
1304.256	6401.000
1304.392	6464.000
1304.529	6443.000
1304.666	6591.000
