1059.898	6382.000
1060.043	6426.000
1060.188	6334.000
1060.333	6498.000
1060.479	6319.000
1060.624	6501.000
1060.769	6332.000
1060.914	6468.000
1061.059	6355.000
1061.204	6436.000
1061.349	6324.000
1061.494	6491.000
1061.639	6344.000
1061.784	6386.000
1061.929	6319.000
1062.074	6532.000
1062.219	6313.000
1062.364	6628.000
1062.509	6530.000
1062.654	6805.000
1062.799	6631.000
1062.944	6782.000
1063.089	6842.000
1063.234	6841.000
1063.379	6772.000
1063.524	6749.000
1063.669	6668.000
1063.814	6594.000
1063.959	6437.000
1064.104	6474.000
1064.249	6407.000
1064.394	6490.000
1064.538	6394.000
1064.683	6475.000
1064.828	6320.000
1064.973	6439.000
1065.118	6430.000
1065.263	6439.000
1065.408	6416.000
1065.553	6506.000
1065.697	6401.000
1065.842	6501.000
1065.987	6357.000
1066.132	6543.000
1066.277	6346.000
1066.422	6486.000
1066.566	6435.000
1066.711	6436.000
1066.856	6405.000
1067.001	6480.000
1067.146	6371.000
1067.290	6449.000
1067.435	6415.000
1067.580	6509.000
1067.725	6345.000
1067.869	6470.000
1068.014	6330.000
1068.159	6457.000
1068.303	6348.000
1068.448	6425.000
1068.593	6390.000
1068.738	6424.000
1068.882	6343.000
1069.027	6416.000
1069.172	6304.000
1069.316	6510.000
1069.461	6379.000
1069.606	6397.000
1069.750	6316.000
1069.895	6477.000
1070.040	6377.000
1070.184	6442.000
1070.329	6328.000
1070.473	6472.000
1070.618	6311.000
1070.763	6421.000
1070.907	6325.000
1071.052	6434.000
1071.196	6342.000
1071.341	6521.000
1071.486	6367.000
1071.630	6432.000
1071.775	6389.000
1071.919	6447.000
1072.064	6312.000
1072.208	6406.000
1072.353	6327.000
1072.497	6436.000
1072.642	6353.000
1072.786	6410.000
1072.931	6347.000
1073.075	6465.000
1073.220	6384.000
1073.364	6426.000
1073.509	6402.000
1073.653	6444.000
1073.798	6288.000
1073.942	6444.000
1074.087	6394.000
1074.231	6455.000
1074.376	6342.000
1074.520	6391.000
1074.664	6310.000
1074.809	6364.000
1074.953	6322.000
1075.098	6481.000
1075.242	6366.000
1075.386	6432.000
1075.531	6353.000
1075.675	6432.000
1075.819	6399.000
1075.964	6459.000
1076.108	6272.000
1076.252	6491.000
1076.397	6379.000
1076.541	6440.000
1076.685	6441.000
1076.830	6501.000
1076.974	6457.000
1077.118	6501.000
1077.263	6424.000
1077.407	6534.000
1077.551	6458.000
1077.695	6633.000
1077.840	6467.000
1077.984	6593.000
1078.128	6409.000
1078.272	6504.000
1078.417	6616.000
1078.561	6657.000
1078.705	6543.000
1078.849	6666.000
1078.994	6571.000
1079.138	6618.000
1079.282	6557.000
1079.426	6645.000
1079.570	6621.000
1079.714	6716.000
1079.859	6550.000
1080.003	6665.000
1080.147	6626.000
1080.291	6681.000
1080.435	6576.000
1080.579	6608.000
1080.723	6597.000
1080.868	6705.000
1081.012	6624.000
1081.156	6677.000
1081.300	6601.000
1081.444	6777.000
1081.588	6627.000
1081.732	6689.000
1081.876	6555.000
1082.020	6703.000
1082.164	6576.000
1082.308	6766.000
1082.452	6667.000
1082.596	6767.000
1082.740	6679.000
1082.884	6778.000
1083.028	6698.000
1083.172	6752.000
1083.316	6715.000
1083.460	6823.000
1083.604	6664.000
1083.748	6814.000
1083.892	6778.000
1084.036	6833.000
1084.180	6764.000
1084.324	6887.000
1084.468	6703.000
1084.612	6905.000
1084.756	6791.000
1084.900	6853.000
1085.044	6909.000
1085.188	6954.000
1085.332	6850.000
1085.476	6957.000
1085.619	6788.000
1085.763	6929.000
1085.907	6910.000
1086.051	7056.000
1086.195	6935.000
1086.339	7034.000
1086.483	6862.000
1086.626	6900.000
1086.770	6931.000
1086.914	6987.000
1087.058	6990.000
1087.202	7046.000
1087.346	6899.000
1087.489	6982.000
1087.633	6856.000
1087.777	7004.000
1087.921	6920.000
1088.064	7055.000
1088.208	6868.000
1088.352	6983.000
1088.496	6780.000
1088.639	7048.000
1088.783	7011.000
1088.927	6954.000
1089.071	6937.000
1089.214	6946.000
1089.358	6838.000
1089.502	6981.000
1089.645	6887.000
1089.789	7026.000
1089.933	6877.000
1090.076	7006.000
1090.220	6879.000
1090.364	6970.000
1090.507	6846.000
1090.651	7011.000
1090.795	6876.000
1090.938	6926.000
1091.082	6781.000
1091.226	6947.000
1091.369	6786.000
1091.513	6887.000
1091.656	6825.000
1091.800	6969.000
1091.944	6796.000
1092.087	6915.000
1092.231	6666.000
1092.374	6888.000
1092.518	6703.000
1092.661	6849.000
1092.805	6686.000
1092.948	6942.000
1093.092	6770.000
1093.235	6859.000
1093.379	6715.000
1093.522	6859.000
1093.666	6686.000
1093.809	6802.000
1093.953	6700.000
1094.096	6863.000
1094.240	6671.000
1094.383	6780.000
1094.527	6691.000
1094.670	6834.000
1094.814	6722.000
1094.957	6861.000
1095.101	6698.000
1095.244	6939.000
1095.387	6794.000
1095.531	6944.000
1095.674	6919.000
1095.818	7040.000
1095.961	6933.000
1096.104	6959.000
1096.248	6875.000
1096.391	7009.000
1096.534	6898.000
1096.678	7098.000
1096.821	7084.000
1096.964	7112.000
1097.108	6971.000
1097.251	7134.000
1097.394	7065.000
1097.538	7055.000
1097.681	6967.000
1097.824	7135.000
1097.968	6971.000
1098.111	7099.000
1098.254	6979.000
1098.397	7145.000
1098.541	6973.000
1098.684	7096.000
1098.827	7029.000
1098.970	7122.000
1099.114	7038.000
1099.257	7157.000
1099.400	7100.000
1099.543	7168.000
1099.686	7073.000
1099.830	7293.000
1099.973	7100.000
1100.116	7184.000
1100.259	7127.000
1100.402	7274.000
1100.545	7080.000
1100.689	7288.000
1100.832	7245.000
1100.975	7349.000
1101.118	7161.000
1101.261	7305.000
1101.404	7215.000
1101.547	7322.000
1101.691	7233.000
1101.834	7356.000
1101.977	7295.000
1102.120	7405.000
1102.263	7302.000
1102.406	7439.000
1102.549	7172.000
1102.692	7518.000
1102.835	7308.000
1102.978	7470.000
1103.121	7388.000
1103.264	7584.000
1103.407	7423.000
1103.550	7551.000
1103.693	7549.000
1103.836	7515.000
1103.979	7468.000
1104.122	7673.000
1104.265	7548.000
1104.408	7679.000
1104.551	7563.000
1104.694	7821.000
1104.837	7738.000
1104.980	7811.000
1105.123	7702.000
1105.266	7825.000
1105.409	7801.000
1105.552	7873.000
1105.695	7728.000
1105.838	7987.000
1105.980	7872.000
1106.123	7915.000
1106.266	7939.000
1106.409	8025.000
1106.552	7986.000
1106.695	8201.000
1106.838	8000.000
1106.980	8071.000
1107.123	8094.000
1107.266	8282.000
1107.409	8191.000
1107.552	8232.000
1107.695	8155.000
1107.837	8436.000
1107.980	8293.000
1108.123	8448.000
1108.266	8369.000
1108.409	8554.000
1108.551	8505.000
1108.694	8608.000
1108.837	8643.000
1108.980	8755.000
1109.122	8637.000
1109.265	8849.000
1109.408	8663.000
1109.551	8838.000
1109.693	8863.000
1109.836	8961.000
1109.979	8846.000
1110.121	9105.000
1110.264	8926.000
1110.407	9090.000
1110.549	9105.000
1110.692	9277.000
1110.835	9240.000
1110.977	9375.000
1111.120	9349.000
1111.263	9395.000
1111.405	9409.000
1111.548	9572.000
1111.691	9672.000
1111.833	9630.000
1111.976	9690.000
1112.118	9772.000
1112.261	9826.000
1112.404	9982.000
1112.546	9918.000
1112.689	9995.000
1112.831	10042.000
1112.974	10181.000
1113.116	10221.000
1113.259	10343.000
1113.401	10263.000
1113.544	10516.000
1113.686	10414.000
1113.829	10664.000
1113.971	10593.000
1114.114	10835.000
1114.256	10757.000
1114.399	11070.000
1114.541	10849.000
1114.684	11183.000
1114.826	11042.000
1114.969	11241.000
1115.111	11278.000
1115.254	11450.000
1115.396	11466.000
1115.539	11563.000
1115.681	11633.000
1115.823	11817.000
1115.966	11745.000
1116.108	11912.000
1116.251	11913.000
1116.393	12081.000
1116.535	12186.000
1116.678	12329.000
1116.820	12415.000
1116.962	12485.000
1117.105	12485.000
1117.247	12723.000
1117.389	12558.000
1117.532	13030.000
1117.674	13058.000
1117.816	13122.000
1117.959	13253.000
1118.101	13255.000
1118.243	13286.000
1118.386	13506.000
1118.528	13601.000
1118.670	13814.000
1118.812	13817.000
1118.955	13929.000
1119.097	14014.000
1119.239	14223.000
1119.381	14327.000
1119.524	14440.000
1119.666	14501.000
1119.808	14693.000
1119.950	14721.000
1120.093	14800.000
1120.235	14909.000
1120.377	15155.000
1120.519	15290.000
1120.661	15498.000
1120.803	15627.000
1120.946	15624.000
1121.088	15626.000
1121.230	15869.000
1121.372	16070.000
1121.514	16261.000
1121.656	16154.000
1121.798	16336.000
1121.941	16384.000
1122.083	16566.000
1122.225	16647.000
1122.367	16796.000
1122.509	16937.000
1122.651	17167.000
1122.793	17407.000
1122.935	17667.000
1123.077	17791.000
1123.219	17892.000
1123.361	17893.000
1123.503	17974.000
1123.645	18048.000
1123.787	18236.000
1123.929	18612.000
1124.071	18878.000
1124.213	18889.000
1124.355	19120.000
1124.497	19305.000
1124.639	19397.000
1124.781	19561.000
1124.923	19571.000
1125.065	19501.000
1125.207	19486.000
1125.349	19619.000
1125.491	19853.000
1125.633	20223.000
1125.775	20346.000
1125.917	20515.000
1126.059	20671.000
1126.201	20853.000
1126.343	21009.000
1126.485	21208.000
1126.626	21349.000
1126.768	21493.000
1126.910	21446.000
1127.052	21582.000
1127.194	21534.000
1127.336	21638.000
1127.478	21599.000
1127.619	21598.000
1127.761	21683.000
1127.903	21810.000
1128.045	21996.000
1128.187	22227.000
1128.329	22068.000
1128.470	22169.000
1128.612	22053.000
1128.754	22109.000
1128.896	22205.000
1129.037	22234.000
1129.179	22028.000
1129.321	22002.000
1129.463	21528.000
1129.604	21602.000
1129.746	21408.000
1129.888	21524.000
1130.030	21374.000
1130.171	21278.000
1130.313	21045.000
1130.455	20937.000
1130.596	20693.000
1130.738	20393.000
1130.880	20102.000
1131.021	19834.000
1131.163	19409.000
1131.305	19097.000
1131.446	18606.000
1131.588	18269.000
1131.730	17976.000
1131.871	17507.000
1132.013	17133.000
1132.155	16759.000
1132.296	16347.000
1132.438	16003.000
1132.579	15699.000
1132.721	15335.000
1132.863	15070.000
1133.004	14526.000
1133.146	14406.000
1133.287	14051.000
1133.429	13815.000
1133.570	13546.000
1133.712	13379.000
1133.853	13116.000
1133.995	12999.000
1134.136	12723.000
1134.278	12619.000
1134.419	12348.000
1134.561	12234.000
1134.702	11931.000
1134.844	12098.000
1134.985	12180.000
1135.127	12277.000
1135.268	12242.000
1135.410	12434.000
1135.551	12309.000
1135.693	12451.000
1135.834	12293.000
1135.975	12389.000
1136.117	12306.000
1136.258	12680.000
1136.400	12565.000
1136.541	12630.000
1136.682	12373.000
1136.824	12352.000
1136.965	12172.000
1137.107	12065.000
1137.248	11716.000
1137.389	11579.000
1137.531	11335.000
1137.672	11314.000
1137.813	11058.000
1137.955	10976.000
1138.096	10588.000
1138.237	10546.000
1138.379	10295.000
1138.520	10261.000
1138.661	10023.000
1138.802	10059.000
1138.944	9757.000
1139.085	9802.000
1139.226	9532.000
1139.368	9583.000
1139.509	9370.000
1139.650	9471.000
1139.791	9195.000
1139.933	9161.000
1140.074	8947.000
1140.215	9018.000
1140.356	8911.000
1140.497	8996.000
1140.639	8688.000
1140.780	8785.000
1140.921	8474.000
1141.062	8671.000
1141.203	8519.000
1141.344	8607.000
1141.486	8373.000
1141.627	8481.000
1141.768	8441.000
1141.909	8406.000
1142.050	8306.000
1142.191	8425.000
1142.332	8161.000
1142.473	8363.000
1142.615	8100.000
1142.756	8333.000
1142.897	8126.000
1143.038	8172.000
1143.179	8052.000
1143.320	8196.000
1143.461	8036.000
1143.602	8095.000
1143.743	7902.000
1143.884	8113.000
1144.025	8047.000
1144.166	8112.000
1144.307	7969.000
1144.448	8125.000
1144.589	7878.000
1144.730	8094.000
1144.871	7923.000
1145.012	8014.000
1145.153	7782.000
1145.294	7987.000
1145.435	7923.000
1145.576	8030.000
1145.717	7802.000
1145.858	7980.000
1145.999	7771.000
1146.140	7929.000
1146.281	7687.000
1146.422	7884.000
1146.562	7675.000
1146.703	7722.000
1146.844	7594.000
1146.985	7754.000
1147.126	7700.000
1147.267	7726.000
1147.408	7589.000
1147.549	7763.000
1147.689	7608.000
1147.830	7758.000
1147.971	7594.000
1148.112	7729.000
1148.253	7572.000
1148.394	7698.000
1148.534	7516.000
1148.675	7733.000
1148.816	7560.000
1148.957	7643.000
1149.097	7516.000
1149.238	7652.000
1149.379	7484.000
1149.520	7563.000
1149.661	7438.000
1149.801	7660.000
1149.942	7515.000
1150.083	7633.000
1150.223	7513.000
1150.364	7641.000
1150.505	7485.000
1150.646	7623.000
1150.786	7474.000
1150.927	7623.000
1151.068	7461.000
1151.208	7626.000
1151.349	7505.000
1151.490	7665.000
1151.630	7539.000
1151.771	7616.000
1151.912	7444.000
1152.052	7649.000
1152.193	7535.000
1152.333	7662.000
1152.474	7518.000
1152.615	7673.000
1152.755	7400.000
1152.896	7642.000
1153.036	7617.000
1153.177	7746.000
1153.318	7553.000
1153.458	7669.000
1153.599	7583.000
1153.739	7675.000
1153.880	7515.000
1154.020	7712.000
1154.161	7543.000
1154.301	7697.000
1154.442	7515.000
1154.582	7696.000
1154.723	7516.000
1154.863	7771.000
1155.004	7593.000
1155.144	7788.000
1155.285	7551.000
1155.425	7778.000
1155.566	7574.000
1155.706	7765.000
1155.847	7583.000
1155.987	7828.000
1156.127	7592.000
1156.268	7735.000
1156.408	7621.000
1156.549	7779.000
1156.689	7595.000
1156.829	7835.000
1156.970	7679.000
1157.110	7758.000
1157.251	7681.000
1157.391	7772.000
1157.531	7700.000
1157.672	7852.000
1157.812	7683.000
1157.952	7772.000
1158.093	7673.000
1158.233	7817.000
1158.373	7748.000
1158.514	7793.000
1158.654	7703.000
1158.794	7818.000
1158.935	7747.000
1159.075	7903.000
1159.215	7691.000
1159.355	7841.000
1159.496	7765.000
1159.636	7862.000
1159.776	7718.000
1159.916	7939.000
1160.057	7752.000
1160.197	7907.000
1160.337	7774.000
1160.477	7891.000
1160.617	7751.000
1160.758	7846.000
1160.898	7712.000
1161.038	7890.000
1161.178	7707.000
1161.318	7792.000
1161.459	7776.000
1161.599	7878.000
1161.739	7667.000
1161.879	7753.000
1162.019	7628.000
1162.159	7884.000
1162.299	7638.000
1162.439	7751.000
1162.580	7652.000
1162.720	7832.000
1162.860	8017.000
1163.000	7729.000
1163.140	7581.000
1163.280	7746.000
1163.420	7528.000
1163.560	7770.000
1163.700	7477.000
1163.840	7704.000
1163.980	7515.000
1164.120	7548.000
1164.260	7529.000
1164.400	7594.000
1164.540	7459.000
1164.680	7567.000
1164.820	7428.000
1164.960	7654.000
1165.100	7384.000
1165.240	7489.000
1165.380	7373.000
1165.520	7468.000
1165.660	7353.000
1165.800	7485.000
1165.940	7353.000
1166.080	7452.000
1166.220	7389.000
1166.360	7442.000
1166.500	7294.000
1166.640	7575.000
1166.780	7295.000
1166.919	7423.000
1167.059	7285.000
1167.199	7360.000
1167.339	7281.000
1167.479	7379.000
1167.619	7276.000
1167.759	7295.000
1167.898	7283.000
1168.038	7319.000
1168.178	7280.000
1168.318	7355.000
1168.458	7235.000
1168.598	7362.000
1168.737	7242.000
1168.877	7411.000
1169.017	7253.000
1169.157	7323.000
1169.297	7263.000
1169.436	7323.000
1169.576	7254.000
1169.716	7309.000
1169.856	7211.000
1169.995	7319.000
1170.135	7253.000
1170.275	7373.000
1170.414	7319.000
1170.554	7327.000
1170.694	7247.000
1170.834	7308.000
1170.973	7224.000
1171.113	7334.000
1171.253	7190.000
1171.392	7395.000
1171.532	7245.000
1171.672	7383.000
1171.811	7246.000
1171.951	7311.000
1172.091	7244.000
1172.230	7346.000
1172.370	7185.000
1172.509	7415.000
1172.649	7233.000
1172.789	7397.000
1172.928	7294.000
1173.068	7427.000
1173.207	7230.000
1173.347	7403.000
1173.486	7236.000
1173.626	7395.000
1173.766	7198.000
1173.905	7429.000
1174.045	7226.000
1174.184	7472.000
1174.324	7276.000
1174.463	7462.000
1174.603	7215.000
1174.742	7394.000
1174.882	7297.000
1175.021	7454.000
1175.161	7312.000
1175.300	7444.000
1175.440	7357.000
1175.579	7504.000
1175.719	7339.000
1175.858	7417.000
1175.997	7361.000
1176.137	7529.000
1176.276	7323.000
1176.416	7477.000
1176.555	7340.000
1176.695	7515.000
1176.834	7290.000
1176.973	7505.000
1177.113	7326.000
1177.252	7561.000
1177.391	7455.000
1177.531	7538.000
1177.670	7312.000
1177.809	7498.000
1177.949	7359.000
1178.088	7462.000
1178.227	7404.000
1178.367	7530.000
1178.506	7435.000
1178.645	7519.000
1178.785	7410.000
1178.924	7546.000
1179.063	7463.000
1179.203	7559.000
1179.342	7410.000
1179.481	7604.000
1179.620	7414.000
1179.760	7531.000
1179.899	7388.000
1180.038	7555.000
1180.177	7347.000
1180.317	7594.000
1180.456	7480.000
1180.595	7511.000
1180.734	7494.000
1180.873	7676.000
1181.013	7408.000
1181.152	7603.000
1181.291	7499.000
1181.430	7586.000
1181.569	7451.000
1181.708	7570.000
1181.848	7424.000
1181.987	7579.000
1182.126	7476.000
1182.265	7599.000
1182.404	7512.000
1182.543	7601.000
1182.682	7480.000
1182.821	7672.000
1182.960	7554.000
1183.100	7626.000
1183.239	7588.000
1183.378	7647.000
1183.517	7542.000
1183.656	7656.000
1183.795	6749.000
1183.934	7648.000
1184.073	7529.000
1184.212	7624.000
1184.351	7480.000
1184.490	7642.000
1184.629	7511.000
1184.768	7688.000
1184.907	7538.000
1185.046	7657.000
1185.185	7522.000
1185.324	7607.000
1185.463	7503.000
1185.602	7688.000
1185.741	7521.000
1185.880	7645.000
1186.019	7444.000
1186.158	7651.000
1186.296	7456.000
1186.435	7598.000
1186.574	7542.000
1186.713	7586.000
1186.852	7502.000
1186.991	7651.000
1187.130	7486.000
1187.269	7698.000
1187.408	7477.000
1187.546	7757.000
1187.685	7548.000
1187.824	7614.000
1187.963	7569.000
1188.102	7603.000
1188.241	7503.000
1188.379	7607.000
1188.518	7479.000
1188.657	7608.000
1188.796	7520.000
1188.935	7720.000
1189.073	7556.000
1189.212	7748.000
1189.351	7513.000
1189.490	7646.000
1189.629	7507.000
1189.767	7646.000
1189.906	7461.000
1190.045	7626.000
1190.183	7429.000
1190.322	7635.000
1190.461	7487.000
1190.600	7654.000
1190.738	7595.000
1190.877	7659.000
1191.016	7542.000
1191.154	7732.000
1191.293	7458.000
1191.432	7639.000
1191.570	7585.000
1191.709	7735.000
1191.848	7545.000
1191.986	7797.000
1192.125	10492.000
1192.264	7775.000
1192.402	7594.000
1192.541	7723.000
1192.679	7614.000
1192.818	7702.000
1192.957	7514.000
1193.095	7697.000
1193.234	7694.000
1193.372	7822.000
1193.511	7639.000
1193.649	7686.000
1193.788	7603.000
1193.926	7754.000
1194.065	7703.000
1194.204	7817.000
1194.342	7628.000
1194.481	7758.000
1194.619	7602.000
1194.758	7810.000
1194.896	7673.000
1195.035	7824.000
1195.173	7677.000
1195.311	7782.000
1195.450	7664.000
1195.588	7767.000
1195.727	7631.000
1195.865	7710.000
1196.004	7592.000
1196.142	7791.000
1196.281	7611.000
1196.419	7744.000
1196.557	7581.000
1196.696	7823.000
1196.834	7613.000
1196.973	7792.000
1197.111	7571.000
1197.249	7746.000
1197.388	7458.000
1197.526	7709.000
1197.664	7505.000
1197.803	7695.000
1197.941	7492.000
1198.079	7736.000
1198.218	7536.000
1198.356	7681.000
1198.494	7535.000
1198.633	7711.000
1198.771	7452.000
1198.909	7688.000
1199.048	7503.000
1199.186	7538.000
1199.324	7430.000
1199.462	7658.000
1199.601	7485.000
1199.739	7580.000
1199.877	7455.000
1200.015	7547.000
1200.154	7461.000
1200.292	7539.000
1200.430	7448.000
1200.568	7549.000
1200.706	7451.000
1200.845	7578.000
1200.983	7334.000
1201.121	7531.000
1201.259	7292.000
1201.397	7472.000
1201.535	7382.000
1201.674	7535.000
1201.812	7333.000
1201.950	7427.000
1202.088	7335.000
1202.226	7493.000
1202.364	7302.000
1202.502	7496.000
1202.640	7248.000
1202.778	7471.000
1202.917	7208.000
1203.055	7343.000
1203.193	7217.000
1203.331	7414.000
1203.469	7212.000
1203.607	7231.000
1203.745	7221.000
1203.883	7355.000
1204.021	7216.000
1204.159	7257.000
1204.297	7151.000
1204.435	7191.000
1204.573	7183.000
1204.711	7319.000
