1429.840	9038.000
1429.989	9020.000
1430.138	9039.000
1430.288	9085.000
1430.437	9009.000
1430.587	9084.000
1430.736	8967.000
1430.885	9064.000
1431.035	8936.000
1431.184	9008.000
1431.333	8918.000
1431.482	9055.000
1431.632	8973.000
1431.781	8950.000
1431.930	8901.000
1432.079	9043.000
1432.229	8860.000
1432.378	8987.000
1432.527	8907.000
1432.676	8999.000
1432.825	8872.000
1432.974	8901.000
1433.123	9030.000
1433.273	8939.000
1433.422	8910.000
1433.571	8924.000
1433.720	8923.000
1433.869	8866.000
1434.018	8886.000
1434.167	8916.000
1434.316	8880.000
1434.465	8952.000
1434.614	8891.000
1434.763	8910.000
1434.911	8821.000
1435.060	8868.000
1435.209	8887.000
1435.358	8811.000
1435.507	8895.000
1435.656	8893.000
1435.805	8811.000
1435.954	8893.000
1436.102	8802.000
1436.251	8910.000
1436.400	8734.000
1436.549	8865.000
1436.697	8848.000
1436.846	8803.000
1436.995	8818.000
1437.144	8840.000
1437.292	8754.000
1437.441	8743.000
1437.590	8786.000
1437.738	8822.000
1437.887	8712.000
1438.035	8769.000
1438.184	8730.000
1438.333	8763.000
1438.481	8699.000
1438.630	8699.000
1438.778	8735.000
1438.927	8710.000
1439.075	8671.000
1439.224	8679.000
1439.372	8623.000
1439.521	8731.000
1439.669	8692.000
1439.818	8599.000
1439.966	8631.000
1440.114	8678.000
1440.263	8644.000
1440.411	8614.000
1440.559	8618.000
1440.708	8667.000
1440.856	8567.000
1441.004	8600.000
1441.153	8541.000
1441.301	8546.000
1441.449	8563.000
1441.597	8652.000
1441.746	8508.000
1441.894	8608.000
1442.042	8564.000
1442.190	8570.000
1442.338	8465.000
1442.487	8549.000
1442.635	8445.000
1442.783	8524.000
1442.931	8511.000
1443.079	8497.000
1443.227	8429.000
1443.375	8488.000
1443.523	8486.000
1443.671	8500.000
1443.819	8455.000
1443.967	8457.000
1444.115	8440.000
1444.263	8488.000
1444.411	8465.000
1444.559	8487.000
1444.707	8387.000
1444.855	8395.000
1445.003	8354.000
1445.151	8386.000
1445.299	8391.000
1445.447	8543.000
1445.594	8371.000
1445.742	8409.000
1445.890	8364.000
1446.038	8428.000
1446.186	8400.000
1446.333	8445.000
1446.481	8222.000
1446.629	8449.000
1446.776	8330.000
1446.924	8363.000
1447.072	8374.000
1447.220	8412.000
1447.367	8351.000
1447.515	8390.000
1447.662	8341.000
1447.810	8385.000
1447.958	8339.000
1448.105	8429.000
1448.253	8297.000
1448.400	8444.000
1448.548	8262.000
1448.695	8300.000
1448.843	8407.000
1448.990	8414.000
1449.138	8288.000
1449.285	8383.000
1449.433	8336.000
1449.580	8325.000
1449.728	8280.000
1449.875	8328.000
1450.022	8351.000
1450.170	8418.000
1450.317	8289.000
1450.464	8371.000
1450.612	8350.000
1450.759	8404.000
1450.906	8262.000
1451.054	8274.000
1451.201	8293.000
1451.348	8423.000
1451.495	8322.000
1451.643	8308.000
1451.790	8236.000
1451.937	8368.000
1452.084	8282.000
1452.231	8299.000
1452.378	8189.000
1452.526	8309.000
1452.673	8230.000
1452.820	8337.000
1452.967	8269.000
1453.114	8388.000
1453.261	8247.000
1453.408	8302.000
1453.555	8253.000
1453.702	8295.000
1453.849	8189.000
1453.996	8324.000
1454.143	8164.000
1454.290	8295.000
1454.437	8255.000
1454.584	8250.000
1454.731	8211.000
1454.878	8315.000
1455.024	8141.000
1455.171	8301.000
1455.318	8192.000
1455.465	8194.000
1455.612	8256.000
1455.759	8287.000
1455.905	8133.000
1456.052	8290.000
1456.199	8080.000
1456.346	8160.000
1456.492	8152.000
1456.639	8280.000
1456.786	8141.000
1456.932	8256.000
1457.079	8062.000
1457.226	8148.000
1457.372	8133.000
1457.519	8178.000
1457.665	8159.000
1457.812	8265.000
1457.959	8066.000
1458.105	8172.000
1458.252	8038.000
1458.398	8216.000
1458.545	8071.000
1458.691	8223.000
1458.838	8011.000
1458.984	8165.000
1459.131	7994.000
1459.277	8224.000
1459.423	8189.000
1459.570	8120.000
1459.716	8119.000
1459.863	8147.000
1460.009	8028.000
1460.155	8176.000
1460.302	8095.000
1460.448	8184.000
1460.594	8001.000
1460.741	8177.000
1460.887	8062.000
1461.033	8119.000
1461.179	7987.000
1461.326	8214.000
1461.472	8042.000
1461.618	8126.000
1461.764	7992.000
1461.910	8092.000
1462.056	7985.000
1462.203	8111.000
1462.349	8045.000
1462.495	8161.000
1462.641	8038.000
1462.787	8125.000
1462.933	7920.000
1463.079	8136.000
1463.225	7993.000
1463.371	8086.000
1463.517	7977.000
1463.663	8182.000
1463.809	8041.000
1463.955	8120.000
1464.101	7984.000
1464.247	8142.000
1464.393	7996.000
1464.539	8081.000
1464.684	8013.000
1464.830	8142.000
1464.976	7943.000
1465.122	8071.000
1465.268	7978.000
1465.414	8075.000
1465.559	7989.000
1465.705	8086.000
1465.851	7966.000
1465.997	8134.000
1466.142	8021.000
1466.288	8121.000
1466.434	8088.000
1466.579	8172.000
1466.725	8061.000
1466.871	8049.000
1467.016	7960.000
1467.162	8081.000
1467.308	7958.000
1467.453	8124.000
1467.599	8096.000
1467.744	8156.000
1467.890	7969.000
1468.035	8146.000
1468.181	8102.000
1468.326	8098.000
1468.472	7930.000
1468.617	8118.000
1468.763	8012.000
1468.908	8130.000
1469.054	7960.000
1469.199	8127.000
1469.344	7949.000
1469.490	8066.000
1469.635	8022.000
1469.780	8075.000
1469.926	8023.000
1470.071	8116.000
1470.216	8061.000
1470.362	8100.000
1470.507	7990.000
1470.652	8197.000
1470.797	8013.000
1470.943	8072.000
1471.088	8034.000
1471.233	8112.000
1471.378	7971.000
1471.523	8145.000
1471.668	8090.000
1471.814	8158.000
1471.959	7997.000
1472.104	8089.000
1472.249	7984.000
1472.394	8106.000
1472.539	8006.000
1472.684	8080.000
1472.829	8019.000
1472.974	8132.000
1473.119	8008.000
1473.264	8075.000
1473.409	7877.000
1473.554	8137.000
1473.699	7977.000
1473.844	8066.000
1473.989	7957.000
1474.134	8111.000
1474.279	7951.000
1474.423	8078.000
1474.568	8060.000
1474.713	7985.000
1474.858	7889.000
1475.003	8105.000
1475.147	7962.000
1475.292	8074.000
1475.437	7908.000
1475.582	8124.000
1475.726	8002.000
1475.871	8071.000
1476.016	7947.000
1476.161	8064.000
1476.305	7972.000
1476.450	8067.000
1476.594	7893.000
1476.739	8117.000
1476.884	7925.000
1477.028	8007.000
1477.173	7974.000
1477.317	8025.000
1477.462	7907.000
1477.606	8127.000
1477.751	7898.000
1477.895	7912.000
1478.040	7907.000
1478.184	8078.000
1478.329	7937.000
1478.473	7987.000
1478.618	7854.000
1478.762	8082.000
1478.907	7868.000
1479.051	8001.000
1479.195	7877.000
1479.340	8033.000
1479.484	7917.000
1479.628	8003.000
1479.773	7968.000
1479.917	8071.000
1480.061	7890.000
1480.205	8081.000
1480.350	7839.000
1480.494	7977.000
1480.638	7912.000
1480.782	7991.000
1480.926	7814.000
1481.071	8067.000
1481.215	7835.000
1481.359	7926.000
1481.503	7867.000
1481.647	8032.000
1481.791	7893.000
1481.935	7982.000
1482.079	7895.000
1482.223	7922.000
1482.367	7847.000
1482.511	7933.000
1482.655	7934.000
1482.799	7924.000
1482.943	7883.000
1483.087	7922.000
1483.231	7898.000
1483.375	7963.000
1483.519	7812.000
1483.663	7888.000
1483.807	7899.000
1483.951	7966.000
1484.095	7850.000
1484.238	7968.000
1484.382	7794.000
1484.526	7980.000
1484.670	7799.000
1484.814	7970.000
1484.957	7841.000
1485.101	8023.000
1485.245	7839.000
1485.389	8046.000
1485.532	7771.000
1485.676	8080.000
1485.820	7859.000
1485.963	7938.000
1486.107	7874.000
1486.250	7995.000
1486.394	7884.000
1486.538	7904.000
1486.681	7849.000
1486.825	7991.000
1486.968	7824.000
1487.112	7915.000
1487.255	7847.000
1487.399	7968.000
1487.542	7891.000
1487.686	7966.000
1487.829	7911.000
1487.973	7977.000
1488.116	7822.000
1488.260	8014.000
1488.403	7636.000
1488.546	8007.000
1488.690	7884.000
1488.833	7973.000
1488.976	7924.000
1489.120	7892.000
1489.263	7741.000
1489.406	7905.000
1489.550	7880.000
1489.693	8052.000
1489.836	7822.000
1489.979	7942.000
1490.123	7769.000
1490.266	8003.000
1490.409	7846.000
1490.552	7919.000
1490.695	7766.000
1490.838	7985.000
1490.981	7907.000
1491.125	7956.000
1491.268	7806.000
1491.411	7975.000
1491.554	7825.000
1491.697	7987.000
1491.840	7876.000
1491.983	7893.000
1492.126	7768.000
1492.269	7922.000
1492.412	7845.000
1492.555	8083.000
1492.698	7784.000
1492.841	7969.000
1492.984	7864.000
1493.126	7934.000
1493.269	7851.000
1493.412	7989.000
1493.555	7824.000
1493.698	7986.000
1493.841	7880.000
1493.984	7980.000
1494.126	7856.000
1494.269	8030.000
1494.412	7883.000
1494.555	7999.000
1494.697	7844.000
1494.840	7930.000
1494.983	7799.000
1495.125	8005.000
1495.268	7814.000
1495.411	7930.000
1495.553	7807.000
1495.696	7920.000
1495.839	7832.000
1495.981	7947.000
1496.124	7859.000
1496.266	7968.000
1496.409	7829.000
1496.551	7995.000
1496.694	7912.000
1496.836	7933.000
1496.979	7801.000
1497.121	7984.000
1497.264	7888.000
1497.406	7967.000
1497.549	7822.000
1497.691	8006.000
1497.834	7847.000
1497.976	7915.000
1498.118	7807.000
1498.261	7922.000
1498.403	7826.000
1498.545	7949.000
1498.688	7816.000
1498.830	7965.000
1498.972	7794.000
1499.114	7902.000
1499.257	7892.000
1499.399	7911.000
1499.541	7806.000
1499.683	7929.000
1499.826	7743.000
1499.968	8008.000
1500.110	7902.000
1500.252	7913.000
1500.394	7810.000
1500.536	7867.000
1500.678	7879.000
1500.820	7956.000
1500.962	7876.000
1501.104	8022.000
1501.247	7811.000
1501.389	7960.000
1501.531	7836.000
1501.673	7988.000
1501.815	7842.000
1501.956	8027.000
1502.098	7879.000
1502.240	7996.000
1502.382	7846.000
1502.524	7874.000
1502.666	7731.000
1502.808	7959.000
1502.950	7732.000
1503.092	7911.000
1503.233	7791.000
1503.375	7933.000
1503.517	7813.000
1503.659	7888.000
1503.801	7793.000
1503.942	8006.000
1504.084	7712.000
1504.226	7977.000
1504.367	7783.000
1504.509	7943.000
1504.651	7819.000
1504.792	7966.000
1504.934	7809.000
1505.076	7929.000
1505.217	7749.000
1505.359	7929.000
1505.501	7792.000
1505.642	7942.000
1505.784	7745.000
1505.925	7898.000
1506.067	7929.000
1506.208	7961.000
1506.350	7809.000
1506.491	7953.000
1506.633	7780.000
1506.774	7927.000
1506.915	7772.000
1507.057	7934.000
1507.198	7733.000
1507.340	8062.000
1507.481	7806.000
1507.622	7987.000
1507.764	7801.000
1507.905	7997.000
1508.046	7825.000
1508.188	7967.000
1508.329	7759.000
1508.470	7912.000
1508.611	7763.000
1508.753	7951.000
1508.894	7851.000
1509.035	7955.000
1509.176	7722.000
1509.317	7921.000
1509.459	7784.000
1509.600	7910.000
1509.741	7840.000
1509.882	7946.000
1510.023	7716.000
1510.164	7931.000
1510.305	7728.000
1510.446	7950.000
1510.587	7793.000
1510.728	8016.000
1510.869	7807.000
1511.010	7924.000
1511.151	7743.000
1511.292	7896.000
1511.433	7827.000
1511.574	8006.000
1511.715	7736.000
1511.856	7957.000
1511.997	7707.000
1512.138	7914.000
1512.279	7813.000
1512.419	7911.000
1512.560	7779.000
1512.701	7872.000
1512.842	7842.000
1512.983	7886.000
1513.123	7791.000
1513.264	7915.000
1513.405	7775.000
1513.546	7933.000
1513.686	7718.000
1513.827	7940.000
1513.968	7790.000
1514.108	7881.000
1514.249	7757.000
1514.390	7897.000
1514.530	7786.000
1514.671	7811.000
1514.811	7682.000
1514.952	7893.000
1515.093	7844.000
1515.233	7932.000
1515.374	7795.000
1515.514	7961.000
1515.655	7756.000
1515.795	7867.000
1515.936	7728.000
1516.076	7866.000
1516.216	7664.000
1516.357	7863.000
1516.497	7785.000
1516.638	7924.000
1516.778	7746.000
1516.918	7896.000
1517.059	7707.000
1517.199	7866.000
1517.339	7645.000
1517.480	7860.000
1517.620	7674.000
1517.760	7799.000
1517.900	7623.000
1518.041	7795.000
1518.181	7763.000
1518.321	7762.000
1518.461	7687.000
1518.601	7861.000
1518.742	7731.000
1518.882	7824.000
1519.022	7687.000
1519.162	7841.000
1519.302	7669.000
1519.442	7794.000
1519.582	7647.000
1519.722	7861.000
1519.862	7680.000
1520.002	7745.000
1520.142	7683.000
1520.282	7811.000
1520.422	7624.000
1520.562	7731.000
1520.702	7595.000
1520.842	7889.000
1520.982	7722.000
1521.122	7743.000
1521.262	7661.000
1521.402	7795.000
1521.542	7658.000
1521.682	7744.000
1521.821	7580.000
1521.961	7787.000
1522.101	7578.000
1522.241	7755.000
1522.380	7653.000
1522.520	7769.000
1522.660	7635.000
1522.800	7730.000
1522.939	7594.000
1523.079	7795.000
1523.219	7620.000
1523.358	7758.000
1523.498	7667.000
1523.638	7787.000
1523.777	7569.000
1523.917	7749.000
1524.057	7682.000
1524.196	7832.000
1524.336	7661.000
1524.475	7733.000
1524.615	7685.000
1524.754	7731.000
1524.894	7611.000
1525.033	7737.000
1525.173	7598.000
1525.312	7768.000
1525.452	7618.000
1525.591	7740.000
1525.730	7628.000
1525.870	7819.000
1526.009	7659.000
1526.148	7827.000
1526.288	7575.000
1526.427	7823.000
1526.566	7665.000
1526.706	7816.000
1526.845	7635.000
1526.984	7856.000
1527.124	7630.000
1527.263	7786.000
1527.402	7653.000
1527.541	7784.000
1527.680	7646.000
1527.820	7811.000
1527.959	7671.000
1528.098	7776.000
1528.237	7710.000
1528.376	7742.000
1528.515	7686.000
1528.654	7862.000
1528.793	7705.000
1528.933	7768.000
1529.072	7647.000
1529.211	7834.000
1529.350	7709.000
1529.489	7783.000
1529.628	7688.000
1529.767	7818.000
1529.905	7701.000
1530.044	7880.000
1530.183	7680.000
1530.322	7765.000
1530.461	7776.000
1530.600	7827.000
1530.739	7689.000
1530.878	7910.000
1531.017	7748.000
1531.155	7858.000
1531.294	7782.000
1531.433	7857.000
1531.572	7751.000
1531.710	7853.000
1531.849	7755.000
1531.988	7924.000
1532.127	7778.000
1532.265	7825.000
1532.404	7854.000
1532.543	7886.000
1532.681	7767.000
1532.820	7812.000
1532.959	7722.000
1533.097	7928.000
1533.236	7719.000
1533.374	7857.000
1533.513	7784.000
1533.651	7970.000
1533.790	8107.000
1533.929	7908.000
1534.067	7767.000
1534.205	7870.000
1534.344	7693.000
1534.482	7928.000
1534.621	7679.000
1534.759	7927.000
1534.898	7728.000
1535.036	7790.000
1535.174	7790.000
1535.313	7860.000
1535.451	7743.000
1535.589	7842.000
1535.728	7743.000
1535.866	7940.000
1536.004	7756.000
1536.143	7829.000
1536.281	7696.000
1536.419	7807.000
1536.557	7715.000
1536.696	7840.000
1536.834	7739.000
1536.972	7838.000
1537.110	7793.000
1537.248	7802.000
1537.386	7701.000
1537.525	7935.000
1537.663	7735.000
1537.801	7804.000
1537.939	7732.000
1538.077	7786.000
1538.215	7728.000
1538.353	7797.000
1538.491	7721.000
1538.629	7759.000
1538.767	7732.000
1538.905	7774.000
1539.043	7743.000
1539.181	7838.000
1539.319	7725.000
1539.457	7839.000
1539.595	7703.000
1539.732	7889.000
1539.870	7738.000
1540.008	7778.000
1540.146	7750.000
1540.284	7814.000
1540.422	7769.000
1540.559	7830.000
1540.697	7720.000
1540.835	7793.000
1540.973	7737.000
1541.110	7842.000
1541.248	7790.000
1541.386	7842.000
1541.523	7722.000
1541.661	7803.000
1541.799	7779.000
1541.936	7810.000
1542.074	7704.000
1542.212	7907.000
1542.349	7762.000
1542.487	7887.000
1542.624	7726.000
1542.762	7820.000
1542.899	7742.000
1543.037	7856.000
1543.174	7689.000
1543.312	7888.000
1543.449	7752.000
1543.587	7935.000
1543.724	7814.000
1543.862	7946.000
1543.999	7778.000
1544.137	7942.000
1544.274	7783.000
1544.411	7865.000
1544.549	7770.000
1544.686	7931.000
1544.823	7770.000
1544.961	7965.000
1545.098	7787.000
1545.235	7982.000
1545.372	7738.000
1545.510	7951.000
1545.647	7807.000
1545.784	7992.000
1545.921	7850.000
1546.058	7978.000
1546.196	7894.000
1546.333	8029.000
1546.470	7892.000
1546.607	7911.000
1546.744	7863.000
1546.881	8038.000
1547.018	7853.000
1547.155	7977.000
1547.292	7884.000
1547.429	8078.000
1547.567	7845.000
1547.704	8027.000
1547.841	7853.000
1547.977	8107.000
1548.114	7972.000
1548.251	8044.000
1548.388	7847.000
1548.525	8031.000
1548.662	7899.000
1548.799	7982.000
1548.936	7901.000
1549.073	8052.000
1549.210	7937.000
1549.346	7967.000
1549.483	7918.000
1549.620	8052.000
1549.757	7922.000
1549.893	8020.000
1550.030	7898.000
1550.167	8063.000
1550.304	7894.000
1550.440	8002.000
1550.577	7875.000
1550.714	8051.000
1550.850	7828.000
1550.987	8048.000
1551.124	7947.000
1551.260	7977.000
1551.397	7942.000
1551.533	8104.000
1551.670	7872.000
1551.807	8052.000
1551.943	7957.000
1552.080	7999.000
1552.216	7856.000
1552.353	7967.000
1552.489	7912.000
1552.626	7983.000
1552.762	7915.000
1552.898	8050.000
1553.035	7954.000
1553.171	7985.000
1553.308	7886.000
1553.444	8091.000
1553.580	7985.000
1553.717	8045.000
1553.853	8004.000
1553.989	8091.000
1554.126	7954.000
1554.262	8059.000
1554.398	7122.000
1554.534	8045.000
1554.671	7926.000
1554.807	7983.000
1554.943	7849.000
1555.079	8041.000
1555.215	7888.000
1555.352	8042.000
1555.488	7974.000
1555.624	8063.000
1555.760	7900.000
1555.896	8019.000
1556.032	7896.000
1556.168	8099.000
1556.304	7953.000
1556.440	8049.000
1556.576	7844.000
1556.712	8054.000
1556.848	7876.000
1556.984	7993.000
1557.120	7906.000
1557.256	7981.000
1557.392	7904.000
1557.528	8010.000
1557.664	7859.000
1557.800	8082.000
1557.936	7840.000
1558.071	8085.000
1558.207	7895.000
1558.343	7977.000
1558.479	7935.000
1558.615	7936.000
1558.751	7851.000
1558.886	7945.000
1559.022	7802.000
1559.158	7893.000
1559.293	7864.000
1559.429	8003.000
1559.565	7870.000
1559.701	8024.000
1559.836	7840.000
1559.972	7952.000
1560.107	7821.000
1560.243	7941.000
1560.379	7732.000
1560.514	7939.000
1560.650	7728.000
1560.785	7919.000
1560.921	7803.000
1561.056	7960.000
1561.192	7919.000
1561.327	7956.000
1561.463	7823.000
1561.598	8049.000
1561.734	7796.000
1561.869	7922.000
1562.005	7864.000
1562.140	8013.000
1562.275	7837.000
1562.411	8066.000
1562.546	10604.000
1562.682	8070.000
1562.817	7899.000
1562.952	8011.000
1563.087	7908.000
1563.223	8008.000
1563.358	7821.000
1563.493	7972.000
1563.628	8004.000
1563.764	8114.000
1563.899	7971.000
1564.034	8026.000
1564.169	7924.000
1564.304	8047.000
1564.440	8030.000
1564.575	8126.000
1564.710	7987.000
1564.845	8102.000
1564.980	7943.000
1565.115	8128.000
1565.250	7983.000
1565.385	8165.000
1565.520	8020.000
1565.655	8133.000
1565.790	8032.000
1565.925	8115.000
1566.060	7976.000
1566.195	8067.000
1566.330	7973.000
1566.465	8185.000
1566.600	7988.000
1566.735	8124.000
1566.870	7957.000
1567.004	8210.000
1567.139	8001.000
1567.274	8185.000
1567.409	7978.000
1567.544	8184.000
1567.678	7907.000
1567.813	8136.000
1567.948	7962.000
1568.083	8176.000
1568.217	7964.000
1568.352	8198.000
1568.487	8047.000
1568.622	8167.000
1568.756	8023.000
1568.891	8186.000
1569.025	7959.000
1569.160	8231.000
1569.295	8086.000
1569.429	8114.000
1569.564	8051.000
1569.698	8232.000
1569.833	8052.000
1569.967	8183.000
1570.102	8059.000
1570.236	8186.000
1570.371	8123.000
1570.505	8202.000
1570.640	8185.000
1570.774	8238.000
1570.909	8107.000
1571.043	8311.000
1571.177	8111.000
1571.312	8255.000
1571.446	8061.000
1571.581	8242.000
1571.715	8207.000
1571.849	8358.000
1571.983	8133.000
1572.118	8257.000
1572.252	8204.000
1572.386	8346.000
1572.521	8211.000
1572.655	8343.000
1572.789	8225.000
1572.923	8395.000
1573.057	8186.000
1573.191	8293.000
1573.326	8243.000
1573.460	8363.000
1573.594	8212.000
1573.728	8239.000
1573.862	8273.000
1573.996	8436.000
1574.130	8336.000
1574.264	8356.000
1574.398	8248.000
1574.532	8301.000
1574.666	8337.000
1574.800	8450.000
