1029.870	8821.000
1030.015	8797.000
1030.160	8811.000
1030.305	8879.000
1030.449	8763.000
1030.594	8868.000
1030.739	8771.000
1030.884	8863.000
1031.029	8782.000
1031.173	8860.000
1031.318	8742.000
1031.463	8876.000
1031.608	8787.000
1031.752	8747.000
1031.897	8740.000
1032.042	8912.000
1032.187	8683.000
1032.331	8864.000
1032.476	8737.000
1032.621	8864.000
1032.765	8719.000
1032.910	8758.000
1033.055	8890.000
1033.200	8851.000
1033.344	8762.000
1033.489	8828.000
1033.634	8804.000
1033.778	8786.000
1033.923	8730.000
1034.068	8772.000
1034.212	8787.000
1034.357	8836.000
1034.502	8800.000
1034.646	8796.000
1034.791	8724.000
1034.935	8771.000
1035.080	8793.000
1035.225	8745.000
1035.369	8787.000
1035.514	8811.000
1035.658	8745.000
1035.803	8812.000
1035.947	8727.000
1036.092	8811.000
1036.237	8710.000
1036.381	8799.000
1036.526	8762.000
1036.670	8739.000
1036.815	8747.000
1036.959	8796.000
1037.104	8701.000
1037.248	8722.000
1037.393	8785.000
1037.537	8803.000
1037.682	8684.000
1037.826	8758.000
1037.971	8662.000
1038.115	8791.000
1038.260	8649.000
1038.404	8702.000
1038.549	8711.000
1038.693	8664.000
1038.838	8647.000
1038.982	8659.000
1039.126	8599.000
1039.271	8747.000
1039.415	8672.000
1039.560	8638.000
1039.704	8611.000
1039.848	8720.000
1039.993	8636.000
1040.137	8637.000
1040.282	8651.000
1040.426	8665.000
1040.570	8554.000
1040.715	8624.000
1040.859	8560.000
1041.003	8592.000
1041.148	8623.000
1041.292	8723.000
1041.436	8560.000
1041.581	8646.000
1041.725	8603.000
1041.869	8600.000
1042.014	8516.000
1042.158	8584.000
1042.302	8502.000
1042.447	8531.000
1042.591	8538.000
1042.735	8564.000
1042.879	8503.000
1043.024	8588.000
1043.168	8546.000
1043.312	8571.000
1043.456	8552.000
1043.601	8544.000
1043.745	8475.000
1043.889	8557.000
1044.033	8548.000
1044.178	8563.000
1044.322	8508.000
1044.466	8473.000
1044.610	8441.000
1044.754	8419.000
1044.899	8474.000
1045.043	8564.000
1045.187	8436.000
1045.331	8517.000
1045.475	8452.000
1045.619	8470.000
1045.763	8466.000
1045.908	8553.000
1046.052	8352.000
1046.196	8564.000
1046.340	8427.000
1046.484	8433.000
1046.628	8515.000
1046.772	8520.000
1046.916	8489.000
1047.060	8480.000
1047.205	8450.000
1047.349	8520.000
1047.493	8455.000
1047.637	8554.000
1047.781	8424.000
1047.925	8573.000
1048.069	8349.000
1048.213	8455.000
1048.357	8543.000
1048.501	8542.000
1048.645	8490.000
1048.789	8545.000
1048.933	8459.000
1049.077	8517.000
1049.221	8453.000
1049.365	8508.000
1049.509	8485.000
1049.653	8568.000
1049.797	8463.000
1049.941	8529.000
1050.085	8486.000
1050.229	8562.000
1050.373	8488.000
1050.517	8450.000
1050.660	8449.000
1050.804	8572.000
1050.948	8517.000
1051.092	8528.000
1051.236	8446.000
1051.380	8551.000
1051.524	8464.000
1051.668	8505.000
1051.812	8396.000
1051.956	8484.000
1052.099	8394.000
1052.243	8578.000
1052.387	8517.000
1052.531	8532.000
1052.675	8464.000
1052.819	8530.000
1052.962	8454.000
1053.106	8459.000
1053.250	8411.000
1053.394	8535.000
1053.538	8384.000
1053.681	8466.000
1053.825	8444.000
1053.969	8456.000
1054.113	8449.000
1054.257	8542.000
1054.400	8358.000
1054.544	8501.000
1054.688	8398.000
1054.832	8423.000
1054.975	8440.000
1055.119	8519.000
1055.263	8357.000
1055.407	8470.000
1055.550	8291.000
1055.694	8409.000
1055.838	8398.000
1055.981	8495.000
1056.125	8385.000
1056.269	8448.000
1056.412	8321.000
1056.556	8361.000
1056.700	8324.000
1056.843	8407.000
1056.987	8425.000
1057.131	8476.000
1057.274	8315.000
1057.418	8373.000
1057.562	8316.000
1057.705	8419.000
1057.849	8336.000
1057.992	8486.000
1058.136	8278.000
1058.280	8439.000
1058.423	8242.000
1058.567	8469.000
1058.710	8448.000
1058.854	8353.000
1058.997	8382.000
1059.141	8369.000
1059.285	8273.000
1059.428	8381.000
1059.572	8335.000
1059.715	8477.000
1059.859	8282.000
1060.002	8441.000
1060.146	8293.000
1060.289	8389.000
1060.433	8252.000
1060.576	8442.000
1060.720	8318.000
1060.863	8391.000
1061.007	8258.000
1061.150	8399.000
1061.294	8208.000
1061.437	8374.000
1061.580	8288.000
1061.724	8439.000
1061.867	8290.000
1062.011	8445.000
1062.154	8169.000
1062.298	8462.000
1062.441	8252.000
1062.584	8389.000
1062.728	8277.000
1062.871	8493.000
1063.015	8406.000
1063.158	8616.000
1063.301	8655.000
1063.445	8915.000
1063.588	8793.000
1063.731	8982.000
1063.875	8881.000
1064.018	9080.000
1064.161	8953.000
1064.305	9120.000
1064.448	9116.000
1064.591	9227.000
1064.735	8970.000
1064.878	8741.000
1065.021	8403.000
1065.165	8480.000
1065.308	8325.000
1065.451	8440.000
1065.594	8415.000
1065.738	8447.000
1065.881	8345.000
1066.024	8333.000
1066.167	8261.000
1066.311	8383.000
1066.454	8267.000
1066.597	8392.000
1066.740	8430.000
1066.884	8454.000
1067.027	8294.000
1067.170	8477.000
1067.313	8375.000
1067.456	8368.000
1067.599	8254.000
1067.743	8449.000
1067.886	8295.000
1068.029	8399.000
1068.172	8281.000
1068.315	8419.000
1068.458	8307.000
1068.602	8404.000
1068.745	8340.000
1068.888	8403.000
1069.031	8331.000
1069.174	8430.000
1069.317	8328.000
1069.460	8404.000
1069.603	8321.000
1069.746	8515.000
1069.890	8343.000
1070.033	8373.000
1070.176	8387.000
1070.319	8446.000
1070.462	8277.000
1070.605	8446.000
1070.748	8440.000
1070.891	8490.000
1071.034	8317.000
1071.177	8399.000
1071.320	8338.000
1071.463	8390.000
1071.606	8331.000
1071.749	8413.000
1071.892	8337.000
1072.035	8507.000
1072.178	8329.000
1072.321	8406.000
1072.464	8175.000
1072.607	8498.000
1072.750	8289.000
1072.893	8378.000
1073.036	8285.000
1073.179	8438.000
1073.322	8259.000
1073.465	8379.000
1073.607	8377.000
1073.750	8314.000
1073.893	8264.000
1074.036	8404.000
1074.179	8289.000
1074.322	8380.000
1074.465	8213.000
1074.608	8483.000
1074.751	8354.000
1074.893	8398.000
1075.036	8230.000
1075.179	8383.000
1075.322	8317.000
1075.465	8401.000
1075.608	8220.000
1075.750	8405.000
1075.893	8252.000
1076.036	8283.000
1076.179	8301.000
1076.322	8354.000
1076.464	8238.000
1076.607	8470.000
1076.750	8235.000
1076.893	8297.000
1077.036	8276.000
1077.178	8471.000
1077.321	8368.000
1077.464	8371.000
1077.607	8228.000
1077.749	8476.000
1077.892	8256.000
1078.035	8421.000
1078.177	8279.000
1078.320	8415.000
1078.463	8265.000
1078.606	8374.000
1078.748	8344.000
1078.891	8429.000
1079.034	8300.000
1079.176	8428.000
1079.319	8177.000
1079.462	8319.000
1079.604	8284.000
1079.747	8350.000
1079.890	8145.000
1080.032	8387.000
1080.175	8139.000
1080.317	8283.000
1080.460	8220.000
1080.603	8390.000
1080.745	8253.000
1080.888	8343.000
1081.030	8258.000
1081.173	8291.000
1081.316	8200.000
1081.458	8331.000
1081.601	8319.000
1081.743	8280.000
1081.886	8245.000
1082.028	8275.000
1082.171	8274.000
1082.313	8337.000
1082.456	8200.000
1082.598	8300.000
1082.741	8241.000
1082.883	8329.000
1083.026	8254.000
1083.168	8322.000
1083.311	8187.000
1083.453	8384.000
1083.596	8190.000
1083.738	8366.000
1083.881	8264.000
1084.023	8450.000
1084.166	8247.000
1084.308	8491.000
1084.451	8182.000
1084.593	8499.000
1084.736	8253.000
1084.878	8398.000
1085.020	8272.000
1085.163	8464.000
1085.305	8312.000
1085.448	8362.000
1085.590	8288.000
1085.732	8434.000
1085.875	8283.000
1086.017	8394.000
1086.159	8306.000
1086.302	8408.000
1086.444	8403.000
1086.586	8470.000
1086.729	8382.000
1086.871	8468.000
1087.013	8289.000
1087.156	8508.000
1087.298	8008.000
1087.440	8567.000
1087.583	8418.000
1087.725	8480.000
1087.867	8430.000
1088.010	8453.000
1088.152	8338.000
1088.294	8472.000
1088.436	8451.000
1088.579	8638.000
1088.721	8383.000
1088.863	8534.000
1089.005	8367.000
1089.148	8587.000
1089.290	8437.000
1089.432	8530.000
1089.574	8377.000
1089.716	8586.000
1089.859	8509.000
1090.001	8550.000
1090.143	8434.000
1090.285	8613.000
1090.427	8440.000
1090.569	8599.000
1090.712	8474.000
1090.854	8476.000
1090.996	8325.000
1091.138	8452.000
1091.280	8365.000
1091.422	8581.000
1091.564	8272.000
1091.707	8418.000
1091.849	8294.000
1091.991	8367.000
1092.133	8238.000
1092.275	8379.000
1092.417	8226.000
1092.559	8373.000
1092.701	8248.000
1092.843	8350.000
1092.985	8229.000
1093.127	8398.000
1093.269	8272.000
1093.411	8388.000
1093.554	8229.000
1093.696	8288.000
1093.838	8180.000
1093.980	8378.000
1094.122	8161.000
1094.264	8310.000
1094.406	8203.000
1094.548	8347.000
1094.690	8219.000
1094.832	8403.000
1094.973	8338.000
1095.115	8508.000
1095.257	8389.000
1095.399	8631.000
1095.541	8525.000
1095.683	8549.000
1095.825	8420.000
1095.967	8517.000
1096.109	8398.000
1096.251	8451.000
1096.393	8238.000
1096.535	8454.000
1096.677	8269.000
1096.819	8322.000
1096.960	8230.000
1097.102	8341.000
1097.244	8218.000
1097.386	8338.000
1097.528	8203.000
1097.670	8364.000
1097.812	8206.000
1097.953	8337.000
1098.095	8319.000
1098.237	8306.000
1098.379	8205.000
1098.521	8302.000
1098.662	8166.000
1098.804	8405.000
1098.946	8296.000
1099.088	8283.000
1099.230	8194.000
1099.371	8241.000
1099.513	8257.000
1099.655	8301.000
1099.797	8296.000
1099.938	8405.000
1100.080	8201.000
1100.222	8345.000
1100.364	8218.000
1100.505	8351.000
1100.647	8197.000
1100.789	8336.000
1100.931	8295.000
1101.072	8387.000
1101.214	8258.000
1101.356	8210.000
1101.497	8158.000
1101.639	8342.000
1101.781	8116.000
1101.922	8288.000
1102.064	8170.000
1102.206	8287.000
1102.347	8163.000
1102.489	8273.000
1102.631	8161.000
1102.772	8358.000
1102.914	8075.000
1103.055	8353.000
1103.197	8184.000
1103.339	8281.000
1103.480	8216.000
1103.622	8299.000
1103.763	8190.000
1103.905	8326.000
1104.046	8154.000
1104.188	8292.000
1104.330	8189.000
1104.471	8337.000
1104.613	8126.000
1104.754	8311.000
1104.896	8315.000
1105.037	8337.000
1105.179	8176.000
1105.320	8323.000
1105.462	8149.000
1105.603	8354.000
1105.745	8178.000
1105.886	8314.000
1106.028	8091.000
1106.169	8426.000
1106.311	8213.000
1106.452	8401.000
1106.594	8182.000
1106.735	8355.000
1106.876	8247.000
1107.018	8318.000
1107.159	8175.000
1107.301	8299.000
1107.442	8170.000
1107.584	8328.000
1107.725	8234.000
1107.866	8327.000
1108.008	8141.000
1108.149	8334.000
1108.291	8216.000
1108.432	8286.000
1108.573	8230.000
1108.715	8341.000
1108.856	8123.000
1108.997	8293.000
1109.139	8117.000
1109.280	8369.000
1109.421	8197.000
1109.563	8398.000
1109.704	8208.000
1109.845	8289.000
1109.987	8150.000
1110.128	8244.000
1110.269	8227.000
1110.410	8396.000
1110.552	8143.000
1110.693	8363.000
1110.834	8046.000
1110.975	8295.000
1111.117	8216.000
1111.258	8339.000
1111.399	8172.000
1111.540	8307.000
1111.682	8299.000
1111.823	8293.000
1111.964	8207.000
1112.105	8402.000
1112.247	8176.000
1112.388	8366.000
1112.529	8158.000
1112.670	8410.000
1112.811	8229.000
1112.952	8290.000
1113.094	8170.000
1113.235	8330.000
1113.376	8192.000
1113.517	8335.000
1113.658	8142.000
1113.799	8334.000
1113.940	8298.000
1114.082	8440.000
1114.223	8281.000
1114.364	8438.000
1114.505	8184.000
1114.646	8435.000
1114.787	8225.000
1114.928	8336.000
1115.069	8150.000
1115.210	8370.000
1115.351	8301.000
1115.492	8433.000
1115.633	8265.000
1115.774	8447.000
1115.916	8258.000
1116.057	8442.000
1116.198	8210.000
1116.339	8444.000
1116.480	8273.000
1116.621	8371.000
1116.762	8225.000
1116.903	8411.000
1117.044	8421.000
1117.185	8437.000
1117.326	8334.000
1117.466	8494.000
1117.607	8344.000
1117.748	8522.000
1117.889	8345.000
1118.030	8577.000
1118.171	8387.000
1118.312	8540.000
1118.453	8415.000
1118.594	8650.000
1118.735	8459.000
1118.876	8563.000
1119.017	8517.000
1119.158	8620.000
1119.298	8477.000
1119.439	8599.000
1119.580	8560.000
1119.721	8776.000
1119.862	8657.000
1120.003	8778.000
1120.144	8667.000
1120.284	8841.000
1120.425	8714.000
1120.566	8830.000
1120.707	8747.000
1120.848	8956.000
1120.989	8787.000
1121.129	8974.000
1121.270	8910.000
1121.411	9076.000
1121.552	8996.000
1121.693	9147.000
1121.833	9021.000
1121.974	9285.000
1122.115	9171.000
1122.256	9344.000
1122.396	9277.000
1122.537	9475.000
1122.678	9334.000
1122.819	9528.000
1122.959	9578.000
1123.100	9754.000
1123.241	9687.000
1123.381	9811.000
1123.522	9834.000
1123.663	9955.000
1123.803	9876.000
1123.944	10142.000
1124.085	10077.000
1124.225	10296.000
1124.366	10290.000
1124.507	10464.000
1124.647	10496.000
1124.788	10814.000
1124.929	10739.000
1125.069	10974.000
1125.210	10870.000
1125.351	11162.000
1125.491	11084.000
1125.632	11303.000
1125.772	11298.000
1125.913	11605.000
1126.054	11627.000
1126.194	11837.000
1126.335	11928.000
1126.475	12137.000
1126.616	12143.000
1126.756	12494.000
1126.897	12571.000
1127.037	12719.000
1127.178	12899.000
1127.318	12996.000
1127.459	13138.000
1127.600	13383.000
1127.740	13387.000
1127.881	13494.000
1128.021	13547.000
1128.162	13784.000
1128.302	13901.000
1128.442	14003.000
1128.583	14075.000
1128.723	14184.000
1128.864	14210.000
1129.004	14304.000
1129.145	14161.000
1129.285	14194.000
1129.426	14205.000
1129.566	14162.000
1129.706	13988.000
1129.847	13945.000
1129.987	13671.000
1130.128	13514.000
1130.268	13189.000
1130.408	12934.000
1130.549	12427.000
1130.689	11988.000
1130.830	11457.000
1130.970	11094.000
1131.110	10414.000
1131.251	10003.000
1131.391	9647.000
1131.531	9378.000
1131.672	9024.000
1131.812	8917.000
1131.952	8742.000
1132.093	8917.000
1132.233	8672.000
1132.373	8786.000
1132.513	8701.000
1132.654	8922.000
1132.794	9278.000
1132.934	8858.000
1133.075	8777.000
1133.215	8886.000
1133.355	8680.000
1133.495	8894.000
1133.636	8683.000
1133.776	8924.000
1133.916	8717.000
1134.056	8827.000
1134.196	8997.000
1134.337	9249.000
1134.477	9446.000
1134.617	9936.000
1134.757	10244.000
1134.897	10784.000
1135.038	10883.000
1135.178	11109.000
1135.318	10961.000
1135.458	10740.000
1135.598	10227.000
1135.738	9856.000
1135.879	9382.000
1136.019	9165.000
1136.159	8891.000
1136.299	8781.000
1136.439	8580.000
1136.579	8716.000
1136.719	8478.000
1136.859	8518.000
1136.999	8383.000
1137.140	8438.000
1137.280	8357.000
1137.420	8386.000
1137.560	8277.000
1137.700	8294.000
1137.840	8274.000
1137.980	8273.000
1138.120	8203.000
1138.260	8302.000
1138.400	8183.000
1138.540	8291.000
1138.680	8167.000
1138.820	8332.000
1138.960	8148.000
1139.100	8228.000
1139.240	8180.000
1139.380	8247.000
1139.520	8164.000
1139.660	8216.000
1139.800	8159.000
1139.940	8217.000
1140.080	8163.000
1140.220	8248.000
1140.360	8216.000
1140.500	8236.000
1140.640	8117.000
1140.780	8154.000
1140.919	8150.000
1141.059	8210.000
1141.199	8079.000
1141.339	8277.000
1141.479	8155.000
1141.619	8259.000
1141.759	8130.000
1141.899	8210.000
1142.039	8119.000
1142.178	8234.000
1142.318	8059.000
1142.458	8252.000
1142.598	8134.000
1142.738	8303.000
1142.878	8175.000
1143.017	8342.000
1143.157	8076.000
1143.297	8299.000
1143.437	8131.000
1143.577	8229.000
1143.716	8100.000
1143.856	8327.000
1143.996	8107.000
1144.136	8297.000
1144.275	8146.000
1144.415	8300.000
1144.555	8095.000
1144.695	8274.000
1144.834	8165.000
1144.974	8315.000
1145.114	8204.000
1145.254	8280.000
1145.393	8253.000
1145.533	8355.000
1145.673	8229.000
1145.812	8306.000
1145.952	8215.000
1146.092	8371.000
1146.231	8199.000
1146.371	8304.000
1146.511	8223.000
1146.650	8404.000
1146.790	8184.000
1146.930	8368.000
1147.069	8182.000
1147.209	8432.000
1147.349	8317.000
1147.488	8378.000
1147.628	8180.000
1147.767	8361.000
1147.907	8228.000
1148.047	8333.000
1148.186	8253.000
1148.326	8370.000
1148.465	8268.000
1148.605	8349.000
1148.744	8250.000
1148.884	8386.000
1149.024	8290.000
1149.163	8346.000
1149.303	8234.000
1149.442	8420.000
1149.582	8227.000
1149.721	8353.000
1149.861	8213.000
1150.000	8363.000
1150.140	8137.000
1150.279	8384.000
1150.419	8290.000
1150.558	8280.000
1150.698	8260.000
1150.837	8425.000
1150.977	8231.000
1151.116	8387.000
1151.255	8261.000
1151.395	8365.000
1151.534	8207.000
1151.674	8327.000
1151.813	8238.000
1151.953	8286.000
1152.092	8255.000
1152.231	8327.000
1152.371	8263.000
1152.510	8338.000
1152.650	8202.000
1152.789	8423.000
1152.928	8315.000
1153.068	8328.000
1153.207	8284.000
1153.346	8384.000
1153.486	8227.000
1153.625	8383.000
1153.764	7096.000
1153.904	8358.000
1154.043	8244.000
1154.182	8264.000
1154.322	8157.000
1154.461	8363.000
1154.600	8185.000
1154.740	8342.000
1154.879	8254.000
1155.018	8374.000
1155.157	8241.000
1155.297	8364.000
1155.436	8213.000
1155.575	8397.000
1155.714	8268.000
1155.854	8339.000
1155.993	8155.000
1156.132	8358.000
1156.271	8158.000
1156.411	8278.000
1156.550	8231.000
1156.689	8258.000
1156.828	8157.000
1156.967	8286.000
1157.107	8142.000
1157.246	8348.000
1157.385	8113.000
1157.524	8384.000
1157.663	8180.000
1157.802	8271.000
1157.941	8202.000
1158.081	8188.000
1158.220	8095.000
1158.359	8164.000
1158.498	8084.000
1158.637	8161.000
1158.776	8117.000
1158.915	8284.000
1159.054	8098.000
1159.193	8315.000
1159.333	8072.000
1159.472	8205.000
1159.611	8065.000
1159.750	8146.000
1159.889	8009.000
1160.028	8167.000
1160.167	7986.000
1160.306	8151.000
1160.445	8011.000
1160.584	8159.000
1160.723	8119.000
1160.862	8168.000
1161.001	8051.000
1161.140	8289.000
1161.279	8003.000
1161.418	8162.000
1161.557	8097.000
1161.696	8265.000
1161.835	8077.000
1161.974	8315.000
1162.113	12570.000
1162.252	8292.000
1162.391	8107.000
1162.530	8223.000
1162.669	8141.000
1162.808	8218.000
1162.946	8015.000
1163.085	8219.000
1163.224	8184.000
1163.363	8321.000
1163.502	8187.000
1163.641	8211.000
1163.780	8123.000
1163.919	8219.000
1164.058	8193.000
1164.196	8320.000
1164.335	8149.000
1164.474	8273.000
1164.613	8093.000
1164.752	8271.000
1164.891	8191.000
1165.029	8316.000
1165.168	8178.000
1165.307	8284.000
1165.446	8189.000
1165.585	8296.000
1165.723	8151.000
1165.862	8207.000
1166.001	8148.000
1166.140	8365.000
1166.279	8152.000
1166.417	8280.000
1166.556	8126.000
1166.695	8358.000
1166.834	8180.000
1166.972	8309.000
1167.111	8138.000
1167.250	8294.000
1167.388	8022.000
1167.527	8307.000
1167.666	8093.000
1167.805	8298.000
1167.943	8079.000
1168.082	8348.000
1168.221	8160.000
1168.359	8299.000
1168.498	8180.000
1168.637	8337.000
1168.775	8112.000
1168.914	8372.000
1169.052	8242.000
1169.191	8256.000
1169.330	8199.000
1169.468	8376.000
1169.607	8221.000
1169.746	8339.000
1169.884	8224.000
1170.023	8338.000
1170.161	8264.000
1170.300	8300.000
1170.439	8239.000
1170.577	8318.000
1170.716	8225.000
1170.854	8400.000
1170.993	8182.000
1171.131	8361.000
1171.270	8147.000
1171.408	8290.000
1171.547	8287.000
1171.685	8406.000
1171.824	8215.000
1171.962	8305.000
1172.101	8257.000
1172.239	8386.000
1172.378	8260.000
1172.516	8394.000
1172.655	8216.000
1172.793	8427.000
1172.932	8234.000
1173.070	8329.000
1173.209	8252.000
1173.347	8409.000
1173.486	8260.000
1173.624	8256.000
1173.762	8257.000
1173.901	8483.000
1174.039	8324.000
1174.178	8363.000
1174.316	8274.000
1174.454	8277.000
1174.593	8320.000
1174.731	8433.000
