1329.918	3355.000
1330.066	3462.000
1330.214	3299.000
1330.363	3553.000
1330.511	3304.000
1330.659	3554.000
1330.807	3285.000
1330.955	3518.000
1331.103	3319.000
1331.251	3497.000
1331.399	3255.000
1331.547	3550.000
1331.695	3317.000
1331.843	3460.000
1331.991	3289.000
1332.139	3575.000
1332.287	3250.000
1332.435	3571.000
1332.583	3250.000
1332.730	3547.000
1332.878	3251.000
1333.026	3477.000
1333.174	3404.000
1333.322	3508.000
1333.470	3363.000
1333.618	3487.000
1333.765	3314.000
1333.913	3476.000
1334.061	3323.000
1334.209	3475.000
1334.356	3322.000
1334.504	3545.000
1334.652	3340.000
1334.800	3532.000
1334.947	3291.000
1335.095	3503.000
1335.243	3369.000
1335.390	3490.000
1335.538	3348.000
1335.686	3532.000
1335.833	3320.000
1335.981	3554.000
1336.128	3275.000
1336.276	3541.000
1336.424	3269.000
1336.571	3501.000
1336.719	3334.000
1336.866	3458.000
1337.014	3313.000
1337.161	3522.000
1337.309	3285.000
1337.456	3472.000
1337.604	3327.000
1337.751	3535.000
1337.899	3277.000
1338.046	3497.000
1338.194	3259.000
1338.341	3517.000
1338.488	3265.000
1338.636	3463.000
1338.783	3332.000
1338.930	3448.000
1339.078	3261.000
1339.225	3440.000
1339.372	3235.000
1339.520	3533.000
1339.667	3286.000
1339.814	3443.000
1339.962	3261.000
1340.109	3480.000
1340.256	3282.000
1340.403	3452.000
1340.550	3290.000
1340.698	3471.000
1340.845	3212.000
1340.992	3451.000
1341.139	3243.000
1341.286	3437.000
1341.433	3311.000
1341.581	3522.000
1341.728	3238.000
1341.875	3456.000
1342.022	3271.000
1342.169	3469.000
1342.316	3223.000
1342.463	3444.000
1342.610	3213.000
1342.757	3442.000
1342.904	3280.000
1343.051	3434.000
1343.198	3240.000
1343.345	3455.000
1343.492	3292.000
1343.639	3474.000
1343.786	3277.000
1343.933	3431.000
1344.080	3198.000
1344.226	3435.000
1344.373	3232.000
1344.520	3441.000
1344.667	3231.000
1344.814	3370.000
1344.961	3188.000
1345.108	3365.000
1345.254	3211.000
1345.401	3485.000
1345.548	3211.000
1345.695	3429.000
1345.841	3217.000
1345.988	3395.000
1346.135	3243.000
1346.282	3434.000
1346.428	3086.000
1346.575	3415.000
1346.722	3204.000
1346.868	3382.000
1347.015	3237.000
1347.162	3431.000
1347.308	3225.000
1347.455	3397.000
1347.601	3199.000
1347.748	3381.000
1347.894	3221.000
1348.041	3495.000
1348.188	3203.000
1348.334	3436.000
1348.481	3147.000
1348.627	3335.000
1348.774	3303.000
1348.920	3427.000
1349.067	3241.000
1349.213	3424.000
1349.359	3219.000
1349.506	3378.000
1349.652	3176.000
1349.799	3391.000
1349.945	3259.000
1350.091	3437.000
1350.238	3211.000
1350.384	3397.000
1350.530	3246.000
1350.677	3444.000
1350.823	3187.000
1350.969	3353.000
1351.116	3219.000
1351.262	3457.000
1351.408	3281.000
1351.554	3391.000
1351.701	3199.000
1351.847	3431.000
1351.993	3235.000
1352.139	3405.000
1352.285	3209.000
1352.432	3366.000
1352.578	3194.000
1352.724	3422.000
1352.870	3246.000
1353.016	3429.000
1353.162	3217.000
1353.308	3430.000
1353.454	3228.000
1353.600	3369.000
1353.747	3215.000
1353.893	3418.000
1354.039	3164.000
1354.185	3374.000
1354.331	3238.000
1354.477	3374.000
1354.623	3225.000
1354.768	3444.000
1354.914	3154.000
1355.060	3417.000
1355.206	3220.000
1355.352	3337.000
1355.498	3258.000
1355.644	3428.000
1355.790	3168.000
1355.936	3395.000
1356.082	3134.000
1356.227	3360.000
1356.373	3225.000
1356.519	3425.000
1356.665	3221.000
1356.811	3400.000
1356.956	3133.000
1357.102	3282.000
1357.248	3192.000
1357.394	3373.000
1357.539	3208.000
1357.685	3432.000
1357.831	3189.000
1357.976	3351.000
1358.122	3177.000
1358.268	3412.000
1358.413	3179.000
1358.559	3448.000
1358.704	3159.000
1358.850	3353.000
1358.996	3123.000
1359.141	3451.000
1359.287	3291.000
1359.432	3342.000
1359.578	3236.000
1359.723	3340.000
1359.869	3162.000
1360.014	3360.000
1360.160	3189.000
1360.305	3430.000
1360.451	3136.000
1360.596	3378.000
1360.742	3166.000
1360.887	3371.000
1361.032	3141.000
1361.178	3459.000
1361.323	3184.000
1361.469	3375.000
1361.614	3125.000
1361.759	3360.000
1361.905	3123.000
1362.050	3338.000
1362.195	3188.000
1362.341	3393.000
1362.486	3178.000
1362.631	3370.000
1362.776	3071.000
1362.922	3397.000
1363.067	3144.000
1363.212	3350.000
1363.357	3140.000
1363.502	3421.000
1363.648	3207.000
1363.793	3388.000
1363.938	3150.000
1364.083	3411.000
1364.228	3140.000
1364.373	3343.000
1364.518	3173.000
1364.663	3398.000
1364.808	3115.000
1364.954	3333.000
1365.099	3167.000
1365.244	3374.000
1365.389	3182.000
1365.534	3367.000
1365.679	3144.000
1365.824	3378.000
1365.969	3195.000
1366.113	3382.000
1366.258	3235.000
1366.403	3466.000
1366.548	3193.000
1366.693	3332.000
1366.838	3120.000
1366.983	3361.000
1367.128	3137.000
1367.273	3441.000
1367.417	3277.000
1367.562	3415.000
1367.707	3134.000
1367.852	3439.000
1367.997	3247.000
1368.141	3343.000
1368.286	3145.000
1368.431	3411.000
1368.576	3187.000
1368.720	3367.000
1368.865	3168.000
1369.010	3439.000
1369.154	3189.000
1369.299	3362.000
1369.444	3180.000
1369.588	3365.000
1369.733	3179.000
1369.878	3376.000
1370.022	3186.000
1370.167	3389.000
1370.311	3171.000
1370.456	3450.000
1370.601	3199.000
1370.745	3360.000
1370.890	3208.000
1371.034	3407.000
1371.179	3142.000
1371.323	3400.000
1371.468	3258.000
1371.612	3412.000
1371.757	3172.000
1371.901	3356.000
1372.045	3161.000
1372.190	3375.000
1372.334	3178.000
1372.479	3383.000
1372.623	3239.000
1372.767	3418.000
1372.912	3195.000
1373.056	3382.000
1373.200	3045.000
1373.345	3410.000
1373.489	3184.000
1373.633	3360.000
1373.777	3156.000
1373.922	3404.000
1374.066	3169.000
1374.210	3358.000
1374.354	3258.000
1374.499	3281.000
1374.643	3108.000
1374.787	3398.000
1374.931	3170.000
1375.075	3351.000
1375.219	3149.000
1375.364	3435.000
1375.508	3248.000
1375.652	3411.000
1375.796	3152.000
1375.940	3376.000
1376.084	3232.000
1376.228	3381.000
1376.372	3123.000
1376.516	3415.000
1376.660	3155.000
1376.804	3301.000
1376.948	3196.000
1377.092	3344.000
1377.236	3174.000
1377.380	3474.000
1377.524	3155.000
1377.668	3259.000
1377.812	3184.000
1377.956	3388.000
1378.099	3231.000
1378.243	3319.000
1378.387	3083.000
1378.531	3391.000
1378.675	3153.000
1378.819	3329.000
1378.962	3136.000
1379.106	3400.000
1379.250	3200.000
1379.394	3347.000
1379.538	3202.000
1379.681	3380.000
1379.825	3159.000
1379.969	3425.000
1380.112	3164.000
1380.256	3319.000
1380.400	3198.000
1380.543	3364.000
1380.687	3094.000
1380.831	3395.000
1380.974	3081.000
1381.118	3304.000
1381.262	3151.000
1381.405	3379.000
1381.549	3158.000
1381.692	3362.000
1381.836	3179.000
1381.979	3277.000
1382.123	3123.000
1382.266	3340.000
1382.410	3236.000
1382.553	3304.000
1382.697	3174.000
1382.840	3317.000
1382.984	3191.000
1383.127	3336.000
1383.271	3143.000
1383.414	3283.000
1383.557	3152.000
1383.701	3347.000
1383.844	3148.000
1383.987	3358.000
1384.131	3099.000
1384.274	3377.000
1384.417	3087.000
1384.561	3342.000
1384.704	3127.000
1384.847	3398.000
1384.990	3168.000
1385.134	3456.000
1385.277	3114.000
1385.420	3438.000
1385.563	3149.000
1385.707	3338.000
1385.850	3174.000
1385.993	3379.000
1386.136	3156.000
1386.279	3308.000
1386.422	3136.000
1386.565	3385.000
1386.709	3117.000
1386.852	3347.000
1386.995	3150.000
1387.138	3367.000
1387.281	3240.000
1387.424	3388.000
1387.567	3213.000
1387.710	3343.000
1387.853	3129.000
1387.996	3418.000
1388.139	3045.000
1388.282	3373.000
1388.425	3209.000
1388.568	3360.000
1388.711	3223.000
1388.854	3299.000
1388.997	3070.000
1389.139	3316.000
1389.282	3169.000
1389.425	3406.000
1389.568	3154.000
1389.711	3342.000
1389.854	3111.000
1389.996	3376.000
1390.139	3162.000
1390.282	3347.000
1390.425	3082.000
1390.568	3394.000
1390.710	3215.000
1390.853	3342.000
1390.996	3158.000
1391.138	3358.000
1391.281	3136.000
1391.424	3368.000
1391.566	3205.000
1391.709	3304.000
1391.852	3087.000
1391.994	3337.000
1392.137	3167.000
1392.280	3449.000
1392.422	3105.000
1392.565	3400.000
1392.707	3137.000
1392.850	3348.000
1392.992	3140.000
1393.135	3400.000
1393.277	3152.000
1393.420	3383.000
1393.562	3196.000
1393.705	3376.000
1393.847	3177.000
1393.990	3389.000
1394.132	3194.000
1394.275	3375.000
1394.417	3156.000
1394.560	3338.000
1394.702	3127.000
1394.844	3400.000
1394.987	3105.000
1395.129	3305.000
1395.271	3156.000
1395.414	3323.000
1395.556	3136.000
1395.698	3314.000
1395.840	3177.000
1395.983	3345.000
1396.125	3141.000
1396.267	3393.000
1396.409	3191.000
1396.552	3339.000
1396.694	3155.000
1396.836	3416.000
1396.978	3232.000
1397.120	3361.000
1397.263	3137.000
1397.405	3431.000
1397.547	3157.000
1397.689	3321.000
1397.831	3126.000
1397.973	3344.000
1398.115	3193.000
1398.257	3387.000
1398.399	3135.000
1398.541	3361.000
1398.683	3127.000
1398.825	3303.000
1398.967	3227.000
1399.109	3339.000
1399.251	3132.000
1399.393	3383.000
1399.535	3095.000
1399.677	3392.000
1399.819	3199.000
1399.961	3323.000
1400.103	3134.000
1400.245	3295.000
1400.387	3198.000
1400.528	3370.000
1400.670	3179.000
1400.812	3386.000
1400.954	3146.000
1401.096	3358.000
1401.238	3168.000
1401.379	3365.000
1401.521	3158.000
1401.663	3392.000
1401.805	3200.000
1401.946	3415.000
1402.088	3167.000
1402.230	3257.000
1402.371	3119.000
1402.513	3387.000
1402.655	3112.000
1402.796	3350.000
1402.938	3165.000
1403.080	3340.000
1403.221	3147.000
1403.363	3347.000
1403.504	3181.000
1403.646	3383.000
1403.788	3023.000
1403.929	3400.000
1404.071	3134.000
1404.212	3337.000
1404.354	3211.000
1404.495	3405.000
1404.637	3155.000
1404.778	3325.000
1404.919	3123.000
1405.061	3315.000
1405.202	3154.000
1405.344	3331.000
1405.485	3072.000
1405.627	3351.000
1405.768	3278.000
1405.909	3364.000
1406.051	3150.000
1406.192	3397.000
1406.333	3109.000
1406.475	3346.000
1406.616	3117.000
1406.757	3376.000
1406.898	3101.000
1407.040	3457.000
1407.181	3162.000
1407.322	3415.000
1407.463	3155.000
1407.605	3373.000
1407.746	3174.000
1407.887	3394.000
1408.028	3114.000
1408.169	3324.000
1408.310	3153.000
1408.452	3371.000
1408.593	3183.000
1408.734	3363.000
1408.875	3046.000
1409.016	3356.000
1409.157	3161.000
1409.298	3321.000
1409.439	3157.000
1409.580	3336.000
1409.721	3100.000
1409.862	3354.000
1410.003	3103.000
1410.144	3379.000
1410.285	3174.000
1410.426	3430.000
1410.567	3132.000
1410.708	3333.000
1410.849	3110.000
1410.990	3329.000
1411.131	3176.000
1411.271	3443.000
1411.412	3133.000
1411.553	3374.000
1411.694	3059.000
1411.835	3368.000
1411.976	3137.000
1412.116	3388.000
1412.257	3123.000
1412.398	3333.000
1412.539	3247.000
1412.680	3306.000
1412.820	3137.000
1412.961	3342.000
1413.102	3087.000
1413.242	3345.000
1413.383	3092.000
1413.524	3411.000
1413.664	3184.000
1413.805	3280.000
1413.946	3109.000
1414.086	3337.000
1414.227	3154.000
1414.367	3252.000
1414.508	3032.000
1414.649	3307.000
1414.789	3219.000
1414.930	3368.000
1415.070	3173.000
1415.211	3416.000
1415.351	3147.000
1415.492	3342.000
1415.632	3154.000
1415.773	3325.000
1415.913	3045.000
1416.053	3313.000
1416.194	3194.000
1416.334	3365.000
1416.475	3098.000
1416.615	3354.000
1416.755	3128.000
1416.896	3367.000
1417.036	3076.000
1417.176	3336.000
1417.317	3097.000
1417.457	3281.000
1417.597	3063.000
1417.738	3280.000
1417.878	3204.000
1418.018	3296.000
1418.158	3077.000
1418.299	3327.000
1418.439	3129.000
1418.579	3314.000
1418.719	3085.000
1418.859	3366.000
1419.000	3125.000
1419.140	3295.000
1419.280	3092.000
1419.420	3328.000
1419.560	3099.000
1419.700	3318.000
1419.840	3115.000
1419.980	3302.000
1420.120	3078.000
1420.260	3255.000
1420.400	3048.000
1420.540	3328.000
1420.680	3159.000
1420.820	3264.000
1420.960	3111.000
1421.100	3335.000
1421.240	3097.000
1421.380	3267.000
1421.520	3064.000
1421.660	3268.000
1421.800	3040.000
1421.940	3267.000
1422.080	3107.000
1422.220	3314.000
1422.360	3083.000
1422.499	3260.000
1422.639	3061.000
1422.779	3328.000
1422.919	3097.000
1423.059	3283.000
1423.198	3116.000
1423.338	3273.000
1423.478	3030.000
1423.618	3275.000
1423.757	3175.000
1423.897	3344.000
1424.037	3118.000
1424.176	3282.000
1424.316	3131.000
1424.456	3245.000
1424.595	3055.000
1424.735	3284.000
1424.875	3114.000
1425.014	3261.000
1425.154	3053.000
1425.293	3286.000
1425.433	3019.000
1425.573	3335.000
1425.712	3122.000
1425.852	3330.000
1425.991	3020.000
1426.131	3307.000
1426.270	3063.000
1426.410	3316.000
1426.549	3075.000
1426.689	3335.000
1426.828	3068.000
1426.967	3288.000
1427.107	3085.000
1427.246	3287.000
1427.386	3089.000
1427.525	3342.000
1427.664	3068.000
1427.804	3267.000
1427.943	3119.000
1428.082	3299.000
1428.222	3106.000
1428.361	3325.000
1428.500	3114.000
1428.640	3240.000
1428.779	3069.000
1428.918	3303.000
1429.057	3145.000
1429.196	3254.000
1429.336	3129.000
1429.475	3253.000
1429.614	3138.000
1429.753	3369.000
1429.892	3101.000
1430.032	3267.000
1430.171	3152.000
1430.310	3305.000
1430.449	3108.000
1430.588	3368.000
1430.727	3145.000
1430.866	3339.000
1431.005	3146.000
1431.144	3335.000
1431.283	3146.000
1431.422	3303.000
1431.561	3102.000
1431.700	3360.000
1431.839	3142.000
1431.978	3293.000
1432.117	3163.000
1432.256	3338.000
1432.395	3101.000
1432.534	3286.000
1432.673	3071.000
1432.812	3347.000
1432.951	3125.000
1433.089	3305.000
1433.228	3131.000
1433.367	3389.000
1433.506	3323.000
1433.645	3313.000
1433.783	3133.000
1433.922	3298.000
1434.061	3078.000
1434.200	3354.000
1434.339	3085.000
1434.477	3352.000
1434.616	3127.000
1434.755	3255.000
1434.893	3161.000
1435.032	3285.000
1435.171	3101.000
1435.309	3301.000
1435.448	3151.000
1435.587	3357.000
1435.725	3091.000
1435.864	3283.000
1436.002	3089.000
1436.141	3270.000
1436.280	3100.000
1436.418	3329.000
1436.557	3126.000
1436.695	3314.000
1436.834	3184.000
1436.972	3298.000
1437.111	3097.000
1437.249	3385.000
1437.388	3115.000
1437.526	3310.000
1437.664	3106.000
1437.803	3252.000
1437.941	3116.000
1438.080	3276.000
1438.218	3122.000
1438.356	3231.000
1438.495	3111.000
1438.633	3241.000
1438.771	3114.000
1438.910	3301.000
1439.048	3136.000
1439.186	3315.000
1439.325	3142.000
1439.463	3326.000
1439.601	3107.000
1439.739	3266.000
1439.878	3149.000
1440.016	3279.000
1440.154	3157.000
1440.292	3283.000
1440.430	3119.000
1440.569	3248.000
1440.707	3138.000
1440.845	3305.000
1440.983	3173.000
1441.121	3256.000
1441.259	3109.000
1441.397	3244.000
1441.535	3096.000
1441.673	3256.000
1441.811	3110.000
1441.949	3342.000
1442.087	3123.000
1442.225	3301.000
1442.363	3096.000
1442.501	3261.000
1442.639	3074.000
1442.777	3270.000
1442.915	3041.000
1443.053	3322.000
1443.191	3090.000
1443.329	3345.000
1443.467	3145.000
1443.605	3335.000
1443.743	3095.000
1443.881	3328.000
1444.018	3103.000
1444.156	3252.000
1444.294	3081.000
1444.432	3338.000
1444.570	3063.000
1444.707	3346.000
1444.845	3132.000
1444.983	3345.000
1445.121	3076.000
1445.258	3311.000
1445.396	3098.000
1445.534	3336.000
1445.671	3125.000
1445.809	3351.000
1445.947	3153.000
1446.084	3356.000
1446.222	3181.000
1446.360	3284.000
1446.497	3164.000
1446.635	3381.000
1446.772	3111.000
1446.910	3335.000
1447.048	3122.000
1447.185	3372.000
1447.323	3107.000
1447.460	3362.000
1447.598	3119.000
1447.735	3387.000
1447.873	3196.000
1448.010	3374.000
1448.147	3097.000
1448.285	3317.000
1448.422	3120.000
1448.560	3285.000
1448.697	3167.000
1448.835	3347.000
1448.972	3171.000
1449.109	3317.000
1449.247	3161.000
1449.384	3352.000
1449.521	3165.000
1449.659	3327.000
1449.796	3123.000
1449.933	3372.000
1450.070	3138.000
1450.208	3311.000
1450.345	3125.000
1450.482	3308.000
1450.619	3082.000
1450.757	3373.000
1450.894	3185.000
1451.031	3282.000
1451.168	3191.000
1451.305	3419.000
1451.442	3086.000
1451.580	3355.000
1451.717	3189.000
1451.854	3347.000
1451.991	3130.000
1452.128	3276.000
1452.265	3162.000
1452.402	3278.000
1452.539	3159.000
1452.676	3330.000
1452.813	3157.000
1452.950	3325.000
1453.087	3120.000
1453.224	3376.000
1453.361	3216.000
1453.498	3326.000
1453.635	3216.000
1453.772	3340.000
1453.909	3173.000
1454.046	3357.000
1454.183	2750.000
1454.319	3302.000
1454.456	3124.000
1454.593	3271.000
1454.730	3092.000
1454.867	3320.000
1455.004	3100.000
1455.140	3306.000
1455.277	3197.000
1455.414	3342.000
1455.551	3187.000
1455.687	3333.000
1455.824	3144.000
1455.961	3355.000
1456.098	3189.000
1456.234	3345.000
1456.371	3062.000
1456.508	3352.000
1456.644	3105.000
1456.781	3294.000
1456.917	3129.000
1457.054	3260.000
1457.191	3133.000
1457.327	3340.000
1457.464	3110.000
1457.600	3364.000
1457.737	3079.000
1457.873	3416.000
1458.010	3161.000
1458.146	3281.000
1458.283	3177.000
1458.419	3268.000
1458.556	3131.000
1458.692	3246.000
1458.829	3055.000
1458.965	3230.000
1459.102	3095.000
1459.238	3374.000
1459.374	3139.000
1459.511	3334.000
1459.647	3072.000
1459.784	3259.000
1459.920	3064.000
1460.056	3274.000
1460.193	2986.000
1460.329	3267.000
1460.465	3014.000
1460.601	3250.000
1460.738	3021.000
1460.874	3273.000
1461.010	3156.000
1461.146	3305.000
1461.283	3052.000
1461.419	3369.000
1461.555	3047.000
1461.691	3267.000
1461.827	3096.000
1461.963	3320.000
1462.100	3105.000
1462.236	3368.000
1462.372	4770.000
1462.508	3331.000
1462.644	3112.000
1462.780	3287.000
1462.916	3143.000
1463.052	3275.000
1463.188	3021.000
1463.324	3264.000
1463.460	3197.000
1463.596	3349.000
1463.732	3163.000
1463.868	3279.000
1464.004	3107.000
1464.140	3309.000
1464.276	3162.000
1464.412	3380.000
1464.548	3110.000
1464.684	3286.000
1464.820	3073.000
1464.955	3345.000
1465.091	3137.000
1465.227	3337.000
1465.363	3168.000
1465.499	3326.000
1465.635	3165.000
1465.770	3300.000
1465.906	3101.000
1466.042	3273.000
1466.178	3088.000
1466.313	3390.000
1466.449	3111.000
1466.585	3334.000
1466.720	3099.000
1466.856	3374.000
1466.992	3124.000
1467.127	3383.000
1467.263	3135.000
1467.399	3317.000
1467.534	3032.000
1467.670	3319.000
1467.806	3063.000
1467.941	3345.000
1468.077	3064.000
1468.212	3386.000
1468.348	3113.000
1468.483	3310.000
1468.619	3119.000
1468.754	3385.000
1468.890	3062.000
1469.025	3317.000
1469.161	3150.000
1469.296	3291.000
1469.432	3084.000
1469.567	3341.000
1469.702	3099.000
1469.838	3294.000
1469.973	3118.000
1470.109	3265.000
1470.244	3133.000
1470.379	3296.000
1470.515	3120.000
1470.650	3306.000
1470.785	3154.000
1470.921	3388.000
1471.056	3076.000
1471.191	3317.000
1471.326	3050.000
1471.462	3261.000
1471.597	3169.000
1471.732	3363.000
1471.867	3118.000
1472.003	3329.000
1472.138	3157.000
1472.273	3362.000
1472.408	3143.000
1472.543	3371.000
1472.678	3169.000
1472.813	3381.000
1472.948	3125.000
1473.084	3297.000
1473.219	3124.000
1473.354	3342.000
1473.489	3121.000
1473.624	3249.000
1473.759	3193.000
1473.894	3349.000
1474.029	3206.000
1474.164	3315.000
1474.299	3144.000
1474.434	3262.000
1474.569	3193.000
1474.704	3377.000
