1029.870	8895.000
1030.015	8867.000
1030.160	8856.000
1030.305	8932.000
1030.449	8826.000
1030.594	8978.000
1030.739	8818.000
1030.884	8873.000
1031.029	8823.000
1031.173	8885.000
1031.318	8807.000
1031.463	8941.000
1031.608	8821.000
1031.752	8807.000
1031.897	8816.000
1032.042	8963.000
1032.187	8731.000
1032.331	8939.000
1032.476	8791.000
1032.621	8908.000
1032.765	8784.000
1032.910	8795.000
1033.055	8926.000
1033.200	8868.000
1033.344	8825.000
1033.489	8857.000
1033.634	8844.000
1033.778	8825.000
1033.923	8775.000
1034.068	8827.000
1034.212	8819.000
1034.357	8897.000
1034.502	8825.000
1034.646	8862.000
1034.791	8737.000
1034.935	8843.000
1035.080	8829.000
1035.225	8769.000
1035.369	8851.000
1035.514	8889.000
1035.658	8791.000
1035.803	8855.000
1035.947	8768.000
1036.092	8869.000
1036.237	8737.000
1036.381	8836.000
1036.526	8822.000
1036.670	8738.000
1036.815	8766.000
1036.959	8811.000
1037.104	8737.000
1037.248	8791.000
1037.393	8816.000
1037.537	8859.000
1037.682	8728.000
1037.826	8788.000
1037.971	8706.000
1038.115	8823.000
1038.260	8704.000
1038.404	8720.000
1038.549	8791.000
1038.693	8733.000
1038.838	8695.000
1038.982	8714.000
1039.126	8624.000
1039.271	8772.000
1039.415	8725.000
1039.560	8684.000
1039.704	8660.000
1039.848	8695.000
1039.993	8635.000
1040.137	8670.000
1040.282	8668.000
1040.426	8713.000
1040.570	8591.000
1040.715	8662.000
1040.859	8598.000
1041.003	8623.000
1041.148	8647.000
1041.292	8741.000
1041.436	8575.000
1041.581	8679.000
1041.725	8638.000
1041.869	8614.000
1042.014	8527.000
1042.158	8614.000
1042.302	8544.000
1042.447	8571.000
1042.591	8604.000
1042.735	8594.000
1042.879	8549.000
1043.024	8626.000
1043.168	8569.000
1043.312	8594.000
1043.456	8606.000
1043.601	8536.000
1043.745	8513.000
1043.889	8581.000
1044.033	8570.000
1044.178	8606.000
1044.322	8505.000
1044.466	8527.000
1044.610	8497.000
1044.754	8445.000
1044.899	8483.000
1045.043	8632.000
1045.187	8488.000
1045.331	8546.000
1045.475	8496.000
1045.619	8516.000
1045.763	8501.000
1045.908	8537.000
1046.052	8372.000
1046.196	8608.000
1046.340	8454.000
1046.484	8442.000
1046.628	8525.000
1046.772	8562.000
1046.916	8481.000
1047.060	8525.000
1047.205	8484.000
1047.349	8522.000
1047.493	8478.000
1047.637	8593.000
1047.781	8441.000
1047.925	8559.000
1048.069	8377.000
1048.213	8468.000
1048.357	8589.000
1048.501	8584.000
1048.645	8492.000
1048.789	8572.000
1048.933	8498.000
1049.077	8517.000
1049.221	8469.000
1049.365	8515.000
1049.509	8551.000
1049.653	8570.000
1049.797	8509.000
1049.941	8553.000
1050.085	8471.000
1050.229	8565.000
1050.373	8462.000
1050.517	8451.000
1050.660	8496.000
1050.804	8620.000
1050.948	8536.000
1051.092	8537.000
1051.236	8412.000
1051.380	8563.000
1051.524	8503.000
1051.668	8484.000
1051.812	8421.000
1051.956	8535.000
1052.099	8398.000
1052.243	8572.000
1052.387	8517.000
1052.531	8576.000
1052.675	8474.000
1052.819	8506.000
1052.962	8464.000
1053.106	8482.000
1053.250	8403.000
1053.394	8558.000
1053.538	8378.000
1053.681	8525.000
1053.825	8458.000
1053.969	8514.000
1054.113	8465.000
1054.257	8548.000
1054.400	8353.000
1054.544	8526.000
1054.688	8447.000
1054.832	8448.000
1054.975	8487.000
1055.119	8506.000
1055.263	8356.000
1055.407	8507.000
1055.550	8307.000
1055.694	8424.000
1055.838	8411.000
1055.981	8532.000
1056.125	8403.000
1056.269	8500.000
1056.412	8302.000
1056.556	8387.000
1056.700	8388.000
1056.843	8404.000
1056.987	8415.000
1057.131	8511.000
1057.274	8353.000
1057.418	8426.000
1057.562	8301.000
1057.705	8454.000
1057.849	8354.000
1057.992	8501.000
1058.136	8295.000
1058.280	8409.000
1058.423	8266.000
1058.567	8486.000
1058.710	8443.000
1058.854	8387.000
1058.997	8392.000
1059.141	8364.000
1059.285	8320.000
1059.428	8388.000
1059.572	8351.000
1059.715	8464.000
1059.859	8297.000
1060.002	8448.000
1060.146	8288.000
1060.289	8419.000
1060.433	8282.000
1060.576	8453.000
1060.720	8275.000
1060.863	8387.000
1061.007	8258.000
1061.150	8371.000
1061.294	8231.000
1061.437	8374.000
1061.580	8338.000
1061.724	8458.000
1061.867	8321.000
1062.011	8430.000
1062.154	8201.000
1062.298	8451.000
1062.441	8286.000
1062.584	8396.000
1062.728	8271.000
1062.871	8498.000
1063.015	8392.000
1063.158	8635.000
1063.301	8655.000
1063.445	8927.000
1063.588	8805.000
1063.731	8969.000
1063.875	8870.000
1064.018	9060.000
1064.161	8941.000
1064.305	9139.000
1064.448	9094.000
1064.591	9251.000
1064.735	9023.000
1064.878	8781.000
1065.021	8417.000
1065.165	8500.000
1065.308	8336.000
1065.451	8457.000
1065.594	8397.000
1065.738	8499.000
1065.881	8342.000
1066.024	8356.000
1066.167	8257.000
1066.311	8420.000
1066.454	8222.000
1066.597	8442.000
1066.740	8431.000
1066.884	8461.000
1067.027	8293.000
1067.170	8484.000
1067.313	8420.000
1067.456	8391.000
1067.599	8294.000
1067.743	8478.000
1067.886	8315.000
1068.029	8411.000
1068.172	8298.000
1068.315	8476.000
1068.458	8299.000
1068.602	8438.000
1068.745	8323.000
1068.888	8420.000
1069.031	8334.000
1069.174	8453.000
1069.317	8381.000
1069.460	8415.000
1069.603	8330.000
1069.746	8523.000
1069.890	8377.000
1070.033	8399.000
1070.176	8360.000
1070.319	8470.000
1070.462	8283.000
1070.605	8455.000
1070.748	8415.000
1070.891	8507.000
1071.034	8342.000
1071.177	8423.000
1071.320	8339.000
1071.463	8390.000
1071.606	8325.000
1071.749	8448.000
1071.892	8375.000
1072.035	8465.000
1072.178	8348.000
1072.321	8419.000
1072.464	8185.000
1072.607	8508.000
1072.750	8272.000
1072.893	8403.000
1073.036	8298.000
1073.179	8457.000
1073.322	8303.000
1073.465	8394.000
1073.607	8413.000
1073.750	8328.000
1073.893	8264.000
1074.036	8408.000
1074.179	8323.000
1074.322	8394.000
1074.465	8263.000
1074.608	8500.000
1074.751	8374.000
1074.893	8421.000
1075.036	8255.000
1075.179	8414.000
1075.322	8319.000
1075.465	8431.000
1075.608	8236.000
1075.750	8418.000
1075.893	8282.000
1076.036	8288.000
1076.179	8298.000
1076.322	8368.000
1076.464	8245.000
1076.607	8501.000
1076.750	8232.000
1076.893	8285.000
1077.036	8278.000
1077.178	8443.000
1077.321	8308.000
1077.464	8353.000
1077.607	8176.000
1077.749	8464.000
1077.892	8242.000
1078.035	8401.000
1078.177	8295.000
1078.320	8398.000
1078.463	8268.000
1078.606	8393.000
1078.748	8292.000
1078.891	8419.000
1079.034	8282.000
1079.176	8419.000
1079.319	8210.000
1079.462	8306.000
1079.604	8277.000
1079.747	8377.000
1079.890	8175.000
1080.032	8433.000
1080.175	8204.000
1080.317	8297.000
1080.460	8224.000
1080.603	8361.000
1080.745	8268.000
1080.888	8351.000
1081.030	8295.000
1081.173	8275.000
1081.316	8215.000
1081.458	8318.000
1081.601	8319.000
1081.743	8279.000
1081.886	8217.000
1082.028	8259.000
1082.171	8251.000
1082.313	8360.000
1082.456	8179.000
1082.598	8285.000
1082.741	8256.000
1082.883	8331.000
1083.026	8227.000
1083.168	8337.000
1083.311	8179.000
1083.453	8390.000
1083.596	8169.000
1083.738	8351.000
1083.881	8207.000
1084.023	8427.000
1084.166	8218.000
1084.308	8447.000
1084.451	8144.000
1084.593	8427.000
1084.736	8220.000
1084.878	8388.000
1085.020	8266.000
1085.163	8397.000
1085.305	8250.000
1085.448	8306.000
1085.590	8256.000
1085.732	8424.000
1085.875	8213.000
1086.017	8370.000
1086.159	8263.000
1086.302	8378.000
1086.444	8320.000
1086.586	8385.000
1086.729	8291.000
1086.871	8389.000
1087.013	8205.000
1087.156	8406.000
1087.298	7903.000
1087.440	8418.000
1087.583	8323.000
1087.725	8374.000
1087.867	8331.000
1088.010	8361.000
1088.152	8189.000
1088.294	8310.000
1088.436	8325.000
1088.579	8452.000
1088.721	8262.000
1088.863	8367.000
1089.005	8205.000
1089.148	8426.000
1089.290	8293.000
1089.432	8359.000
1089.574	8235.000
1089.716	8419.000
1089.859	8318.000
1090.001	8405.000
1090.143	8278.000
1090.285	8444.000
1090.427	8276.000
1090.569	8450.000
1090.712	8319.000
1090.854	8363.000
1090.996	8184.000
1091.138	8339.000
1091.280	8271.000
1091.422	8521.000
1091.564	8272.000
1091.707	8385.000
1091.849	8278.000
1091.991	8372.000
1092.133	8235.000
1092.275	8380.000
1092.417	8222.000
1092.559	8413.000
1092.701	8255.000
1092.843	8345.000
1092.985	8249.000
1093.127	8393.000
1093.269	8271.000
1093.411	8405.000
1093.554	8253.000
1093.696	8291.000
1093.838	8217.000
1093.980	8403.000
1094.122	8205.000
1094.264	8299.000
1094.406	8240.000
1094.548	8305.000
1094.690	8219.000
1094.832	8398.000
1094.973	8301.000
1095.115	8409.000
1095.257	8274.000
1095.399	8480.000
1095.541	8347.000
1095.683	8421.000
1095.825	8295.000
1095.967	8395.000
1096.109	8329.000
1096.251	8421.000
1096.393	8215.000
1096.535	8419.000
1096.677	8276.000
1096.819	8323.000
1096.960	8216.000
1097.102	8348.000
1097.244	8247.000
1097.386	8328.000
1097.528	8214.000
1097.670	8352.000
1097.812	8203.000
1097.953	8334.000
1098.095	8326.000
1098.237	8338.000
1098.379	8237.000
1098.521	8267.000
1098.662	8164.000
1098.804	8409.000
1098.946	8287.000
1099.088	8307.000
1099.230	8212.000
1099.371	8251.000
1099.513	8255.000
1099.655	8367.000
1099.797	8282.000
1099.938	8395.000
1100.080	8216.000
1100.222	8348.000
1100.364	8224.000
1100.505	8379.000
1100.647	8229.000
1100.789	8360.000
1100.931	8312.000
1101.072	8433.000
1101.214	8286.000
1101.356	8244.000
1101.497	8184.000
1101.639	8383.000
1101.781	8151.000
1101.922	8306.000
1102.064	8187.000
1102.206	8302.000
1102.347	8191.000
1102.489	8295.000
1102.631	8157.000
1102.772	8395.000
1102.914	8112.000
1103.055	8353.000
1103.197	8215.000
1103.339	8340.000
1103.480	8199.000
1103.622	8339.000
1103.763	8191.000
1103.905	8330.000
1104.046	8151.000
1104.188	8304.000
1104.330	8177.000
1104.471	8320.000
1104.613	8132.000
1104.754	8287.000
1104.896	8357.000
1105.037	8327.000
1105.179	8241.000
1105.320	8360.000
1105.462	8182.000
1105.603	8342.000
1105.745	8178.000
1105.886	8328.000
1106.028	8109.000
1106.169	8456.000
1106.311	8244.000
1106.452	8412.000
1106.594	8183.000
1106.735	8355.000
1106.876	8269.000
1107.018	8348.000
1107.159	8177.000
1107.301	8303.000
1107.442	8159.000
1107.584	8372.000
1107.725	8258.000
1107.866	8348.000
1108.008	8144.000
1108.149	8308.000
1108.291	8200.000
1108.432	8305.000
1108.573	8212.000
1108.715	8351.000
1108.856	8142.000
1108.997	8331.000
1109.139	8120.000
1109.280	8371.000
1109.421	8215.000
1109.563	8407.000
1109.704	8197.000
1109.845	8297.000
1109.987	8214.000
1110.128	8266.000
1110.269	8237.000
1110.410	8387.000
1110.552	8157.000
1110.693	8350.000
1110.834	8068.000
1110.975	8332.000
1111.117	8212.000
1111.258	8341.000
1111.399	8156.000
1111.540	8320.000
1111.682	8292.000
1111.823	8270.000
1111.964	8191.000
1112.105	8387.000
1112.247	8171.000
1112.388	8327.000
1112.529	8132.000
1112.670	8359.000
1112.811	8165.000
1112.952	8245.000
1113.094	8155.000
1113.235	8331.000
1113.376	8177.000
1113.517	8244.000
1113.658	8087.000
1113.799	8318.000
1113.940	8244.000
1114.082	8341.000
1114.223	8184.000
1114.364	8353.000
1114.505	8173.000
1114.646	8333.000
1114.787	8124.000
1114.928	8292.000
1115.069	8062.000
1115.210	8269.000
1115.351	8206.000
1115.492	8313.000
1115.633	8166.000
1115.774	8344.000
1115.916	8149.000
1116.057	8288.000
1116.198	8094.000
1116.339	8286.000
1116.480	8141.000
1116.621	8195.000
1116.762	8054.000
1116.903	8269.000
1117.044	8222.000
1117.185	8223.000
1117.326	8129.000
1117.466	8236.000
1117.607	8182.000
1117.748	8284.000
1117.889	8116.000
1118.030	8312.000
1118.171	8175.000
1118.312	8271.000
1118.453	8094.000
1118.594	8349.000
1118.735	8179.000
1118.876	8211.000
1119.017	8163.000
1119.158	8259.000
1119.298	8105.000
1119.439	8179.000
1119.580	8138.000
1119.721	8325.000
1119.862	8202.000
1120.003	8298.000
1120.144	8169.000
1120.284	8317.000
1120.425	8182.000
1120.566	8273.000
1120.707	8155.000
1120.848	8341.000
1120.989	8143.000
1121.129	8305.000
1121.270	8227.000
1121.411	8375.000
1121.552	8267.000
1121.693	8338.000
1121.833	8226.000
1121.974	8445.000
1122.115	8273.000
1122.256	8420.000
1122.396	8325.000
1122.537	8478.000
1122.678	8284.000
1122.819	8449.000
1122.959	8430.000
1123.100	8573.000
1123.241	8392.000
1123.381	8513.000
1123.522	8457.000
1123.663	8528.000
1123.803	8452.000
1123.944	8602.000
1124.085	8472.000
1124.225	8647.000
1124.366	8513.000
1124.507	8672.000
1124.647	8575.000
1124.788	8816.000
1124.929	8715.000
1125.069	8891.000
1125.210	8686.000
1125.351	8908.000
1125.491	8761.000
1125.632	8986.000
1125.772	8799.000
1125.913	9065.000
1126.054	8884.000
1126.194	9058.000
1126.335	8981.000
1126.475	9170.000
1126.616	9035.000
1126.756	9278.000
1126.897	9167.000
1127.037	9299.000
1127.178	9296.000
1127.318	9325.000
1127.459	9389.000
1127.600	9513.000
1127.740	9394.000
1127.881	9487.000
1128.021	9422.000
1128.162	9608.000
1128.302	9534.000
1128.442	9622.000
1128.583	9591.000
1128.723	9723.000
1128.864	9648.000
1129.004	9794.000
1129.145	9638.000
1129.285	9754.000
1129.426	9719.000
1129.566	9765.000
1129.706	9641.000
1129.847	9745.000
1129.987	9563.000
1130.128	9608.000
1130.268	9451.000
1130.408	9463.000
1130.549	9236.000
1130.689	9168.000
1130.830	8969.000
1130.970	8968.000
1131.110	8691.000
1131.251	8613.000
1131.391	8554.000
1131.531	8512.000
1131.672	8309.000
1131.812	8331.000
1131.952	8240.000
1132.093	8439.000
1132.233	8204.000
1132.373	8336.000
1132.513	8277.000
1132.654	8463.000
1132.794	8823.000
1132.934	8387.000
1133.075	8250.000
1133.215	8387.000
1133.355	8243.000
1133.495	8449.000
1133.636	8232.000
1133.776	8448.000
1133.916	8274.000
1134.056	8322.000
1134.196	8373.000
1134.337	8494.000
1134.477	8507.000
1134.617	8741.000
1134.757	8776.000
1134.897	9055.000
1135.038	8919.000
1135.178	9045.000
1135.318	8917.000
1135.458	8913.000
1135.598	8666.000
1135.738	8655.000
1135.879	8431.000
1136.019	8437.000
1136.159	8348.000
1136.299	8310.000
1136.439	8185.000
1136.579	8394.000
1136.719	8190.000
1136.859	8246.000
1136.999	8147.000
1137.140	8179.000
1137.280	8154.000
1137.420	8207.000
1137.560	8099.000
1137.700	8119.000
1137.840	8156.000
1137.980	8169.000
1138.120	8098.000
1138.260	8174.000
1138.400	8059.000
1138.540	8175.000
1138.680	8097.000
1138.820	8259.000
1138.960	8121.000
1139.100	8154.000
1139.240	8158.000
1139.380	8176.000
1139.520	8121.000
1139.660	8187.000
1139.800	8078.000
1139.940	8147.000
1140.080	8119.000
1140.220	8240.000
1140.360	8200.000
1140.500	8201.000
1140.640	8109.000
1140.780	8142.000
1140.919	8089.000
1141.059	8153.000
1141.199	8073.000
1141.339	8229.000
1141.479	8101.000
1141.619	8220.000
1141.759	8122.000
1141.899	8188.000
1142.039	8112.000
1142.178	8186.000
1142.318	8045.000
1142.458	8269.000
1142.598	8130.000
1142.738	8238.000
1142.878	8158.000
1143.017	8270.000
1143.157	8089.000
1143.297	8253.000
1143.437	8111.000
1143.577	8199.000
1143.716	8089.000
1143.856	8272.000
1143.996	8083.000
1144.136	8306.000
1144.275	8135.000
1144.415	8265.000
1144.555	8118.000
1144.695	8235.000
1144.834	8171.000
1144.974	8313.000
1145.114	8189.000
1145.254	8291.000
1145.393	8226.000
1145.533	8373.000
1145.673	8220.000
1145.812	8252.000
1145.952	8201.000
1146.092	8350.000
1146.231	8196.000
1146.371	8295.000
1146.511	8211.000
1146.650	8393.000
1146.790	8162.000
1146.930	8370.000
1147.069	8179.000
1147.209	8455.000
1147.349	8275.000
1147.488	8361.000
1147.628	8171.000
1147.767	8301.000
1147.907	8179.000
1148.047	8310.000
1148.186	8229.000
1148.326	8373.000
1148.465	8237.000
1148.605	8326.000
1148.744	8199.000
1148.884	8376.000
1149.024	8289.000
1149.163	8326.000
1149.303	8227.000
1149.442	8399.000
1149.582	8224.000
1149.721	8310.000
1149.861	8187.000
1150.000	8342.000
1150.140	8133.000
1150.279	8365.000
1150.419	8269.000
1150.558	8267.000
1150.698	8228.000
1150.837	8404.000
1150.977	8228.000
1151.116	8368.000
1151.255	8250.000
1151.395	8332.000
1151.534	8171.000
1151.674	8290.000
1151.813	8186.000
1151.953	8262.000
1152.092	8220.000
1152.231	8305.000
1152.371	8250.000
1152.510	8329.000
1152.650	8171.000
1152.789	8368.000
1152.928	8276.000
1153.068	8295.000
1153.207	8302.000
1153.346	8351.000
1153.486	8203.000
1153.625	8332.000
1153.764	7046.000
1153.904	8345.000
1154.043	8200.000
1154.182	8274.000
1154.322	8093.000
1154.461	8333.000
1154.600	8182.000
1154.740	8335.000
1154.879	8259.000
1155.018	8335.000
1155.157	8193.000
1155.297	8314.000
1155.436	8186.000
1155.575	8370.000
1155.714	8215.000
1155.854	8321.000
1155.993	8137.000
1156.132	8314.000
1156.271	8117.000
1156.411	8256.000
1156.550	8211.000
1156.689	8250.000
1156.828	8145.000
1156.967	8244.000
1157.107	8127.000
1157.246	8319.000
1157.385	8136.000
1157.524	8352.000
1157.663	8181.000
1157.802	8209.000
1157.941	8202.000
1158.081	8194.000
1158.220	8110.000
1158.359	8174.000
1158.498	8033.000
1158.637	8136.000
1158.776	8095.000
1158.915	8260.000
1159.054	8088.000
1159.193	8258.000
1159.333	8042.000
1159.472	8181.000
1159.611	8033.000
1159.750	8132.000
1159.889	7974.000
1160.028	8147.000
1160.167	8015.000
1160.306	8127.000
1160.445	7991.000
1160.584	8184.000
1160.723	8140.000
1160.862	8167.000
1161.001	8042.000
1161.140	8261.000
1161.279	8006.000
1161.418	8155.000
1161.557	8087.000
1161.696	8203.000
1161.835	8037.000
1161.974	8269.000
1162.113	12597.000
1162.252	8247.000
1162.391	8108.000
1162.530	8184.000
1162.669	8131.000
1162.808	8212.000
1162.946	8011.000
1163.085	8190.000
1163.224	8183.000
1163.363	8332.000
1163.502	8171.000
1163.641	8197.000
1163.780	8122.000
1163.919	8246.000
1164.058	8193.000
1164.196	8294.000
1164.335	8138.000
1164.474	8259.000
1164.613	8117.000
1164.752	8295.000
1164.891	8190.000
1165.029	8357.000
1165.168	8160.000
1165.307	8312.000
1165.446	8201.000
1165.585	8259.000
1165.723	8154.000
1165.862	8203.000
1166.001	8137.000
1166.140	8320.000
1166.279	8130.000
1166.417	8254.000
1166.556	8112.000
1166.695	8341.000
1166.834	8190.000
1166.972	8319.000
1167.111	8103.000
1167.250	8317.000
1167.388	8044.000
1167.527	8275.000
1167.666	8107.000
1167.805	8279.000
1167.943	8083.000
1168.082	8318.000
1168.221	8180.000
1168.359	8268.000
1168.498	8134.000
1168.637	8340.000
1168.775	8093.000
1168.914	8344.000
1169.052	8224.000
1169.191	8205.000
1169.330	8150.000
1169.468	8385.000
1169.607	8216.000
1169.746	8291.000
1169.884	8200.000
1170.023	8318.000
1170.161	8205.000
1170.300	8256.000
1170.439	8237.000
1170.577	8314.000
1170.716	8206.000
1170.854	8375.000
1170.993	8166.000
1171.131	8343.000
1171.270	8141.000
1171.408	8293.000
1171.547	8257.000
1171.685	8413.000
1171.824	8207.000
1171.962	8279.000
1172.101	8261.000
1172.239	8407.000
1172.378	8243.000
1172.516	8407.000
1172.655	8230.000
1172.793	8429.000
1172.932	8216.000
1173.070	8323.000
1173.209	8233.000
1173.347	8411.000
1173.486	8259.000
1173.624	8265.000
1173.762	8292.000
1173.901	8435.000
1174.039	8325.000
1174.178	8322.000
1174.316	8290.000
1174.454	8319.000
1174.593	8321.000
1174.731	8438.000
