1329.918	8899.000
1330.066	8883.000
1330.214	8870.000
1330.363	8937.000
1330.511	8859.000
1330.659	8951.000
1330.807	8848.000
1330.955	8897.000
1331.103	8839.000
1331.251	8903.000
1331.399	8812.000
1331.547	8951.000
1331.695	8853.000
1331.843	8813.000
1331.991	8835.000
1332.139	8937.000
1332.287	8768.000
1332.435	8923.000
1332.583	8761.000
1332.730	8910.000
1332.878	8765.000
1333.026	8829.000
1333.174	8950.000
1333.322	8895.000
1333.470	8833.000
1333.618	8845.000
1333.765	8860.000
1333.913	8834.000
1334.061	8780.000
1334.209	8841.000
1334.356	8822.000
1334.504	8872.000
1334.652	8835.000
1334.800	8810.000
1334.947	8765.000
1335.095	8820.000
1335.243	8875.000
1335.390	8792.000
1335.538	8811.000
1335.686	8811.000
1335.833	8773.000
1335.981	8857.000
1336.128	8754.000
1336.276	8865.000
1336.424	8708.000
1336.571	8829.000
1336.719	8822.000
1336.866	8773.000
1337.014	8768.000
1337.161	8799.000
1337.309	8751.000
1337.456	8741.000
1337.604	8823.000
1337.751	8813.000
1337.899	8734.000
1338.046	8780.000
1338.194	8709.000
1338.341	8780.000
1338.488	8662.000
1338.636	8720.000
1338.783	8773.000
1338.930	8711.000
1339.078	8668.000
1339.225	8680.000
1339.372	8643.000
1339.520	8763.000
1339.667	8711.000
1339.814	8668.000
1339.962	8627.000
1340.109	8729.000
1340.256	8646.000
1340.403	8635.000
1340.550	8681.000
1340.698	8692.000
1340.845	8571.000
1340.992	8645.000
1341.139	8588.000
1341.286	8622.000
1341.433	8600.000
1341.581	8703.000
1341.728	8561.000
1341.875	8661.000
1342.022	8621.000
1342.169	8609.000
1342.316	8494.000
1342.463	8567.000
1342.610	8536.000
1342.757	8554.000
1342.904	8551.000
1343.051	8557.000
1343.198	8515.000
1343.345	8577.000
1343.492	8551.000
1343.639	8535.000
1343.786	8551.000
1343.933	8531.000
1344.080	8465.000
1344.226	8558.000
1344.373	8534.000
1344.520	8543.000
1344.667	8511.000
1344.814	8499.000
1344.961	8463.000
1345.108	8435.000
1345.254	8454.000
1345.401	8568.000
1345.548	8478.000
1345.695	8518.000
1345.841	8455.000
1345.988	8501.000
1346.135	8454.000
1346.282	8533.000
1346.428	8351.000
1346.575	8572.000
1346.722	8413.000
1346.868	8455.000
1347.015	8471.000
1347.162	8522.000
1347.308	8469.000
1347.455	8455.000
1347.601	8433.000
1347.748	8520.000
1347.894	8430.000
1348.041	8564.000
1348.188	8401.000
1348.334	8521.000
1348.481	8354.000
1348.627	8410.000
1348.774	8538.000
1348.920	8536.000
1349.067	8460.000
1349.213	8494.000
1349.359	8438.000
1349.506	8454.000
1349.652	8419.000
1349.799	8487.000
1349.945	8484.000
1350.091	8548.000
1350.238	8444.000
1350.384	8495.000
1350.530	8471.000
1350.677	8559.000
1350.823	8436.000
1350.969	8416.000
1351.116	8438.000
1351.262	8531.000
1351.408	8494.000
1351.554	8480.000
1351.701	8434.000
1351.847	8526.000
1351.993	8457.000
1352.139	8429.000
1352.285	8340.000
1352.432	8434.000
1352.578	8359.000
1352.724	8557.000
1352.870	8454.000
1353.016	8511.000
1353.162	8445.000
1353.308	8463.000
1353.454	8435.000
1353.600	8387.000
1353.747	8390.000
1353.893	8492.000
1354.039	8339.000
1354.185	8457.000
1354.331	8409.000
1354.477	8435.000
1354.623	8382.000
1354.768	8498.000
1354.914	8305.000
1355.060	8417.000
1355.206	8386.000
1355.352	8385.000
1355.498	8426.000
1355.644	8454.000
1355.790	8311.000
1355.936	8422.000
1356.082	8224.000
1356.227	8368.000
1356.373	8316.000
1356.519	8446.000
1356.665	8323.000
1356.811	8420.000
1356.956	8278.000
1357.102	8331.000
1357.248	8299.000
1357.394	8386.000
1357.539	8337.000
1357.685	8438.000
1357.831	8278.000
1357.976	8317.000
1358.122	8182.000
1358.268	8370.000
1358.413	8282.000
1358.559	8396.000
1358.704	8218.000
1358.850	8348.000
1358.996	8188.000
1359.141	8368.000
1359.287	8356.000
1359.432	8292.000
1359.578	8324.000
1359.723	8334.000
1359.869	8203.000
1360.014	8324.000
1360.160	8247.000
1360.305	8380.000
1360.451	8206.000
1360.596	8358.000
1360.742	8226.000
1360.887	8329.000
1361.032	8194.000
1361.178	8375.000
1361.323	8244.000
1361.469	8293.000
1361.614	8192.000
1361.759	8255.000
1361.905	8164.000
1362.050	8301.000
1362.195	8233.000
1362.341	8367.000
1362.486	8246.000
1362.631	8343.000
1362.776	8107.000
1362.922	8369.000
1363.067	8178.000
1363.212	8326.000
1363.357	8185.000
1363.502	8404.000
1363.648	8250.000
1363.793	8343.000
1363.938	8228.000
1364.083	8349.000
1364.228	8221.000
1364.373	8282.000
1364.518	8194.000
1364.663	8352.000
1364.808	8152.000
1364.954	8239.000
1365.099	8181.000
1365.244	8284.000
1365.389	8215.000
1365.534	8297.000
1365.679	8189.000
1365.824	8346.000
1365.969	8240.000
1366.113	8373.000
1366.258	8329.000
1366.403	8388.000
1366.548	8301.000
1366.693	8256.000
1366.838	8181.000
1366.983	8314.000
1367.128	8172.000
1367.273	8328.000
1367.417	8329.000
1367.562	8365.000
1367.707	8186.000
1367.852	8386.000
1367.997	8328.000
1368.141	8312.000
1368.286	8173.000
1368.431	8351.000
1368.576	8237.000
1368.720	8348.000
1368.865	8204.000
1369.010	8377.000
1369.154	8179.000
1369.299	8328.000
1369.444	8259.000
1369.588	8347.000
1369.733	8237.000
1369.878	8342.000
1370.022	8243.000
1370.167	8363.000
1370.311	8245.000
1370.456	8455.000
1370.601	8278.000
1370.745	8274.000
1370.890	8284.000
1371.034	8388.000
1371.179	8182.000
1371.323	8370.000
1371.468	8341.000
1371.612	8407.000
1371.757	8260.000
1371.901	8320.000
1372.045	8236.000
1372.190	8360.000
1372.334	8240.000
1372.479	8329.000
1372.623	8279.000
1372.767	8390.000
1372.912	8262.000
1373.056	8343.000
1373.200	8106.000
1373.345	8388.000
1373.489	8225.000
1373.633	8307.000
1373.777	8200.000
1373.922	8367.000
1374.066	8222.000
1374.210	8286.000
1374.354	8319.000
1374.499	8248.000
1374.643	8200.000
1374.787	8341.000
1374.931	8209.000
1375.075	8314.000
1375.219	8146.000
1375.364	8403.000
1375.508	8326.000
1375.652	8329.000
1375.796	8193.000
1375.940	8317.000
1376.084	8250.000
1376.228	8329.000
1376.372	8127.000
1376.516	8367.000
1376.660	8187.000
1376.804	8204.000
1376.948	8198.000
1377.092	8277.000
1377.236	8166.000
1377.380	8373.000
1377.524	8148.000
1377.668	8174.000
1377.812	8149.000
1377.956	8366.000
1378.099	8228.000
1378.243	8205.000
1378.387	8126.000
1378.531	8349.000
1378.675	8128.000
1378.819	8284.000
1378.962	8154.000
1379.106	8307.000
1379.250	8173.000
1379.394	8274.000
1379.538	8192.000
1379.681	8325.000
1379.825	8196.000
1379.969	8346.000
1380.112	8111.000
1380.256	8252.000
1380.400	8175.000
1380.543	8273.000
1380.687	8070.000
1380.831	8316.000
1380.974	8088.000
1381.118	8192.000
1381.262	8108.000
1381.405	8303.000
1381.549	8154.000
1381.692	8233.000
1381.836	8164.000
1381.979	8172.000
1382.123	8089.000
1382.266	8212.000
1382.410	8222.000
1382.553	8208.000
1382.697	8145.000
1382.840	8164.000
1382.984	8121.000
1383.127	8225.000
1383.271	8083.000
1383.414	8167.000
1383.557	8142.000
1383.701	8212.000
1383.844	8148.000
1383.987	8222.000
1384.131	8074.000
1384.274	8292.000
1384.417	8073.000
1384.561	8260.000
1384.704	8114.000
1384.847	8283.000
1384.990	8155.000
1385.134	8339.000
1385.277	8019.000
1385.420	8366.000
1385.563	8107.000
1385.707	8248.000
1385.850	8129.000
1385.993	8285.000
1386.136	8167.000
1386.279	8186.000
1386.422	8119.000
1386.565	8276.000
1386.709	8113.000
1386.852	8253.000
1386.995	8147.000
1387.138	8248.000
1387.281	8182.000
1387.424	8249.000
1387.567	8183.000
1387.710	8244.000
1387.853	8093.000
1387.996	8283.000
1388.139	7792.000
1388.282	8303.000
1388.425	8176.000
1388.568	8228.000
1388.711	8213.000
1388.854	8207.000
1388.997	8069.000
1389.139	8203.000
1389.282	8192.000
1389.425	8340.000
1389.568	8094.000
1389.711	8223.000
1389.854	8102.000
1389.996	8311.000
1390.139	8146.000
1390.282	8247.000
1390.425	8084.000
1390.568	8279.000
1390.710	8148.000
1390.853	8255.000
1390.996	8107.000
1391.138	8279.000
1391.281	8127.000
1391.424	8270.000
1391.566	8155.000
1391.709	8191.000
1391.852	8041.000
1391.994	8220.000
1392.137	8143.000
1392.280	8372.000
1392.422	8106.000
1392.565	8272.000
1392.707	8106.000
1392.850	8272.000
1392.992	8134.000
1393.135	8265.000
1393.277	8116.000
1393.420	8282.000
1393.562	8141.000
1393.705	8255.000
1393.847	8159.000
1393.990	8316.000
1394.132	8194.000
1394.275	8310.000
1394.417	8123.000
1394.560	8217.000
1394.702	8126.000
1394.844	8318.000
1394.987	8083.000
1395.129	8240.000
1395.271	8143.000
1395.414	8206.000
1395.556	8105.000
1395.698	8245.000
1395.840	8163.000
1395.983	8280.000
1396.125	8123.000
1396.267	8276.000
1396.409	8179.000
1396.552	8227.000
1396.694	8119.000
1396.836	8259.000
1396.978	8206.000
1397.120	8267.000
1397.263	8094.000
1397.405	8291.000
1397.547	8147.000
1397.689	8244.000
1397.831	8101.000
1397.973	8241.000
1398.115	8152.000
1398.257	8243.000
1398.399	8109.000
1398.541	8263.000
1398.683	8108.000
1398.825	8216.000
1398.967	8216.000
1399.109	8210.000
1399.251	8136.000
1399.393	8204.000
1399.535	8078.000
1399.677	8331.000
1399.819	8184.000
1399.961	8253.000
1400.103	8133.000
1400.245	8197.000
1400.387	8148.000
1400.528	8250.000
1400.670	8179.000
1400.812	8315.000
1400.954	8127.000
1401.096	8242.000
1401.238	8110.000
1401.379	8293.000
1401.521	8115.000
1401.663	8268.000
1401.805	8186.000
1401.946	8308.000
1402.088	8185.000
1402.230	8161.000
1402.371	8084.000
1402.513	8287.000
1402.655	8063.000
1402.796	8171.000
1402.938	8086.000
1403.080	8209.000
1403.221	8077.000
1403.363	8220.000
1403.504	8133.000
1403.646	8286.000
1403.788	8023.000
1403.929	8298.000
1404.071	8115.000
1404.212	8208.000
1404.354	8123.000
1404.495	8212.000
1404.637	8105.000
1404.778	8241.000
1404.919	8058.000
1405.061	8208.000
1405.202	8113.000
1405.344	8243.000
1405.485	8053.000
1405.627	8218.000
1405.768	8241.000
1405.909	8269.000
1406.051	8123.000
1406.192	8229.000
1406.333	8053.000
1406.475	8265.000
1406.616	8092.000
1406.757	8231.000
1406.898	8038.000
1407.040	8359.000
1407.181	8136.000
1407.322	8311.000
1407.463	8107.000
1407.605	8270.000
1407.746	8176.000
1407.887	8263.000
1408.028	8085.000
1408.169	8224.000
1408.310	8081.000
1408.452	8271.000
1408.593	8162.000
1408.734	8261.000
1408.875	8037.000
1409.016	8231.000
1409.157	8131.000
1409.298	8231.000
1409.439	8115.000
1409.580	8241.000
1409.721	8017.000
1409.862	8254.000
1410.003	8028.000
1410.144	8247.000
1410.285	8081.000
1410.426	8345.000
1410.567	8106.000
1410.708	8206.000
1410.849	8063.000
1410.990	8173.000
1411.131	8126.000
1411.271	8278.000
1411.412	8072.000
1411.553	8261.000
1411.694	7971.000
1411.835	8205.000
1411.976	8107.000
1412.116	8246.000
1412.257	8069.000
1412.398	8199.000
1412.539	8164.000
1412.680	8171.000
1412.820	8104.000
1412.961	8251.000
1413.102	8029.000
1413.242	8236.000
1413.383	8024.000
1413.524	8268.000
1413.664	8061.000
1413.805	8157.000
1413.946	8035.000
1414.086	8186.000
1414.227	8066.000
1414.367	8127.000
1414.508	7948.000
1414.649	8174.000
1414.789	8119.000
1414.930	8245.000
1415.070	8083.000
1415.211	8211.000
1415.351	8030.000
1415.492	8197.000
1415.632	7995.000
1415.773	8163.000
1415.913	7934.000
1416.053	8155.000
1416.194	8099.000
1416.334	8218.000
1416.475	8044.000
1416.615	8167.000
1416.755	7987.000
1416.896	8161.000
1417.036	7971.000
1417.176	8149.000
1417.317	7966.000
1417.457	8048.000
1417.597	7901.000
1417.738	8094.000
1417.878	8059.000
1418.018	8093.000
1418.158	7966.000
1418.299	8116.000
1418.439	7994.000
1418.579	8137.000
1418.719	7964.000
1418.859	8142.000
1419.000	7944.000
1419.140	8086.000
1419.280	7920.000
1419.420	8165.000
1419.560	7974.000
1419.700	8031.000
1419.840	7976.000
1419.980	8060.000
1420.120	7910.000
1420.260	7963.000
1420.400	7910.000
1420.540	8131.000
1420.680	7971.000
1420.820	8066.000
1420.960	7918.000
1421.100	8076.000
1421.240	7948.000
1421.380	8008.000
1421.520	7890.000
1421.660	8045.000
1421.800	7873.000
1421.940	8033.000
1422.080	7879.000
1422.220	8054.000
1422.360	7909.000
1422.499	8018.000
1422.639	7861.000
1422.779	8036.000
1422.919	7931.000
1423.059	8021.000
1423.198	7960.000
1423.338	8068.000
1423.478	7826.000
1423.618	8027.000
1423.757	7988.000
1423.897	8119.000
1424.037	7947.000
1424.176	7997.000
1424.316	7949.000
1424.456	8022.000
1424.595	7864.000
1424.735	8045.000
1424.875	7915.000
1425.014	8060.000
1425.154	7892.000
1425.293	8015.000
1425.433	7882.000
1425.573	8119.000
1425.712	7953.000
1425.852	8116.000
1425.991	7869.000
1426.131	8083.000
1426.270	7919.000
1426.410	8106.000
1426.549	7900.000
1426.689	8095.000
1426.828	7914.000
1426.967	8031.000
1427.107	7912.000
1427.246	8057.000
1427.386	7877.000
1427.525	8145.000
1427.664	7940.000
1427.804	8042.000
1427.943	8019.000
1428.082	8043.000
1428.222	7996.000
1428.361	8142.000
1428.500	7943.000
1428.640	8017.000
1428.779	7926.000
1428.918	8101.000
1429.057	7987.000
1429.196	8053.000
1429.336	7966.000
1429.475	8053.000
1429.614	8002.000
1429.753	8141.000
1429.892	7949.000
1430.032	8081.000
1430.171	8027.000
1430.310	8119.000
1430.449	7942.000
1430.588	8182.000
1430.727	8063.000
1430.866	8116.000
1431.005	8020.000
1431.144	8117.000
1431.283	8006.000
1431.422	8090.000
1431.561	8017.000
1431.700	8162.000
1431.839	7989.000
1431.978	8072.000
1432.117	8064.000
1432.256	8146.000
1432.395	8012.000
1432.534	8096.000
1432.673	7967.000
1432.812	8195.000
1432.951	7959.000
1433.089	8128.000
1433.228	8002.000
1433.367	8187.000
1433.506	8565.000
1433.645	8113.000
1433.783	8014.000
1433.922	8120.000
1434.061	7970.000
1434.200	8187.000
1434.339	7943.000
1434.477	8169.000
1434.616	7955.000
1434.755	8029.000
1434.893	8083.000
1435.032	8125.000
1435.171	7988.000
1435.309	8099.000
1435.448	8002.000
1435.587	8195.000
1435.725	7958.000
1435.864	8043.000
1436.002	7952.000
1436.141	8065.000
1436.280	7976.000
1436.418	8100.000
1436.557	7994.000
1436.695	8062.000
1436.834	8028.000
1436.972	8076.000
1437.111	7954.000
1437.249	8196.000
1437.388	7981.000
1437.526	8034.000
1437.664	7960.000
1437.803	8013.000
1437.941	7949.000
1438.080	8027.000
1438.218	7978.000
1438.356	7987.000
1438.495	7943.000
1438.633	7955.000
1438.771	7966.000
1438.910	8070.000
1439.048	7940.000
1439.186	8081.000
1439.325	7970.000
1439.463	8135.000
1439.601	7948.000
1439.739	8039.000
1439.878	7958.000
1440.016	8015.000
1440.154	7963.000
1440.292	8037.000
1440.430	7960.000
1440.569	8021.000
1440.707	8010.000
1440.845	8097.000
1440.983	8044.000
1441.121	8045.000
1441.259	7970.000
1441.397	8002.000
1441.535	7960.000
1441.673	8055.000
1441.811	7927.000
1441.949	8092.000
1442.087	7950.000
1442.225	8108.000
1442.363	7969.000
1442.501	8027.000
1442.639	7973.000
1442.777	8055.000
1442.915	7872.000
1443.053	8130.000
1443.191	7970.000
1443.329	8122.000
1443.467	8046.000
1443.605	8133.000
1443.743	7974.000
1443.881	8124.000
1444.018	7959.000
1444.156	8100.000
1444.294	7940.000
1444.432	8162.000
1444.570	7965.000
1444.707	8171.000
1444.845	8024.000
1444.983	8164.000
1445.121	7981.000
1445.258	8118.000
1445.396	7988.000
1445.534	8211.000
1445.671	8051.000
1445.809	8163.000
1445.947	8105.000
1446.084	8227.000
1446.222	8088.000
1446.360	8152.000
1446.497	8088.000
1446.635	8239.000
1446.772	8053.000
1446.910	8172.000
1447.048	8084.000
1447.185	8258.000
1447.323	8015.000
1447.460	8233.000
1447.598	8049.000
1447.735	8315.000
1447.873	8171.000
1448.010	8212.000
1448.147	8019.000
1448.285	8184.000
1448.422	8066.000
1448.560	8168.000
1448.697	8115.000
1448.835	8256.000
1448.972	8101.000
1449.109	8184.000
1449.247	8100.000
1449.384	8236.000
1449.521	8130.000
1449.659	8189.000
1449.796	8100.000
1449.933	8275.000
1450.070	8059.000
1450.208	8212.000
1450.345	8068.000
1450.482	8229.000
1450.619	8012.000
1450.757	8214.000
1450.894	8144.000
1451.031	8147.000
1451.168	8137.000
1451.305	8246.000
1451.442	8078.000
1451.580	8229.000
1451.717	8097.000
1451.854	8192.000
1451.991	8041.000
1452.128	8141.000
1452.265	8075.000
1452.402	8115.000
1452.539	8098.000
1452.676	8192.000
1452.813	8118.000
1452.950	8159.000
1453.087	8034.000
1453.224	8256.000
1453.361	8147.000
1453.498	8174.000
1453.635	8166.000
1453.772	8230.000
1453.909	8093.000
1454.046	8227.000
1454.183	6942.000
1454.319	8203.000
1454.456	8080.000
1454.593	8113.000
1454.730	8010.000
1454.867	8175.000
1455.004	8056.000
1455.140	8213.000
1455.277	8119.000
1455.414	8185.000
1455.551	8063.000
1455.687	8157.000
1455.824	8057.000
1455.961	8226.000
1456.098	8129.000
1456.234	8186.000
1456.371	8004.000
1456.508	8179.000
1456.644	8007.000
1456.781	8103.000
1456.917	8054.000
1457.054	8109.000
1457.191	8031.000
1457.327	8117.000
1457.464	7985.000
1457.600	8205.000
1457.737	7936.000
1457.873	8193.000
1458.010	8038.000
1458.146	8084.000
1458.283	8055.000
1458.419	8041.000
1458.556	7985.000
1458.692	8035.000
1458.829	7912.000
1458.965	8019.000
1459.102	7944.000
1459.238	8139.000
1459.374	7974.000
1459.511	8136.000
1459.647	7905.000
1459.784	8042.000
1459.920	7918.000
1460.056	8041.000
1460.193	7855.000
1460.329	8012.000
1460.465	7839.000
1460.601	8005.000
1460.738	7856.000
1460.874	8034.000
1461.010	8017.000
1461.146	8041.000
1461.283	7921.000
1461.419	8160.000
1461.555	7872.000
1461.691	8014.000
1461.827	7961.000
1461.963	8100.000
1462.100	7892.000
1462.236	8164.000
1462.372	12599.000
1462.508	8152.000
1462.644	7979.000
1462.780	8064.000
1462.916	7975.000
1463.052	8098.000
1463.188	7874.000
1463.324	8041.000
1463.460	8076.000
1463.596	8186.000
1463.732	8035.000
1463.868	8075.000
1464.004	7969.000
1464.140	8088.000
1464.276	8045.000
1464.412	8156.000
1464.548	8039.000
1464.684	8116.000
1464.820	7985.000
1464.955	8160.000
1465.091	8048.000
1465.227	8186.000
1465.363	8043.000
1465.499	8163.000
1465.635	8064.000
1465.770	8189.000
1465.906	8041.000
1466.042	8108.000
1466.178	8007.000
1466.313	8191.000
1466.449	7988.000
1466.585	8160.000
1466.720	7990.000
1466.856	8239.000
1466.992	8019.000
1467.127	8197.000
1467.263	7999.000
1467.399	8157.000
1467.534	7913.000
1467.670	8145.000
1467.806	7980.000
1467.941	8158.000
1468.077	7962.000
1468.212	8228.000
1468.348	8030.000
1468.483	8174.000
1468.619	8050.000
1468.754	8201.000
1468.890	7975.000
1469.025	8256.000
1469.161	8121.000
1469.296	8112.000
1469.432	8066.000
1469.567	8258.000
1469.702	8152.000
1469.838	8252.000
1469.973	8132.000
1470.109	8248.000
1470.244	8165.000
1470.379	8255.000
1470.515	8236.000
1470.650	8309.000
1470.785	8212.000
1470.921	8366.000
1471.056	8158.000
1471.191	8327.000
1471.326	8125.000
1471.462	8244.000
1471.597	8255.000
1471.732	8354.000
1471.867	8126.000
1472.003	8194.000
1472.138	8154.000
1472.273	8285.000
1472.408	8133.000
1472.543	8278.000
1472.678	8102.000
1472.813	8330.000
1472.948	8091.000
1473.084	8207.000
1473.219	8143.000
1473.354	8270.000
1473.489	8113.000
1473.624	8128.000
1473.759	8154.000
1473.894	8366.000
1474.029	8190.000
1474.164	8218.000
1474.299	8150.000
1474.434	8185.000
1474.569	8208.000
1474.704	8295.000
