1429.840	8746.000
1429.989	8715.000
1430.138	8692.000
1430.288	8827.000
1430.437	8686.000
1430.587	8815.000
1430.736	8702.000
1430.885	8783.000
1431.035	8707.000
1431.184	8766.000
1431.333	8677.000
1431.482	8813.000
1431.632	8719.000
1431.781	8687.000
1431.930	8721.000
1432.079	8834.000
1432.229	8607.000
1432.378	8813.000
1432.527	8654.000
1432.676	8807.000
1432.825	8630.000
1432.974	8709.000
1433.123	8819.000
1433.273	8767.000
1433.422	8706.000
1433.571	8742.000
1433.720	8751.000
1433.869	8706.000
1434.018	8642.000
1434.167	8734.000
1434.316	8690.000
1434.465	8758.000
1434.614	8705.000
1434.763	8721.000
1434.911	8598.000
1435.060	8727.000
1435.209	8726.000
1435.358	8659.000
1435.507	8751.000
1435.656	8736.000
1435.805	8664.000
1435.954	8736.000
1436.102	8637.000
1436.251	8765.000
1436.400	8587.000
1436.549	8725.000
1436.697	8701.000
1436.846	8670.000
1436.995	8637.000
1437.144	8699.000
1437.292	8614.000
1437.441	8626.000
1437.590	8681.000
1437.738	8743.000
1437.887	8620.000
1438.035	8691.000
1438.184	8583.000
1438.333	8665.000
1438.481	8580.000
1438.630	8608.000
1438.778	8613.000
1438.927	8606.000
1439.075	8589.000
1439.224	8579.000
1439.372	8536.000
1439.521	8658.000
1439.669	8570.000
1439.818	8539.000
1439.966	8552.000
1440.114	8617.000
1440.263	8550.000
1440.411	8542.000
1440.559	8562.000
1440.708	8598.000
1440.856	8472.000
1441.004	8547.000
1441.153	8444.000
1441.301	8491.000
1441.449	8491.000
1441.597	8613.000
1441.746	8448.000
1441.894	8564.000
1442.042	8497.000
1442.190	8514.000
1442.338	8428.000
1442.487	8484.000
1442.635	8426.000
1442.783	8460.000
1442.931	8448.000
1443.079	8469.000
1443.227	8441.000
1443.375	8485.000
1443.523	8466.000
1443.671	8473.000
1443.819	8488.000
1443.967	8449.000
1444.115	8391.000
1444.263	8423.000
1444.411	8441.000
1444.559	8452.000
1444.707	8370.000
1444.855	8412.000
1445.003	8349.000
1445.151	8345.000
1445.299	8385.000
1445.447	8508.000
1445.594	8339.000
1445.742	8411.000
1445.890	8376.000
1446.038	8390.000
1446.186	8395.000
1446.333	8451.000
1446.481	8268.000
1446.629	8505.000
1446.776	8349.000
1446.924	8357.000
1447.072	8382.000
1447.220	8429.000
1447.367	8382.000
1447.515	8409.000
1447.662	8342.000
1447.810	8416.000
1447.958	8373.000
1448.105	8448.000
1448.253	8329.000
1448.400	8411.000
1448.548	8256.000
1448.695	8351.000
1448.843	8446.000
1448.990	8447.000
1449.138	8354.000
1449.285	8425.000
1449.433	8369.000
1449.580	8372.000
1449.728	8326.000
1449.875	8379.000
1450.022	8372.000
1450.170	8472.000
1450.317	8340.000
1450.464	8435.000
1450.612	8367.000
1450.759	8437.000
1450.906	8341.000
1451.054	8342.000
1451.201	8369.000
1451.348	8456.000
1451.495	8424.000
1451.643	8423.000
1451.790	8340.000
1451.937	8451.000
1452.084	8372.000
1452.231	8378.000
1452.378	8277.000
1452.526	8408.000
1452.673	8279.000
1452.820	8452.000
1452.967	8369.000
1453.114	8438.000
1453.261	8326.000
1453.408	8405.000
1453.555	8359.000
1453.702	8344.000
1453.849	8304.000
1453.996	8426.000
1454.143	8280.000
1454.290	8387.000
1454.437	8351.000
1454.584	8374.000
1454.731	8315.000
1454.878	8407.000
1455.024	8240.000
1455.171	8379.000
1455.318	8277.000
1455.465	8331.000
1455.612	8335.000
1455.759	8408.000
1455.905	8273.000
1456.052	8370.000
1456.199	8164.000
1456.346	8299.000
1456.492	8253.000
1456.639	8392.000
1456.786	8270.000
1456.932	8342.000
1457.079	8152.000
1457.226	8286.000
1457.372	8243.000
1457.519	8313.000
1457.665	8297.000
1457.812	8355.000
1457.959	8208.000
1458.105	8283.000
1458.252	8183.000
1458.398	8330.000
1458.545	8214.000
1458.691	8368.000
1458.838	8184.000
1458.984	8303.000
1459.131	8115.000
1459.277	8363.000
1459.423	8303.000
1459.570	8247.000
1459.716	8234.000
1459.863	8259.000
1460.009	8136.000
1460.155	8271.000
1460.302	8176.000
1460.448	8345.000
1460.594	8149.000
1460.741	8311.000
1460.887	8191.000
1461.033	8262.000
1461.179	8113.000
1461.326	8330.000
1461.472	8175.000
1461.618	8243.000
1461.764	8118.000
1461.910	8268.000
1462.056	8111.000
1462.203	8248.000
1462.349	8203.000
1462.495	8323.000
1462.641	8174.000
1462.787	8298.000
1462.933	8070.000
1463.079	8286.000
1463.225	8110.000
1463.371	8262.000
1463.517	8131.000
1463.663	8370.000
1463.809	8185.000
1463.955	8265.000
1464.101	8166.000
1464.247	8313.000
1464.393	8116.000
1464.539	8238.000
1464.684	8176.000
1464.830	8300.000
1464.976	8135.000
1465.122	8232.000
1465.268	8168.000
1465.414	8254.000
1465.559	8142.000
1465.705	8272.000
1465.851	8135.000
1465.997	8320.000
1466.142	8169.000
1466.288	8294.000
1466.434	8245.000
1466.579	8351.000
1466.725	8211.000
1466.871	8218.000
1467.016	8164.000
1467.162	8249.000
1467.308	8107.000
1467.453	8294.000
1467.599	8307.000
1467.744	8333.000
1467.890	8181.000
1468.035	8357.000
1468.181	8290.000
1468.326	8283.000
1468.472	8193.000
1468.617	8358.000
1468.763	8228.000
1468.908	8352.000
1469.054	8254.000
1469.199	8432.000
1469.344	8264.000
1469.490	8359.000
1469.635	8315.000
1469.780	8405.000
1469.926	8312.000
1470.071	8434.000
1470.216	8351.000
1470.362	8409.000
1470.507	8305.000
1470.652	8485.000
1470.797	8331.000
1470.943	8333.000
1471.088	8363.000
1471.233	8422.000
1471.378	8195.000
1471.523	8356.000
1471.668	8316.000
1471.814	8383.000
1471.959	8239.000
1472.104	8331.000
1472.249	8188.000
1472.394	8329.000
1472.539	8203.000
1472.684	8292.000
1472.829	8254.000
1472.974	8341.000
1473.119	8228.000
1473.264	8293.000
1473.409	8040.000
1473.554	8374.000
1473.699	8186.000
1473.844	8265.000
1473.989	8179.000
1474.134	8342.000
1474.279	8151.000
1474.423	8266.000
1474.568	8247.000
1474.713	8222.000
1474.858	8146.000
1475.003	8297.000
1475.147	8169.000
1475.292	8290.000
1475.437	8120.000
1475.582	8340.000
1475.726	8245.000
1475.871	8288.000
1476.016	8137.000
1476.161	8287.000
1476.305	8225.000
1476.450	8306.000
1476.594	8131.000
1476.739	8296.000
1476.884	8163.000
1477.028	8177.000
1477.173	8151.000
1477.317	8241.000
1477.462	8141.000
1477.606	8351.000
1477.751	8106.000
1477.895	8121.000
1478.040	8117.000
1478.184	8311.000
1478.329	8174.000
1478.473	8200.000
1478.618	8048.000
1478.762	8311.000
1478.907	8073.000
1479.051	8275.000
1479.195	8120.000
1479.340	8259.000
1479.484	8136.000
1479.628	8215.000
1479.773	8190.000
1479.917	8285.000
1480.061	8140.000
1480.205	8273.000
1480.350	8067.000
1480.494	8188.000
1480.638	8163.000
1480.782	8269.000
1480.926	8066.000
1481.071	8288.000
1481.215	8058.000
1481.359	8172.000
1481.503	8095.000
1481.647	8257.000
1481.791	8142.000
1481.935	8238.000
1482.079	8128.000
1482.223	8159.000
1482.367	8056.000
1482.511	8166.000
1482.655	8218.000
1482.799	8146.000
1482.943	8080.000
1483.087	8167.000
1483.231	8124.000
1483.375	8205.000
1483.519	8055.000
1483.663	8144.000
1483.807	8135.000
1483.951	8199.000
1484.095	8082.000
1484.238	8201.000
1484.382	8027.000
1484.526	8243.000
1484.670	8050.000
1484.814	8208.000
1484.957	8069.000
1485.101	8257.000
1485.245	8079.000
1485.389	8317.000
1485.532	7999.000
1485.676	8321.000
1485.820	8071.000
1485.963	8231.000
1486.107	8086.000
1486.250	8258.000
1486.394	8129.000
1486.538	8142.000
1486.681	8099.000
1486.825	8252.000
1486.968	8066.000
1487.112	8166.000
1487.255	8098.000
1487.399	8219.000
1487.542	8183.000
1487.686	8193.000
1487.829	8123.000
1487.973	8230.000
1488.116	8044.000
1488.260	8230.000
1488.403	7762.000
1488.546	8265.000
1488.690	8163.000
1488.833	8189.000
1488.976	8180.000
1489.120	8166.000
1489.263	8022.000
1489.406	8168.000
1489.550	8143.000
1489.693	8304.000
1489.836	8082.000
1489.979	8187.000
1490.123	8044.000
1490.266	8247.000
1490.409	8106.000
1490.552	8199.000
1490.695	8032.000
1490.838	8263.000
1490.981	8166.000
1491.125	8220.000
1491.268	8057.000
1491.411	8254.000
1491.554	8066.000
1491.697	8239.000
1491.840	8163.000
1491.983	8161.000
1492.126	8015.000
1492.269	8203.000
1492.412	8103.000
1492.555	8365.000
1492.698	8059.000
1492.841	8248.000
1492.984	8117.000
1493.126	8233.000
1493.269	8107.000
1493.412	8264.000
1493.555	8105.000
1493.698	8275.000
1493.841	8144.000
1493.984	8228.000
1494.126	8132.000
1494.269	8302.000
1494.412	8140.000
1494.555	8284.000
1494.697	8113.000
1494.840	8195.000
1494.983	8084.000
1495.125	8295.000
1495.268	8046.000
1495.411	8202.000
1495.553	8090.000
1495.696	8167.000
1495.839	8069.000
1495.981	8220.000
1496.124	8133.000
1496.266	8276.000
1496.409	8119.000
1496.551	8273.000
1496.694	8159.000
1496.836	8207.000
1496.979	8077.000
1497.121	8276.000
1497.264	8181.000
1497.406	8227.000
1497.549	8050.000
1497.691	8283.000
1497.834	8117.000
1497.976	8179.000
1498.118	8084.000
1498.261	8229.000
1498.403	8112.000
1498.545	8204.000
1498.688	8064.000
1498.830	8250.000
1498.972	8055.000
1499.114	8217.000
1499.257	8181.000
1499.399	8210.000
1499.541	8082.000
1499.683	8159.000
1499.826	8045.000
1499.968	8293.000
1500.110	8164.000
1500.252	8202.000
1500.394	8099.000
1500.536	8162.000
1500.678	8137.000
1500.820	8254.000
1500.962	8164.000
1501.104	8278.000
1501.247	8082.000
1501.389	8222.000
1501.531	8110.000
1501.673	8255.000
1501.815	8087.000
1501.956	8218.000
1502.098	8168.000
1502.240	8268.000
1502.382	8161.000
1502.524	8126.000
1502.666	8055.000
1502.808	8251.000
1502.950	8003.000
1503.092	8198.000
1503.233	8080.000
1503.375	8192.000
1503.517	8099.000
1503.659	8173.000
1503.801	8080.000
1503.942	8234.000
1504.084	7982.000
1504.226	8249.000
1504.367	8076.000
1504.509	8217.000
1504.651	8093.000
1504.792	8198.000
1504.934	8071.000
1505.076	8180.000
1505.217	8043.000
1505.359	8175.000
1505.501	8075.000
1505.642	8212.000
1505.784	7986.000
1505.925	8175.000
1506.067	8211.000
1506.208	8218.000
1506.350	8099.000
1506.491	8249.000
1506.633	8058.000
1506.774	8215.000
1506.915	8066.000
1507.057	8226.000
1507.198	7999.000
1507.340	8310.000
1507.481	8118.000
1507.622	8265.000
1507.764	8056.000
1507.905	8219.000
1508.046	8142.000
1508.188	8235.000
1508.329	8064.000
1508.470	8211.000
1508.611	8069.000
1508.753	8236.000
1508.894	8125.000
1509.035	8225.000
1509.176	8040.000
1509.317	8200.000
1509.459	8083.000
1509.600	8181.000
1509.741	8064.000
1509.882	8217.000
1510.023	7982.000
1510.164	8223.000
1510.305	7997.000
1510.446	8239.000
1510.587	8086.000
1510.728	8299.000
1510.869	8072.000
1511.010	8179.000
1511.151	8049.000
1511.292	8130.000
1511.433	8089.000
1511.574	8245.000
1511.715	8070.000
1511.856	8246.000
1511.997	7945.000
1512.138	8211.000
1512.279	8064.000
1512.419	8211.000
1512.560	8054.000
1512.701	8168.000
1512.842	8160.000
1512.983	8138.000
1513.123	8078.000
1513.264	8218.000
1513.405	8054.000
1513.546	8234.000
1513.686	8025.000
1513.827	8244.000
1513.968	8056.000
1514.108	8140.000
1514.249	7973.000
1514.390	8182.000
1514.530	8055.000
1514.671	8090.000
1514.811	7947.000
1514.952	8154.000
1515.093	8091.000
1515.233	8227.000
1515.374	8069.000
1515.514	8232.000
1515.655	8010.000
1515.795	8169.000
1515.936	7973.000
1516.076	8142.000
1516.216	7891.000
1516.357	8113.000
1516.497	8068.000
1516.638	8174.000
1516.778	7975.000
1516.918	8187.000
1517.059	7977.000
1517.199	8159.000
1517.339	7897.000
1517.480	8127.000
1517.620	7966.000
1517.760	8023.000
1517.900	7881.000
1518.041	8079.000
1518.181	8022.000
1518.321	8057.000
1518.461	7936.000
1518.601	8080.000
1518.742	7966.000
1518.882	8098.000
1519.022	7915.000
1519.162	8118.000
1519.302	7944.000
1519.442	8045.000
1519.582	7927.000
1519.722	8149.000
1519.862	7941.000
1520.002	8033.000
1520.142	7900.000
1520.282	8048.000
1520.422	7891.000
1520.562	7975.000
1520.702	7894.000
1520.842	8114.000
1520.982	7963.000
1521.122	8016.000
1521.262	7914.000
1521.402	8060.000
1521.542	7904.000
1521.682	7970.000
1521.821	7841.000
1521.961	8021.000
1522.101	7832.000
1522.241	7996.000
1522.380	7908.000
1522.520	8011.000
1522.660	7932.000
1522.800	7993.000
1522.939	7836.000
1523.079	8038.000
1523.219	7905.000
1523.358	8012.000
1523.498	7887.000
1523.638	8049.000
1523.777	7847.000
1523.917	7992.000
1524.057	7979.000
1524.196	8097.000
1524.336	7909.000
1524.475	8007.000
1524.615	7926.000
1524.754	7968.000
1524.894	7852.000
1525.033	8021.000
1525.173	7910.000
1525.312	8019.000
1525.452	7877.000
1525.591	8012.000
1525.730	7857.000
1525.870	8108.000
1526.009	7909.000
1526.148	8083.000
1526.288	7868.000
1526.427	8077.000
1526.566	7889.000
1526.706	8065.000
1526.845	7905.000
1526.984	8109.000
1527.124	7881.000
1527.263	8037.000
1527.402	7888.000
1527.541	8042.000
1527.680	7868.000
1527.820	8094.000
1527.959	7947.000
1528.098	7997.000
1528.237	7943.000
1528.376	8030.000
1528.515	7944.000
1528.654	8128.000
1528.793	7933.000
1528.933	8006.000
1529.072	7900.000
1529.211	8089.000
1529.350	7956.000
1529.489	8000.000
1529.628	7963.000
1529.767	8018.000
1529.905	7955.000
1530.044	8137.000
1530.183	7924.000
1530.322	8054.000
1530.461	8012.000
1530.600	8076.000
1530.739	7954.000
1530.878	8145.000
1531.017	8006.000
1531.155	8115.000
1531.294	8012.000
1531.433	8127.000
1531.572	7999.000
1531.710	8088.000
1531.849	8017.000
1531.988	8188.000
1532.127	8009.000
1532.265	8127.000
1532.404	8127.000
1532.543	8212.000
1532.681	8074.000
1532.820	8145.000
1532.959	8052.000
1533.097	8261.000
1533.236	7976.000
1533.374	8093.000
1533.513	8027.000
1533.651	8219.000
1533.790	8504.000
1533.929	8072.000
1534.067	7966.000
1534.205	8126.000
1534.344	7929.000
1534.482	8160.000
1534.621	7965.000
1534.759	8151.000
1534.898	7943.000
1535.036	8023.000
1535.174	8047.000
1535.313	8114.000
1535.451	7985.000
1535.589	8093.000
1535.728	7999.000
1535.866	8155.000
1536.004	7945.000
1536.143	8031.000
1536.281	7936.000
1536.419	8072.000
1536.557	7935.000
1536.696	8092.000
1536.834	7954.000
1536.972	8019.000
1537.110	7996.000
1537.248	8056.000
1537.386	7931.000
1537.525	8170.000
1537.663	7958.000
1537.801	8047.000
1537.939	7926.000
1538.077	8025.000
1538.215	7932.000
1538.353	8004.000
1538.491	7946.000
1538.629	7952.000
1538.767	7954.000
1538.905	7967.000
1539.043	7919.000
1539.181	8046.000
1539.319	7917.000
1539.457	8044.000
1539.595	7919.000
1539.732	8116.000
1539.870	7936.000
1540.008	8041.000
1540.146	7959.000
1540.284	8036.000
1540.422	7962.000
1540.559	8035.000
1540.697	7952.000
1540.835	8024.000
1540.973	7988.000
1541.110	8063.000
1541.248	8017.000
1541.386	8051.000
1541.523	7967.000
1541.661	7992.000
1541.799	7947.000
1541.936	8024.000
1542.074	7910.000
1542.212	8085.000
1542.349	7965.000
1542.487	8108.000
1542.624	7953.000
1542.762	8066.000
1542.899	7941.000
1543.037	8070.000
1543.174	7896.000
1543.312	8107.000
1543.449	7963.000
1543.587	8135.000
1543.724	8009.000
1543.862	8150.000
1543.999	7959.000
1544.137	8132.000
1544.274	7970.000
1544.411	8081.000
1544.549	7952.000
1544.686	8174.000
1544.823	7953.000
1544.961	8149.000
1545.098	7996.000
1545.235	8174.000
1545.372	7956.000
1545.510	8118.000
1545.647	8018.000
1545.784	8170.000
1545.921	8062.000
1546.058	8122.000
1546.196	8095.000
1546.333	8230.000
1546.470	8063.000
1546.607	8135.000
1546.744	8103.000
1546.881	8237.000
1547.018	8059.000
1547.155	8168.000
1547.292	8032.000
1547.429	8235.000
1547.567	8027.000
1547.704	8223.000
1547.841	8032.000
1547.977	8282.000
1548.114	8171.000
1548.251	8205.000
1548.388	8015.000
1548.525	8176.000
1548.662	8069.000
1548.799	8156.000
1548.936	8082.000
1549.073	8215.000
1549.210	8104.000
1549.346	8196.000
1549.483	8091.000
1549.620	8231.000
1549.757	8157.000
1549.893	8188.000
1550.030	8095.000
1550.167	8256.000
1550.304	8062.000
1550.440	8160.000
1550.577	8088.000
1550.714	8217.000
1550.850	7998.000
1550.987	8220.000
1551.124	8132.000
1551.260	8126.000
1551.397	8113.000
1551.533	8237.000
1551.670	8040.000
1551.807	8224.000
1551.943	8108.000
1552.080	8174.000
1552.216	8025.000
1552.353	8149.000
1552.489	8057.000
1552.626	8120.000
1552.762	8084.000
1552.898	8201.000
1553.035	8111.000
1553.171	8160.000
1553.308	8055.000
1553.444	8269.000
1553.580	8143.000
1553.717	8170.000
1553.853	8132.000
1553.989	8193.000
1554.126	8060.000
1554.262	8186.000
1554.398	6884.000
1554.534	8148.000
1554.671	8071.000
1554.807	8093.000
1554.943	7968.000
1555.079	8195.000
1555.215	8012.000
1555.352	8205.000
1555.488	8117.000
1555.624	8170.000
1555.760	8049.000
1555.896	8158.000
1556.032	8067.000
1556.168	8214.000
1556.304	8094.000
1556.440	8179.000
1556.576	7979.000
1556.712	8167.000
1556.848	7956.000
1556.984	8086.000
1557.120	8025.000
1557.256	8110.000
1557.392	8002.000
1557.528	8115.000
1557.664	7947.000
1557.800	8170.000
1557.936	7941.000
1558.071	8234.000
1558.207	8011.000
1558.343	8106.000
1558.479	8025.000
1558.615	8053.000
1558.751	7947.000
1558.886	8029.000
1559.022	7905.000
1559.158	8022.000
1559.293	7930.000
1559.429	8124.000
1559.565	7927.000
1559.701	8094.000
1559.836	7907.000
1559.972	8045.000
1560.107	7903.000
1560.243	7986.000
1560.379	7856.000
1560.514	8026.000
1560.650	7821.000
1560.785	8000.000
1560.921	7852.000
1561.056	8046.000
1561.192	7973.000
1561.327	8022.000
1561.463	7890.000
1561.598	8126.000
1561.734	7858.000
1561.869	8001.000
1562.005	7941.000
1562.140	8095.000
1562.275	7876.000
1562.411	8154.000
1562.546	12424.000
1562.682	8129.000
1562.817	7928.000
1562.952	8055.000
1563.087	7947.000
1563.223	8052.000
1563.358	7872.000
1563.493	8035.000
1563.628	8037.000
1563.764	8179.000
1563.899	8025.000
1564.034	8070.000
1564.169	7967.000
1564.304	8106.000
1564.440	8076.000
1564.575	8187.000
1564.710	8009.000
1564.845	8119.000
1564.980	7937.000
1565.115	8167.000
1565.250	8027.000
1565.385	8199.000
1565.520	8041.000
1565.655	8159.000
1565.790	8044.000
1565.925	8131.000
1566.060	7973.000
1566.195	8065.000
1566.330	7986.000
1566.465	8171.000
1566.600	8043.000
1566.735	8165.000
1566.870	7995.000
1567.004	8209.000
1567.139	8043.000
1567.274	8200.000
1567.409	7992.000
1567.544	8139.000
1567.678	7891.000
1567.813	8149.000
1567.948	7955.000
1568.083	8162.000
1568.217	7937.000
1568.352	8190.000
1568.487	8030.000
1568.622	8138.000
1568.756	8001.000
1568.891	8197.000
1569.025	7950.000
1569.160	8175.000
1569.295	8097.000
1569.429	8094.000
1569.564	7991.000
1569.698	8220.000
1569.833	8048.000
1569.967	8164.000
1570.102	8036.000
1570.236	8162.000
1570.371	8079.000
1570.505	8133.000
1570.640	8058.000
1570.774	8170.000
1570.909	8082.000
1571.043	8219.000
1571.177	8000.000
1571.312	8190.000
1571.446	7987.000
1571.581	8141.000
1571.715	8120.000
1571.849	8285.000
1571.983	8059.000
1572.118	8179.000
1572.252	8123.000
1572.386	8282.000
1572.521	8130.000
1572.655	8264.000
1572.789	8093.000
1572.923	8277.000
1573.057	8104.000
1573.191	8184.000
1573.326	8106.000
1573.460	8250.000
1573.594	8098.000
1573.728	8110.000
1573.862	8124.000
1573.996	8325.000
1574.130	8162.000
1574.264	8227.000
1574.398	8101.000
1574.532	8156.000
1574.666	8218.000
1574.800	8295.000
