1029.870	8705.000
1030.015	8679.000
1030.160	8676.000
1030.305	8775.000
1030.449	8661.000
1030.594	8771.000
1030.739	8679.000
1030.884	8726.000
1031.029	8692.000
1031.173	8725.000
1031.318	8632.000
1031.463	8779.000
1031.608	8662.000
1031.752	8657.000
1031.897	8641.000
1032.042	8834.000
1032.187	8561.000
1032.331	8776.000
1032.476	8639.000
1032.621	8771.000
1032.765	8611.000
1032.910	8659.000
1033.055	8779.000
1033.200	8686.000
1033.344	8676.000
1033.489	8675.000
1033.634	8675.000
1033.778	8660.000
1033.923	8608.000
1034.068	8678.000
1034.212	8681.000
1034.357	8721.000
1034.502	8667.000
1034.646	8691.000
1034.791	8578.000
1034.935	8657.000
1035.080	8686.000
1035.225	8621.000
1035.369	8695.000
1035.514	8719.000
1035.658	8621.000
1035.803	8703.000
1035.947	8615.000
1036.092	8730.000
1036.237	8595.000
1036.381	8662.000
1036.526	8660.000
1036.670	8605.000
1036.815	8605.000
1036.959	8675.000
1037.104	8603.000
1037.248	8595.000
1037.393	8642.000
1037.537	8702.000
1037.682	8602.000
1037.826	8644.000
1037.971	8568.000
1038.115	8649.000
1038.260	8537.000
1038.404	8577.000
1038.549	8595.000
1038.693	8569.000
1038.838	8523.000
1038.982	8555.000
1039.126	8503.000
1039.271	8622.000
1039.415	8566.000
1039.560	8491.000
1039.704	8518.000
1039.848	8560.000
1039.993	8486.000
1040.137	8507.000
1040.282	8501.000
1040.426	8571.000
1040.570	8433.000
1040.715	8494.000
1040.859	8440.000
1041.003	8478.000
1041.148	8442.000
1041.292	8548.000
1041.436	8456.000
1041.581	8509.000
1041.725	8456.000
1041.869	8480.000
1042.014	8358.000
1042.158	8444.000
1042.302	8376.000
1042.447	8425.000
1042.591	8439.000
1042.735	8435.000
1042.879	8393.000
1043.024	8464.000
1043.168	8422.000
1043.312	8425.000
1043.456	8435.000
1043.601	8403.000
1043.745	8349.000
1043.889	8417.000
1044.033	8432.000
1044.178	8455.000
1044.322	8400.000
1044.466	8347.000
1044.610	8314.000
1044.754	8313.000
1044.899	8345.000
1045.043	8490.000
1045.187	8312.000
1045.331	8407.000
1045.475	8332.000
1045.619	8364.000
1045.763	8369.000
1045.908	8427.000
1046.052	8218.000
1046.196	8441.000
1046.340	8323.000
1046.484	8301.000
1046.628	8385.000
1046.772	8402.000
1046.916	8358.000
1047.060	8356.000
1047.205	8326.000
1047.349	8395.000
1047.493	8330.000
1047.637	8440.000
1047.781	8306.000
1047.925	8409.000
1048.069	8231.000
1048.213	8342.000
1048.357	8393.000
1048.501	8407.000
1048.645	8335.000
1048.789	8384.000
1048.933	8339.000
1049.077	8361.000
1049.221	8322.000
1049.365	8381.000
1049.509	8385.000
1049.653	8465.000
1049.797	8377.000
1049.941	8408.000
1050.085	8366.000
1050.229	8418.000
1050.373	8331.000
1050.517	8312.000
1050.660	8363.000
1050.804	8464.000
1050.948	8378.000
1051.092	8387.000
1051.236	8327.000
1051.380	8446.000
1051.524	8356.000
1051.668	8377.000
1051.812	8276.000
1051.956	8351.000
1052.099	8249.000
1052.243	8430.000
1052.387	8380.000
1052.531	8410.000
1052.675	8335.000
1052.819	8379.000
1052.962	8343.000
1053.106	8317.000
1053.250	8297.000
1053.394	8433.000
1053.538	8235.000
1053.681	8357.000
1053.825	8333.000
1053.969	8348.000
1054.113	8334.000
1054.257	8413.000
1054.400	8239.000
1054.544	8371.000
1054.688	8281.000
1054.832	8307.000
1054.975	8339.000
1055.119	8395.000
1055.263	8239.000
1055.407	8336.000
1055.550	8179.000
1055.694	8282.000
1055.838	8236.000
1055.981	8364.000
1056.125	8270.000
1056.269	8363.000
1056.412	8172.000
1056.556	8265.000
1056.700	8228.000
1056.843	8301.000
1056.987	8275.000
1057.131	8352.000
1057.274	8214.000
1057.418	8246.000
1057.562	8148.000
1057.705	8307.000
1057.849	8215.000
1057.992	8370.000
1058.136	8178.000
1058.280	8287.000
1058.423	8125.000
1058.567	8330.000
1058.710	8283.000
1058.854	8238.000
1058.997	8261.000
1059.141	8248.000
1059.285	8170.000
1059.428	8275.000
1059.572	8189.000
1059.715	8307.000
1059.859	8154.000
1060.002	8283.000
1060.146	8195.000
1060.289	8273.000
1060.433	8144.000
1060.576	8330.000
1060.720	8177.000
1060.863	8257.000
1061.007	8150.000
1061.150	8232.000
1061.294	8094.000
1061.437	8237.000
1061.580	8173.000
1061.724	8299.000
1061.867	8199.000
1062.011	8292.000
1062.154	8055.000
1062.298	8297.000
1062.441	8110.000
1062.584	8259.000
1062.728	8162.000
1062.871	8351.000
1063.015	8293.000
1063.158	8507.000
1063.301	8551.000
1063.445	8796.000
1063.588	8666.000
1063.731	8819.000
1063.875	8721.000
1064.018	8937.000
1064.161	8809.000
1064.305	8980.000
1064.448	8961.000
1064.591	9091.000
1064.735	8816.000
1064.878	8590.000
1065.021	8275.000
1065.165	8365.000
1065.308	8177.000
1065.451	8319.000
1065.594	8283.000
1065.738	8352.000
1065.881	8227.000
1066.024	8234.000
1066.167	8157.000
1066.311	8261.000
1066.454	8128.000
1066.597	8278.000
1066.740	8317.000
1066.884	8326.000
1067.027	8150.000
1067.170	8361.000
1067.313	8304.000
1067.456	8265.000
1067.599	8167.000
1067.743	8327.000
1067.886	8183.000
1068.029	8292.000
1068.172	8189.000
1068.315	8344.000
1068.458	8213.000
1068.602	8291.000
1068.745	8204.000
1068.888	8303.000
1069.031	8224.000
1069.174	8305.000
1069.317	8245.000
1069.460	8289.000
1069.603	8191.000
1069.746	8389.000
1069.890	8222.000
1070.033	8232.000
1070.176	8272.000
1070.319	8346.000
1070.462	8145.000
1070.605	8328.000
1070.748	8302.000
1070.891	8377.000
1071.034	8217.000
1071.177	8253.000
1071.320	8217.000
1071.463	8312.000
1071.606	8237.000
1071.749	8284.000
1071.892	8236.000
1072.035	8329.000
1072.178	8229.000
1072.321	8297.000
1072.464	8102.000
1072.607	8401.000
1072.750	8178.000
1072.893	8291.000
1073.036	8196.000
1073.179	8353.000
1073.322	8189.000
1073.465	8286.000
1073.607	8264.000
1073.750	8224.000
1073.893	8129.000
1074.036	8317.000
1074.179	8212.000
1074.322	8262.000
1074.465	8107.000
1074.608	8370.000
1074.751	8281.000
1074.893	8277.000
1075.036	8153.000
1075.179	8291.000
1075.322	8199.000
1075.465	8326.000
1075.608	8106.000
1075.750	8340.000
1075.893	8137.000
1076.036	8184.000
1076.179	8206.000
1076.322	8237.000
1076.464	8175.000
1076.607	8422.000
1076.750	8142.000
1076.893	8197.000
1077.036	8249.000
1077.178	8461.000
1077.321	8400.000
1077.464	8411.000
1077.607	8359.000
1077.749	8651.000
1077.892	8536.000
1078.035	8807.000
1078.177	8764.000
1078.320	8892.000
1078.463	8688.000
1078.606	8658.000
1078.748	8509.000
1078.891	8525.000
1079.034	8346.000
1079.176	8454.000
1079.319	8199.000
1079.462	8306.000
1079.604	8281.000
1079.747	8348.000
1079.890	8135.000
1080.032	8401.000
1080.175	8130.000
1080.317	8267.000
1080.460	8198.000
1080.603	8338.000
1080.745	8227.000
1080.888	8322.000
1081.030	8233.000
1081.173	8245.000
1081.316	8159.000
1081.458	8296.000
1081.601	8296.000
1081.743	8240.000
1081.886	8174.000
1082.028	8243.000
1082.171	8231.000
1082.313	8310.000
1082.456	8183.000
1082.598	8282.000
1082.741	8227.000
1082.883	8289.000
1083.026	8241.000
1083.168	8352.000
1083.311	8223.000
1083.453	8408.000
1083.596	8216.000
1083.738	8420.000
1083.881	8298.000
1084.023	8493.000
1084.166	8360.000
1084.308	8578.000
1084.451	8354.000
1084.593	8651.000
1084.736	8477.000
1084.878	8621.000
1085.020	8535.000
1085.163	8703.000
1085.305	8636.000
1085.448	8628.000
1085.590	8583.000
1085.732	8659.000
1085.875	8495.000
1086.017	8586.000
1086.159	8473.000
1086.302	8615.000
1086.444	8540.000
1086.586	8588.000
1086.729	8478.000
1086.871	8546.000
1087.013	8393.000
1087.156	8535.000
1087.298	8061.000
1087.440	8556.000
1087.583	8441.000
1087.725	8499.000
1087.867	8464.000
1088.010	8472.000
1088.152	8341.000
1088.294	8450.000
1088.436	8432.000
1088.579	8621.000
1088.721	8381.000
1088.863	8551.000
1089.005	8414.000
1089.148	8587.000
1089.290	8459.000
1089.432	8572.000
1089.574	8423.000
1089.716	8634.000
1089.859	8555.000
1090.001	8648.000
1090.143	8493.000
1090.285	8679.000
1090.427	8543.000
1090.569	8690.000
1090.712	8567.000
1090.854	8649.000
1090.996	8473.000
1091.138	8642.000
1091.280	8580.000
1091.422	8795.000
1091.564	8464.000
1091.707	8633.000
1091.849	8503.000
1091.991	8598.000
1092.133	8482.000
1092.275	8621.000
1092.417	8461.000
1092.559	8600.000
1092.701	8492.000
1092.843	8568.000
1092.985	8439.000
1093.127	8632.000
1093.269	8496.000
1093.411	8600.000
1093.554	8450.000
1093.696	8505.000
1093.838	8391.000
1093.980	8594.000
1094.122	8359.000
1094.264	8523.000
1094.406	8437.000
1094.548	8551.000
1094.690	8499.000
1094.832	8709.000
1094.973	8708.000
1095.115	8882.000
1095.257	8892.000
1095.399	9166.000
1095.541	9098.000
1095.683	9202.000
1095.825	9105.000
1095.967	9181.000
1096.109	9113.000
1096.251	9117.000
1096.393	8919.000
1096.535	9058.000
1096.677	8914.000
1096.819	8925.000
1096.960	8850.000
1097.102	8931.000
1097.244	8820.000
1097.386	8929.000
1097.528	8786.000
1097.670	8929.000
1097.812	8779.000
1097.953	8905.000
1098.095	8831.000
1098.237	8829.000
1098.379	8713.000
1098.521	8808.000
1098.662	8697.000
1098.804	8924.000
1098.946	8851.000
1099.088	8887.000
1099.230	8802.000
1099.371	8876.000
1099.513	8865.000
1099.655	8978.000
1099.797	8977.000
1099.938	9141.000
1100.080	8954.000
1100.222	9098.000
1100.364	8977.000
1100.505	9094.000
1100.647	8951.000
1100.789	9099.000
1100.931	9013.000
1101.072	9077.000
1101.214	8975.000
1101.356	8941.000
1101.497	8903.000
1101.639	9138.000
1101.781	8853.000
1101.922	9005.000
1102.064	8911.000
1102.206	9047.000
1102.347	8960.000
1102.489	9091.000
1102.631	9038.000
1102.772	9257.000
1102.914	9016.000
1103.055	9312.000
1103.197	9222.000
1103.339	9294.000
1103.480	9181.000
1103.622	9310.000
1103.763	9196.000
1103.905	9330.000
1104.046	9198.000
1104.188	9344.000
1104.330	9238.000
1104.471	9380.000
1104.613	9191.000
1104.754	9286.000
1104.896	9326.000
1105.037	9310.000
1105.179	9236.000
1105.320	9404.000
1105.462	9332.000
1105.603	9581.000
1105.745	9506.000
1105.886	9617.000
1106.028	9336.000
1106.169	9577.000
1106.311	9333.000
1106.452	9492.000
1106.594	9337.000
1106.735	9507.000
1106.876	9430.000
1107.018	9503.000
1107.159	9387.000
1107.301	9487.000
1107.442	9341.000
1107.584	9538.000
1107.725	9420.000
1107.866	9592.000
1108.008	9431.000
1108.149	9619.000
1108.291	9605.000
1108.432	9785.000
1108.573	9764.000
1108.715	9939.000
1108.856	9768.000
1108.997	9942.000
1109.139	9669.000
1109.280	9810.000
1109.421	9617.000
1109.563	9861.000
1109.704	9720.000
1109.845	9844.000
1109.987	9773.000
1110.128	9830.000
1110.269	9830.000
1110.410	9958.000
1110.552	9771.000
1110.693	9926.000
1110.834	9682.000
1110.975	9926.000
1111.117	9889.000
1111.258	10021.000
1111.399	9893.000
1111.540	9998.000
1111.682	9978.000
1111.823	9889.000
1111.964	9878.000
1112.105	10084.000
1112.247	9975.000
1112.388	10208.000
1112.529	10086.000
1112.670	10323.000
1112.811	10207.000
1112.952	10264.000
1113.094	10206.000
1113.235	10276.000
1113.376	10089.000
1113.517	10109.000
1113.658	9940.000
1113.799	10083.000
1113.940	10049.000
1114.082	10164.000
1114.223	10092.000
1114.364	10312.000
1114.505	10221.000
1114.646	10449.000
1114.787	10308.000
1114.928	10454.000
1115.069	10273.000
1115.210	10447.000
1115.351	10393.000
1115.492	10527.000
1115.633	10443.000
1115.774	10591.000
1115.916	10407.000
1116.057	10547.000
1116.198	10368.000
1116.339	10544.000
1116.480	10479.000
1116.621	10549.000
1116.762	10391.000
1116.903	10497.000
1117.044	10456.000
1117.185	10454.000
1117.326	10449.000
1117.466	10632.000
1117.607	10633.000
1117.748	10813.000
1117.889	10741.000
1118.030	10917.000
1118.171	10830.000
1118.312	10926.000
1118.453	10833.000
1118.594	11063.000
1118.735	10852.000
1118.876	10847.000
1119.017	10835.000
1119.158	10882.000
1119.298	10817.000
1119.439	10931.000
1119.580	10925.000
1119.721	11182.000
1119.862	11057.000
1120.003	11209.000
1120.144	11158.000
1120.284	11316.000
1120.425	11209.000
1120.566	11279.000
1120.707	11298.000
1120.848	11518.000
1120.989	11382.000
1121.129	11529.000
1121.270	11441.000
1121.411	11516.000
1121.552	11420.000
1121.693	11522.000
1121.833	11526.000
1121.974	11781.000
1122.115	11739.000
1122.256	11875.000
1122.396	11864.000
1122.537	11994.000
1122.678	11872.000
1122.819	12024.000
1122.959	12112.000
1123.100	12277.000
1123.241	12254.000
1123.381	12384.000
1123.522	12421.000
1123.663	12453.000
1123.803	12405.000
1123.944	12580.000
1124.085	12620.000
1124.225	12875.000
1124.366	12910.000
1124.507	13070.000
1124.647	13081.000
1124.788	13343.000
1124.929	13265.000
1125.069	13465.000
1125.210	13419.000
1125.351	13693.000
1125.491	13614.000
1125.632	13767.000
1125.772	13729.000
1125.913	14011.000
1126.054	14058.000
1126.194	14318.000
1126.335	14385.000
1126.475	14558.000
1126.616	14534.000
1126.756	14888.000
1126.897	15029.000
1127.037	15174.000
1127.178	15332.000
1127.318	15400.000
1127.459	15576.000
1127.600	15736.000
1127.740	15741.000
1127.881	15870.000
1128.021	15872.000
1128.162	16074.000
1128.302	16163.000
1128.442	16371.000
1128.583	16486.000
1128.723	16548.000
1128.864	16597.000
1129.004	16710.000
1129.145	16655.000
1129.285	16771.000
1129.426	16836.000
1129.566	16843.000
1129.706	16723.000
1129.847	16621.000
1129.987	16368.000
1130.128	16202.000
1130.268	16119.000
1130.408	15941.000
1130.549	15665.000
1130.689	15422.000
1130.830	15260.000
1130.970	15210.000
1131.110	14947.000
1131.251	14835.000
1131.391	14811.000
1131.531	14581.000
1131.672	14287.000
1131.812	14019.000
1131.952	13695.000
1132.093	13675.000
1132.233	13252.000
1132.373	13171.000
1132.513	12993.000
1132.654	13048.000
1132.794	13330.000
1132.934	12876.000
1133.075	12819.000
1133.215	12879.000
1133.355	12731.000
1133.495	12941.000
1133.636	12800.000
1133.776	13048.000
1133.916	12919.000
1134.056	13025.000
1134.196	13286.000
1134.337	13585.000
1134.477	13986.000
1134.617	14688.000
1134.757	15481.000
1134.897	16515.000
1135.038	17404.000
1135.178	18321.000
1135.318	18983.000
1135.458	19067.000
1135.598	18708.000
1135.738	18091.000
1135.879	17389.000
1136.019	16635.000
1136.159	15849.000
1136.299	15081.000
1136.439	14446.000
1136.579	14206.000
1136.719	13834.000
1136.859	13542.000
1136.999	13306.000
1137.140	13113.000
1137.280	13016.000
1137.420	12891.000
1137.560	12789.000
1137.700	12597.000
1137.840	12572.000
1137.980	12396.000
1138.120	12263.000
1138.260	12196.000
1138.400	11978.000
1138.540	11953.000
1138.680	11749.000
1138.820	11791.000
1138.960	11569.000
1139.100	11524.000
1139.240	11521.000
1139.380	11447.000
1139.520	11386.000
1139.660	11384.000
1139.800	11298.000
1139.940	11271.000
1140.080	11247.000
1140.220	11273.000
1140.360	11275.000
1140.500	11224.000
1140.640	11194.000
1140.780	11115.000
1140.919	11081.000
1141.059	11109.000
1141.199	11068.000
1141.339	11171.000
1141.479	11076.000
1141.619	11206.000
1141.759	11114.000
1141.899	11184.000
1142.039	11110.000
1142.178	11214.000
1142.318	11083.000
1142.458	11279.000
1142.598	11203.000
1142.738	11380.000
1142.878	11285.000
1143.017	11381.000
1143.157	11261.000
1143.297	11422.000
1143.437	11340.000
1143.577	11453.000
1143.716	11340.000
1143.856	11512.000
1143.996	11306.000
1144.136	11415.000
1144.275	11228.000
1144.415	11296.000
1144.555	11041.000
1144.695	11157.000
1144.834	11111.000
1144.974	11212.000
1145.114	11160.000
1145.254	11164.000
1145.393	11136.000
1145.533	11188.000
1145.673	11061.000
1145.812	11061.000
1145.952	11032.000
1146.092	11156.000
1146.231	10956.000
1146.371	11000.000
1146.511	10931.000
1146.650	11112.000
1146.790	10869.000
1146.930	11071.000
1147.069	10893.000
1147.209	11094.000
1147.349	11035.000
1147.488	11038.000
1147.628	10892.000
1147.767	11027.000
1147.907	10950.000
1148.047	11020.000
1148.186	11012.000
1148.326	11107.000
1148.465	11008.000
1148.605	11077.000
1148.744	11020.000
1148.884	11092.000
1149.024	11049.000
1149.163	11101.000
1149.303	11004.000
1149.442	11156.000
1149.582	10992.000
1149.721	11069.000
1149.861	10966.000
1150.000	11066.000
1150.140	10915.000
1150.279	11098.000
1150.419	11070.000
1150.558	11042.000
1150.698	11022.000
1150.837	11132.000
1150.977	10906.000
1151.116	10979.000
1151.255	10937.000
1151.395	10948.000
1151.534	10844.000
1151.674	10899.000
1151.813	10831.000
1151.953	10838.000
1152.092	10805.000
1152.231	10857.000
1152.371	10783.000
1152.510	10795.000
1152.650	10655.000
1152.789	10796.000
1152.928	10738.000
1153.068	10700.000
1153.207	10729.000
1153.346	10757.000
1153.486	10587.000
1153.625	10663.000
1153.764	9350.000
1153.904	10582.000
1154.043	10500.000
1154.182	10525.000
1154.322	10416.000
1154.461	10557.000
1154.600	10440.000
1154.740	10562.000
1154.879	10509.000
1155.018	10567.000
1155.157	10415.000
1155.297	10466.000
1155.436	10363.000
1155.575	10549.000
1155.714	10371.000
1155.854	10428.000
1155.993	10220.000
1156.132	10380.000
1156.271	10220.000
1156.411	10312.000
1156.550	10306.000
1156.689	10293.000
1156.828	10235.000
1156.967	10285.000
1157.107	10178.000
1157.246	10363.000
1157.385	10140.000
1157.524	10358.000
1157.663	10162.000
1157.802	10198.000
1157.941	10161.000
1158.081	10132.000
1158.220	10071.000
1158.359	10140.000
1158.498	10067.000
1158.637	10160.000
1158.776	10114.000
1158.915	10276.000
1159.054	10103.000
1159.193	10232.000
1159.333	10037.000
1159.472	10166.000
1159.611	10061.000
1159.750	10186.000
1159.889	10034.000
1160.028	10233.000
1160.167	10083.000
1160.306	10200.000
1160.445	10094.000
1160.584	10233.000
1160.723	10243.000
1160.862	10242.000
1161.001	10149.000
1161.140	10369.000
1161.279	10113.000
1161.418	10308.000
1161.557	10297.000
1161.696	10447.000
1161.835	10296.000
1161.974	10529.000
1162.113	14822.000
1162.252	10564.000
1162.391	10429.000
1162.530	10509.000
1162.669	10503.000
1162.808	10577.000
1162.946	10447.000
1163.085	10566.000
1163.224	10602.000
1163.363	10735.000
1163.502	10635.000
1163.641	10659.000
1163.780	10574.000
1163.919	10662.000
1164.058	10668.000
1164.196	10758.000
1164.335	10707.000
1164.474	10843.000
1164.613	10717.000
1164.752	10933.000
1164.891	10837.000
1165.029	10940.000
1165.168	10843.000
1165.307	10930.000
1165.446	10875.000
1165.585	10933.000
1165.723	10893.000
1165.862	11016.000
1166.001	11016.000
1166.140	11214.000
1166.279	11062.000
1166.417	11173.000
1166.556	11014.000
1166.695	11223.000
1166.834	11090.000
1166.972	11228.000
1167.111	11088.000
1167.250	11237.000
1167.388	11085.000
1167.527	11334.000
1167.666	11231.000
1167.805	11404.000
1167.943	11265.000
1168.082	11515.000
1168.221	11380.000
1168.359	11482.000
1168.498	11390.000
1168.637	11586.000
1168.775	11418.000
1168.914	11689.000
1169.052	11629.000
1169.191	11672.000
1169.330	11689.000
1169.468	11897.000
1169.607	11797.000
1169.746	11880.000
1169.884	11850.000
1170.023	11867.000
1170.161	11864.000
1170.300	11847.000
1170.439	11870.000
1170.577	11967.000
1170.716	11964.000
1170.854	12173.000
1170.993	12027.000
1171.131	12139.000
1171.270	11982.000
1171.408	12131.000
1171.547	12105.000
1171.685	12242.000
1171.824	12088.000
1171.962	12209.000
1172.101	12218.000
1172.239	12363.000
1172.378	12276.000
1172.516	12443.000
1172.655	12304.000
1172.793	12479.000
1172.932	12318.000
1173.070	12386.000
1173.209	12443.000
1173.347	12556.000
1173.486	12446.000
1173.624	12488.000
1173.762	12571.000
1173.901	12766.000
1174.039	12700.000
1174.178	12681.000
1174.316	12715.000
1174.454	12682.000
1174.593	12767.000
1174.731	12852.000
