1229.956	9246.000
1230.103	9248.000
1230.250	9232.000
1230.397	9277.000
1230.544	9231.000
1230.691	9297.000
1230.838	9221.000
1230.985	9228.000
1231.132	9229.000
1231.278	9234.000
1231.425	9183.000
1231.572	9281.000
1231.719	9242.000
1231.866	9180.000
1232.013	9223.000
1232.159	9314.000
1232.306	9143.000
1232.453	9285.000
1232.600	9217.000
1232.746	9289.000
1232.893	9162.000
1233.040	9181.000
1233.186	9356.000
1233.333	9218.000
1233.480	9273.000
1233.627	9213.000
1233.773	9289.000
1233.920	9191.000
1234.066	9215.000
1234.213	9198.000
1234.360	9276.000
1234.506	9284.000
1234.653	9255.000
1234.800	9240.000
1234.946	9191.000
1235.093	9210.000
1235.239	9305.000
1235.386	9168.000
1235.532	9307.000
1235.679	9244.000
1235.825	9255.000
1235.972	9274.000
1236.118	9214.000
1236.265	9276.000
1236.411	9188.000
1236.558	9246.000
1236.704	9272.000
1236.851	9190.000
1236.997	9267.000
1237.143	9196.000
1237.290	9217.000
1237.436	9172.000
1237.583	9286.000
1237.729	9274.000
1237.875	9226.000
1238.022	9224.000
1238.168	9198.000
1238.314	9216.000
1238.461	9188.000
1238.607	9153.000
1238.753	9250.000
1238.900	9169.000
1239.046	9180.000
1239.192	9172.000
1239.338	9165.000
1239.485	9231.000
1239.631	9194.000
1239.777	9114.000
1239.923	9159.000
1240.070	9166.000
1240.216	9198.000
1240.362	9115.000
1240.508	9162.000
1240.654	9168.000
1240.800	9098.000
1240.947	9136.000
1241.093	9109.000
1241.239	9090.000
1241.385	9092.000
1241.531	9198.000
1241.677	9108.000
1241.823	9134.000
1241.969	9174.000
1242.115	9101.000
1242.261	9026.000
1242.407	9079.000
1242.553	9049.000
1242.699	9091.000
1242.845	9074.000
1242.991	9098.000
1243.137	9059.000
1243.283	9091.000
1243.429	9132.000
1243.575	9079.000
1243.721	9136.000
1243.867	9060.000
1244.013	9062.000
1244.159	9086.000
1244.305	9105.000
1244.451	9099.000
1244.596	9074.000
1244.742	9013.000
1244.888	9037.000
1245.034	8971.000
1245.180	9035.000
1245.326	9114.000
1245.471	9004.000
1245.617	9045.000
1245.763	9011.000
1245.909	9028.000
1246.055	9062.000
1246.200	9036.000
1246.346	8948.000
1246.492	9127.000
1246.638	9009.000
1246.783	8982.000
1246.929	9100.000
1247.075	9039.000
1247.220	9056.000
1247.366	9056.000
1247.512	9018.000
1247.657	9043.000
1247.803	9024.000
1247.949	9108.000
1248.094	9013.000
1248.240	9079.000
1248.385	8930.000
1248.531	8975.000
1248.676	9128.000
1248.822	9100.000
1248.968	9053.000
1249.113	9064.000
1249.259	9065.000
1249.404	9027.000
1249.550	9040.000
1249.695	9062.000
1249.841	9091.000
1249.986	9102.000
1250.132	9043.000
1250.277	9084.000
1250.422	9066.000
1250.568	9127.000
1250.713	9058.000
1250.859	8992.000
1251.004	9040.000
1251.150	9107.000
1251.295	9102.000
1251.440	9066.000
1251.586	9046.000
1251.731	9090.000
1251.876	9055.000
1252.022	9038.000
1252.167	9002.000
1252.312	9048.000
1252.458	8977.000
1252.603	9123.000
1252.748	9096.000
1252.893	9097.000
1253.039	9077.000
1253.184	9058.000
1253.329	9041.000
1253.474	9023.000
1253.619	9023.000
1253.765	9089.000
1253.910	8961.000
1254.055	9047.000
1254.200	9048.000
1254.345	9040.000
1254.490	9028.000
1254.636	9119.000
1254.781	8963.000
1254.926	9047.000
1255.071	9017.000
1255.216	9015.000
1255.361	9046.000
1255.506	9045.000
1255.651	8938.000
1255.796	9038.000
1255.941	8862.000
1256.086	8988.000
1256.231	8986.000
1256.376	9079.000
1256.521	8991.000
1256.666	9032.000
1256.811	8897.000
1256.956	8943.000
1257.101	8963.000
1257.246	8983.000
1257.391	9001.000
1257.536	9066.000
1257.681	8897.000
1257.826	8951.000
1257.971	8885.000
1258.116	9019.000
1258.260	8941.000
1258.405	9041.000
1258.550	8887.000
1258.695	8969.000
1258.840	8846.000
1258.985	9056.000
1259.129	9040.000
1259.274	8914.000
1259.419	8958.000
1259.564	8925.000
1259.708	8883.000
1259.853	8952.000
1259.998	8942.000
1260.143	9049.000
1260.287	8895.000
1260.432	9022.000
1260.577	8920.000
1260.721	8965.000
1260.866	8859.000
1261.011	9033.000
1261.155	8890.000
1261.300	8960.000
1261.445	8851.000
1261.589	8942.000
1261.734	8840.000
1261.878	8963.000
1262.023	8907.000
1262.168	9008.000
1262.312	8867.000
1262.457	8997.000
1262.601	8804.000
1262.746	9004.000
1262.890	8823.000
1263.035	8957.000
1263.179	8842.000
1263.324	9042.000
1263.468	8906.000
1263.613	8937.000
1263.757	8884.000
1263.902	8982.000
1264.046	8839.000
1264.191	8936.000
1264.335	8850.000
1264.479	8995.000
1264.624	8839.000
1264.768	8902.000
1264.912	8825.000
1265.057	8929.000
1265.201	8875.000
1265.346	8936.000
1265.490	8839.000
1265.634	8994.000
1265.778	8841.000
1265.923	8971.000
1266.067	8945.000
1266.211	8996.000
1266.356	8910.000
1266.500	8911.000
1266.644	8822.000
1266.788	8932.000
1266.933	8823.000
1267.077	8957.000
1267.221	8991.000
1267.365	9008.000
1267.509	8827.000
1267.653	9017.000
1267.798	8940.000
1267.942	8891.000
1268.086	8803.000
1268.230	8992.000
1268.374	8843.000
1268.518	8954.000
1268.662	8835.000
1268.806	8975.000
1268.950	8806.000
1269.095	8883.000
1269.239	8874.000
1269.383	8921.000
1269.527	8826.000
1269.671	8936.000
1269.815	8892.000
1269.959	8923.000
1270.103	8827.000
1270.247	9018.000
1270.391	8825.000
1270.535	8863.000
1270.679	8889.000
1270.822	8956.000
1270.966	8776.000
1271.110	8909.000
1271.254	8913.000
1271.398	8951.000
1271.542	8808.000
1271.686	8887.000
1271.830	8815.000
1271.973	8867.000
1272.117	8798.000
1272.261	8862.000
1272.405	8858.000
1272.549	8907.000
1272.693	8820.000
1272.836	8858.000
1272.980	8672.000
1273.124	8927.000
1273.268	8744.000
1273.411	8804.000
1273.555	8753.000
1273.699	8880.000
1273.843	8721.000
1273.986	8844.000
1274.130	8814.000
1274.274	8744.000
1274.417	8685.000
1274.561	8833.000
1274.705	8727.000
1274.848	8789.000
1274.992	8660.000
1275.135	8893.000
1275.279	8769.000
1275.423	8829.000
1275.566	8675.000
1275.710	8775.000
1275.853	8726.000
1275.997	8832.000
1276.140	8622.000
1276.284	8814.000
1276.427	8663.000
1276.571	8651.000
1276.714	8681.000
1276.858	8733.000
1277.001	8648.000
1277.145	8840.000
1277.288	8599.000
1277.432	8622.000
1277.575	8610.000
1277.719	8809.000
1277.862	8675.000
1278.005	8664.000
1278.149	8526.000
1278.292	8741.000
1278.435	8563.000
1278.579	8705.000
1278.722	8601.000
1278.865	8752.000
1279.009	8581.000
1279.152	8690.000
1279.295	8643.000
1279.439	8702.000
1279.582	8582.000
1279.725	8735.000
1279.868	8502.000
1280.012	8620.000
1280.155	8608.000
1280.298	8674.000
1280.441	8474.000
1280.585	8765.000
1280.728	8467.000
1280.871	8602.000
1281.014	8558.000
1281.157	8699.000
1281.300	8528.000
1281.444	8684.000
1281.587	8551.000
1281.730	8573.000
1281.873	8462.000
1282.016	8610.000
1282.159	8619.000
1282.302	8532.000
1282.445	8481.000
1282.588	8558.000
1282.731	8532.000
1282.874	8617.000
1283.017	8479.000
1283.160	8538.000
1283.303	8463.000
1283.446	8590.000
1283.589	8465.000
1283.732	8593.000
1283.875	8444.000
1284.018	8616.000
1284.161	8447.000
1284.304	8597.000
1284.447	8472.000
1284.590	8663.000
1284.733	8448.000
1284.876	8702.000
1285.019	8387.000
1285.161	8746.000
1285.304	8491.000
1285.447	8621.000
1285.590	8496.000
1285.733	8632.000
1285.876	8496.000
1286.018	8572.000
1286.161	8483.000
1286.304	8648.000
1286.447	8472.000
1286.589	8603.000
1286.732	8476.000
1286.875	8612.000
1287.018	8559.000
1287.160	8612.000
1287.303	8526.000
1287.446	8599.000
1287.588	8424.000
1287.731	8622.000
1287.874	8121.000
1288.016	8650.000
1288.159	8562.000
1288.302	8568.000
1288.444	8547.000
1288.587	8555.000
1288.729	8418.000
1288.872	8544.000
1289.015	8525.000
1289.157	8691.000
1289.300	8448.000
1289.442	8547.000
1289.585	8448.000
1289.727	8657.000
1289.870	8494.000
1290.012	8592.000
1290.155	8409.000
1290.297	8628.000
1290.440	8533.000
1290.582	8583.000
1290.725	8463.000
1290.867	8625.000
1291.009	8467.000
1291.152	8650.000
1291.294	8551.000
1291.437	8562.000
1291.579	8374.000
1291.721	8587.000
1291.864	8490.000
1292.006	8723.000
1292.148	8468.000
1292.291	8644.000
1292.433	8499.000
1292.575	8597.000
1292.718	8474.000
1292.860	8667.000
1293.002	8499.000
1293.145	8640.000
1293.287	8523.000
1293.429	8597.000
1293.571	8499.000
1293.713	8669.000
1293.856	8527.000
1293.998	8657.000
1294.140	8519.000
1294.282	8576.000
1294.424	8470.000
1294.567	8678.000
1294.709	8453.000
1294.851	8577.000
1294.993	8504.000
1295.135	8548.000
1295.277	8456.000
1295.419	8584.000
1295.561	8511.000
1295.703	8608.000
1295.845	8463.000
1295.987	8659.000
1296.129	8547.000
1296.272	8581.000
1296.414	8458.000
1296.556	8634.000
1296.698	8532.000
1296.840	8621.000
1296.981	8431.000
1297.123	8657.000
1297.265	8506.000
1297.407	8557.000
1297.549	8426.000
1297.691	8600.000
1297.833	8457.000
1297.975	8597.000
1298.117	8443.000
1298.259	8612.000
1298.401	8450.000
1298.542	8583.000
1298.684	8546.000
1298.826	8562.000
1298.968	8478.000
1299.110	8536.000
1299.252	8420.000
1299.393	8669.000
1299.535	8573.000
1299.677	8549.000
1299.819	8478.000
1299.960	8507.000
1300.102	8506.000
1300.244	8569.000
1300.386	8539.000
1300.527	8672.000
1300.669	8471.000
1300.811	8589.000
1300.952	8471.000
1301.094	8602.000
1301.236	8482.000
1301.377	8600.000
1301.519	8523.000
1301.661	8656.000
1301.802	8507.000
1301.944	8440.000
1302.085	8412.000
1302.227	8624.000
1302.368	8390.000
1302.510	8535.000
1302.652	8432.000
1302.793	8529.000
1302.935	8422.000
1303.076	8564.000
1303.218	8412.000
1303.359	8614.000
1303.501	8320.000
1303.642	8585.000
1303.783	8443.000
1303.925	8537.000
1304.066	8434.000
1304.208	8538.000
1304.349	8453.000
1304.491	8545.000
1304.632	8377.000
1304.773	8507.000
1304.915	8411.000
1305.056	8549.000
1305.197	8391.000
1305.339	8547.000
1305.480	8554.000
1305.621	8561.000
1305.763	8458.000
1305.904	8555.000
1306.045	8378.000
1306.187	8551.000
1306.328	8433.000
1306.469	8558.000
1306.610	8342.000
1306.752	8679.000
1306.893	8473.000
1307.034	8593.000
1307.175	8390.000
1307.316	8567.000
1307.458	8451.000
1307.599	8568.000
1307.740	8368.000
1307.881	8529.000
1308.022	8385.000
1308.163	8578.000
1308.304	8428.000
1308.446	8521.000
1308.587	8344.000
1308.728	8495.000
1308.869	8398.000
1309.010	8494.000
1309.151	8420.000
1309.292	8525.000
1309.433	8323.000
1309.574	8532.000
1309.715	8309.000
1309.856	8549.000
1309.997	8405.000
1310.138	8626.000
1310.279	8386.000
1310.420	8498.000
1310.561	8355.000
1310.702	8469.000
1310.843	8426.000
1310.984	8559.000
1311.124	8354.000
1311.265	8522.000
1311.406	8239.000
1311.547	8508.000
1311.688	8358.000
1311.829	8501.000
1311.970	8296.000
1312.110	8492.000
1312.251	8448.000
1312.392	8432.000
1312.533	8375.000
1312.674	8537.000
1312.814	8321.000
1312.955	8518.000
1313.096	8299.000
1313.237	8531.000
1313.377	8337.000
1313.518	8419.000
1313.659	8267.000
1313.800	8462.000
1313.940	8339.000
1314.081	8380.000
1314.222	8258.000
1314.362	8440.000
1314.503	8411.000
1314.644	8500.000
1314.784	8346.000
1314.925	8503.000
1315.065	8315.000
1315.206	8441.000
1315.347	8289.000
1315.487	8406.000
1315.628	8208.000
1315.768	8388.000
1315.909	8345.000
1316.049	8487.000
1316.190	8263.000
1316.330	8445.000
1316.471	8256.000
1316.611	8398.000
1316.752	8167.000
1316.892	8398.000
1317.033	8201.000
1317.173	8298.000
1317.313	8166.000
1317.454	8320.000
1317.594	8266.000
1317.735	8288.000
1317.875	8192.000
1318.015	8335.000
1318.156	8237.000
1318.296	8364.000
1318.437	8171.000
1318.577	8392.000
1318.717	8196.000
1318.857	8286.000
1318.998	8174.000
1319.138	8407.000
1319.278	8172.000
1319.419	8270.000
1319.559	8179.000
1319.699	8305.000
1319.839	8105.000
1319.980	8211.000
1320.120	8134.000
1320.260	8333.000
1320.400	8201.000
1320.540	8287.000
1320.681	8119.000
1320.821	8313.000
1320.961	8149.000
1321.101	8220.000
1321.241	8080.000
1321.381	8275.000
1321.521	8079.000
1321.661	8233.000
1321.802	8106.000
1321.942	8270.000
1322.082	8131.000
1322.222	8198.000
1322.362	8079.000
1322.502	8272.000
1322.642	8120.000
1322.782	8229.000
1322.922	8165.000
1323.062	8270.000
1323.202	8064.000
1323.342	8230.000
1323.482	8188.000
1323.622	8311.000
1323.762	8131.000
1323.902	8197.000
1324.041	8132.000
1324.181	8187.000
1324.321	8068.000
1324.461	8245.000
1324.601	8094.000
1324.741	8215.000
1324.881	8092.000
1325.021	8176.000
1325.160	8063.000
1325.300	8279.000
1325.440	8118.000
1325.580	8305.000
1325.720	8051.000
1325.859	8294.000
1325.999	8122.000
1326.139	8269.000
1326.279	8091.000
1326.418	8304.000
1326.558	8081.000
1326.698	8236.000
1326.838	8099.000
1326.977	8235.000
1327.117	8075.000
1327.257	8269.000
1327.396	8087.000
1327.536	8218.000
1327.675	8165.000
1327.815	8203.000
1327.955	8173.000
1328.094	8305.000
1328.234	8107.000
1328.374	8203.000
1328.513	8078.000
1328.653	8266.000
1328.792	8135.000
1328.932	8204.000
1329.071	8142.000
1329.211	8231.000
1329.350	8159.000
1329.490	8295.000
1329.629	8076.000
1329.769	8229.000
1329.908	8183.000
1330.048	8239.000
1330.187	8096.000
1330.327	8337.000
1330.466	8181.000
1330.605	8245.000
1330.745	8202.000
1330.884	8292.000
1331.024	8137.000
1331.163	8230.000
1331.302	8144.000
1331.442	8297.000
1331.581	8143.000
1331.720	8222.000
1331.860	8231.000
1331.999	8289.000
1332.138	8137.000
1332.277	8201.000
1332.417	8135.000
1332.556	8350.000
1332.695	8119.000
1332.834	8263.000
1332.974	8144.000
1333.113	8352.000
1333.252	8707.000
1333.391	8270.000
1333.531	8125.000
1333.670	8270.000
1333.809	8074.000
1333.948	8307.000
1334.087	8088.000
1334.226	8321.000
1334.365	8129.000
1334.505	8167.000
1334.644	8174.000
1334.783	8224.000
1334.922	8122.000
1335.061	8237.000
1335.200	8144.000
1335.339	8327.000
1335.478	8117.000
1335.617	8206.000
1335.756	8054.000
1335.895	8176.000
1336.034	8098.000
1336.173	8211.000
1336.312	8118.000
1336.451	8172.000
1336.590	8169.000
1336.729	8174.000
1336.868	8053.000
1337.007	8283.000
1337.146	8102.000
1337.285	8174.000
1337.423	8049.000
1337.562	8104.000
1337.701	8071.000
1337.840	8131.000
1337.979	8094.000
1338.118	8089.000
1338.256	8060.000
1338.395	8130.000
1338.534	8084.000
1338.673	8164.000
1338.812	8023.000
1338.950	8182.000
1339.089	8073.000
1339.228	8232.000
1339.367	8068.000
1339.505	8118.000
1339.644	8084.000
1339.783	8137.000
1339.922	8091.000
1340.060	8134.000
1340.199	8058.000
1340.338	8152.000
1340.476	8087.000
1340.615	8161.000
1340.753	8127.000
1340.892	8137.000
1341.031	8064.000
1341.169	8128.000
1341.308	8081.000
1341.446	8183.000
1341.585	8058.000
1341.724	8234.000
1341.862	8091.000
1342.001	8208.000
1342.139	8064.000
1342.278	8155.000
1342.416	8070.000
1342.555	8173.000
1342.693	8011.000
1342.832	8227.000
1342.970	8094.000
1343.109	8232.000
1343.247	8125.000
1343.385	8273.000
1343.524	8076.000
1343.662	8280.000
1343.801	8068.000
1343.939	8181.000
1344.077	8058.000
1344.216	8244.000
1344.354	8062.000
1344.492	8233.000
1344.631	8099.000
1344.769	8257.000
1344.907	8080.000
1345.046	8177.000
1345.184	8139.000
1345.322	8292.000
1345.460	8139.000
1345.599	8252.000
1345.737	8208.000
1345.875	8318.000
1346.013	8191.000
1346.152	8255.000
1346.290	8183.000
1346.428	8351.000
1346.566	8131.000
1346.704	8279.000
1346.843	8166.000
1346.981	8349.000
1347.119	8101.000
1347.257	8320.000
1347.395	8142.000
1347.533	8393.000
1347.671	8268.000
1347.809	8316.000
1347.947	8121.000
1348.085	8290.000
1348.224	8180.000
1348.362	8271.000
1348.500	8196.000
1348.638	8288.000
1348.776	8191.000
1348.914	8305.000
1349.052	8155.000
1349.190	8285.000
1349.328	8222.000
1349.466	8289.000
1349.603	8177.000
1349.741	8330.000
1349.879	8175.000
1350.017	8274.000
1350.155	8153.000
1350.293	8275.000
1350.431	8082.000
1350.569	8291.000
1350.707	8222.000
1350.844	8213.000
1350.982	8167.000
1351.120	8358.000
1351.258	8150.000
1351.396	8263.000
1351.534	8186.000
1351.671	8263.000
1351.809	8144.000
1351.947	8247.000
1352.085	8098.000
1352.222	8215.000
1352.360	8150.000
1352.498	8267.000
1352.636	8186.000
1352.773	8237.000
1352.911	8063.000
1353.049	8324.000
1353.186	8216.000
1353.324	8263.000
1353.462	8250.000
1353.599	8292.000
1353.737	8158.000
1353.874	8290.000
1354.012	6964.000
1354.150	8236.000
1354.287	8123.000
1354.425	8190.000
1354.562	8057.000
1354.700	8259.000
1354.837	8114.000
1354.975	8236.000
1355.112	8178.000
1355.250	8265.000
1355.387	8115.000
1355.525	8224.000
1355.662	8085.000
1355.800	8287.000
1355.937	8160.000
1356.075	8258.000
1356.212	8040.000
1356.350	8235.000
1356.487	8045.000
1356.624	8167.000
1356.762	8097.000
1356.899	8132.000
1357.037	8068.000
1357.174	8190.000
1357.311	8021.000
1357.449	8233.000
1357.586	7994.000
1357.723	8241.000
1357.860	8064.000
1357.998	8155.000
1358.135	8114.000
1358.272	8096.000
1358.410	8024.000
1358.547	8102.000
1358.684	7972.000
1358.821	8043.000
1358.959	7997.000
1359.096	8186.000
1359.233	8000.000
1359.370	8143.000
1359.507	7984.000
1359.644	8102.000
1359.782	7956.000
1359.919	8048.000
1360.056	7906.000
1360.193	8050.000
1360.330	7877.000
1360.467	8015.000
1360.604	7895.000
1360.741	8054.000
1360.878	8017.000
1361.015	8064.000
1361.152	7920.000
1361.290	8196.000
1361.427	7899.000
1361.564	8071.000
1361.701	7970.000
1361.838	8111.000
1361.975	7933.000
1362.112	8199.000
1362.248	12516.000
1362.385	8170.000
1362.522	7997.000
1362.659	8107.000
1362.796	8003.000
1362.933	8120.000
1363.070	7887.000
1363.207	8071.000
1363.344	8049.000
1363.481	8212.000
1363.617	8139.000
1363.754	8130.000
1363.891	8018.000
1364.028	8135.000
1364.165	8131.000
1364.302	8240.000
1364.438	8072.000
1364.575	8171.000
1364.712	8028.000
1364.849	8188.000
1364.985	8084.000
1365.122	8231.000
1365.259	8082.000
1365.396	8216.000
1365.532	8088.000
1365.669	8156.000
1365.806	8022.000
1365.942	8115.000
1366.079	8043.000
1366.216	8240.000
1366.352	8042.000
1366.489	8179.000
1366.625	8028.000
1366.762	8262.000
1366.899	8096.000
1367.035	8237.000
1367.172	8042.000
1367.308	8204.000
1367.445	7943.000
1367.581	8161.000
1367.718	7979.000
1367.855	8188.000
1367.991	8002.000
1368.128	8196.000
1368.264	8041.000
1368.401	8189.000
1368.537	8042.000
1368.673	8227.000
1368.810	7962.000
1368.946	8217.000
1369.083	8103.000
1369.219	8119.000
1369.356	8028.000
1369.492	8218.000
1369.628	8079.000
1369.765	8156.000
1369.901	8054.000
1370.037	8164.000
1370.174	8104.000
1370.310	8169.000
1370.446	8129.000
1370.583	8218.000
1370.719	8097.000
1370.855	8264.000
1370.992	8056.000
1371.128	8218.000
1371.264	8004.000
1371.400	8194.000
1371.537	8172.000
1371.673	8305.000
1371.809	8097.000
1371.945	8167.000
1372.081	8169.000
1372.218	8304.000
1372.354	8139.000
1372.490	8276.000
1372.626	8152.000
1372.762	8315.000
1372.898	8101.000
1373.034	8185.000
1373.170	8156.000
1373.307	8277.000
1373.443	8175.000
1373.579	8144.000
1373.715	8173.000
1373.851	8370.000
1373.987	8211.000
1374.123	8269.000
1374.259	8178.000
1374.395	8217.000
1374.531	8208.000
1374.667	8337.000
