1429.840	26065.000
1429.989	25521.000
1430.138	26036.000
1430.288	25496.000
1430.437	25915.000
1430.587	25525.000
1430.736	25895.000
1430.885	25385.000
1431.035	25849.000
1431.184	25309.000
1431.333	25730.000
1431.482	25354.000
1431.632	25761.000
1431.781	25264.000
1431.930	25764.000
1432.079	25389.000
1432.229	25574.000
1432.378	25246.000
1432.527	25722.000
1432.676	25232.000
1432.825	25607.000
1432.974	25065.000
1433.123	25761.000
1433.273	25155.000
1433.422	25609.000
1433.571	25115.000
1433.720	25587.000
1433.869	24970.000
1434.018	25457.000
1434.167	25044.000
1434.316	25528.000
1434.465	24987.000
1434.614	25537.000
1434.763	24964.000
1434.911	25380.000
1435.060	24825.000
1435.209	25449.000
1435.358	24807.000
1435.507	25365.000
1435.656	24808.000
1435.805	25335.000
1435.954	24833.000
1436.102	25271.000
1436.251	24856.000
1436.400	25174.000
1436.549	24750.000
1436.697	25277.000
1436.846	24647.000
1436.995	25192.000
1437.144	24679.000
1437.292	25196.000
1437.441	24554.000
1437.590	25250.000
1437.738	24662.000
1437.887	25139.000
1438.035	24594.000
1438.184	25022.000
1438.333	24574.000
1438.481	24963.000
1438.630	24398.000
1438.778	24952.000
1438.927	24418.000
1439.075	24858.000
1439.224	24333.000
1439.372	24809.000
1439.521	24322.000
1439.669	24823.000
1439.818	24162.000
1439.966	24765.000
1440.114	24277.000
1440.263	24710.000
1440.411	24117.000
1440.559	24623.000
1440.708	24172.000
1440.856	24574.000
1441.004	24049.000
1441.153	24452.000
1441.301	24015.000
1441.449	24455.000
1441.597	24062.000
1441.746	24418.000
1441.894	24030.000
1442.042	24429.000
1442.190	23832.000
1442.338	24236.000
1442.487	23854.000
1442.635	24226.000
1442.783	23757.000
1442.931	24240.000
1443.079	23747.000
1443.227	24169.000
1443.375	23699.000
1443.523	24143.000
1443.671	23677.000
1443.819	24212.000
1443.967	23612.000
1444.115	24059.000
1444.263	23661.000
1444.411	24129.000
1444.559	23633.000
1444.707	24018.000
1444.855	23549.000
1445.003	23924.000
1445.151	23381.000
1445.299	23930.000
1445.447	23641.000
1445.594	23843.000
1445.742	23508.000
1445.890	23873.000
1446.038	23509.000
1446.186	23847.000
1446.333	23488.000
1446.481	23749.000
1446.629	23563.000
1446.776	23752.000
1446.924	23301.000
1447.072	23873.000
1447.220	23395.000
1447.367	23812.000
1447.515	23410.000
1447.662	23735.000
1447.810	23420.000
1447.958	23696.000
1448.105	23389.000
1448.253	23728.000
1448.400	23396.000
1448.548	23543.000
1448.695	23254.000
1448.843	23811.000
1448.990	23358.000
1449.138	23691.000
1449.285	23335.000
1449.433	23738.000
1449.580	23363.000
1449.728	23691.000
1449.875	23258.000
1450.022	23745.000
1450.170	23371.000
1450.317	23732.000
1450.464	23282.000
1450.612	23658.000
1450.759	23351.000
1450.906	23698.000
1451.054	23122.000
1451.201	23643.000
1451.348	23272.000
1451.495	23664.000
1451.643	23223.000
1451.790	23516.000
1451.937	23308.000
1452.084	23606.000
1452.231	23048.000
1452.378	23412.000
1452.526	23199.000
1452.673	23425.000
1452.820	23211.000
1452.967	23516.000
1453.114	23194.000
1453.261	23514.000
1453.408	23062.000
1453.555	23473.000
1453.702	23023.000
1453.849	23380.000
1453.996	23087.000
1454.143	23270.000
1454.290	23039.000
1454.437	23413.000
1454.584	22998.000
1454.731	23344.000
1454.878	23050.000
1455.024	23261.000
1455.171	22945.000
1455.318	23254.000
1455.465	22991.000
1455.612	23358.000
1455.759	22973.000
1455.905	23210.000
1456.052	22972.000
1456.199	23077.000
1456.346	22860.000
1456.492	23155.000
1456.639	22962.000
1456.786	23178.000
1456.932	22845.000
1457.079	23074.000
1457.226	22740.000
1457.372	23060.000
1457.519	22752.000
1457.665	23118.000
1457.812	22880.000
1457.959	22966.000
1458.105	22705.000
1458.252	22934.000
1458.398	22699.000
1458.545	22937.000
1458.691	22746.000
1458.838	22925.000
1458.984	22710.000
1459.131	22836.000
1459.277	22732.000
1459.423	23018.000
1459.570	22557.000
1459.716	22962.000
1459.863	22561.000
1460.009	22880.000
1460.155	22594.000
1460.302	22867.000
1460.448	22617.000
1460.594	22832.000
1460.741	22623.000
1460.887	22815.000
1461.033	22557.000
1461.179	22742.000
1461.326	22632.000
1461.472	22823.000
1461.618	22478.000
1461.764	22731.000
1461.910	22509.000
1462.056	22706.000
1462.203	22534.000
1462.349	22805.000
1462.495	22590.000
1462.641	22785.000
1462.787	22533.000
1462.933	22635.000
1463.079	22574.000
1463.225	22644.000
1463.371	22541.000
1463.517	22705.000
1463.663	22640.000
1463.809	22747.000
1463.955	22466.000
1464.101	22787.000
1464.247	22530.000
1464.393	22671.000
1464.539	22485.000
1464.684	22717.000
1464.830	22546.000
1464.976	22674.000
1465.122	22444.000
1465.268	22640.000
1465.414	22430.000
1465.559	22662.000
1465.705	22430.000
1465.851	22678.000
1465.997	22545.000
1466.142	22644.000
1466.288	22499.000
1466.434	22855.000
1466.579	22540.000
1466.725	22797.000
1466.871	22378.000
1467.016	22644.000
1467.162	22462.000
1467.308	22651.000
1467.453	22410.000
1467.599	22837.000
1467.744	22548.000
1467.890	22715.000
1468.035	22517.000
1468.181	22781.000
1468.326	22422.000
1468.472	22654.000
1468.617	22469.000
1468.763	22680.000
1468.908	22488.000
1469.054	22633.000
1469.199	22511.000
1469.344	22658.000
1469.490	22467.000
1469.635	22765.000
1469.780	22487.000
1469.926	22706.000
1470.071	22538.000
1470.216	22799.000
1470.362	22429.000
1470.507	22694.000
1470.652	22679.000
1470.797	22747.000
1470.943	22423.000
1471.088	22799.000
1471.233	22559.000
1471.378	22632.000
1471.523	22580.000
1471.668	22823.000
1471.814	22602.000
1471.959	22765.000
1472.104	22530.000
1472.249	22811.000
1472.394	22523.000
1472.539	22669.000
1472.684	22481.000
1472.829	22738.000
1472.974	22528.000
1473.119	22737.000
1473.264	22470.000
1473.409	22512.000
1473.554	22591.000
1473.699	22602.000
1473.844	22381.000
1473.989	22614.000
1474.134	22500.000
1474.279	22587.000
1474.423	22360.000
1474.568	22709.000
1474.713	22345.000
1474.858	22559.000
1475.003	22445.000
1475.147	22635.000
1475.292	22402.000
1475.437	22460.000
1475.582	22500.000
1475.726	22605.000
1475.871	22362.000
1476.016	22504.000
1476.161	22370.000
1476.305	22540.000
1476.450	22403.000
1476.594	22393.000
1476.739	22385.000
1476.884	22503.000
1477.028	22182.000
1477.173	22479.000
1477.317	22289.000
1477.462	22389.000
1477.606	22433.000
1477.751	22307.000
1477.895	22103.000
1478.040	22390.000
1478.184	22397.000
1478.329	22378.000
1478.473	22164.000
1478.618	22351.000
1478.762	22289.000
1478.907	22318.000
1479.051	22238.000
1479.195	22336.000
1479.340	22212.000
1479.484	22336.000
1479.628	22177.000
1479.773	22406.000
1479.917	22267.000
1480.061	22363.000
1480.205	22223.000
1480.350	22243.000
1480.494	22106.000
1480.638	22379.000
1480.782	22121.000
1480.926	22190.000
1481.071	22269.000
1481.215	22174.000
1481.359	22050.000
1481.503	22306.000
1481.647	22177.000
1481.791	22309.000
1481.935	22123.000
1482.079	22307.000
1482.223	22026.000
1482.367	22201.000
1482.511	21960.000
1482.655	22312.000
1482.799	22046.000
1482.943	22173.000
1483.087	21989.000
1483.231	22256.000
1483.375	22070.000
1483.519	22209.000
1483.663	21975.000
1483.807	22212.000
1483.951	22018.000
1484.095	22225.000
1484.238	22048.000
1484.382	22156.000
1484.526	22050.000
1484.670	22170.000
1484.814	22042.000
1484.957	22169.000
1485.101	22107.000
1485.245	22179.000
1485.389	22153.000
1485.532	22067.000
1485.676	22224.000
1485.820	22135.000
1485.963	22041.000
1486.107	22146.000
1486.250	22110.000
1486.394	22264.000
1486.538	21958.000
1486.681	22145.000
1486.825	22092.000
1486.968	22146.000
1487.112	21971.000
1487.255	22199.000
1487.399	22060.000
1487.542	22195.000
1487.686	22000.000
1487.829	22189.000
1487.973	22064.000
1488.116	22084.000
1488.260	22008.000
1488.403	21484.000
1488.546	22104.000
1488.690	22214.000
1488.833	21987.000
1488.976	22259.000
1489.120	21999.000
1489.263	22110.000
1489.406	21971.000
1489.550	22203.000
1489.693	22165.000
1489.836	22130.000
1489.979	21963.000
1490.123	22122.000
1490.266	22072.000
1490.409	22132.000
1490.552	21936.000
1490.695	22082.000
1490.838	22076.000
1490.981	22181.000
1491.125	22024.000
1491.268	22108.000
1491.411	22086.000
1491.554	22153.000
1491.697	22025.000
1491.840	22208.000
1491.983	21990.000
1492.126	22037.000
1492.269	21914.000
1492.412	22165.000
1492.555	22252.000
1492.698	22154.000
1492.841	22064.000
1492.984	22175.000
1493.126	22056.000
1493.269	22148.000
1493.412	22011.000
1493.555	22163.000
1493.698	22065.000
1493.841	22142.000
1493.984	22039.000
1494.126	22140.000
1494.269	22097.000
1494.412	22226.000
1494.555	22033.000
1494.697	22160.000
1494.840	22012.000
1494.983	22135.000
1495.125	22062.000
1495.268	22069.000
1495.411	21971.000
1495.553	22130.000
1495.696	21958.000
1495.839	22130.000
1495.981	22066.000
1496.124	22141.000
1496.266	22080.000
1496.409	22161.000
1496.551	22136.000
1496.694	22190.000
1496.836	21950.000
1496.979	22111.000
1497.121	22035.000
1497.264	22190.000
1497.406	22067.000
1497.549	22105.000
1497.691	22063.000
1497.834	22223.000
1497.976	21954.000
1498.118	22111.000
1498.261	21996.000
1498.403	22099.000
1498.545	21921.000
1498.688	22070.000
1498.830	22069.000
1498.972	22151.000
1499.114	21988.000
1499.257	22235.000
1499.399	21981.000
1499.541	22165.000
1499.683	21869.000
1499.826	22123.000
1499.968	22144.000
1500.110	22168.000
1500.252	21995.000
1500.394	22146.000
1500.536	21893.000
1500.678	22143.000
1500.820	21968.000
1500.962	22192.000
1501.104	22091.000
1501.247	22088.000
1501.389	21983.000
1501.531	22121.000
1501.673	22074.000
1501.815	22124.000
1501.956	21996.000
1502.098	22220.000
1502.240	22051.000
1502.382	22180.000
1502.524	21857.000
1502.666	22089.000
1502.808	22044.000
1502.950	22021.000
1503.092	21932.000
1503.233	22070.000
1503.375	21884.000
1503.517	22029.000
1503.659	21936.000
1503.801	22051.000
1503.942	22052.000
1504.084	21989.000
1504.226	21943.000
1504.367	22015.000
1504.509	21970.000
1504.651	22000.000
1504.792	21866.000
1504.934	21968.000
1505.076	21977.000
1505.217	21959.000
1505.359	21834.000
1505.501	21995.000
1505.642	21978.000
1505.784	21937.000
1505.925	21883.000
1506.067	22208.000
1506.208	21930.000
1506.350	22037.000
1506.491	21940.000
1506.633	22006.000
1506.774	21968.000
1506.915	22016.000
1507.057	21921.000
1507.198	21978.000
1507.340	22159.000
1507.481	22112.000
1507.622	22052.000
1507.764	22019.000
1507.905	22012.000
1508.046	22114.000
1508.188	21934.000
1508.329	22032.000
1508.470	21983.000
1508.611	22006.000
1508.753	22026.000
1508.894	22082.000
1509.035	22034.000
1509.176	21997.000
1509.317	21931.000
1509.459	22091.000
1509.600	21970.000
1509.741	22113.000
1509.882	21947.000
1510.023	21943.000
1510.164	22000.000
1510.305	21914.000
1510.446	21922.000
1510.587	22013.000
1510.728	22044.000
1510.869	22070.000
1511.010	21891.000
1511.151	22015.000
1511.292	21846.000
1511.433	22048.000
1511.574	21916.000
1511.715	22012.000
1511.856	21956.000
1511.997	21842.000
1512.138	21934.000
1512.279	22045.000
1512.419	21929.000
1512.560	21938.000
1512.701	21883.000
1512.842	22057.000
1512.983	21875.000
1513.123	21990.000
1513.264	21927.000
1513.405	21956.000
1513.546	21971.000
1513.686	21935.000
1513.827	21966.000
1513.968	21881.000
1514.108	21906.000
1514.249	21838.000
1514.390	21780.000
1514.530	21923.000
1514.671	21813.000
1514.811	21827.000
1514.952	21815.000
1515.093	21992.000
1515.233	21932.000
1515.374	21898.000
1515.514	21822.000
1515.655	21800.000
1515.795	21901.000
1515.936	21789.000
1516.076	21758.000
1516.216	21763.000
1516.357	21791.000
1516.497	21842.000
1516.638	21845.000
1516.778	21889.000
1516.918	21756.000
1517.059	21761.000
1517.199	21685.000
1517.339	21687.000
1517.480	21732.000
1517.620	21757.000
1517.760	21495.000
1517.900	21577.000
1518.041	21655.000
1518.181	21791.000
1518.321	21506.000
1518.461	21695.000
1518.601	21637.000
1518.742	21705.000
1518.882	21610.000
1519.022	21633.000
1519.162	21643.000
1519.302	21643.000
1519.442	21622.000
1519.582	21576.000
1519.722	21705.000
1519.862	21630.000
1520.002	21429.000
1520.142	21659.000
1520.282	21518.000
1520.422	21566.000
1520.562	21374.000
1520.702	21543.000
1520.842	21598.000
1520.982	21569.000
1521.122	21517.000
1521.262	21585.000
1521.402	21562.000
1521.542	21586.000
1521.682	21366.000
1521.821	21462.000
1521.961	21544.000
1522.101	21465.000
1522.241	21424.000
1522.380	21470.000
1522.520	21458.000
1522.660	21572.000
1522.800	21402.000
1522.939	21446.000
1523.079	21537.000
1523.219	21549.000
1523.358	21383.000
1523.498	21537.000
1523.638	21537.000
1523.777	21466.000
1523.917	21430.000
1524.057	21616.000
1524.196	21594.000
1524.336	21592.000
1524.475	21407.000
1524.615	21533.000
1524.754	21437.000
1524.894	21517.000
1525.033	21459.000
1525.173	21557.000
1525.312	21520.000
1525.452	21535.000
1525.591	21360.000
1525.730	21554.000
1525.870	21679.000
1526.009	21616.000
1526.148	21554.000
1526.288	21504.000
1526.427	21591.000
1526.566	21663.000
1526.706	21559.000
1526.845	21579.000
1526.984	21627.000
1527.124	21632.000
1527.263	21551.000
1527.402	21608.000
1527.541	21633.000
1527.680	21566.000
1527.820	21596.000
1527.959	21700.000
1528.098	21555.000
1528.237	21752.000
1528.376	21509.000
1528.515	21746.000
1528.654	21700.000
1528.793	21727.000
1528.933	21560.000
1529.072	21626.000
1529.211	21670.000
1529.350	21673.000
1529.489	21553.000
1529.628	21671.000
1529.767	21620.000
1529.905	21717.000
1530.044	21681.000
1530.183	21678.000
1530.322	21653.000
1530.461	21791.000
1530.600	21656.000
1530.739	21703.000
1530.878	21744.000
1531.017	21827.000
1531.155	21690.000
1531.294	21888.000
1531.433	21703.000
1531.572	21832.000
1531.710	21662.000
1531.849	21899.000
1531.988	21860.000
1532.127	21838.000
1532.265	21795.000
1532.404	22066.000
1532.543	21824.000
1532.681	21971.000
1532.820	21738.000
1532.959	21900.000
1533.097	22015.000
1533.236	21805.000
1533.374	21742.000
1533.513	21856.000
1533.651	21908.000
1533.790	22715.000
1533.929	21729.000
1534.067	21843.000
1534.205	21804.000
1534.344	21769.000
1534.482	21819.000
1534.621	21743.000
1534.759	21850.000
1534.898	21847.000
1535.036	21644.000
1535.174	21959.000
1535.313	21839.000
1535.451	21863.000
1535.589	21729.000
1535.728	21833.000
1535.866	21900.000
1536.004	21795.000
1536.143	21611.000
1536.281	21777.000
1536.419	21715.000
1536.557	21814.000
1536.696	21690.000
1536.834	21792.000
1536.972	21639.000
1537.110	21847.000
1537.248	21571.000
1537.386	21754.000
1537.525	21780.000
1537.663	21828.000
1537.801	21626.000
1537.939	21747.000
1538.077	21601.000
1538.215	21812.000
1538.353	21612.000
1538.491	21696.000
1538.629	21535.000
1538.767	21764.000
1538.905	21580.000
1539.043	21727.000
1539.181	21658.000
1539.319	21648.000
1539.457	21603.000
1539.595	21749.000
1539.732	21824.000
1539.870	21805.000
1540.008	21569.000
1540.146	21844.000
1540.284	21665.000
1540.422	21858.000
1540.559	21646.000
1540.697	21822.000
1540.835	21679.000
1540.973	21849.000
1541.110	21696.000
1541.248	21936.000
1541.386	21692.000
1541.523	21912.000
1541.661	21619.000
1541.799	21902.000
1541.936	21733.000
1542.074	21838.000
1542.212	21766.000
1542.349	21870.000
1542.487	21854.000
1542.624	21936.000
1542.762	21734.000
1542.899	21918.000
1543.037	21865.000
1543.174	21821.000
1543.312	21856.000
1543.449	21989.000
1543.587	21944.000
1543.724	21961.000
1543.862	21953.000
1543.999	21951.000
1544.137	21942.000
1544.274	21961.000
1544.411	21897.000
1544.549	21948.000
1544.686	22025.000
1544.823	22003.000
1544.961	21968.000
1545.098	22002.000
1545.235	22074.000
1545.372	22006.000
1545.510	21968.000
1545.647	22097.000
1545.784	22128.000
1545.921	22177.000
1546.058	22044.000
1546.196	22269.000
1546.333	22243.000
1546.470	22296.000
1546.607	22076.000
1546.744	22300.000
1546.881	22255.000
1547.018	22274.000
1547.155	22080.000
1547.292	22330.000
1547.429	22294.000
1547.567	22245.000
1547.704	22264.000
1547.841	22296.000
1547.977	22370.000
1548.114	22490.000
1548.251	22234.000
1548.388	22310.000
1548.525	22300.000
1548.662	22383.000
1548.799	22239.000
1548.936	22342.000
1549.073	22321.000
1549.210	22385.000
1549.346	22193.000
1549.483	22395.000
1549.620	22271.000
1549.757	22418.000
1549.893	22267.000
1550.030	22383.000
1550.167	22348.000
1550.304	22311.000
1550.440	22281.000
1550.577	22340.000
1550.714	22317.000
1550.850	22220.000
1550.987	22308.000
1551.124	22439.000
1551.260	22195.000
1551.397	22338.000
1551.533	22283.000
1551.670	22371.000
1551.807	22254.000
1551.943	22388.000
1552.080	22223.000
1552.216	22338.000
1552.353	22249.000
1552.489	22346.000
1552.626	22198.000
1552.762	22429.000
1552.898	22250.000
1553.035	22390.000
1553.171	22258.000
1553.308	22324.000
1553.444	22351.000
1553.580	22537.000
1553.717	22299.000
1553.853	22484.000
1553.989	22321.000
1554.126	22416.000
1554.262	22284.000
1554.398	19814.000
1554.534	22368.000
1554.671	22425.000
1554.807	22240.000
1554.943	22352.000
1555.079	22376.000
1555.215	22387.000
1555.352	22340.000
1555.488	22410.000
1555.624	22343.000
1555.760	22324.000
1555.896	22295.000
1556.032	22352.000
1556.168	22424.000
1556.304	22405.000
1556.440	22251.000
1556.576	22348.000
1556.712	22368.000
1556.848	22317.000
1556.984	22120.000
1557.120	22442.000
1557.256	22228.000
1557.392	22311.000
1557.528	22126.000
1557.664	22259.000
1557.800	22313.000
1557.936	22246.000
1558.071	22290.000
1558.207	22318.000
1558.343	22183.000
1558.479	22336.000
1558.615	22120.000
1558.751	22219.000
1558.886	22096.000
1559.022	22192.000
1559.158	21982.000
1559.293	22230.000
1559.429	22133.000
1559.565	22230.000
1559.701	22138.000
1559.836	22120.000
1559.972	22141.000
1560.107	22121.000
1560.243	22050.000
1560.379	22085.000
1560.514	22042.000
1560.650	22130.000
1560.785	22034.000
1560.921	22090.000
1561.056	22118.000
1561.192	22254.000
1561.327	22059.000
1561.463	22206.000
1561.598	22263.000
1561.734	22226.000
1561.869	22050.000
1562.005	22233.000
1562.140	22236.000
1562.275	22175.000
1562.411	22278.000
1562.546	28426.000
1562.682	22372.000
1562.817	22315.000
1562.952	22212.000
1563.087	22362.000
1563.223	22280.000
1563.358	22310.000
1563.493	22256.000
1563.628	22446.000
1563.764	22531.000
1563.899	22528.000
1564.034	22360.000
1564.169	22478.000
1564.304	22441.000
1564.440	22592.000
1564.575	22478.000
1564.710	22601.000
1564.845	22590.000
1564.980	22538.000
1565.115	22552.000
1565.250	22697.000
1565.385	22646.000
1565.520	22665.000
1565.655	22661.000
1565.790	22748.000
1565.925	22641.000
1566.060	22701.000
1566.195	22498.000
1566.330	22768.000
1566.465	22674.000
1566.600	22695.000
1566.735	22628.000
1566.870	22663.000
1567.004	22773.000
1567.139	22716.000
1567.274	22660.000
1567.409	22644.000
1567.544	22671.000
1567.678	22588.000
1567.813	22641.000
1567.948	22668.000
1568.083	22710.000
1568.217	22649.000
1568.352	22733.000
1568.487	22773.000
1568.622	22686.000
1568.756	22776.000
1568.891	22740.000
1569.025	22725.000
1569.160	22903.000
1569.295	22911.000
1569.429	22666.000
1569.564	22867.000
1569.698	22911.000
1569.833	22948.000
1569.967	22738.000
1570.102	22929.000
1570.236	22923.000
1570.371	23059.000
1570.505	22836.000
1570.640	23059.000
1570.774	22982.000
1570.909	23056.000
1571.043	23080.000
1571.177	23122.000
1571.312	23082.000
1571.446	22999.000
1571.581	23023.000
1571.715	23247.000
1571.849	23275.000
1571.983	23204.000
1572.118	23036.000
1572.252	23283.000
1572.386	23298.000
1572.521	23321.000
1572.655	23274.000
1572.789	23290.000
1572.923	23337.000
1573.057	23327.000
1573.191	23220.000
1573.326	23423.000
1573.460	23408.000
1573.594	23433.000
1573.728	23219.000
1573.862	23473.000
1573.996	23555.000
1574.130	23565.000
1574.264	23340.000
1574.398	23580.000
1574.532	23397.000
1574.666	23723.000
1574.800	23488.000
