1329.918	26863.000
1330.066	26258.000
1330.214	26808.000
1330.363	26153.000
1330.511	26743.000
1330.659	26195.000
1330.807	26720.000
1330.955	26102.000
1331.103	26589.000
1331.251	26006.000
1331.399	26488.000
1331.547	26056.000
1331.695	26518.000
1331.843	25914.000
1331.991	26510.000
1332.139	26045.000
1332.287	26345.000
1332.435	25947.000
1332.583	26498.000
1332.730	25891.000
1332.878	26390.000
1333.026	25769.000
1333.174	26537.000
1333.322	25798.000
1333.470	26349.000
1333.618	25750.000
1333.765	26359.000
1333.913	25665.000
1334.061	26215.000
1334.209	25674.000
1334.356	26260.000
1334.504	25661.000
1334.652	26234.000
1334.800	25640.000
1334.947	26112.000
1335.095	25475.000
1335.243	26146.000
1335.390	25426.000
1335.538	26103.000
1335.686	25479.000
1335.833	26060.000
1335.981	25513.000
1336.128	25991.000
1336.276	25522.000
1336.424	25897.000
1336.571	25382.000
1336.719	25984.000
1336.866	25280.000
1337.014	25873.000
1337.161	25317.000
1337.309	25899.000
1337.456	25160.000
1337.604	25907.000
1337.751	25283.000
1337.899	25824.000
1338.046	25220.000
1338.194	25711.000
1338.341	25162.000
1338.488	25631.000
1338.636	25035.000
1338.783	25642.000
1338.930	25030.000
1339.078	25518.000
1339.225	24974.000
1339.372	25467.000
1339.520	24932.000
1339.667	25475.000
1339.814	24714.000
1339.962	25414.000
1340.109	24854.000
1340.256	25349.000
1340.403	24675.000
1340.550	25275.000
1340.698	24745.000
1340.845	25190.000
1340.992	24604.000
1341.139	25069.000
1341.286	24585.000
1341.433	25052.000
1341.581	24662.000
1341.728	25008.000
1341.875	24593.000
1342.022	25063.000
1342.169	24427.000
1342.316	24828.000
1342.463	24416.000
1342.610	24841.000
1342.757	24263.000
1342.904	24854.000
1343.051	24295.000
1343.198	24785.000
1343.345	24235.000
1343.492	24721.000
1343.639	24217.000
1343.786	24805.000
1343.933	24146.000
1344.080	24654.000
1344.226	24230.000
1344.373	24706.000
1344.520	24158.000
1344.667	24598.000
1344.814	24083.000
1344.961	24537.000
1345.108	23922.000
1345.254	24525.000
1345.401	24143.000
1345.548	24473.000
1345.695	24033.000
1345.841	24448.000
1345.988	24007.000
1346.135	24450.000
1346.282	24007.000
1346.428	24293.000
1346.575	24058.000
1346.722	24332.000
1346.868	23806.000
1347.015	24396.000
1347.162	23870.000
1347.308	24343.000
1347.455	23846.000
1347.601	24260.000
1347.748	23957.000
1347.894	24261.000
1348.041	23875.000
1348.188	24288.000
1348.334	23893.000
1348.481	24096.000
1348.627	23756.000
1348.774	24356.000
1348.920	23852.000
1349.067	24255.000
1349.213	23766.000
1349.359	24314.000
1349.506	23822.000
1349.652	24203.000
1349.799	23763.000
1349.945	24259.000
1350.091	23865.000
1350.238	24228.000
1350.384	23772.000
1350.530	24134.000
1350.677	23754.000
1350.823	24224.000
1350.969	23554.000
1351.116	24131.000
1351.262	23792.000
1351.408	24162.000
1351.554	23625.000
1351.701	23992.000
1351.847	23723.000
1351.993	24075.000
1352.139	23514.000
1352.285	23873.000
1352.432	23621.000
1352.578	23890.000
1352.724	23644.000
1352.870	24062.000
1353.016	23656.000
1353.162	23997.000
1353.308	23438.000
1353.454	23914.000
1353.600	23410.000
1353.747	23749.000
1353.893	23460.000
1354.039	23717.000
1354.185	23403.000
1354.331	23827.000
1354.477	23349.000
1354.623	23812.000
1354.768	23408.000
1354.914	23655.000
1355.060	23331.000
1355.206	23695.000
1355.352	23346.000
1355.498	23811.000
1355.644	23377.000
1355.790	23686.000
1355.936	23384.000
1356.082	23490.000
1356.227	23178.000
1356.373	23560.000
1356.519	23339.000
1356.665	23512.000
1356.811	23187.000
1356.956	23463.000
1357.102	23170.000
1357.248	23464.000
1357.394	23142.000
1357.539	23523.000
1357.685	23232.000
1357.831	23383.000
1357.976	23033.000
1358.122	23316.000
1358.268	23099.000
1358.413	23354.000
1358.559	23133.000
1358.704	23276.000
1358.850	23008.000
1358.996	23155.000
1359.141	22989.000
1359.287	23399.000
1359.432	22907.000
1359.578	23342.000
1359.723	22918.000
1359.869	23253.000
1360.014	22939.000
1360.160	23231.000
1360.305	22981.000
1360.451	23168.000
1360.596	22938.000
1360.742	23171.000
1360.887	22868.000
1361.032	23025.000
1361.178	22929.000
1361.323	23100.000
1361.469	22764.000
1361.614	23016.000
1361.759	22762.000
1361.905	22954.000
1362.050	22793.000
1362.195	23078.000
1362.341	22874.000
1362.486	23124.000
1362.631	22871.000
1362.776	22985.000
1362.922	22942.000
1363.067	23034.000
1363.212	22884.000
1363.357	23065.000
1363.502	22958.000
1363.648	23120.000
1363.793	22747.000
1363.938	23097.000
1364.083	22863.000
1364.228	22925.000
1364.373	22739.000
1364.518	22956.000
1364.663	22757.000
1364.808	22973.000
1364.954	22690.000
1365.099	22962.000
1365.244	22670.000
1365.389	22935.000
1365.534	22738.000
1365.679	23029.000
1365.824	22878.000
1365.969	23003.000
1366.113	22853.000
1366.258	23200.000
1366.403	22814.000
1366.548	23083.000
1366.693	22647.000
1366.838	22939.000
1366.983	22735.000
1367.128	22901.000
1367.273	22688.000
1367.417	23125.000
1367.562	22738.000
1367.707	22961.000
1367.852	22760.000
1367.997	23070.000
1368.141	22661.000
1368.286	22877.000
1368.431	22718.000
1368.576	22971.000
1368.720	22736.000
1368.865	22936.000
1369.010	22782.000
1369.154	22931.000
1369.299	22736.000
1369.444	23074.000
1369.588	22742.000
1369.733	22978.000
1369.878	22759.000
1370.022	23011.000
1370.167	22666.000
1370.311	22960.000
1370.456	22915.000
1370.601	23010.000
1370.745	22600.000
1370.890	22996.000
1371.034	22722.000
1371.179	22860.000
1371.323	22746.000
1371.468	23081.000
1371.612	22837.000
1371.757	22967.000
1371.901	22732.000
1372.045	22999.000
1372.190	22705.000
1372.334	22873.000
1372.479	22640.000
1372.623	22927.000
1372.767	22767.000
1372.912	22948.000
1373.056	22632.000
1373.200	22768.000
1373.345	22790.000
1373.489	22853.000
1373.633	22613.000
1373.777	22856.000
1373.922	22698.000
1374.066	22858.000
1374.210	22615.000
1374.354	22907.000
1374.499	22537.000
1374.643	22762.000
1374.787	22615.000
1374.931	22802.000
1375.075	22606.000
1375.219	22727.000
1375.364	22690.000
1375.508	22859.000
1375.652	22635.000
1375.796	22779.000
1375.940	22545.000
1376.084	22768.000
1376.228	22621.000
1376.372	22695.000
1376.516	22564.000
1376.660	22700.000
1376.804	22388.000
1376.948	22667.000
1377.092	22441.000
1377.236	22552.000
1377.380	22591.000
1377.524	22553.000
1377.668	22371.000
1377.812	22660.000
1377.956	22643.000
1378.099	22722.000
1378.243	22375.000
1378.387	22562.000
1378.531	22531.000
1378.675	22520.000
1378.819	22394.000
1378.962	22552.000
1379.106	22405.000
1379.250	22546.000
1379.394	22389.000
1379.538	22630.000
1379.681	22505.000
1379.825	22584.000
1379.969	22432.000
1380.112	22436.000
1380.256	22359.000
1380.400	22603.000
1380.543	22282.000
1380.687	22375.000
1380.831	22380.000
1380.974	22340.000
1381.118	22194.000
1381.262	22417.000
1381.405	22330.000
1381.549	22497.000
1381.692	22343.000
1381.836	22540.000
1381.979	22287.000
1382.123	22378.000
1382.266	22175.000
1382.410	22516.000
1382.553	22202.000
1382.697	22338.000
1382.840	22039.000
1382.984	22383.000
1383.127	22179.000
1383.271	22349.000
1383.414	22051.000
1383.557	22400.000
1383.701	22175.000
1383.844	22353.000
1383.987	22177.000
1384.131	22298.000
1384.274	22252.000
1384.417	22340.000
1384.561	22190.000
1384.704	22349.000
1384.847	22306.000
1384.990	22345.000
1385.134	22324.000
1385.277	22244.000
1385.420	22336.000
1385.563	22329.000
1385.707	22175.000
1385.850	22331.000
1385.993	22288.000
1386.136	22396.000
1386.279	22135.000
1386.422	22330.000
1386.565	22243.000
1386.709	22344.000
1386.852	22147.000
1386.995	22392.000
1387.138	22214.000
1387.281	22397.000
1387.424	22151.000
1387.567	22399.000
1387.710	22193.000
1387.853	22330.000
1387.996	22203.000
1388.139	21585.000
1388.282	22312.000
1388.425	22365.000
1388.568	22112.000
1388.711	22379.000
1388.854	22136.000
1388.997	22248.000
1389.139	22117.000
1389.282	22399.000
1389.425	22280.000
1389.568	22259.000
1389.711	22158.000
1389.854	22289.000
1389.996	22241.000
1390.139	22334.000
1390.282	22121.000
1390.425	22238.000
1390.568	22227.000
1390.710	22317.000
1390.853	22154.000
1390.996	22300.000
1391.138	22277.000
1391.281	22352.000
1391.424	22200.000
1391.566	22388.000
1391.709	22187.000
1391.852	22194.000
1391.994	22092.000
1392.137	22332.000
1392.280	22431.000
1392.422	22320.000
1392.565	22177.000
1392.707	22313.000
1392.850	22256.000
1392.992	22262.000
1393.135	22157.000
1393.277	22276.000
1393.420	22186.000
1393.562	22322.000
1393.705	22129.000
1393.847	22304.000
1393.990	22219.000
1394.132	22398.000
1394.275	22207.000
1394.417	22262.000
1394.560	22181.000
1394.702	22306.000
1394.844	22232.000
1394.987	22256.000
1395.129	22100.000
1395.271	22274.000
1395.414	22052.000
1395.556	22252.000
1395.698	22142.000
1395.840	22282.000
1395.983	22176.000
1396.125	22253.000
1396.267	22237.000
1396.409	22334.000
1396.552	22048.000
1396.694	22220.000
1396.836	22159.000
1396.978	22300.000
1397.120	22153.000
1397.263	22170.000
1397.405	22196.000
1397.547	22318.000
1397.689	22108.000
1397.831	22226.000
1397.973	22169.000
1398.115	22299.000
1398.257	22046.000
1398.399	22254.000
1398.541	22238.000
1398.683	22293.000
1398.825	22111.000
1398.967	22383.000
1399.109	22113.000
1399.251	22323.000
1399.393	21965.000
1399.535	22251.000
1399.677	22301.000
1399.819	22377.000
1399.961	22054.000
1400.103	22283.000
1400.245	22000.000
1400.387	22263.000
1400.528	22075.000
1400.670	22352.000
1400.812	22215.000
1400.954	22224.000
1401.096	22107.000
1401.238	22200.000
1401.379	22119.000
1401.521	22204.000
1401.663	22054.000
1401.805	22323.000
1401.946	22117.000
1402.088	22351.000
1402.230	21969.000
1402.371	22174.000
1402.513	22132.000
1402.655	22161.000
1402.796	21995.000
1402.938	22164.000
1403.080	21995.000
1403.221	22180.000
1403.363	22040.000
1403.504	22168.000
1403.646	22146.000
1403.788	22137.000
1403.929	22067.000
1404.071	22162.000
1404.212	22108.000
1404.354	22105.000
1404.495	21969.000
1404.637	22143.000
1404.778	22088.000
1404.919	22131.000
1405.061	21960.000
1405.202	22093.000
1405.344	22098.000
1405.485	22058.000
1405.627	21982.000
1405.768	22245.000
1405.909	22012.000
1406.051	22125.000
1406.192	21993.000
1406.333	22108.000
1406.475	22110.000
1406.616	22152.000
1406.757	22059.000
1406.898	22032.000
1407.040	22231.000
1407.181	22253.000
1407.322	22136.000
1407.463	22156.000
1407.605	22081.000
1407.746	22170.000
1407.887	22041.000
1408.028	22132.000
1408.169	22063.000
1408.310	22128.000
1408.452	22087.000
1408.593	22175.000
1408.734	22093.000
1408.875	22203.000
1409.016	21983.000
1409.157	22201.000
1409.298	22029.000
1409.439	22215.000
1409.580	22095.000
1409.721	22076.000
1409.862	22127.000
1410.003	22042.000
1410.144	22006.000
1410.285	22125.000
1410.426	22161.000
1410.567	22179.000
1410.708	21952.000
1410.849	22143.000
1410.990	21917.000
1411.131	22188.000
1411.271	21990.000
1411.412	22097.000
1411.553	22092.000
1411.694	21939.000
1411.835	22012.000
1411.976	22146.000
1412.116	21987.000
1412.257	22043.000
1412.398	22024.000
1412.539	22162.000
1412.680	21965.000
1412.820	22110.000
1412.961	22026.000
1413.102	22086.000
1413.242	22071.000
1413.383	22057.000
1413.524	22019.000
1413.664	21970.000
1413.805	21985.000
1413.946	21949.000
1414.086	21929.000
1414.227	22077.000
1414.367	21899.000
1414.508	21933.000
1414.649	21912.000
1414.789	22129.000
1414.930	22015.000
1415.070	22086.000
1415.211	21912.000
1415.351	21935.000
1415.492	21926.000
1415.632	21860.000
1415.773	21824.000
1415.913	21854.000
1416.053	21876.000
1416.194	21973.000
1416.334	21942.000
1416.475	21986.000
1416.615	21898.000
1416.755	21901.000
1416.896	21808.000
1417.036	21790.000
1417.176	21794.000
1417.317	21883.000
1417.457	21601.000
1417.597	21719.000
1417.738	21736.000
1417.878	21900.000
1418.018	21629.000
1418.158	21825.000
1418.299	21728.000
1418.439	21813.000
1418.579	21658.000
1418.719	21717.000
1418.859	21737.000
1419.000	21733.000
1419.140	21657.000
1419.280	21658.000
1419.420	21793.000
1419.560	21754.000
1419.700	21556.000
1419.840	21753.000
1419.980	21587.000
1420.120	21651.000
1420.260	21487.000
1420.400	21697.000
1420.540	21682.000
1420.680	21704.000
1420.820	21572.000
1420.960	21666.000
1421.100	21649.000
1421.240	21739.000
1421.380	21439.000
1421.520	21614.000
1421.660	21598.000
1421.800	21554.000
1421.940	21496.000
1422.080	21624.000
1422.220	21593.000
1422.360	21639.000
1422.499	21449.000
1422.639	21550.000
1422.779	21593.000
1422.919	21630.000
1423.059	21494.000
1423.198	21652.000
1423.338	21630.000
1423.478	21580.000
1423.618	21497.000
1423.757	21724.000
1423.897	21653.000
1424.037	21700.000
1424.176	21455.000
1424.316	21638.000
1424.456	21497.000
1424.595	21613.000
1424.735	21538.000
1424.875	21628.000
1425.014	21589.000
1425.154	21638.000
1425.293	21448.000
1425.433	21652.000
1425.573	21753.000
1425.712	21722.000
1425.852	21644.000
1425.991	21641.000
1426.131	21669.000
1426.270	21721.000
1426.410	21631.000
1426.549	21682.000
1426.689	21741.000
1426.828	21719.000
1426.967	21555.000
1427.107	21679.000
1427.246	21690.000
1427.386	21690.000
1427.525	21640.000
1427.664	21785.000
1427.804	21630.000
1427.943	21835.000
1428.082	21563.000
1428.222	21852.000
1428.361	21775.000
1428.500	21803.000
1428.640	21680.000
1428.779	21675.000
1428.918	21749.000
1429.057	21782.000
1429.196	21611.000
1429.336	21794.000
1429.475	21692.000
1429.614	21795.000
1429.753	21759.000
1429.892	21800.000
1430.032	21766.000
1430.171	21953.000
1430.310	21688.000
1430.449	21831.000
1430.588	21803.000
1430.727	21922.000
1430.866	21751.000
1431.005	21968.000
1431.144	21772.000
1431.283	21925.000
1431.422	21710.000
1431.561	21940.000
1431.700	21855.000
1431.839	21846.000
1431.978	21763.000
1432.117	22015.000
1432.256	21829.000
1432.395	21911.000
1432.534	21724.000
1432.673	21896.000
1432.812	21956.000
1432.951	21876.000
1433.089	21770.000
1433.228	21951.000
1433.367	21979.000
1433.506	22775.000
1433.645	21808.000
1433.783	21944.000
1433.922	21861.000
1434.061	21861.000
1434.200	21863.000
1434.339	21909.000
1434.477	21940.000
1434.616	21931.000
1434.755	21682.000
1434.893	22052.000
1435.032	21868.000
1435.171	21962.000
1435.309	21784.000
1435.448	21982.000
1435.587	21956.000
1435.725	21885.000
1435.864	21680.000
1436.002	21862.000
1436.141	21800.000
1436.280	21870.000
1436.418	21742.000
1436.557	21866.000
1436.695	21709.000
1436.834	21915.000
1436.972	21664.000
1437.111	21814.000
1437.249	21867.000
1437.388	21904.000
1437.526	21649.000
1437.664	21770.000
1437.803	21671.000
1437.941	21835.000
1438.080	21674.000
1438.218	21827.000
1438.356	21584.000
1438.495	21891.000
1438.633	21660.000
1438.771	21810.000
1438.910	21677.000
1439.048	21762.000
1439.186	21632.000
1439.325	21832.000
1439.463	21855.000
1439.601	21906.000
1439.739	21621.000
1439.878	21948.000
1440.016	21749.000
1440.154	21887.000
1440.292	21718.000
1440.430	21913.000
1440.569	21762.000
1440.707	21902.000
1440.845	21733.000
1440.983	22040.000
1441.121	21798.000
1441.259	21977.000
1441.397	21728.000
1441.535	21943.000
1441.673	21789.000
1441.811	21886.000
1441.949	21866.000
1442.087	22002.000
1442.225	21953.000
1442.363	22014.000
1442.501	21838.000
1442.639	21991.000
1442.777	21873.000
1442.915	21936.000
1443.053	21932.000
1443.191	22074.000
1443.329	21998.000
1443.467	21993.000
1443.605	22010.000
1443.743	22046.000
1443.881	21977.000
1444.018	22040.000
1444.156	21943.000
1444.294	22004.000
1444.432	22016.000
1444.570	22043.000
1444.707	22019.000
1444.845	22078.000
1444.983	22152.000
1445.121	22045.000
1445.258	22016.000
1445.396	22187.000
1445.534	22168.000
1445.671	22278.000
1445.809	22080.000
1445.947	22341.000
1446.084	22270.000
1446.222	22349.000
1446.360	22138.000
1446.497	22347.000
1446.635	22340.000
1446.772	22336.000
1446.910	22152.000
1447.048	22414.000
1447.185	22366.000
1447.323	22282.000
1447.460	22284.000
1447.598	22359.000
1447.735	22442.000
1447.873	22553.000
1448.010	22324.000
1448.147	22406.000
1448.285	22283.000
1448.422	22381.000
1448.560	22306.000
1448.697	22423.000
1448.835	22389.000
1448.972	22458.000
1449.109	22226.000
1449.247	22429.000
1449.384	22343.000
1449.521	22502.000
1449.659	22339.000
1449.796	22443.000
1449.933	22425.000
1450.070	22356.000
1450.208	22328.000
1450.345	22418.000
1450.482	22429.000
1450.619	22286.000
1450.757	22346.000
1450.894	22501.000
1451.031	22295.000
1451.168	22418.000
1451.305	22334.000
1451.442	22444.000
1451.580	22324.000
1451.717	22450.000
1451.854	22262.000
1451.991	22401.000
1452.128	22338.000
1452.265	22444.000
1452.402	22209.000
1452.539	22466.000
1452.676	22296.000
1452.813	22492.000
1452.950	22326.000
1453.087	22371.000
1453.224	22411.000
1453.361	22583.000
1453.498	22363.000
1453.635	22598.000
1453.772	22436.000
1453.909	22503.000
1454.046	22347.000
1454.183	19851.000
1454.319	22375.000
1454.456	22485.000
1454.593	22290.000
1454.730	22466.000
1454.867	22426.000
1455.004	22448.000
1455.140	22355.000
1455.277	22490.000
1455.414	22411.000
1455.551	22455.000
1455.687	22352.000
1455.824	22419.000
1455.961	22474.000
1456.098	22491.000
1456.234	22341.000
1456.371	22433.000
1456.508	22388.000
1456.644	22362.000
1456.781	22181.000
1456.917	22535.000
1457.054	22247.000
1457.191	22400.000
1457.327	22206.000
1457.464	22318.000
1457.600	22417.000
1457.737	22328.000
1457.873	22313.000
1458.010	22434.000
1458.146	22293.000
1458.283	22408.000
1458.419	22139.000
1458.556	22288.000
1458.692	22169.000
1458.829	22260.000
1458.965	22064.000
1459.102	22282.000
1459.238	22237.000
1459.374	22282.000
1459.511	22263.000
1459.647	22225.000
1459.784	22197.000
1459.920	22186.000
1460.056	22061.000
1460.193	22148.000
1460.329	22069.000
1460.465	22188.000
1460.601	22097.000
1460.738	22169.000
1460.874	22205.000
1461.010	22302.000
1461.146	22136.000
1461.283	22245.000
1461.419	22280.000
1461.555	22241.000
1461.691	22105.000
1461.827	22341.000
1461.963	22289.000
1462.100	22271.000
1462.236	22371.000
1462.372	28751.000
1462.508	22392.000
1462.644	22405.000
1462.780	22290.000
1462.916	22436.000
1463.052	22376.000
1463.188	22421.000
1463.324	22371.000
1463.460	22597.000
1463.596	22550.000
1463.732	22603.000
1463.868	22468.000
1464.004	22584.000
1464.140	22510.000
1464.276	22726.000
1464.412	22554.000
1464.548	22654.000
1464.684	22640.000
1464.820	22612.000
1464.955	22602.000
1465.091	22764.000
1465.227	22719.000
1465.363	22772.000
1465.499	22692.000
1465.635	22789.000
1465.770	22714.000
1465.906	22765.000
1466.042	22557.000
1466.178	22804.000
1466.313	22746.000
1466.449	22756.000
1466.585	22663.000
1466.720	22756.000
1466.856	22845.000
1466.992	22809.000
1467.127	22733.000
1467.263	22706.000
1467.399	22767.000
1467.534	22652.000
1467.670	22691.000
1467.806	22747.000
1467.941	22743.000
1468.077	22771.000
1468.212	22771.000
1468.348	22860.000
1468.483	22814.000
1468.619	22849.000
1468.754	22799.000
1468.890	22822.000
1469.025	23006.000
1469.161	23016.000
1469.296	22783.000
1469.432	22922.000
1469.567	22949.000
1469.702	23070.000
1469.838	22828.000
1469.973	22983.000
1470.109	22975.000
1470.244	23136.000
1470.379	22983.000
1470.515	23215.000
1470.650	23042.000
1470.785	23147.000
1470.921	23122.000
1471.056	23197.000
1471.191	23176.000
1471.326	23090.000
1471.462	23105.000
1471.597	23335.000
1471.732	23384.000
1471.867	23331.000
1472.003	23159.000
1472.138	23403.000
1472.273	23395.000
1472.408	23452.000
1472.543	23383.000
1472.678	23446.000
1472.813	23475.000
1472.948	23449.000
1473.084	23311.000
1473.219	23568.000
1473.354	23484.000
1473.489	23533.000
1473.624	23324.000
1473.759	23553.000
1473.894	23664.000
1474.029	23665.000
1474.164	23513.000
1474.299	23723.000
1474.434	23509.000
1474.569	23800.000
1474.704	23608.000
