1129.938	11307.000
1130.084	10905.000
1130.229	11036.000
1130.375	10745.000
1130.521	10788.000
1130.667	10583.000
1130.813	10573.000
1130.958	10375.000
1131.104	10418.000
1131.250	10264.000
1131.396	10244.000
1131.542	10153.000
1131.687	10195.000
1131.833	9976.000
1131.979	10081.000
1132.124	10024.000
1132.270	9925.000
1132.416	9904.000
1132.561	9888.000
1132.707	9858.000
1132.853	9814.000
1132.998	9696.000
1133.144	9864.000
1133.290	9711.000
1133.435	9736.000
1133.581	9695.000
1133.727	9805.000
1133.872	9697.000
1134.018	9746.000
1134.163	9690.000
1134.309	9748.000
1134.455	9684.000
1134.600	9637.000
1134.746	9535.000
1134.891	9477.000
1135.037	9468.000
1135.182	9502.000
1135.328	9378.000
1135.473	9427.000
1135.619	9362.000
1135.764	9292.000
1135.910	9315.000
1136.055	9227.000
1136.201	9272.000
1136.346	9161.000
1136.492	9183.000
1136.637	9191.000
1136.783	9107.000
1136.928	9123.000
1137.074	9137.000
1137.219	9047.000
1137.364	9018.000
1137.510	9084.000
1137.655	9062.000
1137.801	9021.000
1137.946	9007.000
1138.091	8941.000
1138.237	9004.000
1138.382	8868.000
1138.527	8901.000
1138.673	8955.000
1138.818	8883.000
1138.963	8820.000
1139.109	8828.000
1139.254	8767.000
1139.399	8887.000
1139.544	8830.000
1139.690	8789.000
1139.835	8778.000
1139.980	8816.000
1140.125	8752.000
1140.271	8733.000
1140.416	8737.000
1140.561	8779.000
1140.706	8661.000
1140.851	8680.000
1140.997	8664.000
1141.142	8684.000
1141.287	8666.000
1141.432	8755.000
1141.577	8636.000
1141.723	8681.000
1141.868	8655.000
1142.013	8642.000
1142.158	8574.000
1142.303	8615.000
1142.448	8572.000
1142.593	8599.000
1142.738	8583.000
1142.883	8599.000
1143.028	8543.000
1143.174	8607.000
1143.319	8556.000
1143.464	8588.000
1143.609	8562.000
1143.754	8533.000
1143.899	8496.000
1144.044	8575.000
1144.189	8540.000
1144.334	8574.000
1144.479	8484.000
1144.624	8504.000
1144.769	8438.000
1144.914	8426.000
1145.059	8438.000
1145.204	8580.000
1145.348	8445.000
1145.493	8500.000
1145.638	8455.000
1145.783	8473.000
1145.928	8445.000
1146.073	8490.000
1146.218	8304.000
1146.363	8527.000
1146.508	8419.000
1146.653	8416.000
1146.797	8444.000
1146.942	8486.000
1147.087	8444.000
1147.232	8435.000
1147.377	8387.000
1147.522	8434.000
1147.666	8415.000
1147.811	8543.000
1147.956	8372.000
1148.101	8469.000
1148.245	8301.000
1148.390	8390.000
1148.535	8487.000
1148.680	8465.000
1148.824	8382.000
1148.969	8443.000
1149.114	8411.000
1149.259	8423.000
1149.403	8393.000
1149.548	8430.000
1149.693	8444.000
1149.837	8498.000
1149.982	8378.000
1150.127	8448.000
1150.271	8421.000
1150.416	8471.000
1150.561	8380.000
1150.705	8361.000
1150.850	8388.000
1150.994	8504.000
1151.139	8444.000
1151.284	8416.000
1151.428	8374.000
1151.573	8467.000
1151.717	8388.000
1151.862	8406.000
1152.006	8329.000
1152.151	8413.000
1152.295	8332.000
1152.440	8484.000
1152.584	8402.000
1152.729	8456.000
1152.873	8354.000
1153.018	8427.000
1153.162	8372.000
1153.307	8375.000
1153.451	8334.000
1153.596	8425.000
1153.740	8270.000
1153.885	8377.000
1154.029	8378.000
1154.174	8387.000
1154.318	8318.000
1154.462	8427.000
1154.607	8249.000
1154.751	8402.000
1154.896	8331.000
1155.040	8353.000
1155.184	8339.000
1155.329	8383.000
1155.473	8243.000
1155.617	8394.000
1155.762	8177.000
1155.906	8277.000
1156.050	8269.000
1156.194	8416.000
1156.339	8285.000
1156.483	8363.000
1156.627	8182.000
1156.772	8247.000
1156.916	8246.000
1157.060	8282.000
1157.204	8289.000
1157.349	8369.000
1157.493	8229.000
1157.637	8274.000
1157.781	8142.000
1157.925	8317.000
1158.070	8197.000
1158.214	8352.000
1158.358	8168.000
1158.502	8258.000
1158.646	8090.000
1158.790	8344.000
1158.935	8300.000
1159.079	8223.000
1159.223	8224.000
1159.367	8210.000
1159.511	8152.000
1159.655	8270.000
1159.799	8199.000
1159.943	8299.000
1160.087	8127.000
1160.231	8267.000
1160.375	8144.000
1160.519	8200.000
1160.664	8112.000
1160.808	8322.000
1160.952	8142.000
1161.096	8217.000
1161.240	8082.000
1161.384	8221.000
1161.528	8087.000
1161.672	8215.000
1161.815	8160.000
1161.959	8296.000
1162.103	8115.000
1162.247	8255.000
1162.391	8010.000
1162.535	8273.000
1162.679	8072.000
1162.823	8232.000
1162.967	8102.000
1163.111	8285.000
1163.255	8167.000
1163.399	8230.000
1163.542	8096.000
1163.686	8253.000
1163.830	8096.000
1163.974	8201.000
1164.118	8093.000
1164.262	8263.000
1164.405	8081.000
1164.549	8164.000
1164.693	8081.000
1164.837	8193.000
1164.981	8091.000
1165.124	8177.000
1165.268	8073.000
1165.412	8228.000
1165.556	8149.000
1165.699	8226.000
1165.843	8194.000
1165.987	8280.000
1166.131	8157.000
1166.274	8131.000
1166.418	8079.000
1166.562	8210.000
1166.705	8055.000
1166.849	8234.000
1166.993	8247.000
1167.136	8271.000
1167.280	8074.000
1167.424	8273.000
1167.567	8225.000
1167.711	8202.000
1167.854	8095.000
1167.998	8290.000
1168.142	8131.000
1168.285	8261.000
1168.429	8083.000
1168.572	8280.000
1168.716	8122.000
1168.859	8228.000
1169.003	8130.000
1169.147	8240.000
1169.290	8155.000
1169.434	8235.000
1169.577	8176.000
1169.721	8250.000
1169.864	8121.000
1170.008	8405.000
1170.151	8172.000
1170.294	8220.000
1170.438	8195.000
1170.581	8311.000
1170.725	8103.000
1170.868	8250.000
1171.012	8249.000
1171.155	8304.000
1171.298	8163.000
1171.442	8251.000
1171.585	8165.000
1171.729	8266.000
1171.872	8138.000
1172.015	8245.000
1172.159	8144.000
1172.302	8285.000
1172.445	8162.000
1172.589	8280.000
1172.732	8041.000
1172.875	8315.000
1173.019	8106.000
1173.162	8224.000
1173.305	8121.000
1173.449	8278.000
1173.592	8128.000
1173.735	8252.000
1173.878	8237.000
1174.022	8161.000
1174.165	8073.000
1174.308	8266.000
1174.451	8162.000
1174.594	8260.000
1174.738	8110.000
1174.881	8347.000
1175.024	8241.000
1175.167	8282.000
1175.310	8117.000
1175.454	8262.000
1175.597	8216.000
1175.740	8299.000
1175.883	8103.000
1176.026	8316.000
1176.169	8146.000
1176.312	8187.000
1176.455	8167.000
1176.598	8231.000
1176.742	8144.000
1176.885	8373.000
1177.028	8109.000
1177.171	8142.000
1177.314	8142.000
1177.457	8338.000
1177.600	8200.000
1177.743	8225.000
1177.886	8048.000
1178.029	8318.000
1178.172	8142.000
1178.315	8287.000
1178.458	8140.000
1178.601	8287.000
1178.744	8174.000
1178.887	8297.000
1179.030	8234.000
1179.173	8330.000
1179.316	8178.000
1179.458	8357.000
1179.601	8147.000
1179.744	8257.000
1179.887	8216.000
1180.030	8311.000
1180.173	8090.000
1180.316	8367.000
1180.459	8133.000
1180.602	8238.000
1180.744	8147.000
1180.887	8335.000
1181.030	8209.000
1181.173	8318.000
1181.316	8226.000
1181.458	8283.000
1181.601	8159.000
1181.744	8300.000
1181.887	8285.000
1182.030	8259.000
1182.172	8213.000
1182.315	8296.000
1182.458	8269.000
1182.601	8371.000
1182.743	8199.000
1182.886	8292.000
1183.029	8233.000
1183.171	8324.000
1183.314	8271.000
1183.457	8354.000
1183.599	8154.000
1183.742	8408.000
1183.885	8212.000
1184.027	8383.000
1184.170	8205.000
1184.313	8448.000
1184.455	8294.000
1184.598	8496.000
1184.741	8220.000
1184.883	8525.000
1185.026	8297.000
1185.168	8399.000
1185.311	8339.000
1185.453	8472.000
1185.596	8342.000
1185.739	8423.000
1185.881	8344.000
1186.024	8494.000
1186.166	8302.000
1186.309	8453.000
1186.451	8388.000
1186.594	8475.000
1186.736	8435.000
1186.879	8507.000
1187.021	8437.000
1187.164	8500.000
1187.306	8359.000
1187.448	8528.000
1187.591	8155.000
1187.733	8553.000
1187.876	8442.000
1188.018	8522.000
1188.160	8498.000
1188.303	8486.000
1188.445	8355.000
1188.588	8491.000
1188.730	8495.000
1188.872	8649.000
1189.015	8432.000
1189.157	8582.000
1189.299	8424.000
1189.442	8578.000
1189.584	8469.000
1189.726	8558.000
1189.869	8422.000
1190.011	8667.000
1190.153	8541.000
1190.295	8628.000
1190.438	8462.000
1190.580	8667.000
1190.722	8503.000
1190.864	8674.000
1191.007	8549.000
1191.149	8612.000
1191.291	8435.000
1191.433	8658.000
1191.576	8556.000
1191.718	8780.000
1191.860	8550.000
1192.002	8753.000
1192.144	8604.000
1192.286	8692.000
1192.429	8585.000
1192.571	8734.000
1192.713	8602.000
1192.855	8790.000
1192.997	8669.000
1193.139	8758.000
1193.281	8627.000
1193.423	8816.000
1193.565	8699.000
1193.707	8791.000
1193.850	8654.000
1193.992	8719.000
1194.134	8636.000
1194.276	8819.000
1194.418	8625.000
1194.560	8736.000
1194.702	8701.000
1194.844	8743.000
1194.986	8673.000
1195.128	8826.000
1195.270	8714.000
1195.412	8853.000
1195.554	8719.000
1195.696	8902.000
1195.837	8770.000
1195.979	8828.000
1196.121	8675.000
1196.263	8899.000
1196.405	8832.000
1196.547	8838.000
1196.689	8692.000
1196.831	8920.000
1196.973	8794.000
1197.115	8855.000
1197.256	8745.000
1197.398	8892.000
1197.540	8771.000
1197.682	8906.000
1197.824	8751.000
1197.966	8923.000
1198.107	8728.000
1198.249	8877.000
1198.391	8871.000
1198.533	8902.000
1198.675	8769.000
1198.816	8887.000
1198.958	8767.000
1199.100	8974.000
1199.242	8897.000
1199.383	8891.000
1199.525	8824.000
1199.667	8866.000
1199.808	8853.000
1199.950	8934.000
1200.092	8885.000
1200.233	9016.000
1200.375	8806.000
1200.517	8916.000
1200.658	8827.000
1200.800	8974.000
1200.942	8835.000
1201.083	8988.000
1201.225	8863.000
1201.367	9005.000
1201.508	8861.000
1201.650	8846.000
1201.791	8782.000
1201.933	8971.000
1202.074	8763.000
1202.216	8927.000
1202.358	8788.000
1202.499	8912.000
1202.641	8792.000
1202.782	8898.000
1202.924	8793.000
1203.065	8981.000
1203.207	8677.000
1203.348	8949.000
1203.490	8802.000
1203.631	8930.000
1203.773	8803.000
1203.914	8937.000
1204.056	8782.000
1204.197	8924.000
1204.338	8782.000
1204.480	8880.000
1204.621	8803.000
1204.763	8912.000
1204.904	8749.000
1205.045	8929.000
1205.187	8948.000
1205.328	8935.000
1205.470	8848.000
1205.611	8981.000
1205.752	8775.000
1205.894	8958.000
1206.035	8781.000
1206.176	8953.000
1206.318	8786.000
1206.459	9101.000
1206.600	8876.000
1206.741	9022.000
1206.883	8823.000
1207.024	9021.000
1207.165	8847.000
1207.306	8988.000
1207.448	8836.000
1207.589	8953.000
1207.730	8855.000
1207.871	9051.000
1208.013	8901.000
1208.154	9015.000
1208.295	8758.000
1208.436	8965.000
1208.577	8877.000
1208.719	8976.000
1208.860	8871.000
1209.001	9013.000
1209.142	8811.000
1209.283	8989.000
1209.424	8776.000
1209.565	9023.000
1209.706	8856.000
1209.848	9084.000
1209.989	8876.000
1210.130	8962.000
1210.271	8843.000
1210.412	8951.000
1210.553	8922.000
1210.694	9072.000
1210.835	8865.000
1210.976	9026.000
1211.117	8767.000
1211.258	9000.000
1211.399	8909.000
1211.540	9010.000
1211.681	8844.000
1211.822	8985.000
1211.963	8964.000
1212.104	8985.000
1212.245	8872.000
1212.386	9047.000
1212.527	8848.000
1212.668	9017.000
1212.809	8808.000
1212.950	9069.000
1213.090	8883.000
1213.231	8961.000
1213.372	8825.000
1213.513	8979.000
1213.654	8893.000
1213.795	8953.000
1213.936	8790.000
1214.077	8972.000
1214.217	8893.000
1214.358	9029.000
1214.499	8890.000
1214.640	9059.000
1214.781	8851.000
1214.921	8997.000
1215.062	8838.000
1215.203	8941.000
1215.344	8764.000
1215.485	8953.000
1215.625	8907.000
1215.766	9009.000
1215.907	8835.000
1216.047	8990.000
1216.188	8851.000
1216.329	8953.000
1216.470	8755.000
1216.610	8958.000
1216.751	8806.000
1216.892	8844.000
1217.032	8723.000
1217.173	8928.000
1217.314	8881.000
1217.454	8902.000
1217.595	8823.000
1217.735	8937.000
1217.876	8823.000
1218.017	8934.000
1218.157	8773.000
1218.298	8982.000
1218.438	8787.000
1218.579	8920.000
1218.720	8747.000
1218.860	8988.000
1219.001	8790.000
1219.141	8844.000
1219.282	8813.000
1219.422	8883.000
1219.563	8746.000
1219.703	8817.000
1219.844	8745.000
1219.984	8965.000
1220.125	8823.000
1220.265	8881.000
1220.406	8796.000
1220.546	8917.000
1220.687	8788.000
1220.827	8856.000
1220.967	8727.000
1221.108	8904.000
1221.248	8716.000
1221.389	8867.000
1221.529	8757.000
1221.669	8889.000
1221.810	8742.000
1221.950	8832.000
1222.091	8699.000
1222.231	8891.000
1222.371	8747.000
1222.512	8854.000
1222.652	8740.000
1222.792	8895.000
1222.933	8650.000
1223.073	8816.000
1223.213	8810.000
1223.353	8950.000
1223.494	8778.000
1223.634	8833.000
1223.774	8759.000
1223.914	8846.000
1224.055	8666.000
1224.195	8856.000
1224.335	8730.000
1224.475	8824.000
1224.616	8701.000
1224.756	8826.000
1224.896	8666.000
1225.036	8916.000
1225.176	8763.000
1225.316	8897.000
1225.457	8657.000
1225.597	8904.000
1225.737	8707.000
1225.877	8907.000
1226.017	8720.000
1226.157	8934.000
1226.297	8707.000
1226.437	8842.000
1226.578	8714.000
1226.718	8863.000
1226.858	8743.000
1226.998	8916.000
1227.138	8731.000
1227.278	8850.000
1227.418	8796.000
1227.558	8831.000
1227.698	8771.000
1227.838	8911.000
1227.978	8758.000
1228.118	8836.000
1228.258	8717.000
1228.398	8875.000
1228.538	8762.000
1228.678	8842.000
1228.818	8754.000
1228.958	8873.000
1229.098	8797.000
1229.238	8940.000
1229.377	8725.000
1229.517	8854.000
1229.657	8801.000
1229.797	8883.000
1229.937	8757.000
1230.077	8947.000
1230.217	8792.000
1230.357	8901.000
1230.496	8826.000
1230.636	8925.000
1230.776	8825.000
1230.916	8867.000
1231.056	8768.000
1231.196	8966.000
1231.335	8774.000
1231.475	8829.000
1231.615	8844.000
1231.755	8899.000
1231.894	8770.000
1232.034	8849.000
1232.174	8746.000
1232.314	8963.000
1232.453	8745.000
1232.593	8888.000
1232.733	8820.000
1232.873	8974.000
1233.012	9151.000
1233.152	8872.000
1233.292	8808.000
1233.431	8891.000
1233.571	8731.000
1233.711	8942.000
1233.850	8762.000
1233.990	8953.000
1234.129	8773.000
1234.269	8816.000
1234.409	8828.000
1234.548	8891.000
1234.688	8772.000
1234.828	8865.000
1234.967	8774.000
1235.107	8942.000
1235.246	8752.000
1235.386	8843.000
1235.525	8727.000
1235.665	8836.000
1235.804	8700.000
1235.944	8876.000
1236.083	8777.000
1236.223	8832.000
1236.362	8798.000
1236.502	8838.000
1236.641	8710.000
1236.781	8945.000
1236.920	8745.000
1237.060	8838.000
1237.199	8760.000
1237.339	8798.000
1237.478	8752.000
1237.617	8818.000
1237.757	8742.000
1237.896	8767.000
1238.036	8752.000
1238.175	8796.000
1238.314	8748.000
1238.454	8851.000
1238.593	8703.000
1238.732	8835.000
1238.872	8754.000
1239.011	8906.000
1239.150	8749.000
1239.290	8799.000
1239.429	8811.000
1239.568	8819.000
1239.708	8787.000
1239.847	8846.000
1239.986	8759.000
1240.125	8848.000
1240.265	8800.000
1240.404	8871.000
1240.543	8822.000
1240.682	8869.000
1240.822	8759.000
1240.961	8813.000
1241.100	8766.000
1241.239	8841.000
1241.378	8740.000
1241.518	8928.000
1241.657	8803.000
1241.796	8901.000
1241.935	8768.000
1242.074	8854.000
1242.213	8762.000
1242.352	8866.000
1242.492	8701.000
1242.631	8916.000
1242.770	8781.000
1242.909	8969.000
1243.048	8845.000
1243.187	8963.000
1243.326	8768.000
1243.465	8945.000
1243.604	8788.000
1243.743	8898.000
1243.882	8774.000
1244.021	8964.000
1244.160	8787.000
1244.299	8957.000
1244.438	8815.000
1244.577	8970.000
1244.716	8784.000
1244.855	8937.000
1244.994	8831.000
1245.133	9012.000
1245.272	8870.000
1245.411	8971.000
1245.550	8948.000
1245.689	9057.000
1245.828	8928.000
1245.967	8965.000
1246.106	8901.000
1246.244	9040.000
1246.383	8879.000
1246.522	9031.000
1246.661	8902.000
1246.800	9050.000
1246.939	8865.000
1247.078	9034.000
1247.216	8877.000
1247.355	9107.000
1247.494	9021.000
1247.633	9048.000
1247.772	8868.000
1247.910	9018.000
1248.049	8892.000
1248.188	9042.000
1248.327	8909.000
1248.465	9086.000
1248.604	8959.000
1248.743	9024.000
1248.882	8947.000
1249.020	9092.000
1249.159	8966.000
1249.298	9043.000
1249.436	8962.000
1249.575	9098.000
1249.714	8937.000
1249.852	9019.000
1249.991	8908.000
1250.130	9068.000
1250.268	8846.000
1250.407	9095.000
1250.546	8985.000
1250.684	8998.000
1250.823	9010.000
1250.961	9107.000
1251.100	8940.000
1251.239	9087.000
1251.377	8957.000
1251.516	9054.000
1251.654	8916.000
1251.793	9034.000
1251.931	8923.000
1252.070	8993.000
1252.208	8956.000
1252.347	9066.000
1252.485	9012.000
1252.624	9046.000
1252.762	8942.000
1252.901	9151.000
1253.039	9035.000
1253.178	9079.000
1253.316	9029.000
1253.455	9107.000
1253.593	9027.000
1253.732	9100.000
1253.870	8251.000
1254.008	9052.000
1254.147	8967.000
1254.285	9048.000
1254.424	8902.000
1254.562	9094.000
1254.700	8963.000
1254.839	9100.000
1254.977	9054.000
1255.115	9102.000
1255.254	8989.000
1255.392	9072.000
1255.530	8969.000
1255.669	9140.000
1255.807	8985.000
1255.945	9091.000
1256.084	8903.000
1256.222	9119.000
1256.360	8934.000
1256.498	9049.000
1256.637	9008.000
1256.775	9054.000
1256.913	8975.000
1257.051	9099.000
1257.189	8948.000
1257.328	9140.000
1257.466	8916.000
1257.604	9188.000
1257.742	9003.000
1257.880	9049.000
1258.019	9031.000
1258.157	9033.000
1258.295	8969.000
1258.433	9024.000
1258.571	8934.000
1258.709	9039.000
1258.847	8982.000
1258.986	9148.000
1259.124	8977.000
1259.262	9157.000
1259.400	8954.000
1259.538	9072.000
1259.676	8928.000
1259.814	9060.000
1259.952	8902.000
1260.090	9061.000
1260.228	8898.000
1260.366	9061.000
1260.504	8923.000
1260.642	9083.000
1260.780	9029.000
1260.918	9088.000
1261.056	8971.000
1261.194	9215.000
1261.332	8932.000
1261.470	9098.000
1261.608	9015.000
1261.746	9169.000
1261.884	9003.000
1262.022	9223.000
1262.160	11651.000
1262.297	9215.000
1262.435	9078.000
1262.573	9141.000
1262.711	9089.000
1262.849	9154.000
1262.987	9008.000
1263.125	9160.000
1263.262	9166.000
1263.400	9304.000
1263.538	9152.000
1263.676	9180.000
1263.814	9104.000
1263.952	9221.000
1264.089	9171.000
1264.227	9280.000
1264.365	9152.000
1264.503	9279.000
1264.640	9102.000
1264.778	9322.000
1264.916	9189.000
1265.054	9341.000
1265.191	9203.000
1265.329	9328.000
1265.467	9176.000
1265.604	9289.000
1265.742	9165.000
1265.880	9239.000
1266.017	9168.000
1266.155	9381.000
1266.293	9147.000
1266.430	9318.000
1266.568	9160.000
1266.706	9412.000
1266.843	9232.000
1266.981	9368.000
1267.119	9157.000
1267.256	9367.000
1267.394	9054.000
1267.531	9350.000
1267.669	9133.000
1267.806	9370.000
1267.944	9150.000
1268.081	9382.000
1268.219	9192.000
1268.357	9337.000
1268.494	9185.000
1268.632	9397.000
1268.769	9136.000
1268.907	9431.000
1269.044	9278.000
1269.182	9315.000
1269.319	9198.000
1269.456	9423.000
1269.594	9228.000
1269.731	9385.000
1269.869	9212.000
1270.006	9408.000
1270.144	9276.000
1270.281	9366.000
1270.418	9311.000
1270.556	9400.000
1270.693	9265.000
1270.831	9493.000
1270.968	9248.000
1271.105	9455.000
1271.243	9188.000
1271.380	9413.000
1271.517	9315.000
1271.655	9551.000
1271.792	9279.000
1271.929	9459.000
1272.066	9337.000
1272.204	9565.000
1272.341	9297.000
1272.478	9571.000
1272.616	9294.000
1272.753	9615.000
1272.890	9297.000
1273.027	9467.000
1273.165	9328.000
1273.302	9563.000
1273.439	9319.000
1273.576	9427.000
1273.713	9368.000
1273.851	9623.000
1273.988	9391.000
1274.125	9509.000
1274.262	9335.000
1274.399	9483.000
1274.536	9405.000
1274.673	9591.000
