1529.702	8926.000
1529.853	8935.000
1530.004	8923.000
1530.155	9000.000
1530.306	8897.000
1530.456	9019.000
1530.607	8883.000
1530.758	8959.000
1530.909	8868.000
1531.059	8942.000
1531.210	8838.000
1531.360	8967.000
1531.511	8839.000
1531.662	8838.000
1531.812	8844.000
1531.963	8959.000
1532.113	8757.000
1532.264	8950.000
1532.415	8803.000
1532.565	8913.000
1532.716	8792.000
1532.866	8810.000
1533.016	8930.000
1533.167	8860.000
1533.317	8850.000
1533.468	8834.000
1533.618	8826.000
1533.768	8799.000
1533.919	8776.000
1534.069	8795.000
1534.219	8790.000
1534.370	8833.000
1534.520	8827.000
1534.670	8807.000
1534.821	8750.000
1534.971	8790.000
1535.121	8783.000
1535.271	8739.000
1535.421	8785.000
1535.571	8798.000
1535.722	8738.000
1535.872	8823.000
1536.022	8709.000
1536.172	8804.000
1536.322	8664.000
1536.472	8782.000
1536.622	8748.000
1536.772	8725.000
1536.922	8735.000
1537.072	8754.000
1537.222	8665.000
1537.372	8671.000
1537.522	8707.000
1537.672	8739.000
1537.822	8622.000
1537.972	8711.000
1538.122	8647.000
1538.271	8716.000
1538.421	8630.000
1538.571	8625.000
1538.721	8665.000
1538.871	8625.000
1539.020	8580.000
1539.170	8588.000
1539.320	8538.000
1539.470	8646.000
1539.619	8583.000
1539.769	8551.000
1539.919	8552.000
1540.068	8590.000
1540.218	8534.000
1540.367	8527.000
1540.517	8521.000
1540.667	8578.000
1540.816	8453.000
1540.966	8532.000
1541.115	8455.000
1541.265	8521.000
1541.414	8460.000
1541.564	8592.000
1541.713	8436.000
1541.863	8520.000
1542.012	8488.000
1542.161	8509.000
1542.311	8396.000
1542.460	8448.000
1542.609	8356.000
1542.759	8435.000
1542.908	8394.000
1543.057	8418.000
1543.207	8370.000
1543.356	8447.000
1543.505	8417.000
1543.654	8420.000
1543.804	8406.000
1543.953	8375.000
1544.102	8318.000
1544.251	8406.000
1544.400	8348.000
1544.549	8431.000
1544.698	8331.000
1544.848	8316.000
1544.997	8272.000
1545.146	8288.000
1545.295	8311.000
1545.444	8414.000
1545.593	8275.000
1545.742	8331.000
1545.891	8302.000
1546.040	8351.000
1546.189	8253.000
1546.337	8353.000
1546.486	8158.000
1546.635	8378.000
1546.784	8261.000
1546.933	8255.000
1547.082	8274.000
1547.231	8339.000
1547.379	8295.000
1547.528	8277.000
1547.677	8242.000
1547.826	8327.000
1547.974	8243.000
1548.123	8347.000
1548.272	8213.000
1548.420	8330.000
1548.569	8169.000
1548.718	8213.000
1548.866	8289.000
1549.015	8320.000
1549.163	8210.000
1549.312	8322.000
1549.461	8233.000
1549.609	8272.000
1549.758	8206.000
1549.906	8292.000
1550.055	8261.000
1550.203	8312.000
1550.352	8195.000
1550.500	8282.000
1550.648	8252.000
1550.797	8294.000
1550.945	8202.000
1551.093	8179.000
1551.242	8211.000
1551.390	8302.000
1551.538	8250.000
1551.687	8232.000
1551.835	8161.000
1551.983	8294.000
1552.131	8186.000
1552.280	8225.000
1552.428	8116.000
1552.576	8207.000
1552.724	8118.000
1552.872	8292.000
1553.021	8175.000
1553.169	8262.000
1553.317	8181.000
1553.465	8230.000
1553.613	8151.000
1553.761	8164.000
1553.909	8131.000
1554.057	8215.000
1554.205	8046.000
1554.353	8208.000
1554.501	8179.000
1554.649	8188.000
1554.797	8111.000
1554.945	8229.000
1555.093	8050.000
1555.240	8213.000
1555.388	8126.000
1555.536	8137.000
1555.684	8166.000
1555.832	8206.000
1555.980	8039.000
1556.127	8164.000
1556.275	7973.000
1556.423	8091.000
1556.571	8079.000
1556.718	8234.000
1556.866	8084.000
1557.014	8181.000
1557.161	7994.000
1557.309	8070.000
1557.456	8044.000
1557.604	8098.000
1557.752	8081.000
1557.899	8181.000
1558.047	7985.000
1558.194	8064.000
1558.342	7963.000
1558.489	8074.000
1558.637	8010.000
1558.784	8164.000
1558.932	7953.000
1559.079	8068.000
1559.227	7916.000
1559.374	8136.000
1559.521	8095.000
1559.669	8021.000
1559.816	8034.000
1559.963	8032.000
1560.111	7941.000
1560.258	8072.000
1560.405	7979.000
1560.552	8115.000
1560.700	7941.000
1560.847	8093.000
1560.994	7951.000
1561.141	8058.000
1561.288	7914.000
1561.436	8136.000
1561.583	7950.000
1561.730	8013.000
1561.877	7904.000
1562.024	8004.000
1562.171	7878.000
1562.318	8017.000
1562.465	7973.000
1562.612	8084.000
1562.759	7974.000
1562.906	8075.000
1563.053	7833.000
1563.200	8062.000
1563.347	7888.000
1563.494	8036.000
1563.641	7907.000
1563.788	8111.000
1563.934	7948.000
1564.081	8037.000
1564.228	7943.000
1564.375	8078.000
1564.522	7939.000
1564.668	8012.000
1564.815	7950.000
1564.962	8063.000
1565.109	7875.000
1565.255	7982.000
1565.402	7892.000
1565.549	8023.000
1565.695	7923.000
1565.842	8011.000
1565.988	7876.000
1566.135	8066.000
1566.282	7929.000
1566.428	8064.000
1566.575	8026.000
1566.721	8078.000
1566.868	7981.000
1567.014	7989.000
1567.161	7877.000
1567.307	8003.000
1567.454	7869.000
1567.600	8012.000
1567.746	8006.000
1567.893	8091.000
1568.039	7898.000
1568.186	8072.000
1568.332	8010.000
1568.478	8020.000
1568.625	7875.000
1568.771	8058.000
1568.917	7912.000
1569.063	8031.000
1569.210	7907.000
1569.356	8058.000
1569.502	7909.000
1569.648	8003.000
1569.794	7930.000
1569.940	8006.000
1570.087	7924.000
1570.233	8022.000
1570.379	7943.000
1570.525	8031.000
1570.671	7894.000
1570.817	8097.000
1570.963	7934.000
1571.109	7991.000
1571.255	7962.000
1571.401	8098.000
1571.547	7888.000
1571.693	8054.000
1571.839	8017.000
1571.985	8074.000
1572.130	7919.000
1572.276	7964.000
1572.422	7920.000
1572.568	7994.000
1572.714	7913.000
1572.860	8002.000
1573.005	7926.000
1573.151	8037.000
1573.297	7927.000
1573.443	8023.000
1573.588	7775.000
1573.734	8085.000
1573.880	7858.000
1574.025	7994.000
1574.171	7849.000
1574.317	8029.000
1574.462	7851.000
1574.608	7980.000
1574.753	7994.000
1574.899	7910.000
1575.045	7817.000
1575.190	7995.000
1575.336	7890.000
1575.481	7965.000
1575.626	7815.000
1575.772	8027.000
1575.917	7966.000
1576.063	8015.000
1576.208	7840.000
1576.354	7999.000
1576.499	7891.000
1576.644	7991.000
1576.790	7823.000
1576.935	8024.000
1577.080	7852.000
1577.225	7846.000
1577.371	7882.000
1577.516	7948.000
1577.661	7832.000
1577.806	8039.000
1577.952	7840.000
1578.097	7832.000
1578.242	7841.000
1578.387	8019.000
1578.532	7875.000
1578.677	7890.000
1578.822	7763.000
1578.967	8004.000
1579.113	7780.000
1579.258	7935.000
1579.403	7810.000
1579.548	7966.000
1579.693	7813.000
1579.838	7928.000
1579.982	7861.000
1580.127	7970.000
1580.272	7852.000
1580.417	7979.000
1580.562	7788.000
1580.707	7924.000
1580.852	7838.000
1580.997	7897.000
1581.141	7737.000
1581.286	7989.000
1581.431	7713.000
1581.576	7851.000
1581.720	7800.000
1581.865	7955.000
1582.010	7807.000
1582.155	7927.000
1582.299	7804.000
1582.444	7859.000
1582.589	7731.000
1582.733	7870.000
1582.878	7858.000
1583.022	7825.000
1583.167	7762.000
1583.311	7823.000
1583.456	7795.000
1583.601	7913.000
1583.745	7753.000
1583.890	7839.000
1584.034	7769.000
1584.178	7893.000
1584.323	7781.000
1584.467	7879.000
1584.612	7697.000
1584.756	7929.000
1584.900	7727.000
1585.045	7881.000
1585.189	7762.000
1585.333	7928.000
1585.478	7763.000
1585.622	7981.000
1585.766	7686.000
1585.910	7975.000
1586.055	7756.000
1586.199	7901.000
1586.343	7775.000
1586.487	7935.000
1586.631	7811.000
1586.775	7854.000
1586.920	7771.000
1587.064	7928.000
1587.208	7739.000
1587.352	7852.000
1587.496	7747.000
1587.640	7857.000
1587.784	7855.000
1587.928	7913.000
1588.072	7790.000
1588.216	7863.000
1588.360	7726.000
1588.504	7914.000
1588.648	7510.000
1588.792	7909.000
1588.935	7823.000
1589.079	7858.000
1589.223	7842.000
1589.367	7813.000
1589.511	7642.000
1589.655	7787.000
1589.798	7793.000
1589.942	7959.000
1590.086	7735.000
1590.230	7875.000
1590.373	7700.000
1590.517	7930.000
1590.661	7768.000
1590.804	7840.000
1590.948	7697.000
1591.091	7924.000
1591.235	7797.000
1591.379	7879.000
1591.522	7733.000
1591.666	7902.000
1591.809	7746.000
1591.953	7904.000
1592.096	7813.000
1592.240	7843.000
1592.383	7683.000
1592.527	7834.000
1592.670	7755.000
1592.814	7985.000
1592.957	7733.000
1593.100	7903.000
1593.244	7759.000
1593.387	7880.000
1593.530	7758.000
1593.674	7908.000
1593.817	7757.000
1593.960	7904.000
1594.103	7757.000
1594.247	7863.000
1594.390	7759.000
1594.533	7928.000
1594.676	7773.000
1594.819	7912.000
1594.963	7752.000
1595.106	7805.000
1595.249	7708.000
1595.392	7897.000
1595.535	7722.000
1595.678	7838.000
1595.821	7749.000
1595.964	7819.000
1596.107	7747.000
1596.250	7871.000
1596.393	7762.000
1596.536	7888.000
1596.679	7729.000
1596.822	7929.000
1596.965	7782.000
1597.108	7854.000
1597.251	7730.000
1597.393	7898.000
1597.536	7810.000
1597.679	7852.000
1597.822	7713.000
1597.965	7922.000
1598.107	7735.000
1598.250	7835.000
1598.393	7701.000
1598.536	7862.000
1598.678	7728.000
1598.821	7852.000
1598.964	7697.000
1599.106	7888.000
1599.249	7721.000
1599.392	7866.000
1599.534	7807.000
1599.677	7825.000
1599.819	7714.000
1599.962	7834.000
1600.104	7676.000
1600.247	7921.000
1600.389	7818.000
1600.532	7836.000
1600.674	7726.000
1600.817	7801.000
1600.959	7780.000
1601.102	7882.000
1601.244	7782.000
1601.386	7944.000
1601.529	7743.000
1601.671	7877.000
1601.813	7749.000
1601.956	7936.000
1602.098	7759.000
1602.240	7918.000
1602.382	7800.000
1602.525	7922.000
1602.667	7773.000
1602.809	7771.000
1602.951	7700.000
1603.093	7890.000
1603.236	7641.000
1603.378	7818.000
1603.520	7700.000
1603.662	7818.000
1603.804	7679.000
1603.946	7800.000
1604.088	7682.000
1604.230	7915.000
1604.372	7619.000
1604.514	7895.000
1604.656	7700.000
1604.798	7824.000
1604.940	7736.000
1605.082	7830.000
1605.224	7672.000
1605.366	7820.000
1605.507	7639.000
1605.649	7827.000
1605.791	7685.000
1605.933	7827.000
1606.075	7614.000
1606.217	7797.000
1606.358	7816.000
1606.500	7877.000
1606.642	7699.000
1606.783	7843.000
1606.925	7679.000
1607.067	7843.000
1607.209	7692.000
1607.350	7845.000
1607.492	7636.000
1607.633	7939.000
1607.775	7741.000
1607.917	7916.000
1608.058	7666.000
1608.200	7875.000
1608.341	7719.000
1608.483	7864.000
1608.624	7626.000
1608.766	7809.000
1608.907	7652.000
1609.049	7860.000
1609.190	7732.000
1609.331	7846.000
1609.473	7610.000
1609.614	7827.000
1609.755	7706.000
1609.897	7797.000
1610.038	7692.000
1610.179	7810.000
1610.321	7656.000
1610.462	7822.000
1610.603	7624.000
1610.744	7856.000
1610.886	7712.000
1611.027	7918.000
1611.168	7721.000
1611.309	7777.000
1611.450	7660.000
1611.591	7778.000
1611.732	7733.000
1611.874	7914.000
1612.015	7651.000
1612.156	7841.000
1612.297	7571.000
1612.438	7814.000
1612.579	7677.000
1612.720	7834.000
1612.861	7643.000
1613.002	7805.000
1613.143	7759.000
1613.283	7747.000
1613.424	7657.000
1613.565	7842.000
1613.706	7628.000
1613.847	7795.000
1613.988	7615.000
1614.129	7852.000
1614.269	7680.000
1614.410	7765.000
1614.551	7630.000
1614.692	7776.000
1614.832	7672.000
1614.973	7745.000
1615.114	7581.000
1615.254	7752.000
1615.395	7689.000
1615.536	7840.000
1615.676	7716.000
1615.817	7846.000
1615.958	7634.000
1616.098	7792.000
1616.239	7611.000
1616.379	7751.000
1616.520	7539.000
1616.660	7738.000
1616.801	7689.000
1616.941	7812.000
1617.082	7601.000
1617.222	7796.000
1617.362	7577.000
1617.503	7762.000
1617.643	7544.000
1617.784	7760.000
1617.924	7585.000
1618.064	7671.000
1618.205	7517.000
1618.345	7674.000
1618.485	7659.000
1618.625	7683.000
1618.766	7545.000
1618.906	7693.000
1619.046	7597.000
1619.186	7725.000
1619.326	7538.000
1619.467	7741.000
1619.607	7551.000
1619.747	7682.000
1619.887	7514.000
1620.027	7742.000
1620.167	7569.000
1620.307	7675.000
1620.447	7587.000
1620.587	7652.000
1620.727	7490.000
1620.867	7598.000
1621.007	7498.000
1621.147	7735.000
1621.287	7592.000
1621.427	7637.000
1621.567	7555.000
1621.707	7685.000
1621.847	7540.000
1621.986	7637.000
1622.126	7508.000
1622.266	7666.000
1622.406	7481.000
1622.546	7631.000
1622.685	7513.000
1622.825	7648.000
1622.965	7497.000
1623.105	7596.000
1623.244	7488.000
1623.384	7706.000
1623.524	7524.000
1623.663	7655.000
1623.803	7549.000
1623.942	7689.000
1624.082	7464.000
1624.222	7617.000
1624.361	7551.000
1624.501	7718.000
1624.640	7538.000
1624.780	7643.000
1624.919	7563.000
1625.059	7635.000
1625.198	7466.000
1625.337	7654.000
1625.477	7528.000
1625.616	7645.000
1625.756	7507.000
1625.895	7648.000
1626.034	7488.000
1626.174	7722.000
1626.313	7528.000
1626.452	7682.000
1626.591	7455.000
1626.731	7705.000
1626.870	7516.000
1627.009	7720.000
1627.148	7498.000
1627.288	7727.000
1627.427	7525.000
1627.566	7660.000
1627.705	7539.000
1627.844	7672.000
1627.983	7516.000
1628.122	7713.000
1628.261	7551.000
1628.400	7647.000
1628.539	7598.000
1628.678	7651.000
1628.817	7552.000
1628.956	7730.000
1629.095	7576.000
1629.234	7662.000
1629.373	7536.000
1629.512	7707.000
1629.651	7586.000
1629.790	7652.000
1629.929	7582.000
1630.068	7657.000
1630.206	7608.000
1630.345	7751.000
1630.484	7558.000
1630.623	7690.000
1630.762	7654.000
1630.900	7724.000
1631.039	7586.000
1631.178	7815.000
1631.316	7625.000
1631.455	7719.000
1631.594	7639.000
1631.732	7775.000
1631.871	7599.000
1632.010	7732.000
1632.148	7617.000
1632.287	7760.000
1632.425	7619.000
1632.564	7689.000
1632.702	7703.000
1632.841	7749.000
1632.979	7606.000
1633.118	7673.000
1633.256	7609.000
1633.395	7801.000
1633.533	7582.000
1633.671	7714.000
1633.810	7621.000
1633.948	7799.000
1634.086	8008.000
1634.225	7739.000
1634.363	7614.000
1634.501	7756.000
1634.640	7558.000
1634.778	7809.000
1634.916	7589.000
1635.054	7810.000
1635.192	7628.000
1635.331	7676.000
1635.469	7669.000
1635.607	7759.000
1635.745	7641.000
1635.883	7724.000
1636.021	7607.000
1636.159	7819.000
1636.297	7610.000
1636.435	7706.000
1636.573	7601.000
1636.711	7677.000
1636.849	7591.000
1636.987	7717.000
1637.125	7606.000
1637.263	7700.000
1637.401	7647.000
1637.539	7693.000
1637.677	7568.000
1637.815	7829.000
1637.953	7614.000
1638.091	7676.000
1638.228	7584.000
1638.366	7636.000
1638.504	7585.000
1638.642	7670.000
1638.779	7617.000
1638.917	7606.000
1639.055	7579.000
1639.193	7629.000
1639.330	7597.000
1639.468	7691.000
1639.606	7562.000
1639.743	7719.000
1639.881	7596.000
1640.018	7765.000
1640.156	7595.000
1640.294	7680.000
1640.431	7644.000
1640.569	7683.000
1640.706	7625.000
1640.844	7735.000
1640.981	7624.000
1641.119	7687.000
1641.256	7644.000
1641.393	7741.000
1641.531	7685.000
1641.668	7731.000
1641.806	7601.000
1641.943	7673.000
1642.080	7621.000
1642.218	7721.000
1642.355	7615.000
1642.492	7757.000
1642.629	7653.000
1642.767	7753.000
1642.904	7622.000
1643.041	7758.000
1643.178	7645.000
1643.315	7728.000
1643.453	7580.000
1643.590	7796.000
1643.727	7635.000
1643.864	7799.000
1644.001	7682.000
1644.138	7838.000
1644.275	7633.000
1644.412	7820.000
1644.549	7655.000
1644.686	7762.000
1644.823	7611.000
1644.960	7818.000
1645.097	7634.000
1645.234	7845.000
1645.371	7688.000
1645.508	7833.000
1645.645	7628.000
1645.782	7799.000
1645.918	7743.000
1646.055	7867.000
1646.192	7740.000
1646.329	7825.000
1646.466	7788.000
1646.602	7912.000
1646.739	7751.000
1646.876	7809.000
1647.013	7763.000
1647.149	7943.000
1647.286	7727.000
1647.423	7842.000
1647.559	7725.000
1647.696	7961.000
1647.833	7714.000
1647.969	7906.000
1648.106	7733.000
1648.242	7979.000
1648.379	7836.000
1648.515	7926.000
1648.652	7719.000
1648.788	7875.000
1648.925	7756.000
1649.061	7880.000
1649.198	7809.000
1649.334	7919.000
1649.470	7815.000
1649.607	7912.000
1649.743	7790.000
1649.879	7915.000
1650.016	7811.000
1650.152	7909.000
1650.288	7730.000
1650.425	8007.000
1650.561	7755.000
1650.697	7915.000
1650.833	7734.000
1650.970	7900.000
1651.106	7665.000
1651.242	7947.000
1651.378	7830.000
1651.514	7851.000
1651.650	7814.000
1651.787	7954.000
1651.923	7776.000
1652.059	7934.000
1652.195	7811.000
1652.331	7905.000
1652.467	7775.000
1652.603	7870.000
1652.739	7793.000
1652.875	7887.000
1653.011	7840.000
1653.147	7905.000
1653.282	7829.000
1653.418	7902.000
1653.554	7776.000
1653.690	7963.000
1653.826	7846.000
1653.962	7907.000
1654.098	7865.000
1654.233	7923.000
1654.369	7831.000
1654.505	7919.000
1654.641	7038.000
1654.776	7901.000
1654.912	7786.000
1655.048	7856.000
1655.183	7736.000
1655.319	7905.000
1655.455	7765.000
1655.590	7882.000
1655.726	7857.000
1655.862	7920.000
1655.997	7810.000
1656.133	7904.000
1656.268	7787.000
1656.404	7996.000
1656.539	7842.000
1656.675	7910.000
1656.810	7704.000
1656.946	7928.000
1657.081	7764.000
1657.216	7848.000
1657.352	7800.000
1657.487	7859.000
1657.623	7741.000
1657.758	7926.000
1657.893	7722.000
1658.029	7921.000
1658.164	7713.000
1658.299	7988.000
1658.434	7784.000
1658.570	7860.000
1658.705	7793.000
1658.840	7834.000
1658.975	7758.000
1659.110	7788.000
1659.245	7686.000
1659.381	7769.000
1659.516	7714.000
1659.651	7912.000
1659.786	7728.000
1659.921	7855.000
1660.056	7701.000
1660.191	7834.000
1660.326	7678.000
1660.461	7802.000
1660.596	7638.000
1660.731	7842.000
1660.866	7648.000
1661.001	7826.000
1661.136	7647.000
1661.271	7842.000
1661.406	7768.000
1661.540	7811.000
1661.675	7699.000
1661.810	7932.000
1661.945	7687.000
1662.080	7804.000
1662.214	7770.000
1662.349	7910.000
1662.484	7711.000
1662.619	7936.000
1662.753	10496.000
1662.888	7930.000
1663.023	7772.000
1663.157	7903.000
1663.292	7791.000
1663.427	7908.000
1663.561	7664.000
1663.696	7868.000
1663.830	7892.000
1663.965	7995.000
1664.099	7848.000
1664.234	7929.000
1664.368	7803.000
1664.503	7922.000
1664.637	7883.000
1664.772	8016.000
1664.906	7812.000
1665.041	7975.000
1665.175	7829.000
1665.309	7994.000
1665.444	7879.000
1665.578	8025.000
1665.712	7871.000
1665.847	8004.000
1665.981	7903.000
1666.115	7994.000
1666.249	7822.000
1666.384	7920.000
1666.518	7839.000
1666.652	8066.000
1666.786	7884.000
1666.920	8014.000
1667.055	7832.000
1667.189	8088.000
1667.323	7866.000
1667.457	8056.000
1667.591	7829.000
1667.725	8010.000
1667.859	7787.000
1667.993	8028.000
1668.127	7844.000
1668.261	8057.000
1668.395	7814.000
1668.529	8076.000
1668.663	7893.000
1668.797	8013.000
1668.931	7891.000
1669.065	8089.000
1669.199	7854.000
1669.332	8105.000
1669.466	7970.000
1669.600	8023.000
1669.734	7903.000
1669.868	8108.000
1670.001	7975.000
1670.135	8070.000
1670.269	7926.000
1670.403	8068.000
1670.536	8005.000
1670.670	8040.000
1670.804	8004.000
1670.937	8104.000
1671.071	7985.000
1671.205	8151.000
1671.338	7966.000
1671.472	8143.000
1671.605	7950.000
1671.739	8089.000
1671.872	8067.000
1672.006	8238.000
1672.139	8061.000
1672.273	8217.000
1672.406	8134.000
1672.540	8302.000
1672.673	8131.000
1672.807	8262.000
1672.940	8068.000
1673.073	8253.000
1673.207	8067.000
1673.340	8154.000
1673.473	8088.000
1673.607	8250.000
1673.740	8106.000
1673.873	8101.000
1674.006	8133.000
1674.140	8291.000
1674.273	8174.000
1674.406	8214.000
1674.539	8140.000
1674.672	8169.000
1674.805	8211.000
1674.939	8316.000
