1229.956	8920.000
1230.103	8899.000
1230.250	8926.000
1230.397	8962.000
1230.544	8864.000
1230.691	9005.000
1230.838	8872.000
1230.985	8929.000
1231.132	8836.000
1231.278	8941.000
1231.425	8832.000
1231.572	8954.000
1231.719	8850.000
1231.866	8845.000
1232.013	8875.000
1232.159	8981.000
1232.306	8752.000
1232.453	8953.000
1232.600	8819.000
1232.746	8961.000
1232.893	8791.000
1233.040	8838.000
1233.186	8942.000
1233.333	8931.000
1233.480	8854.000
1233.627	8874.000
1233.773	8897.000
1233.920	8871.000
1234.066	8823.000
1234.213	8866.000
1234.360	8851.000
1234.506	8928.000
1234.653	8880.000
1234.800	8882.000
1234.946	8761.000
1235.093	8878.000
1235.239	8906.000
1235.386	8824.000
1235.532	8853.000
1235.679	8894.000
1235.825	8829.000
1235.972	8911.000
1236.118	8817.000
1236.265	8893.000
1236.411	8757.000
1236.558	8866.000
1236.704	8843.000
1236.851	8809.000
1236.997	8803.000
1237.143	8829.000
1237.290	8801.000
1237.436	8800.000
1237.583	8838.000
1237.729	8895.000
1237.875	8743.000
1238.022	8841.000
1238.168	8728.000
1238.314	8823.000
1238.461	8747.000
1238.607	8754.000
1238.753	8790.000
1238.900	8778.000
1239.046	8691.000
1239.192	8747.000
1239.338	8691.000
1239.485	8813.000
1239.631	8754.000
1239.777	8683.000
1239.923	8715.000
1240.070	8770.000
1240.216	8701.000
1240.362	8676.000
1240.508	8704.000
1240.654	8774.000
1240.800	8653.000
1240.947	8714.000
1241.093	8644.000
1241.239	8675.000
1241.385	8662.000
1241.531	8771.000
1241.677	8625.000
1241.823	8703.000
1241.969	8653.000
1242.115	8697.000
1242.261	8590.000
1242.407	8650.000
1242.553	8576.000
1242.699	8618.000
1242.845	8613.000
1242.991	8607.000
1243.137	8587.000
1243.283	8634.000
1243.429	8612.000
1243.575	8607.000
1243.721	8600.000
1243.867	8595.000
1244.013	8566.000
1244.159	8623.000
1244.305	8581.000
1244.451	8620.000
1244.596	8560.000
1244.742	8539.000
1244.888	8504.000
1245.034	8502.000
1245.180	8512.000
1245.326	8641.000
1245.471	8511.000
1245.617	8578.000
1245.763	8530.000
1245.909	8561.000
1246.055	8531.000
1246.200	8596.000
1246.346	8421.000
1246.492	8656.000
1246.638	8501.000
1246.783	8508.000
1246.929	8555.000
1247.075	8597.000
1247.220	8527.000
1247.366	8555.000
1247.512	8497.000
1247.657	8568.000
1247.803	8504.000
1247.949	8617.000
1248.094	8455.000
1248.240	8619.000
1248.385	8413.000
1248.531	8496.000
1248.676	8591.000
1248.822	8611.000
1248.968	8492.000
1249.113	8575.000
1249.259	8531.000
1249.404	8552.000
1249.550	8512.000
1249.695	8567.000
1249.841	8572.000
1249.986	8620.000
1250.132	8541.000
1250.277	8575.000
1250.422	8518.000
1250.568	8607.000
1250.713	8515.000
1250.859	8512.000
1251.004	8520.000
1251.150	8636.000
1251.295	8571.000
1251.440	8549.000
1251.586	8489.000
1251.731	8611.000
1251.876	8527.000
1252.022	8516.000
1252.167	8418.000
1252.312	8544.000
1252.458	8435.000
1252.603	8629.000
1252.748	8540.000
1252.893	8602.000
1253.039	8502.000
1253.184	8562.000
1253.329	8536.000
1253.474	8512.000
1253.619	8475.000
1253.765	8559.000
1253.910	8435.000
1254.055	8546.000
1254.200	8519.000
1254.345	8523.000
1254.490	8467.000
1254.636	8577.000
1254.781	8412.000
1254.926	8532.000
1255.071	8441.000
1255.216	8478.000
1255.361	8528.000
1255.506	8559.000
1255.651	8426.000
1255.796	8543.000
1255.941	8328.000
1256.086	8444.000
1256.231	8421.000
1256.376	8551.000
1256.521	8468.000
1256.666	8509.000
1256.811	8349.000
1256.956	8392.000
1257.101	8423.000
1257.246	8446.000
1257.391	8432.000
1257.536	8511.000
1257.681	8364.000
1257.826	8439.000
1257.971	8345.000
1258.116	8470.000
1258.260	8396.000
1258.405	8515.000
1258.550	8330.000
1258.695	8449.000
1258.840	8277.000
1258.985	8487.000
1259.129	8461.000
1259.274	8396.000
1259.419	8419.000
1259.564	8418.000
1259.708	8303.000
1259.853	8421.000
1259.998	8371.000
1260.143	8514.000
1260.287	8334.000
1260.432	8454.000
1260.577	8324.000
1260.721	8418.000
1260.866	8259.000
1261.011	8534.000
1261.155	8341.000
1261.300	8432.000
1261.445	8283.000
1261.589	8418.000
1261.734	8256.000
1261.878	8412.000
1262.023	8332.000
1262.168	8479.000
1262.312	8349.000
1262.457	8431.000
1262.601	8226.000
1262.746	8495.000
1262.890	8265.000
1263.035	8450.000
1263.179	8282.000
1263.324	8532.000
1263.468	8342.000
1263.613	8448.000
1263.757	8347.000
1263.902	8459.000
1264.046	8291.000
1264.191	8415.000
1264.335	8332.000
1264.479	8470.000
1264.624	8301.000
1264.768	8375.000
1264.912	8302.000
1265.057	8387.000
1265.201	8346.000
1265.346	8455.000
1265.490	8291.000
1265.634	8462.000
1265.778	8303.000
1265.923	8502.000
1266.067	8448.000
1266.211	8497.000
1266.356	8368.000
1266.500	8375.000
1266.644	8299.000
1266.788	8440.000
1266.933	8294.000
1267.077	8433.000
1267.221	8452.000
1267.365	8481.000
1267.509	8331.000
1267.653	8506.000
1267.798	8452.000
1267.942	8441.000
1268.086	8321.000
1268.230	8462.000
1268.374	8362.000
1268.518	8466.000
1268.662	8342.000
1268.806	8475.000
1268.950	8313.000
1269.095	8418.000
1269.239	8363.000
1269.383	8458.000
1269.527	8361.000
1269.671	8439.000
1269.815	8413.000
1269.959	8454.000
1270.103	8361.000
1270.247	8581.000
1270.391	8417.000
1270.535	8404.000
1270.679	8413.000
1270.822	8524.000
1270.966	8307.000
1271.110	8484.000
1271.254	8474.000
1271.398	8524.000
1271.542	8378.000
1271.686	8449.000
1271.830	8375.000
1271.973	8430.000
1272.117	8388.000
1272.261	8432.000
1272.405	8379.000
1272.549	8474.000
1272.693	8386.000
1272.836	8465.000
1272.980	8208.000
1273.124	8532.000
1273.268	8322.000
1273.411	8400.000
1273.555	8331.000
1273.699	8503.000
1273.843	8332.000
1273.986	8439.000
1274.130	8433.000
1274.274	8364.000
1274.417	8274.000
1274.561	8447.000
1274.705	8322.000
1274.848	8459.000
1274.992	8293.000
1275.135	8500.000
1275.279	8411.000
1275.423	8439.000
1275.566	8305.000
1275.710	8437.000
1275.853	8373.000
1275.997	8467.000
1276.140	8292.000
1276.284	8466.000
1276.427	8312.000
1276.571	8349.000
1276.714	8340.000
1276.858	8428.000
1277.001	8291.000
1277.145	8513.000
1277.288	8268.000
1277.432	8275.000
1277.575	8242.000
1277.719	8474.000
1277.862	8355.000
1278.005	8350.000
1278.149	8185.000
1278.292	8447.000
1278.435	8280.000
1278.579	8421.000
1278.722	8279.000
1278.865	8439.000
1279.009	8275.000
1279.152	8410.000
1279.295	8387.000
1279.439	8440.000
1279.582	8290.000
1279.725	8443.000
1279.868	8251.000
1280.012	8335.000
1280.155	8301.000
1280.298	8380.000
1280.441	8202.000
1280.585	8439.000
1280.728	8224.000
1280.871	8348.000
1281.014	8250.000
1281.157	8415.000
1281.300	8307.000
1281.444	8409.000
1281.587	8314.000
1281.730	8306.000
1281.873	8224.000
1282.016	8366.000
1282.159	8362.000
1282.302	8301.000
1282.445	8263.000
1282.588	8316.000
1282.731	8270.000
1282.874	8377.000
1283.017	8242.000
1283.160	8281.000
1283.303	8250.000
1283.446	8371.000
1283.589	8244.000
1283.732	8355.000
1283.875	8163.000
1284.018	8389.000
1284.161	8197.000
1284.304	8399.000
1284.447	8208.000
1284.590	8427.000
1284.733	8249.000
1284.876	8482.000
1285.019	8203.000
1285.161	8464.000
1285.304	8233.000
1285.447	8398.000
1285.590	8247.000
1285.733	8402.000
1285.876	8266.000
1286.018	8320.000
1286.161	8231.000
1286.304	8382.000
1286.447	8241.000
1286.589	8354.000
1286.732	8285.000
1286.875	8357.000
1287.018	8305.000
1287.160	8402.000
1287.303	8315.000
1287.446	8382.000
1287.588	8228.000
1287.731	8389.000
1287.874	7937.000
1288.016	8436.000
1288.159	8321.000
1288.302	8348.000
1288.444	8320.000
1288.587	8347.000
1288.729	8209.000
1288.872	8299.000
1289.015	8297.000
1289.157	8458.000
1289.300	8237.000
1289.442	8367.000
1289.585	8244.000
1289.727	8394.000
1289.870	8265.000
1290.012	8327.000
1290.155	8183.000
1290.297	8388.000
1290.440	8302.000
1290.582	8363.000
1290.725	8230.000
1290.867	8399.000
1291.009	8244.000
1291.152	8420.000
1291.294	8325.000
1291.437	8340.000
1291.579	8175.000
1291.721	8368.000
1291.864	8250.000
1292.006	8534.000
1292.148	8235.000
1292.291	8425.000
1292.433	8248.000
1292.575	8399.000
1292.718	8264.000
1292.860	8409.000
1293.002	8278.000
1293.145	8371.000
1293.287	8279.000
1293.429	8376.000
1293.571	8272.000
1293.713	8426.000
1293.856	8341.000
1293.998	8443.000
1294.140	8269.000
1294.282	8364.000
1294.424	8251.000
1294.567	8452.000
1294.709	8206.000
1294.851	8336.000
1294.993	8241.000
1295.135	8340.000
1295.277	8246.000
1295.419	8383.000
1295.561	8282.000
1295.703	8397.000
1295.845	8248.000
1295.987	8438.000
1296.129	8313.000
1296.272	8350.000
1296.414	8258.000
1296.556	8399.000
1296.698	8327.000
1296.840	8383.000
1296.981	8244.000
1297.123	8376.000
1297.265	8293.000
1297.407	8334.000
1297.549	8246.000
1297.691	8364.000
1297.833	8267.000
1297.975	8375.000
1298.117	8226.000
1298.259	8413.000
1298.401	8222.000
1298.542	8358.000
1298.684	8334.000
1298.826	8360.000
1298.968	8234.000
1299.110	8346.000
1299.252	8198.000
1299.393	8455.000
1299.535	8339.000
1299.677	8364.000
1299.819	8251.000
1299.960	8271.000
1300.102	8284.000
1300.244	8378.000
1300.386	8359.000
1300.527	8457.000
1300.669	8247.000
1300.811	8407.000
1300.952	8279.000
1301.094	8412.000
1301.236	8272.000
1301.377	8410.000
1301.519	8361.000
1301.661	8433.000
1301.802	8296.000
1301.944	8261.000
1302.085	8199.000
1302.227	8418.000
1302.368	8170.000
1302.510	8352.000
1302.652	8223.000
1302.793	8359.000
1302.935	8226.000
1303.076	8337.000
1303.218	8207.000
1303.359	8416.000
1303.501	8114.000
1303.642	8393.000
1303.783	8230.000
1303.925	8322.000
1304.066	8238.000
1304.208	8355.000
1304.349	8198.000
1304.491	8354.000
1304.632	8171.000
1304.773	8349.000
1304.915	8179.000
1305.056	8367.000
1305.197	8182.000
1305.339	8325.000
1305.480	8359.000
1305.621	8365.000
1305.763	8228.000
1305.904	8381.000
1306.045	8198.000
1306.187	8396.000
1306.328	8195.000
1306.469	8378.000
1306.610	8130.000
1306.752	8481.000
1306.893	8280.000
1307.034	8421.000
1307.175	8246.000
1307.316	8428.000
1307.458	8277.000
1307.599	8394.000
1307.740	8165.000
1307.881	8368.000
1308.022	8202.000
1308.163	8400.000
1308.304	8297.000
1308.446	8365.000
1308.587	8180.000
1308.728	8343.000
1308.869	8236.000
1309.010	8331.000
1309.151	8207.000
1309.292	8364.000
1309.433	8183.000
1309.574	8371.000
1309.715	8160.000
1309.856	8385.000
1309.997	8236.000
1310.138	8449.000
1310.279	8241.000
1310.420	8314.000
1310.561	8187.000
1310.702	8326.000
1310.843	8279.000
1310.984	8385.000
1311.124	8200.000
1311.265	8378.000
1311.406	8076.000
1311.547	8375.000
1311.688	8255.000
1311.829	8391.000
1311.970	8166.000
1312.110	8329.000
1312.251	8311.000
1312.392	8288.000
1312.533	8239.000
1312.674	8395.000
1312.814	8192.000
1312.955	8389.000
1313.096	8147.000
1313.237	8398.000
1313.377	8198.000
1313.518	8274.000
1313.659	8149.000
1313.800	8329.000
1313.940	8178.000
1314.081	8260.000
1314.222	8085.000
1314.362	8302.000
1314.503	8242.000
1314.644	8384.000
1314.784	8218.000
1314.925	8382.000
1315.065	8189.000
1315.206	8331.000
1315.347	8134.000
1315.487	8310.000
1315.628	8079.000
1315.768	8278.000
1315.909	8216.000
1316.049	8345.000
1316.190	8159.000
1316.330	8362.000
1316.471	8148.000
1316.611	8299.000
1316.752	8096.000
1316.892	8272.000
1317.033	8107.000
1317.173	8170.000
1317.313	8029.000
1317.454	8226.000
1317.594	8211.000
1317.735	8170.000
1317.875	8098.000
1318.015	8244.000
1318.156	8149.000
1318.296	8233.000
1318.437	8081.000
1318.577	8278.000
1318.717	8087.000
1318.857	8222.000
1318.998	8079.000
1319.138	8309.000
1319.278	8099.000
1319.419	8198.000
1319.559	8093.000
1319.699	8179.000
1319.839	8049.000
1319.980	8103.000
1320.120	8043.000
1320.260	8259.000
1320.400	8097.000
1320.540	8183.000
1320.681	8071.000
1320.821	8242.000
1320.961	8088.000
1321.101	8147.000
1321.241	8019.000
1321.381	8194.000
1321.521	7988.000
1321.661	8172.000
1321.802	8045.000
1321.942	8197.000
1322.082	8054.000
1322.222	8139.000
1322.362	8003.000
1322.502	8194.000
1322.642	8029.000
1322.782	8162.000
1322.922	8093.000
1323.062	8207.000
1323.202	7970.000
1323.342	8155.000
1323.482	8147.000
1323.622	8263.000
1323.762	8072.000
1323.902	8125.000
1324.041	8059.000
1324.181	8143.000
1324.321	8018.000
1324.461	8197.000
1324.601	8032.000
1324.741	8148.000
1324.881	8020.000
1325.021	8145.000
1325.160	7998.000
1325.300	8259.000
1325.440	8083.000
1325.580	8217.000
1325.720	8001.000
1325.859	8228.000
1325.999	8044.000
1326.139	8222.000
1326.279	8055.000
1326.418	8267.000
1326.558	8042.000
1326.698	8187.000
1326.838	8041.000
1326.977	8218.000
1327.117	8050.000
1327.257	8251.000
1327.396	8084.000
1327.536	8183.000
1327.675	8112.000
1327.815	8193.000
1327.955	8126.000
1328.094	8263.000
1328.234	8089.000
1328.374	8161.000
1328.513	8041.000
1328.653	8200.000
1328.792	8103.000
1328.932	8170.000
1329.071	8102.000
1329.211	8194.000
1329.350	8123.000
1329.490	8276.000
1329.629	8070.000
1329.769	8201.000
1329.908	8162.000
1330.048	8237.000
1330.187	8084.000
1330.327	8307.000
1330.466	8150.000
1330.605	8280.000
1330.745	8182.000
1330.884	8251.000
1331.024	8167.000
1331.163	8223.000
1331.302	8160.000
1331.442	8291.000
1331.581	8144.000
1331.720	8227.000
1331.860	8185.000
1331.999	8262.000
1332.138	8130.000
1332.277	8212.000
1332.417	8108.000
1332.556	8335.000
1332.695	8095.000
1332.834	8258.000
1332.974	8168.000
1333.113	8350.000
1333.252	8711.000
1333.391	8272.000
1333.531	8141.000
1333.670	8272.000
1333.809	8102.000
1333.948	8341.000
1334.087	8123.000
1334.226	8327.000
1334.365	8128.000
1334.505	8146.000
1334.644	8192.000
1334.783	8262.000
1334.922	8151.000
1335.061	8230.000
1335.200	8144.000
1335.339	8328.000
1335.478	8106.000
1335.617	8227.000
1335.756	8118.000
1335.895	8215.000
1336.034	8114.000
1336.173	8220.000
1336.312	8137.000
1336.451	8211.000
1336.590	8202.000
1336.729	8189.000
1336.868	8063.000
1337.007	8322.000
1337.146	8096.000
1337.285	8187.000
1337.423	8122.000
1337.562	8170.000
1337.701	8093.000
1337.840	8168.000
1337.979	8089.000
1338.118	8106.000
1338.256	8099.000
1338.395	8121.000
1338.534	8084.000
1338.673	8190.000
1338.812	8053.000
1338.950	8186.000
1339.089	8086.000
1339.228	8263.000
1339.367	8098.000
1339.505	8170.000
1339.644	8126.000
1339.783	8163.000
1339.922	8116.000
1340.060	8163.000
1340.199	8100.000
1340.338	8175.000
1340.476	8131.000
1340.615	8185.000
1340.753	8172.000
1340.892	8179.000
1341.031	8082.000
1341.169	8146.000
1341.308	8112.000
1341.446	8198.000
1341.585	8072.000
1341.724	8234.000
1341.862	8121.000
1342.001	8261.000
1342.139	8100.000
1342.278	8150.000
1342.416	8105.000
1342.555	8208.000
1342.693	8065.000
1342.832	8276.000
1342.970	8117.000
1343.109	8307.000
1343.247	8158.000
1343.385	8297.000
1343.524	8114.000
1343.662	8296.000
1343.801	8101.000
1343.939	8215.000
1344.077	8097.000
1344.216	8328.000
1344.354	8123.000
1344.492	8325.000
1344.631	8151.000
1344.769	8319.000
1344.907	8109.000
1345.046	8251.000
1345.184	8179.000
1345.322	8311.000
1345.460	8214.000
1345.599	8312.000
1345.737	8258.000
1345.875	8353.000
1346.013	8246.000
1346.152	8282.000
1346.290	8212.000
1346.428	8410.000
1346.566	8203.000
1346.704	8322.000
1346.843	8224.000
1346.981	8396.000
1347.119	8187.000
1347.257	8394.000
1347.395	8208.000
1347.533	8427.000
1347.671	8342.000
1347.809	8357.000
1347.947	8208.000
1348.085	8338.000
1348.224	8237.000
1348.362	8323.000
1348.500	8237.000
1348.638	8385.000
1348.776	8270.000
1348.914	8341.000
1349.052	8264.000
1349.190	8361.000
1349.328	8290.000
1349.466	8349.000
1349.603	8242.000
1349.741	8429.000
1349.879	8235.000
1350.017	8360.000
1350.155	8225.000
1350.293	8351.000
1350.431	8139.000
1350.569	8400.000
1350.707	8291.000
1350.844	8286.000
1350.982	8244.000
1351.120	8393.000
1351.258	8246.000
1351.396	8380.000
1351.534	8236.000
1351.671	8313.000
1351.809	8201.000
1351.947	8302.000
1352.085	8193.000
1352.222	8289.000
1352.360	8217.000
1352.498	8354.000
1352.636	8218.000
1352.773	8305.000
1352.911	8208.000
1353.049	8416.000
1353.186	8318.000
1353.324	8353.000
1353.462	8296.000
1353.599	8381.000
1353.737	8255.000
1353.874	8372.000
1354.012	7093.000
1354.150	8301.000
1354.287	8257.000
1354.425	8271.000
1354.562	8171.000
1354.700	8351.000
1354.837	8193.000
1354.975	8333.000
1355.112	8253.000
1355.250	8378.000
1355.387	8259.000
1355.525	8308.000
1355.662	8176.000
1355.800	8371.000
1355.937	8243.000
1356.075	8309.000
1356.212	8136.000
1356.350	8360.000
1356.487	8146.000
1356.624	8279.000
1356.762	8197.000
1356.899	8261.000
1357.037	8164.000
1357.174	8282.000
1357.311	8137.000
1357.449	8338.000
1357.586	8103.000
1357.723	8339.000
1357.860	8188.000
1357.998	8241.000
1358.135	8194.000
1358.272	8199.000
1358.410	8115.000
1358.547	8194.000
1358.684	8080.000
1358.821	8146.000
1358.959	8105.000
1359.096	8258.000
1359.233	8104.000
1359.370	8270.000
1359.507	8083.000
1359.644	8182.000
1359.782	8051.000
1359.919	8158.000
1360.056	7971.000
1360.193	8189.000
1360.330	8003.000
1360.467	8150.000
1360.604	8033.000
1360.741	8186.000
1360.878	8117.000
1361.015	8180.000
1361.152	8068.000
1361.290	8286.000
1361.427	7987.000
1361.564	8134.000
1361.701	8106.000
1361.838	8229.000
1361.975	8037.000
1362.112	8293.000
1362.248	12542.000
1362.385	8291.000
1362.522	8099.000
1362.659	8202.000
1362.796	8111.000
1362.933	8214.000
1363.070	8044.000
1363.207	8200.000
1363.344	8232.000
1363.481	8358.000
1363.617	8193.000
1363.754	8219.000
1363.891	8087.000
1364.028	8241.000
1364.165	8226.000
1364.302	8304.000
1364.438	8186.000
1364.575	8293.000
1364.712	8129.000
1364.849	8312.000
1364.985	8199.000
1365.122	8348.000
1365.259	8201.000
1365.396	8301.000
1365.532	8237.000
1365.669	8300.000
1365.806	8147.000
1365.942	8207.000
1366.079	8129.000
1366.216	8324.000
1366.352	8183.000
1366.489	8295.000
1366.625	8152.000
1366.762	8382.000
1366.899	8189.000
1367.035	8324.000
1367.172	8166.000
1367.308	8333.000
1367.445	8072.000
1367.581	8302.000
1367.718	8115.000
1367.855	8327.000
1367.991	8123.000
1368.128	8348.000
1368.264	8173.000
1368.401	8322.000
1368.537	8164.000
1368.673	8362.000
1368.810	8097.000
1368.946	8357.000
1369.083	8201.000
1369.219	8252.000
1369.356	8163.000
1369.492	8333.000
1369.628	8170.000
1369.765	8290.000
1369.901	8176.000
1370.037	8326.000
1370.174	8238.000
1370.310	8295.000
1370.446	8240.000
1370.583	8330.000
1370.719	8259.000
1370.855	8382.000
1370.992	8175.000
1371.128	8363.000
1371.264	8153.000
1371.400	8304.000
1371.537	8262.000
1371.673	8443.000
1371.809	8200.000
1371.945	8317.000
1372.081	8269.000
1372.218	8465.000
1372.354	8275.000
1372.490	8435.000
1372.626	8254.000
1372.762	8452.000
1372.898	8242.000
1373.034	8320.000
1373.170	8287.000
1373.307	8405.000
1373.443	8274.000
1373.579	8281.000
1373.715	8308.000
1373.851	8479.000
1373.987	8331.000
1374.123	8342.000
1374.259	8278.000
1374.395	8328.000
1374.531	8358.000
1374.667	8446.000
