1059.898	6576.000
1060.043	6594.000
1060.188	6567.000
1060.333	6679.000
1060.479	6554.000
1060.624	6729.000
1060.769	6528.000
1060.914	6647.000
1061.059	6578.000
1061.204	6633.000
1061.349	6495.000
1061.494	6696.000
1061.639	6543.000
1061.784	6567.000
1061.929	6574.000
1062.074	6726.000
1062.219	6486.000
1062.364	6805.000
1062.509	6716.000
1062.654	6996.000
1062.799	6850.000
1062.944	6981.000
1063.089	7053.000
1063.234	7049.000
1063.379	6971.000
1063.524	6987.000
1063.669	6859.000
1063.814	6836.000
1063.959	6640.000
1064.104	6690.000
1064.249	6628.000
1064.394	6713.000
1064.538	6589.000
1064.683	6677.000
1064.828	6530.000
1064.973	6660.000
1065.118	6654.000
1065.263	6650.000
1065.408	6631.000
1065.553	6697.000
1065.697	6572.000
1065.842	6706.000
1065.987	6560.000
1066.132	6728.000
1066.277	6563.000
1066.422	6667.000
1066.566	6618.000
1066.711	6608.000
1066.856	6597.000
1067.001	6674.000
1067.146	6587.000
1067.290	6613.000
1067.435	6623.000
1067.580	6721.000
1067.725	6578.000
1067.869	6651.000
1068.014	6554.000
1068.159	6699.000
1068.303	6526.000
1068.448	6661.000
1068.593	6639.000
1068.738	6641.000
1068.882	6563.000
1069.027	6614.000
1069.172	6512.000
1069.316	6693.000
1069.461	6598.000
1069.606	6597.000
1069.750	6576.000
1069.895	6654.000
1070.040	6582.000
1070.184	6627.000
1070.329	6594.000
1070.473	6674.000
1070.618	6523.000
1070.763	6635.000
1070.907	6535.000
1071.052	6632.000
1071.196	6576.000
1071.341	6713.000
1071.486	6576.000
1071.630	6640.000
1071.775	6636.000
1071.919	6656.000
1072.064	6543.000
1072.208	6651.000
1072.353	6552.000
1072.497	6605.000
1072.642	6592.000
1072.786	6628.000
1072.931	6566.000
1073.075	6679.000
1073.220	6599.000
1073.364	6620.000
1073.509	6629.000
1073.653	6641.000
1073.798	6567.000
1073.942	6671.000
1074.087	6646.000
1074.231	6678.000
1074.376	6582.000
1074.520	6595.000
1074.664	6569.000
1074.809	6553.000
1074.953	6576.000
1075.098	6720.000
1075.242	6578.000
1075.386	6662.000
1075.531	6597.000
1075.675	6640.000
1075.819	6627.000
1075.964	6697.000
1076.108	6521.000
1076.252	6760.000
1076.397	6609.000
1076.541	6650.000
1076.685	6660.000
1076.830	6748.000
1076.974	6692.000
1077.118	6731.000
1077.263	6676.000
1077.407	6752.000
1077.551	6693.000
1077.695	6837.000
1077.840	6700.000
1077.984	6827.000
1078.128	6671.000
1078.272	6752.000
1078.417	6871.000
1078.561	6911.000
1078.705	6804.000
1078.849	6907.000
1078.994	6846.000
1079.138	6872.000
1079.282	6792.000
1079.426	6886.000
1079.570	6883.000
1079.714	6976.000
1079.859	6849.000
1080.003	6925.000
1080.147	6893.000
1080.291	6971.000
1080.435	6890.000
1080.579	6858.000
1080.723	6880.000
1080.868	6970.000
1081.012	6938.000
1081.156	6916.000
1081.300	6881.000
1081.444	7004.000
1081.588	6929.000
1081.732	6950.000
1081.876	6890.000
1082.020	6963.000
1082.164	6874.000
1082.308	7065.000
1082.452	6993.000
1082.596	7068.000
1082.740	7001.000
1082.884	7069.000
1083.028	7020.000
1083.172	6997.000
1083.316	6973.000
1083.460	7078.000
1083.604	6963.000
1083.748	7092.000
1083.892	7077.000
1084.036	7088.000
1084.180	7068.000
1084.324	7178.000
1084.468	7048.000
1084.612	7170.000
1084.756	7112.000
1084.900	7137.000
1085.044	7203.000
1085.188	7245.000
1085.332	7137.000
1085.476	7255.000
1085.619	7124.000
1085.763	7225.000
1085.907	7221.000
1086.051	7336.000
1086.195	7285.000
1086.339	7317.000
1086.483	7164.000
1086.626	7260.000
1086.770	7253.000
1086.914	7312.000
1087.058	7305.000
1087.202	7408.000
1087.346	7269.000
1087.489	7292.000
1087.633	7214.000
1087.777	7375.000
1087.921	7257.000
1088.064	7395.000
1088.208	7229.000
1088.352	7303.000
1088.496	7184.000
1088.639	7391.000
1088.783	7363.000
1088.927	7267.000
1089.071	7288.000
1089.214	7297.000
1089.358	7240.000
1089.502	7310.000
1089.645	7278.000
1089.789	7390.000
1089.933	7201.000
1090.076	7338.000
1090.220	7219.000
1090.364	7316.000
1090.507	7191.000
1090.651	7377.000
1090.795	7258.000
1090.938	7281.000
1091.082	7187.000
1091.226	7266.000
1091.369	7164.000
1091.513	7266.000
1091.656	7224.000
1091.800	7294.000
1091.944	7191.000
1092.087	7277.000
1092.231	7077.000
1092.374	7267.000
1092.518	7063.000
1092.661	7238.000
1092.805	7118.000
1092.948	7281.000
1093.092	7130.000
1093.235	7211.000
1093.379	7077.000
1093.522	7228.000
1093.666	7091.000
1093.809	7161.000
1093.953	7082.000
1094.096	7211.000
1094.240	7039.000
1094.383	7145.000
1094.527	7050.000
1094.670	7180.000
1094.814	7114.000
1094.957	7214.000
1095.101	7080.000
1095.244	7282.000
1095.387	7171.000
1095.531	7314.000
1095.674	7286.000
1095.818	7404.000
1095.961	7279.000
1096.104	7314.000
1096.248	7251.000
1096.391	7390.000
1096.534	7287.000
1096.678	7461.000
1096.821	7467.000
1096.964	7523.000
1097.108	7364.000
1097.251	7558.000
1097.394	7526.000
1097.538	7462.000
1097.681	7356.000
1097.824	7555.000
1097.968	7434.000
1098.111	7556.000
1098.254	7404.000
1098.397	7585.000
1098.541	7456.000
1098.684	7515.000
1098.827	7488.000
1098.970	7565.000
1099.114	7491.000
1099.257	7599.000
1099.400	7519.000
1099.543	7638.000
1099.686	7540.000
1099.830	7703.000
1099.973	7594.000
1100.116	7639.000
1100.259	7613.000
1100.402	7714.000
1100.545	7563.000
1100.689	7735.000
1100.832	7742.000
1100.975	7795.000
1101.118	7659.000
1101.261	7779.000
1101.404	7724.000
1101.547	7816.000
1101.691	7743.000
1101.834	7842.000
1101.977	7823.000
1102.120	7913.000
1102.263	7861.000
1102.406	7949.000
1102.549	7699.000
1102.692	8050.000
1102.835	7868.000
1102.978	8026.000
1103.121	7926.000
1103.264	8139.000
1103.407	7965.000
1103.550	8109.000
1103.693	8177.000
1103.836	8075.000
1103.979	8046.000
1104.122	8252.000
1104.265	8193.000
1104.408	8296.000
1104.551	8178.000
1104.694	8414.000
1104.837	8347.000
1104.980	8417.000
1105.123	8273.000
1105.266	8483.000
1105.409	8433.000
1105.552	8545.000
1105.695	8460.000
1105.838	8638.000
1105.980	8519.000
1106.123	8559.000
1106.266	8624.000
1106.409	8687.000
1106.552	8670.000
1106.695	8911.000
1106.838	8731.000
1106.980	8750.000
1107.123	8828.000
1107.266	9003.000
1107.409	8942.000
1107.552	8984.000
1107.695	8910.000
1107.837	9154.000
1107.980	9053.000
1108.123	9172.000
1108.266	9190.000
1108.409	9324.000
1108.551	9302.000
1108.694	9435.000
1108.837	9422.000
1108.980	9571.000
1109.122	9474.000
1109.265	9647.000
1109.408	9537.000
1109.551	9656.000
1109.693	9721.000
1109.836	9837.000
1109.979	9758.000
1110.121	10017.000
1110.264	9820.000
1110.407	9975.000
1110.549	10053.000
1110.692	10206.000
1110.835	10203.000
1110.977	10319.000
1111.120	10330.000
1111.263	10368.000
1111.405	10411.000
1111.548	10559.000
1111.691	10673.000
1111.833	10668.000
1111.976	10733.000
1112.118	10807.000
1112.261	10893.000
1112.404	10985.000
1112.546	11006.000
1112.689	11088.000
1112.831	11188.000
1112.974	11274.000
1113.116	11302.000
1113.259	11515.000
1113.401	11433.000
1113.544	11655.000
1113.686	11589.000
1113.829	11810.000
1113.971	11812.000
1114.114	12016.000
1114.256	11994.000
1114.399	12292.000
1114.541	12079.000
1114.684	12460.000
1114.826	12309.000
1114.969	12499.000
1115.111	12522.000
1115.254	12752.000
1115.396	12811.000
1115.539	12880.000
1115.681	13002.000
1115.823	13157.000
1115.966	13168.000
1116.108	13269.000
1116.251	13340.000
1116.393	13505.000
1116.535	13643.000
1116.678	13731.000
1116.820	13871.000
1116.962	13964.000
1117.105	13959.000
1117.247	14226.000
1117.389	14051.000
1117.532	14479.000
1117.674	14633.000
1117.816	14668.000
1117.959	14805.000
1118.101	14821.000
1118.243	14874.000
1118.386	15064.000
1118.528	15238.000
1118.670	15398.000
1118.812	15446.000
1118.955	15569.000
1119.097	15700.000
1119.239	15900.000
1119.381	16056.000
1119.524	16161.000
1119.666	16236.000
1119.808	16410.000
1119.950	16518.000
1120.093	16527.000
1120.235	16682.000
1120.377	16920.000
1120.519	17103.000
1120.661	17355.000
1120.803	17515.000
1120.946	17478.000
1121.088	17522.000
1121.230	17695.000
1121.372	17933.000
1121.514	18178.000
1121.656	18101.000
1121.798	18238.000
1121.941	18364.000
1122.083	18464.000
1122.225	18584.000
1122.367	18720.000
1122.509	18839.000
1122.651	19130.000
1122.793	19440.000
1122.935	19655.000
1123.077	19894.000
1123.219	19977.000
1123.361	20001.000
1123.503	19980.000
1123.645	20095.000
1123.787	20293.000
1123.929	20686.000
1124.071	20975.000
1124.213	21072.000
1124.355	21207.000
1124.497	21420.000
1124.639	21512.000
1124.781	21789.000
1124.923	21760.000
1125.065	21756.000
1125.207	21667.000
1125.349	21788.000
1125.491	21951.000
1125.633	22349.000
1125.775	22568.000
1125.917	22758.000
1126.059	22904.000
1126.201	23137.000
1126.343	23174.000
1126.485	23441.000
1126.626	23587.000
1126.768	23797.000
1126.910	23778.000
1127.052	23916.000
1127.194	23874.000
1127.336	23947.000
1127.478	23895.000
1127.619	23924.000
1127.761	23908.000
1127.903	24139.000
1128.045	24319.000
1128.187	24645.000
1128.329	24384.000
1128.470	24576.000
1128.612	24428.000
1128.754	24475.000
1128.896	24563.000
1129.037	24626.000
1129.179	24410.000
1129.321	24464.000
1129.463	23907.000
1129.604	23994.000
1129.746	23785.000
1129.888	23906.000
1130.030	23754.000
1130.171	23755.000
1130.313	23483.000
1130.455	23354.000
1130.596	23109.000
1130.738	22830.000
1130.880	22552.000
1131.021	22343.000
1131.163	21898.000
1131.305	21622.000
1131.446	21040.000
1131.588	20802.000
1131.730	20415.000
1131.871	19954.000
1132.013	19542.000
1132.155	19153.000
1132.296	18658.000
1132.438	18305.000
1132.579	17948.000
1132.721	17540.000
1132.863	17240.000
1133.004	16670.000
1133.146	16482.000
1133.287	16038.000
1133.429	15725.000
1133.570	15425.000
1133.712	15197.000
1133.853	14879.000
1133.995	14703.000
1134.136	14361.000
1134.278	14182.000
1134.419	13867.000
1134.561	13677.000
1134.702	13311.000
1134.844	13325.000
1134.985	13465.000
1135.127	13438.000
1135.268	13373.000
1135.410	13518.000
1135.551	13382.000
1135.693	13438.000
1135.834	13289.000
1135.975	13319.000
1136.117	13175.000
1136.258	13505.000
1136.400	13452.000
1136.541	13547.000
1136.682	13364.000
1136.824	13372.000
1136.965	13214.000
1137.107	13115.000
1137.248	12825.000
1137.389	12722.000
1137.531	12435.000
1137.672	12434.000
1137.813	12159.000
1137.955	12054.000
1138.096	11684.000
1138.237	11655.000
1138.379	11363.000
1138.520	11267.000
1138.661	10998.000
1138.802	11018.000
1138.944	10707.000
1139.085	10755.000
1139.226	10410.000
1139.368	10500.000
1139.509	10227.000
1139.650	10296.000
1139.791	10013.000
1139.933	9981.000
1140.074	9739.000
1140.215	9759.000
1140.356	9648.000
1140.497	9733.000
1140.639	9406.000
1140.780	9479.000
1140.921	9155.000
1141.062	9318.000
1141.203	9202.000
1141.344	9211.000
1141.486	9026.000
1141.627	9093.000
1141.768	9014.000
1141.909	8955.000
1142.050	8817.000
1142.191	8964.000
1142.332	8742.000
1142.473	8859.000
1142.615	8670.000
1142.756	8866.000
1142.897	8625.000
1143.038	8640.000
1143.179	8542.000
1143.320	8657.000
1143.461	8497.000
1143.602	8540.000
1143.743	8360.000
1143.884	8561.000
1144.025	8486.000
1144.166	8544.000
1144.307	8378.000
1144.448	8532.000
1144.589	8310.000
1144.730	8489.000
1144.871	8310.000
1145.012	8403.000
1145.153	8212.000
1145.294	8379.000
1145.435	8308.000
1145.576	8461.000
1145.717	8222.000
1145.858	8378.000
1145.999	8200.000
1146.140	8311.000
1146.281	8080.000
1146.422	8293.000
1146.562	8059.000
1146.703	8109.000
1146.844	7978.000
1146.985	8107.000
1147.126	8095.000
1147.267	8098.000
1147.408	7996.000
1147.549	8081.000
1147.689	7984.000
1147.830	8086.000
1147.971	7938.000
1148.112	8114.000
1148.253	7891.000
1148.394	8039.000
1148.534	7851.000
1148.675	8076.000
1148.816	7869.000
1148.957	7970.000
1149.097	7878.000
1149.238	7960.000
1149.379	7799.000
1149.520	7875.000
1149.661	7778.000
1149.801	8011.000
1149.942	7830.000
1150.083	7923.000
1150.223	7825.000
1150.364	7938.000
1150.505	7803.000
1150.646	7907.000
1150.786	7758.000
1150.927	7949.000
1151.068	7743.000
1151.208	7936.000
1151.349	7800.000
1151.490	7947.000
1151.630	7787.000
1151.771	7898.000
1151.912	7737.000
1152.052	7953.000
1152.193	7819.000
1152.333	7933.000
1152.474	7799.000
1152.615	7939.000
1152.755	7725.000
1152.896	7908.000
1153.036	7887.000
1153.177	8056.000
1153.318	7858.000
1153.458	7923.000
1153.599	7857.000
1153.739	7927.000
1153.880	7798.000
1154.020	7991.000
1154.161	7828.000
1154.301	7974.000
1154.442	7783.000
1154.582	7921.000
1154.723	7815.000
1154.863	8038.000
1155.004	7895.000
1155.144	8030.000
1155.285	7841.000
1155.425	8056.000
1155.566	7856.000
1155.706	8037.000
1155.847	7845.000
1155.987	8066.000
1156.127	7855.000
1156.268	8026.000
1156.408	7868.000
1156.549	8034.000
1156.689	7880.000
1156.829	8104.000
1156.970	7953.000
1157.110	8027.000
1157.251	7939.000
1157.391	8014.000
1157.531	7947.000
1157.672	8088.000
1157.812	7926.000
1157.952	8019.000
1158.093	7927.000
1158.233	8086.000
1158.373	7973.000
1158.514	8039.000
1158.654	7970.000
1158.794	8053.000
1158.935	7983.000
1159.075	8137.000
1159.215	7937.000
1159.355	8062.000
1159.496	8023.000
1159.636	8112.000
1159.776	7973.000
1159.916	8156.000
1160.057	7989.000
1160.197	8081.000
1160.337	7988.000
1160.477	8124.000
1160.617	7964.000
1160.758	8060.000
1160.898	7942.000
1161.038	8084.000
1161.178	7934.000
1161.318	8039.000
1161.459	7984.000
1161.599	8081.000
1161.739	7902.000
1161.879	7983.000
1162.019	7867.000
1162.159	8079.000
1162.299	7847.000
1162.439	7959.000
1162.580	7850.000
1162.720	8021.000
1162.860	8234.000
1163.000	7961.000
1163.140	7806.000
1163.280	7916.000
1163.420	7738.000
1163.560	7943.000
1163.700	7721.000
1163.840	7916.000
1163.980	7703.000
1164.120	7741.000
1164.260	7739.000
1164.400	7799.000
1164.540	7659.000
1164.680	7761.000
1164.820	7631.000
1164.960	7826.000
1165.100	7592.000
1165.240	7687.000
1165.380	7554.000
1165.520	7651.000
1165.660	7542.000
1165.800	7672.000
1165.940	7528.000
1166.080	7603.000
1166.220	7544.000
1166.360	7580.000
1166.500	7442.000
1166.640	7695.000
1166.780	7453.000
1166.919	7553.000
1167.059	7438.000
1167.199	7494.000
1167.339	7418.000
1167.479	7494.000
1167.619	7411.000
1167.759	7437.000
1167.898	7369.000
1168.038	7437.000
1168.178	7394.000
1168.318	7506.000
1168.458	7372.000
1168.598	7493.000
1168.737	7350.000
1168.877	7538.000
1169.017	7346.000
1169.157	7431.000
1169.297	7375.000
1169.436	7450.000
1169.576	7369.000
1169.716	7405.000
1169.856	7318.000
1169.995	7427.000
1170.135	7378.000
1170.275	7480.000
1170.414	7403.000
1170.554	7457.000
1170.694	7316.000
1170.834	7386.000
1170.973	7330.000
1171.113	7425.000
1171.253	7294.000
1171.392	7488.000
1171.532	7314.000
1171.672	7472.000
1171.811	7327.000
1171.951	7402.000
1172.091	7329.000
1172.230	7426.000
1172.370	7260.000
1172.509	7491.000
1172.649	7332.000
1172.789	7491.000
1172.928	7353.000
1173.068	7483.000
1173.207	7298.000
1173.347	7481.000
1173.486	7326.000
1173.626	7439.000
1173.766	7293.000
1173.905	7524.000
1174.045	7287.000
1174.184	7483.000
1174.324	7330.000
1174.463	7472.000
1174.603	7277.000
1174.742	7442.000
1174.882	7342.000
1175.021	7535.000
1175.161	7365.000
1175.300	7483.000
1175.440	7424.000
1175.579	7562.000
1175.719	7396.000
1175.858	7471.000
1175.997	7405.000
1176.137	7558.000
1176.276	7354.000
1176.416	7505.000
1176.555	7383.000
1176.695	7570.000
1176.834	7356.000
1176.973	7571.000
1177.113	7384.000
1177.252	7638.000
1177.391	7476.000
1177.531	7560.000
1177.670	7356.000
1177.809	7538.000
1177.949	7453.000
1178.088	7537.000
1178.227	7429.000
1178.367	7593.000
1178.506	7473.000
1178.645	7578.000
1178.785	7491.000
1178.924	7590.000
1179.063	7474.000
1179.203	7590.000
1179.342	7456.000
1179.481	7647.000
1179.620	7450.000
1179.760	7592.000
1179.899	7432.000
1180.038	7600.000
1180.177	7400.000
1180.317	7604.000
1180.456	7512.000
1180.595	7563.000
1180.734	7514.000
1180.873	7706.000
1181.013	7461.000
1181.152	7635.000
1181.291	7504.000
1181.430	7634.000
1181.569	7469.000
1181.708	7589.000
1181.848	7491.000
1181.987	7578.000
1182.126	7513.000
1182.265	7631.000
1182.404	7545.000
1182.543	7634.000
1182.682	7509.000
1182.821	7707.000
1182.960	7572.000
1183.100	7656.000
1183.239	7634.000
1183.378	7706.000
1183.517	7551.000
1183.656	7697.000
1183.795	6736.000
1183.934	7646.000
1184.073	7548.000
1184.212	7616.000
1184.351	7460.000
1184.490	7693.000
1184.629	7534.000
1184.768	7678.000
1184.907	7570.000
1185.046	7705.000
1185.185	7539.000
1185.324	7631.000
1185.463	7495.000
1185.602	7699.000
1185.741	7582.000
1185.880	7686.000
1186.019	7462.000
1186.158	7716.000
1186.296	7476.000
1186.435	7630.000
1186.574	7551.000
1186.713	7630.000
1186.852	7527.000
1186.991	7670.000
1187.130	7489.000
1187.269	7702.000
1187.408	7477.000
1187.546	7732.000
1187.685	7562.000
1187.824	7642.000
1187.963	7571.000
1188.102	7634.000
1188.241	7558.000
1188.379	7632.000
1188.518	7520.000
1188.657	7596.000
1188.796	7562.000
1188.935	7747.000
1189.073	7575.000
1189.212	7735.000
1189.351	7515.000
1189.490	7672.000
1189.629	7531.000
1189.767	7681.000
1189.906	7474.000
1190.045	7638.000
1190.183	7482.000
1190.322	7667.000
1190.461	7504.000
1190.600	7668.000
1190.738	7607.000
1190.877	7695.000
1191.016	7547.000
1191.154	7781.000
1191.293	7501.000
1191.432	7662.000
1191.570	7600.000
1191.709	7753.000
1191.848	7561.000
1191.986	7826.000
1192.125	10504.000
1192.264	7776.000
1192.402	7603.000
1192.541	7745.000
1192.679	7627.000
1192.818	7738.000
1192.957	7584.000
1193.095	7727.000
1193.234	7705.000
1193.372	7848.000
1193.511	7692.000
1193.649	7737.000
1193.788	7636.000
1193.926	7786.000
1194.065	7733.000
1194.204	7839.000
1194.342	7662.000
1194.481	7782.000
1194.619	7640.000
1194.758	7820.000
1194.896	7694.000
1195.035	7847.000
1195.173	7690.000
1195.311	7834.000
1195.450	7711.000
1195.588	7783.000
1195.727	7645.000
1195.865	7717.000
1196.004	7626.000
1196.142	7831.000
1196.281	7653.000
1196.419	7790.000
1196.557	7622.000
1196.696	7808.000
1196.834	7624.000
1196.973	7824.000
1197.111	7618.000
1197.249	7783.000
1197.388	7487.000
1197.526	7769.000
1197.664	7559.000
1197.803	7760.000
1197.941	7569.000
1198.079	7756.000
1198.218	7582.000
1198.356	7718.000
1198.494	7547.000
1198.633	7757.000
1198.771	7488.000
1198.909	7705.000
1199.048	7579.000
1199.186	7608.000
1199.324	7517.000
1199.462	7673.000
1199.601	7506.000
1199.739	7613.000
1199.877	7476.000
1200.015	7605.000
1200.154	7482.000
1200.292	7596.000
1200.430	7506.000
1200.568	7588.000
1200.706	7459.000
1200.845	7622.000
1200.983	7390.000
1201.121	7565.000
1201.259	7335.000
1201.397	7500.000
1201.535	7463.000
1201.674	7599.000
1201.812	7350.000
1201.950	7485.000
1202.088	7365.000
1202.226	7549.000
1202.364	7334.000
1202.502	7498.000
1202.640	7310.000
1202.778	7517.000
1202.917	7266.000
1203.055	7401.000
1203.193	7255.000
1203.331	7430.000
1203.469	7236.000
1203.607	7313.000
1203.745	7241.000
1203.883	7423.000
1204.021	7236.000
1204.159	7317.000
1204.297	7199.000
1204.435	7220.000
1204.573	7192.000
1204.711	7330.000
