1059.898	6602.000
1060.043	6653.000
1060.188	6590.000
1060.333	6733.000
1060.479	6584.000
1060.624	6762.000
1060.769	6550.000
1060.914	6685.000
1061.059	6556.000
1061.204	6678.000
1061.349	6546.000
1061.494	6731.000
1061.639	6568.000
1061.784	6658.000
1061.929	6555.000
1062.074	6755.000
1062.219	6520.000
1062.364	6826.000
1062.509	6745.000
1062.654	7002.000
1062.799	6860.000
1062.944	6990.000
1063.089	7081.000
1063.234	7066.000
1063.379	6970.000
1063.524	7033.000
1063.669	6889.000
1063.814	6852.000
1063.959	6654.000
1064.104	6711.000
1064.249	6629.000
1064.394	6738.000
1064.538	6614.000
1064.683	6699.000
1064.828	6558.000
1064.973	6686.000
1065.118	6633.000
1065.263	6664.000
1065.408	6640.000
1065.553	6735.000
1065.697	6595.000
1065.842	6737.000
1065.987	6600.000
1066.132	6774.000
1066.277	6565.000
1066.422	6728.000
1066.566	6632.000
1066.711	6645.000
1066.856	6588.000
1067.001	6711.000
1067.146	6612.000
1067.290	6674.000
1067.435	6641.000
1067.580	6769.000
1067.725	6605.000
1067.869	6722.000
1068.014	6540.000
1068.159	6729.000
1068.303	6564.000
1068.448	6665.000
1068.593	6649.000
1068.738	6673.000
1068.882	6584.000
1069.027	6637.000
1069.172	6560.000
1069.316	6741.000
1069.461	6608.000
1069.606	6662.000
1069.750	6582.000
1069.895	6729.000
1070.040	6596.000
1070.184	6691.000
1070.329	6606.000
1070.473	6690.000
1070.618	6530.000
1070.763	6680.000
1070.907	6574.000
1071.052	6645.000
1071.196	6579.000
1071.341	6766.000
1071.486	6572.000
1071.630	6701.000
1071.775	6618.000
1071.919	6678.000
1072.064	6572.000
1072.208	6656.000
1072.353	6590.000
1072.497	6671.000
1072.642	6630.000
1072.786	6680.000
1072.931	6570.000
1073.075	6722.000
1073.220	6621.000
1073.364	6691.000
1073.509	6652.000
1073.653	6697.000
1073.798	6555.000
1073.942	6714.000
1074.087	6630.000
1074.231	6728.000
1074.376	6582.000
1074.520	6640.000
1074.664	6588.000
1074.809	6615.000
1074.953	6607.000
1075.098	6789.000
1075.242	6595.000
1075.386	6724.000
1075.531	6619.000
1075.675	6706.000
1075.819	6650.000
1075.964	6733.000
1076.108	6520.000
1076.252	6774.000
1076.397	6617.000
1076.541	6683.000
1076.685	6688.000
1076.830	6788.000
1076.974	6690.000
1077.118	6755.000
1077.263	6707.000
1077.407	6790.000
1077.551	6705.000
1077.695	6865.000
1077.840	6671.000
1077.984	6864.000
1078.128	6714.000
1078.272	6779.000
1078.417	6900.000
1078.561	6924.000
1078.705	6819.000
1078.849	6913.000
1078.994	6843.000
1079.138	6940.000
1079.282	6831.000
1079.426	6915.000
1079.570	6893.000
1079.714	6996.000
1079.859	6866.000
1080.003	6955.000
1080.147	6903.000
1080.291	6980.000
1080.435	6870.000
1080.579	6876.000
1080.723	6903.000
1080.868	7017.000
1081.012	6963.000
1081.156	6977.000
1081.300	6903.000
1081.444	7021.000
1081.588	6961.000
1081.732	6972.000
1081.876	6876.000
1082.020	6987.000
1082.164	6910.000
1082.308	7108.000
1082.452	7020.000
1082.596	7098.000
1082.740	6986.000
1082.884	7087.000
1083.028	7009.000
1083.172	7054.000
1083.316	6999.000
1083.460	7128.000
1083.604	6975.000
1083.748	7127.000
1083.892	7080.000
1084.036	7115.000
1084.180	7057.000
1084.324	7204.000
1084.468	7041.000
1084.612	7175.000
1084.756	7122.000
1084.900	7137.000
1085.044	7205.000
1085.188	7248.000
1085.332	7113.000
1085.476	7285.000
1085.619	7119.000
1085.763	7210.000
1085.907	7215.000
1086.051	7353.000
1086.195	7290.000
1086.339	7359.000
1086.483	7187.000
1086.626	7262.000
1086.770	7274.000
1086.914	7306.000
1087.058	7319.000
1087.202	7426.000
1087.346	7234.000
1087.489	7311.000
1087.633	7223.000
1087.777	7370.000
1087.921	7247.000
1088.064	7399.000
1088.208	7181.000
1088.352	7318.000
1088.496	7167.000
1088.639	7392.000
1088.783	7351.000
1088.927	7308.000
1089.071	7305.000
1089.214	7322.000
1089.358	7203.000
1089.502	7379.000
1089.645	7257.000
1089.789	7431.000
1089.933	7191.000
1090.076	7353.000
1090.220	7235.000
1090.364	7373.000
1090.507	7189.000
1090.651	7396.000
1090.795	7250.000
1090.938	7305.000
1091.082	7189.000
1091.226	7262.000
1091.369	7132.000
1091.513	7288.000
1091.656	7229.000
1091.800	7311.000
1091.944	7173.000
1092.087	7314.000
1092.231	7040.000
1092.374	7294.000
1092.518	7120.000
1092.661	7271.000
1092.805	7111.000
1092.948	7313.000
1093.092	7153.000
1093.235	7200.000
1093.379	7100.000
1093.522	7262.000
1093.666	7086.000
1093.809	7200.000
1093.953	7102.000
1094.096	7240.000
1094.240	7056.000
1094.383	7169.000
1094.527	7091.000
1094.670	7219.000
1094.814	7110.000
1094.957	7227.000
1095.101	7075.000
1095.244	7318.000
1095.387	7183.000
1095.531	7344.000
1095.674	7301.000
1095.818	7399.000
1095.961	7278.000
1096.104	7349.000
1096.248	7275.000
1096.391	7406.000
1096.534	7270.000
1096.678	7475.000
1096.821	7482.000
1096.964	7543.000
1097.108	7386.000
1097.251	7586.000
1097.394	7499.000
1097.538	7522.000
1097.681	7374.000
1097.824	7548.000
1097.968	7434.000
1098.111	7529.000
1098.254	7422.000
1098.397	7602.000
1098.541	7440.000
1098.684	7551.000
1098.827	7474.000
1098.970	7596.000
1099.114	7518.000
1099.257	7635.000
1099.400	7524.000
1099.543	7655.000
1099.686	7558.000
1099.830	7764.000
1099.973	7610.000
1100.116	7651.000
1100.259	7641.000
1100.402	7760.000
1100.545	7598.000
1100.689	7779.000
1100.832	7745.000
1100.975	7811.000
1101.118	7706.000
1101.261	7802.000
1101.404	7717.000
1101.547	7848.000
1101.691	7748.000
1101.834	7858.000
1101.977	7823.000
1102.120	7948.000
1102.263	7832.000
1102.406	7987.000
1102.549	7756.000
1102.692	8106.000
1102.835	7913.000
1102.978	8028.000
1103.121	7934.000
1103.264	8136.000
1103.407	8003.000
1103.550	8108.000
1103.693	8137.000
1103.836	8101.000
1103.979	8022.000
1104.122	8289.000
1104.265	8176.000
1104.408	8300.000
1104.551	8175.000
1104.694	8431.000
1104.837	8372.000
1104.980	8445.000
1105.123	8307.000
1105.266	8459.000
1105.409	8451.000
1105.552	8533.000
1105.695	8423.000
1105.838	8677.000
1105.980	8498.000
1106.123	8589.000
1106.266	8652.000
1106.409	8712.000
1106.552	8656.000
1106.695	8911.000
1106.838	8681.000
1106.980	8778.000
1107.123	8842.000
1107.266	9013.000
1107.409	8952.000
1107.552	8968.000
1107.695	8916.000
1107.837	9160.000
1107.980	9045.000
1108.123	9184.000
1108.266	9125.000
1108.409	9290.000
1108.551	9274.000
1108.694	9403.000
1108.837	9418.000
1108.980	9527.000
1109.122	9463.000
1109.265	9673.000
1109.408	9528.000
1109.551	9701.000
1109.693	9717.000
1109.836	9811.000
1109.979	9725.000
1110.121	9996.000
1110.264	9791.000
1110.407	9995.000
1110.549	10003.000
1110.692	10183.000
1110.835	10166.000
1110.977	10310.000
1111.120	10307.000
1111.263	10341.000
1111.405	10387.000
1111.548	10550.000
1111.691	10614.000
1111.833	10612.000
1111.976	10654.000
1112.118	10760.000
1112.261	10813.000
1112.404	10983.000
1112.546	10947.000
1112.689	11000.000
1112.831	11095.000
1112.974	11236.000
1113.116	11253.000
1113.259	11404.000
1113.401	11357.000
1113.544	11572.000
1113.686	11520.000
1113.829	11737.000
1113.971	11732.000
1114.114	11980.000
1114.256	11922.000
1114.399	12192.000
1114.541	12019.000
1114.684	12338.000
1114.826	12232.000
1114.969	12417.000
1115.111	12491.000
1115.254	12651.000
1115.396	12709.000
1115.539	12791.000
1115.681	12912.000
1115.823	13023.000
1115.966	13014.000
1116.108	13156.000
1116.251	13197.000
1116.393	13350.000
1116.535	13477.000
1116.678	13607.000
1116.820	13711.000
1116.962	13817.000
1117.105	13795.000
1117.247	14052.000
1117.389	13889.000
1117.532	14370.000
1117.674	14424.000
1117.816	14550.000
1117.959	14604.000
1118.101	14636.000
1118.243	14700.000
1118.386	14935.000
1118.528	15075.000
1118.670	15255.000
1118.812	15179.000
1118.955	15359.000
1119.097	15503.000
1119.239	15713.000
1119.381	15796.000
1119.524	15931.000
1119.666	16006.000
1119.808	16167.000
1119.950	16231.000
1120.093	16284.000
1120.235	16401.000
1120.377	16665.000
1120.519	16843.000
1120.661	17066.000
1120.803	17208.000
1120.946	17170.000
1121.088	17185.000
1121.230	17421.000
1121.372	17635.000
1121.514	17871.000
1121.656	17774.000
1121.798	17927.000
1121.941	17977.000
1122.083	18150.000
1122.225	18274.000
1122.367	18363.000
1122.509	18506.000
1122.651	18806.000
1122.793	19044.000
1122.935	19307.000
1123.077	19466.000
1123.219	19568.000
1123.361	19560.000
1123.503	19561.000
1123.645	19676.000
1123.787	19898.000
1123.929	20285.000
1124.071	20563.000
1124.213	20570.000
1124.355	20790.000
1124.497	21000.000
1124.639	21057.000
1124.781	21300.000
1124.923	21272.000
1125.065	21185.000
1125.207	21167.000
1125.349	21266.000
1125.491	21486.000
1125.633	21903.000
1125.775	22062.000
1125.917	22204.000
1126.059	22379.000
1126.201	22537.000
1126.343	22698.000
1126.485	22915.000
1126.626	23022.000
1126.768	23175.000
1126.910	23199.000
1127.052	23331.000
1127.194	23295.000
1127.336	23361.000
1127.478	23269.000
1127.619	23274.000
1127.761	23337.000
1127.903	23526.000
1128.045	23701.000
1128.187	23941.000
1128.329	23772.000
1128.470	23887.000
1128.612	23766.000
1128.754	23859.000
1128.896	23923.000
1129.037	23924.000
1129.179	23749.000
1129.321	23743.000
1129.463	23235.000
1129.604	23332.000
1129.746	23149.000
1129.888	23289.000
1130.030	23169.000
1130.171	23048.000
1130.313	22879.000
1130.455	22679.000
1130.596	22510.000
1130.738	22199.000
1130.880	21950.000
1131.021	21752.000
1131.163	21315.000
1131.305	21013.000
1131.446	20529.000
1131.588	20209.000
1131.730	19876.000
1131.871	19406.000
1132.013	19045.000
1132.155	18621.000
1132.296	18152.000
1132.438	17829.000
1132.579	17482.000
1132.721	17134.000
1132.863	16800.000
1133.004	16242.000
1133.146	16069.000
1133.287	15623.000
1133.429	15339.000
1133.570	15069.000
1133.712	14855.000
1133.853	14520.000
1133.995	14350.000
1134.136	14011.000
1134.278	13844.000
1134.419	13519.000
1134.561	13334.000
1134.702	13014.000
1134.844	13072.000
1134.985	13157.000
1135.127	13179.000
1135.268	13110.000
1135.410	13242.000
1135.551	13068.000
1135.693	13146.000
1135.834	12928.000
1135.975	13036.000
1136.117	12847.000
1136.258	13194.000
1136.400	13163.000
1136.541	13221.000
1136.682	13001.000
1136.824	13035.000
1136.965	12864.000
1137.107	12851.000
1137.248	12494.000
1137.389	12439.000
1137.531	12194.000
1137.672	12186.000
1137.813	11885.000
1137.955	11799.000
1138.096	11447.000
1138.237	11382.000
1138.379	11122.000
1138.520	11030.000
1138.661	10820.000
1138.802	10823.000
1138.944	10485.000
1139.085	10562.000
1139.226	10224.000
1139.368	10337.000
1139.509	10086.000
1139.650	10133.000
1139.791	9827.000
1139.933	9842.000
1140.074	9605.000
1140.215	9614.000
1140.356	9500.000
1140.497	9586.000
1140.639	9259.000
1140.780	9351.000
1140.921	9005.000
1141.062	9234.000
1141.203	9036.000
1141.344	9119.000
1141.486	8866.000
1141.627	8988.000
1141.768	8930.000
1141.909	8876.000
1142.050	8743.000
1142.191	8874.000
1142.332	8636.000
1142.473	8768.000
1142.615	8554.000
1142.756	8773.000
1142.897	8509.000
1143.038	8631.000
1143.179	8446.000
1143.320	8598.000
1143.461	8414.000
1143.602	8487.000
1143.743	8270.000
1143.884	8477.000
1144.025	8418.000
1144.166	8471.000
1144.307	8315.000
1144.448	8483.000
1144.589	8258.000
1144.730	8442.000
1144.871	8215.000
1145.012	8404.000
1145.153	8146.000
1145.294	8310.000
1145.435	8203.000
1145.576	8353.000
1145.717	8141.000
1145.858	8346.000
1145.999	8126.000
1146.140	8300.000
1146.281	8041.000
1146.422	8214.000
1146.562	7987.000
1146.703	8048.000
1146.844	7909.000
1146.985	8100.000
1147.126	8031.000
1147.267	8060.000
1147.408	7897.000
1147.549	8062.000
1147.689	7925.000
1147.830	8050.000
1147.971	7863.000
1148.112	8053.000
1148.253	7865.000
1148.394	8037.000
1148.534	7824.000
1148.675	8025.000
1148.816	7818.000
1148.957	7921.000
1149.097	7801.000
1149.238	7911.000
1149.379	7760.000
1149.520	7868.000
1149.661	7749.000
1149.801	7931.000
1149.942	7791.000
1150.083	7907.000
1150.223	7750.000
1150.364	7933.000
1150.505	7794.000
1150.646	7881.000
1150.786	7717.000
1150.927	7893.000
1151.068	7694.000
1151.208	7873.000
1151.349	7762.000
1151.490	7922.000
1151.630	7775.000
1151.771	7862.000
1151.912	7703.000
1152.052	7925.000
1152.193	7751.000
1152.333	7879.000
1152.474	7763.000
1152.615	7893.000
1152.755	7678.000
1152.896	7863.000
1153.036	7848.000
1153.177	7985.000
1153.318	7779.000
1153.458	7909.000
1153.599	7812.000
1153.739	7895.000
1153.880	7746.000
1154.020	7913.000
1154.161	7791.000
1154.301	7927.000
1154.442	7753.000
1154.582	7902.000
1154.723	7735.000
1154.863	7991.000
1155.004	7829.000
1155.144	7974.000
1155.285	7749.000
1155.425	8019.000
1155.566	7788.000
1155.706	7971.000
1155.847	7782.000
1155.987	8059.000
1156.127	7802.000
1156.268	7968.000
1156.408	7815.000
1156.549	7979.000
1156.689	7782.000
1156.829	8050.000
1156.970	7855.000
1157.110	7979.000
1157.251	7905.000
1157.391	7984.000
1157.531	7908.000
1157.672	8082.000
1157.812	7885.000
1157.952	7989.000
1158.093	7872.000
1158.233	8037.000
1158.373	7924.000
1158.514	7984.000
1158.654	7883.000
1158.794	8002.000
1158.935	7918.000
1159.075	8099.000
1159.215	7865.000
1159.355	8030.000
1159.496	7957.000
1159.636	8029.000
1159.776	7882.000
1159.916	8119.000
1160.057	7919.000
1160.197	8073.000
1160.337	7916.000
1160.477	8071.000
1160.617	7907.000
1160.758	8001.000
1160.898	7907.000
1161.038	8050.000
1161.178	7853.000
1161.318	8000.000
1161.459	7928.000
1161.599	7982.000
1161.739	7844.000
1161.879	7906.000
1162.019	7787.000
1162.159	7997.000
1162.299	7787.000
1162.439	7923.000
1162.580	7791.000
1162.720	8004.000
1162.860	8120.000
1163.000	7890.000
1163.140	7736.000
1163.280	7867.000
1163.420	7640.000
1163.560	7879.000
1163.700	7647.000
1163.840	7845.000
1163.980	7626.000
1164.120	7700.000
1164.260	7671.000
1164.400	7730.000
1164.540	7586.000
1164.680	7692.000
1164.820	7563.000
1164.960	7747.000
1165.100	7539.000
1165.240	7629.000
1165.380	7472.000
1165.520	7583.000
1165.660	7430.000
1165.800	7623.000
1165.940	7435.000
1166.080	7551.000
1166.220	7502.000
1166.360	7535.000
1166.500	7392.000
1166.640	7632.000
1166.780	7394.000
1166.919	7494.000
1167.059	7367.000
1167.199	7444.000
1167.339	7350.000
1167.479	7414.000
1167.619	7349.000
1167.759	7380.000
1167.898	7336.000
1168.038	7411.000
1168.178	7348.000
1168.318	7427.000
1168.458	7288.000
1168.598	7440.000
1168.737	7288.000
1168.877	7502.000
1169.017	7279.000
1169.157	7389.000
1169.297	7323.000
1169.436	7383.000
1169.576	7320.000
1169.716	7414.000
1169.856	7258.000
1169.995	7376.000
1170.135	7275.000
1170.275	7410.000
1170.414	7345.000
1170.554	7369.000
1170.694	7296.000
1170.834	7345.000
1170.973	7253.000
1171.113	7373.000
1171.253	7249.000
1171.392	7446.000
1171.532	7283.000
1171.672	7426.000
1171.811	7225.000
1171.951	7380.000
1172.091	7228.000
1172.230	7378.000
1172.370	7206.000
1172.509	7427.000
1172.649	7269.000
1172.789	7425.000
1172.928	7297.000
1173.068	7473.000
1173.207	7246.000
1173.347	7433.000
1173.486	7238.000
1173.626	7360.000
1173.766	7200.000
1173.905	7454.000
1174.045	7175.000
1174.184	7449.000
1174.324	7239.000
1174.463	7424.000
1174.603	7224.000
1174.742	7413.000
1174.882	7261.000
1175.021	7447.000
1175.161	7287.000
1175.300	7437.000
1175.440	7334.000
1175.579	7504.000
1175.719	7337.000
1175.858	7397.000
1175.997	7334.000
1176.137	7523.000
1176.276	7262.000
1176.416	7464.000
1176.555	7318.000
1176.695	7510.000
1176.834	7272.000
1176.973	7525.000
1177.113	7301.000
1177.252	7561.000
1177.391	7419.000
1177.531	7502.000
1177.670	7308.000
1177.809	7490.000
1177.949	7298.000
1178.088	7454.000
1178.227	7353.000
1178.367	7489.000
1178.506	7413.000
1178.645	7505.000
1178.785	7401.000
1178.924	7547.000
1179.063	7401.000
1179.203	7539.000
1179.342	7356.000
1179.481	7583.000
1179.620	7379.000
1179.760	7507.000
1179.899	7354.000
1180.038	7554.000
1180.177	7322.000
1180.317	7564.000
1180.456	7446.000
1180.595	7454.000
1180.734	7438.000
1180.873	7659.000
1181.013	7374.000
1181.152	7577.000
1181.291	7443.000
1181.430	7521.000
1181.569	7385.000
1181.708	7507.000
1181.848	7379.000
1181.987	7529.000
1182.126	7433.000
1182.265	7561.000
1182.404	7437.000
1182.543	7564.000
1182.682	7404.000
1182.821	7605.000
1182.960	7512.000
1183.100	7603.000
1183.239	7558.000
1183.378	7621.000
1183.517	7473.000
1183.656	7569.000
1183.795	6652.000
1183.934	7561.000
1184.073	7458.000
1184.212	7538.000
1184.351	7417.000
1184.490	7594.000
1184.629	7433.000
1184.768	7606.000
1184.907	7513.000
1185.046	7606.000
1185.185	7478.000
1185.324	7585.000
1185.463	7424.000
1185.602	7639.000
1185.741	7474.000
1185.880	7615.000
1186.019	7372.000
1186.158	7624.000
1186.296	7391.000
1186.435	7547.000
1186.574	7464.000
1186.713	7520.000
1186.852	7443.000
1186.991	7613.000
1187.130	7399.000
1187.269	7648.000
1187.408	7397.000
1187.546	7652.000
1187.685	7459.000
1187.824	7557.000
1187.963	7511.000
1188.102	7554.000
1188.241	7432.000
1188.379	7523.000
1188.518	7416.000
1188.657	7560.000
1188.796	7445.000
1188.935	7667.000
1189.073	7483.000
1189.212	7677.000
1189.351	7432.000
1189.490	7592.000
1189.629	7426.000
1189.767	7552.000
1189.906	7387.000
1190.045	7584.000
1190.183	7338.000
1190.322	7575.000
1190.461	7365.000
1190.600	7580.000
1190.738	7513.000
1190.877	7575.000
1191.016	7429.000
1191.154	7680.000
1191.293	7418.000
1191.432	7603.000
1191.570	7487.000
1191.709	7677.000
1191.848	7451.000
1191.986	7736.000
1192.125	10470.000
1192.264	7694.000
1192.402	7521.000
1192.541	7645.000
1192.679	7540.000
1192.818	7668.000
1192.957	7427.000
1193.095	7635.000
1193.234	7621.000
1193.372	7722.000
1193.511	7606.000
1193.649	7671.000
1193.788	7517.000
1193.926	7656.000
1194.065	7631.000
1194.204	7757.000
1194.342	7541.000
1194.481	7673.000
1194.619	7492.000
1194.758	7729.000
1194.896	7591.000
1195.035	7767.000
1195.173	7612.000
1195.311	7738.000
1195.450	7597.000
1195.588	7717.000
1195.727	7548.000
1195.865	7627.000
1196.004	7522.000
1196.142	7735.000
1196.281	7532.000
1196.419	7670.000
1196.557	7510.000
1196.696	7748.000
1196.834	7529.000
1196.973	7716.000
1197.111	7510.000
1197.249	7675.000
1197.388	7379.000
1197.526	7651.000
1197.664	7436.000
1197.803	7672.000
1197.941	7437.000
1198.079	7676.000
1198.218	7477.000
1198.356	7609.000
1198.494	7455.000
1198.633	7658.000
1198.771	7379.000
1198.909	7634.000
1199.048	7491.000
1199.186	7511.000
1199.324	7384.000
1199.462	7586.000
1199.601	7425.000
1199.739	7532.000
1199.877	7375.000
1200.015	7511.000
1200.154	7397.000
1200.292	7477.000
1200.430	7371.000
1200.568	7494.000
1200.706	7376.000
1200.845	7506.000
1200.983	7313.000
1201.121	7504.000
1201.259	7232.000
1201.397	7441.000
1201.535	7368.000
1201.674	7494.000
1201.812	7277.000
1201.950	7394.000
1202.088	7281.000
1202.226	7449.000
1202.364	7240.000
1202.502	7445.000
1202.640	7214.000
1202.778	7417.000
1202.917	7187.000
1203.055	7300.000
1203.193	7160.000
1203.331	7367.000
1203.469	7147.000
1203.607	7186.000
1203.745	7167.000
1203.883	7317.000
1204.021	7180.000
1204.159	7249.000
1204.297	7068.000
1204.435	7160.000
1204.573	7133.000
1204.711	7264.000
