1129.938	8869.000
1130.084	8850.000
1130.229	8843.000
1130.375	8924.000
1130.521	8834.000
1130.667	8952.000
1130.813	8814.000
1130.958	8886.000
1131.104	8812.000
1131.250	8877.000
1131.396	8778.000
1131.542	8894.000
1131.687	8822.000
1131.833	8822.000
1131.979	8819.000
1132.124	8932.000
1132.270	8716.000
1132.416	8884.000
1132.561	8761.000
1132.707	8910.000
1132.853	8754.000
1132.998	8803.000
1133.144	8931.000
1133.290	8872.000
1133.435	8845.000
1133.581	8838.000
1133.727	8814.000
1133.872	8797.000
1134.018	8797.000
1134.163	8833.000
1134.309	8847.000
1134.455	8880.000
1134.600	8836.000
1134.746	8804.000
1134.891	8717.000
1135.037	8820.000
1135.182	8871.000
1135.328	8753.000
1135.473	8820.000
1135.619	8838.000
1135.764	8809.000
1135.910	8854.000
1136.055	8757.000
1136.201	8883.000
1136.346	8719.000
1136.492	8804.000
1136.637	8826.000
1136.783	8753.000
1136.928	8785.000
1137.074	8789.000
1137.219	8732.000
1137.364	8760.000
1137.510	8799.000
1137.655	8817.000
1137.801	8744.000
1137.946	8768.000
1138.091	8697.000
1138.237	8790.000
1138.382	8701.000
1138.527	8702.000
1138.673	8767.000
1138.818	8706.000
1138.963	8693.000
1139.109	8700.000
1139.254	8657.000
1139.399	8756.000
1139.544	8674.000
1139.690	8643.000
1139.835	8655.000
1139.980	8699.000
1140.125	8679.000
1140.271	8647.000
1140.416	8686.000
1140.561	8700.000
1140.706	8604.000
1140.851	8647.000
1140.997	8608.000
1141.142	8625.000
1141.287	8619.000
1141.432	8743.000
1141.577	8561.000
1141.723	8643.000
1141.868	8630.000
1142.013	8611.000
1142.158	8536.000
1142.303	8621.000
1142.448	8545.000
1142.593	8580.000
1142.738	8562.000
1142.883	8595.000
1143.028	8520.000
1143.174	8601.000
1143.319	8560.000
1143.464	8582.000
1143.609	8590.000
1143.754	8558.000
1143.899	8521.000
1144.044	8569.000
1144.189	8562.000
1144.334	8599.000
1144.479	8514.000
1144.624	8514.000
1144.769	8488.000
1144.914	8450.000
1145.059	8473.000
1145.204	8619.000
1145.348	8470.000
1145.493	8560.000
1145.638	8472.000
1145.783	8539.000
1145.928	8501.000
1146.073	8554.000
1146.218	8369.000
1146.363	8596.000
1146.508	8413.000
1146.653	8454.000
1146.797	8492.000
1146.942	8523.000
1147.087	8498.000
1147.232	8522.000
1147.377	8476.000
1147.522	8518.000
1147.666	8460.000
1147.811	8593.000
1147.956	8426.000
1148.101	8527.000
1148.245	8345.000
1148.390	8429.000
1148.535	8563.000
1148.680	8533.000
1148.824	8476.000
1148.969	8513.000
1149.114	8506.000
1149.259	8519.000
1149.403	8452.000
1149.548	8491.000
1149.693	8532.000
1149.837	8564.000
1149.982	8477.000
1150.127	8508.000
1150.271	8490.000
1150.416	8551.000
1150.561	8462.000
1150.705	8451.000
1150.850	8465.000
1150.994	8552.000
1151.139	8545.000
1151.284	8501.000
1151.428	8422.000
1151.573	8559.000
1151.717	8477.000
1151.862	8503.000
1152.006	8387.000
1152.151	8516.000
1152.295	8397.000
1152.440	8554.000
1152.584	8488.000
1152.729	8568.000
1152.873	8481.000
1153.018	8513.000
1153.162	8472.000
1153.307	8430.000
1153.451	8404.000
1153.596	8512.000
1153.740	8355.000
1153.885	8505.000
1154.029	8482.000
1154.174	8481.000
1154.318	8433.000
1154.462	8506.000
1154.607	8339.000
1154.751	8526.000
1154.896	8414.000
1155.040	8455.000
1155.184	8487.000
1155.329	8520.000
1155.473	8359.000
1155.617	8466.000
1155.762	8277.000
1155.906	8415.000
1156.050	8355.000
1156.194	8513.000
1156.339	8424.000
1156.483	8486.000
1156.627	8285.000
1156.772	8384.000
1156.916	8378.000
1157.060	8391.000
1157.204	8399.000
1157.349	8497.000
1157.493	8341.000
1157.637	8403.000
1157.781	8265.000
1157.925	8403.000
1158.070	8336.000
1158.214	8464.000
1158.358	8270.000
1158.502	8392.000
1158.646	8233.000
1158.790	8452.000
1158.935	8419.000
1159.079	8346.000
1159.223	8361.000
1159.367	8350.000
1159.511	8277.000
1159.655	8376.000
1159.799	8314.000
1159.943	8428.000
1160.087	8237.000
1160.231	8445.000
1160.375	8274.000
1160.519	8393.000
1160.664	8223.000
1160.808	8455.000
1160.952	8315.000
1161.096	8376.000
1161.240	8217.000
1161.384	8384.000
1161.528	8201.000
1161.672	8387.000
1161.815	8343.000
1161.959	8420.000
1162.103	8259.000
1162.247	8415.000
1162.391	8184.000
1162.535	8441.000
1162.679	8222.000
1162.823	8397.000
1162.967	8247.000
1163.111	8458.000
1163.255	8347.000
1163.399	8361.000
1163.542	8289.000
1163.686	8416.000
1163.830	8252.000
1163.974	8369.000
1164.118	8309.000
1164.262	8444.000
1164.405	8258.000
1164.549	8336.000
1164.693	8261.000
1164.837	8364.000
1164.981	8284.000
1165.124	8396.000
1165.268	8218.000
1165.412	8443.000
1165.556	8287.000
1165.699	8442.000
1165.843	8378.000
1165.987	8451.000
1166.131	8315.000
1166.274	8330.000
1166.418	8265.000
1166.562	8382.000
1166.705	8265.000
1166.849	8396.000
1166.993	8423.000
1167.136	8428.000
1167.280	8307.000
1167.424	8474.000
1167.567	8394.000
1167.711	8383.000
1167.854	8270.000
1167.998	8438.000
1168.142	8325.000
1168.285	8411.000
1168.429	8278.000
1168.572	8440.000
1168.716	8279.000
1168.859	8387.000
1169.003	8338.000
1169.147	8404.000
1169.290	8317.000
1169.434	8423.000
1169.577	8313.000
1169.721	8424.000
1169.864	8318.000
1170.008	8519.000
1170.151	8338.000
1170.294	8365.000
1170.438	8354.000
1170.581	8437.000
1170.725	8265.000
1170.868	8438.000
1171.012	8390.000
1171.155	8473.000
1171.298	8317.000
1171.442	8403.000
1171.585	8321.000
1171.729	8417.000
1171.872	8318.000
1172.015	8391.000
1172.159	8340.000
1172.302	8455.000
1172.445	8331.000
1172.589	8404.000
1172.732	8148.000
1172.875	8500.000
1173.019	8273.000
1173.162	8371.000
1173.305	8290.000
1173.449	8457.000
1173.592	8280.000
1173.735	8377.000
1173.878	8396.000
1174.022	8320.000
1174.165	8272.000
1174.308	8443.000
1174.451	8317.000
1174.594	8384.000
1174.738	8238.000
1174.881	8508.000
1175.024	8362.000
1175.167	8401.000
1175.310	8257.000
1175.454	8386.000
1175.597	8321.000
1175.740	8420.000
1175.883	8209.000
1176.026	8429.000
1176.169	8273.000
1176.312	8278.000
1176.455	8282.000
1176.598	8365.000
1176.742	8259.000
1176.885	8461.000
1177.028	8206.000
1177.171	8234.000
1177.314	8232.000
1177.457	8449.000
1177.600	8306.000
1177.743	8325.000
1177.886	8189.000
1178.029	8396.000
1178.172	8210.000
1178.315	8346.000
1178.458	8247.000
1178.601	8377.000
1178.744	8248.000
1178.887	8348.000
1179.030	8304.000
1179.173	8397.000
1179.316	8238.000
1179.458	8400.000
1179.601	8231.000
1179.744	8290.000
1179.887	8287.000
1180.030	8354.000
1180.173	8142.000
1180.316	8409.000
1180.459	8164.000
1180.602	8275.000
1180.744	8222.000
1180.887	8364.000
1181.030	8242.000
1181.173	8350.000
1181.316	8277.000
1181.458	8266.000
1181.601	8162.000
1181.744	8329.000
1181.887	8327.000
1182.030	8274.000
1182.172	8208.000
1182.315	8292.000
1182.458	8240.000
1182.601	8334.000
1182.743	8193.000
1182.886	8263.000
1183.029	8235.000
1183.171	8288.000
1183.314	8204.000
1183.457	8308.000
1183.599	8139.000
1183.742	8375.000
1183.885	8156.000
1184.027	8336.000
1184.170	8195.000
1184.313	8388.000
1184.455	8210.000
1184.598	8458.000
1184.741	8139.000
1184.883	8411.000
1185.026	8201.000
1185.168	8337.000
1185.311	8211.000
1185.453	8362.000
1185.596	8227.000
1185.739	8261.000
1185.881	8187.000
1186.024	8350.000
1186.166	8184.000
1186.309	8292.000
1186.451	8221.000
1186.594	8340.000
1186.736	8260.000
1186.879	8330.000
1187.021	8255.000
1187.164	8318.000
1187.306	8156.000
1187.448	8319.000
1187.591	7873.000
1187.733	8372.000
1187.876	8282.000
1188.018	8301.000
1188.160	8297.000
1188.303	8310.000
1188.445	8160.000
1188.588	8247.000
1188.730	8250.000
1188.872	8407.000
1189.015	8179.000
1189.157	8306.000
1189.299	8150.000
1189.442	8344.000
1189.584	8239.000
1189.726	8308.000
1189.869	8153.000
1190.011	8366.000
1190.153	8261.000
1190.295	8353.000
1190.438	8182.000
1190.580	8352.000
1190.722	8218.000
1190.864	8382.000
1191.007	8231.000
1191.149	8293.000
1191.291	8127.000
1191.433	8304.000
1191.576	8227.000
1191.718	8483.000
1191.860	8190.000
1192.002	8354.000
1192.144	8238.000
1192.286	8347.000
1192.429	8227.000
1192.571	8369.000
1192.713	8221.000
1192.855	8356.000
1192.997	8253.000
1193.139	8338.000
1193.281	8225.000
1193.423	8382.000
1193.565	8248.000
1193.707	8369.000
1193.850	8230.000
1193.992	8311.000
1194.134	8201.000
1194.276	8390.000
1194.418	8187.000
1194.560	8303.000
1194.702	8191.000
1194.844	8276.000
1194.986	8180.000
1195.128	8338.000
1195.270	8234.000
1195.412	8358.000
1195.554	8183.000
1195.696	8381.000
1195.837	8275.000
1195.979	8330.000
1196.121	8190.000
1196.263	8343.000
1196.405	8302.000
1196.547	8349.000
1196.689	8163.000
1196.831	8392.000
1196.973	8237.000
1197.115	8323.000
1197.256	8157.000
1197.398	8323.000
1197.540	8218.000
1197.682	8326.000
1197.824	8177.000
1197.966	8337.000
1198.107	8185.000
1198.249	8331.000
1198.391	8281.000
1198.533	8320.000
1198.675	8177.000
1198.816	8250.000
1198.958	8166.000
1199.100	8374.000
1199.242	8276.000
1199.383	8288.000
1199.525	8213.000
1199.667	8267.000
1199.808	8263.000
1199.950	8315.000
1200.092	8290.000
1200.233	8360.000
1200.375	8179.000
1200.517	8337.000
1200.658	8223.000
1200.800	8349.000
1200.942	8216.000
1201.083	8405.000
1201.225	8288.000
1201.367	8397.000
1201.508	8250.000
1201.650	8223.000
1201.791	8165.000
1201.933	8385.000
1202.074	8125.000
1202.216	8253.000
1202.358	8179.000
1202.499	8259.000
1202.641	8171.000
1202.782	8306.000
1202.924	8196.000
1203.065	8381.000
1203.207	8091.000
1203.348	8379.000
1203.490	8191.000
1203.631	8310.000
1203.773	8202.000
1203.914	8313.000
1204.056	8176.000
1204.197	8297.000
1204.338	8133.000
1204.480	8304.000
1204.621	8171.000
1204.763	8309.000
1204.904	8116.000
1205.045	8294.000
1205.187	8307.000
1205.328	8338.000
1205.470	8207.000
1205.611	8326.000
1205.752	8168.000
1205.894	8326.000
1206.035	8164.000
1206.176	8349.000
1206.318	8142.000
1206.459	8441.000
1206.600	8244.000
1206.741	8404.000
1206.883	8169.000
1207.024	8353.000
1207.165	8241.000
1207.306	8311.000
1207.448	8152.000
1207.589	8280.000
1207.730	8187.000
1207.871	8340.000
1208.013	8247.000
1208.154	8333.000
1208.295	8089.000
1208.436	8306.000
1208.577	8222.000
1208.719	8265.000
1208.860	8183.000
1209.001	8347.000
1209.142	8153.000
1209.283	8337.000
1209.424	8126.000
1209.565	8334.000
1209.706	8203.000
1209.848	8410.000
1209.989	8190.000
1210.130	8314.000
1210.271	8163.000
1210.412	8235.000
1210.553	8220.000
1210.694	8328.000
1210.835	8135.000
1210.976	8315.000
1211.117	8084.000
1211.258	8299.000
1211.399	8198.000
1211.540	8316.000
1211.681	8149.000
1211.822	8292.000
1211.963	8243.000
1212.104	8266.000
1212.245	8180.000
1212.386	8357.000
1212.527	8142.000
1212.668	8306.000
1212.809	8108.000
1212.950	8379.000
1213.090	8152.000
1213.231	8268.000
1213.372	8119.000
1213.513	8296.000
1213.654	8163.000
1213.795	8248.000
1213.936	8056.000
1214.077	8270.000
1214.217	8212.000
1214.358	8307.000
1214.499	8134.000
1214.640	8314.000
1214.781	8151.000
1214.921	8284.000
1215.062	8101.000
1215.203	8244.000
1215.344	8041.000
1215.485	8239.000
1215.625	8177.000
1215.766	8292.000
1215.907	8133.000
1216.047	8279.000
1216.188	8107.000
1216.329	8255.000
1216.470	8014.000
1216.610	8225.000
1216.751	8077.000
1216.892	8140.000
1217.032	8028.000
1217.173	8190.000
1217.314	8162.000
1217.454	8176.000
1217.595	8051.000
1217.735	8193.000
1217.876	8072.000
1218.017	8203.000
1218.157	8027.000
1218.298	8228.000
1218.438	8038.000
1218.579	8153.000
1218.720	8018.000
1218.860	8217.000
1219.001	8074.000
1219.141	8136.000
1219.282	8023.000
1219.422	8151.000
1219.563	8001.000
1219.703	8054.000
1219.844	7963.000
1219.984	8194.000
1220.125	8074.000
1220.265	8141.000
1220.406	8027.000
1220.546	8170.000
1220.687	8018.000
1220.827	8074.000
1220.967	7968.000
1221.108	8160.000
1221.248	7953.000
1221.389	8138.000
1221.529	8017.000
1221.669	8120.000
1221.810	8016.000
1221.950	8089.000
1222.091	7959.000
1222.231	8148.000
1222.371	8029.000
1222.512	8111.000
1222.652	8051.000
1222.792	8174.000
1222.933	7942.000
1223.073	8121.000
1223.213	8074.000
1223.353	8208.000
1223.494	8033.000
1223.634	8096.000
1223.774	8046.000
1223.914	8070.000
1224.055	7975.000
1224.195	8137.000
1224.335	8004.000
1224.475	8116.000
1224.616	8008.000
1224.756	8108.000
1224.896	7984.000
1225.036	8192.000
1225.176	8043.000
1225.316	8171.000
1225.457	7987.000
1225.597	8193.000
1225.737	7991.000
1225.877	8188.000
1226.017	8004.000
1226.157	8227.000
1226.297	8011.000
1226.437	8156.000
1226.578	8020.000
1226.718	8148.000
1226.858	7962.000
1226.998	8180.000
1227.138	8044.000
1227.278	8159.000
1227.418	8082.000
1227.558	8120.000
1227.698	8077.000
1227.838	8183.000
1227.978	8041.000
1228.118	8119.000
1228.258	8017.000
1228.398	8195.000
1228.538	8066.000
1228.678	8121.000
1228.818	8054.000
1228.958	8173.000
1229.098	8070.000
1229.238	8233.000
1229.377	8051.000
1229.517	8175.000
1229.657	8129.000
1229.797	8178.000
1229.937	8047.000
1230.077	8250.000
1230.217	8104.000
1230.357	8237.000
1230.496	8147.000
1230.636	8231.000
1230.776	8119.000
1230.916	8171.000
1231.056	8105.000
1231.196	8222.000
1231.335	8101.000
1231.475	8150.000
1231.615	8160.000
1231.755	8234.000
1231.894	8066.000
1232.034	8177.000
1232.174	8085.000
1232.314	8307.000
1232.453	8074.000
1232.593	8183.000
1232.733	8101.000
1232.873	8298.000
1233.012	8646.000
1233.152	8215.000
1233.292	8088.000
1233.431	8196.000
1233.571	8040.000
1233.711	8256.000
1233.850	8045.000
1233.990	8287.000
1234.129	8092.000
1234.269	8137.000
1234.409	8144.000
1234.548	8203.000
1234.688	8080.000
1234.828	8187.000
1234.967	8101.000
1235.107	8295.000
1235.246	8077.000
1235.386	8175.000
1235.525	8046.000
1235.665	8162.000
1235.804	8067.000
1235.944	8217.000
1236.083	8062.000
1236.223	8175.000
1236.362	8127.000
1236.502	8147.000
1236.641	8043.000
1236.781	8270.000
1236.920	8088.000
1237.060	8184.000
1237.199	8041.000
1237.339	8118.000
1237.478	8062.000
1237.617	8110.000
1237.757	8052.000
1237.896	8057.000
1238.036	8061.000
1238.175	8066.000
1238.314	8022.000
1238.454	8159.000
1238.593	8029.000
1238.732	8171.000
1238.872	8050.000
1239.011	8223.000
1239.150	8048.000
1239.290	8140.000
1239.429	8083.000
1239.568	8128.000
1239.708	8085.000
1239.847	8135.000
1239.986	8045.000
1240.125	8124.000
1240.265	8094.000
1240.404	8159.000
1240.543	8148.000
1240.682	8172.000
1240.822	8051.000
1240.961	8098.000
1241.100	8077.000
1241.239	8115.000
1241.378	8030.000
1241.518	8207.000
1241.657	8062.000
1241.796	8197.000
1241.935	8034.000
1242.074	8149.000
1242.213	8063.000
1242.352	8164.000
1242.492	8016.000
1242.631	8240.000
1242.770	8117.000
1242.909	8241.000
1243.048	8126.000
1243.187	8219.000
1243.326	8103.000
1243.465	8257.000
1243.604	8085.000
1243.743	8188.000
1243.882	8069.000
1244.021	8245.000
1244.160	8063.000
1244.299	8267.000
1244.438	8108.000
1244.577	8267.000
1244.716	8091.000
1244.855	8230.000
1244.994	8113.000
1245.133	8298.000
1245.272	8161.000
1245.411	8263.000
1245.550	8173.000
1245.689	8312.000
1245.828	8205.000
1245.967	8245.000
1246.106	8164.000
1246.244	8360.000
1246.383	8153.000
1246.522	8287.000
1246.661	8182.000
1246.800	8352.000
1246.939	8132.000
1247.078	8354.000
1247.216	8137.000
1247.355	8401.000
1247.494	8275.000
1247.633	8340.000
1247.772	8148.000
1247.910	8300.000
1248.049	8191.000
1248.188	8292.000
1248.327	8207.000
1248.465	8319.000
1248.604	8235.000
1248.743	8317.000
1248.882	8220.000
1249.020	8324.000
1249.159	8257.000
1249.298	8307.000
1249.436	8179.000
1249.575	8391.000
1249.714	8174.000
1249.852	8284.000
1249.991	8189.000
1250.130	8334.000
1250.268	8091.000
1250.407	8342.000
1250.546	8235.000
1250.684	8272.000
1250.823	8223.000
1250.961	8361.000
1251.100	8163.000
1251.239	8329.000
1251.377	8206.000
1251.516	8270.000
1251.654	8162.000
1251.793	8275.000
1251.931	8148.000
1252.070	8247.000
1252.208	8217.000
1252.347	8285.000
1252.485	8238.000
1252.624	8264.000
1252.762	8152.000
1252.901	8379.000
1253.039	8263.000
1253.178	8288.000
1253.316	8289.000
1253.455	8305.000
1253.593	8192.000
1253.732	8316.000
1253.870	7060.000
1254.008	8309.000
1254.147	8201.000
1254.285	8227.000
1254.424	8104.000
1254.562	8299.000
1254.700	8160.000
1254.839	8306.000
1254.977	8204.000
1255.115	8288.000
1255.254	8168.000
1255.392	8285.000
1255.530	8140.000
1255.669	8325.000
1255.807	8167.000
1255.945	8308.000
1256.084	8072.000
1256.222	8268.000
1256.360	8110.000
1256.498	8201.000
1256.637	8173.000
1256.775	8189.000
1256.913	8151.000
1257.051	8235.000
1257.189	8081.000
1257.328	8281.000
1257.466	8051.000
1257.604	8312.000
1257.742	8154.000
1257.880	8205.000
1258.019	8133.000
1258.157	8169.000
1258.295	8071.000
1258.433	8120.000
1258.571	8019.000
1258.709	8085.000
1258.847	8065.000
1258.986	8233.000
1259.124	8096.000
1259.262	8218.000
1259.400	8028.000
1259.538	8183.000
1259.676	8006.000
1259.814	8128.000
1259.952	7959.000
1260.090	8130.000
1260.228	7976.000
1260.366	8079.000
1260.504	7966.000
1260.642	8153.000
1260.780	8063.000
1260.918	8124.000
1261.056	8010.000
1261.194	8240.000
1261.332	7966.000
1261.470	8084.000
1261.608	8042.000
1261.746	8203.000
1261.884	8009.000
1262.022	8253.000
1262.160	12535.000
1262.297	8222.000
1262.435	8072.000
1262.573	8135.000
1262.711	8094.000
1262.849	8167.000
1262.987	7991.000
1263.125	8159.000
1263.262	8169.000
1263.400	8277.000
1263.538	8144.000
1263.676	8184.000
1263.814	8076.000
1263.952	8191.000
1264.089	8183.000
1264.227	8262.000
1264.365	8133.000
1264.503	8251.000
1264.640	8102.000
1264.778	8251.000
1264.916	8144.000
1265.054	8298.000
1265.191	8179.000
1265.329	8285.000
1265.467	8174.000
1265.604	8249.000
1265.742	8115.000
1265.880	8204.000
1266.017	8126.000
1266.155	8282.000
1266.293	8093.000
1266.430	8252.000
1266.568	8089.000
1266.706	8338.000
1266.843	8177.000
1266.981	8298.000
1267.119	8107.000
1267.256	8262.000
1267.394	8016.000
1267.531	8228.000
1267.669	8045.000
1267.806	8271.000
1267.944	8061.000
1268.081	8275.000
1268.219	8150.000
1268.357	8265.000
1268.494	8134.000
1268.632	8323.000
1268.769	8065.000
1268.907	8306.000
1269.044	8198.000
1269.182	8203.000
1269.319	8108.000
1269.456	8332.000
1269.594	8159.000
1269.731	8209.000
1269.869	8144.000
1270.006	8274.000
1270.144	8182.000
1270.281	8269.000
1270.418	8207.000
1270.556	8288.000
1270.693	8213.000
1270.831	8345.000
1270.968	8138.000
1271.105	8310.000
1271.243	8086.000
1271.380	8286.000
1271.517	8245.000
1271.655	8359.000
1271.792	8167.000
1271.929	8267.000
1272.066	8224.000
1272.204	8369.000
1272.341	8228.000
1272.478	8369.000
1272.616	8217.000
1272.753	8394.000
1272.890	8232.000
1273.027	8276.000
1273.165	8228.000
1273.302	8364.000
1273.439	8208.000
1273.576	8216.000
1273.713	8243.000
1273.851	8433.000
1273.988	8288.000
1274.125	8354.000
1274.262	8245.000
1274.399	8313.000
1274.536	8318.000
1274.673	8375.000
