1129.938	16035.000
1130.084	14701.000
1130.229	14949.000
1130.375	13950.000
1130.521	14075.000
1130.667	13271.000
1130.813	13392.000
1130.958	12733.000
1131.104	12913.000
1131.250	12312.000
1131.396	12446.000
1131.542	12049.000
1131.687	12170.000
1131.833	11674.000
1131.979	11905.000
1132.124	11622.000
1132.270	11636.000
1132.416	11418.000
1132.561	11528.000
1132.707	11270.000
1132.853	11344.000
1132.998	11062.000
1133.144	11414.000
1133.290	11061.000
1133.435	11381.000
1133.581	11206.000
1133.727	11556.000
1133.872	11319.000
1134.018	11626.000
1134.163	11393.000
1134.309	11567.000
1134.455	11266.000
1134.600	11328.000
1134.746	10916.000
1134.891	10963.000
1135.037	10707.000
1135.182	10800.000
1135.328	10462.000
1135.473	10564.000
1135.619	10334.000
1135.764	10316.000
1135.910	10180.000
1136.055	10137.000
1136.201	10069.000
1136.346	10024.000
1136.492	9925.000
1136.637	9975.000
1136.783	9791.000
1136.928	9828.000
1137.074	9748.000
1137.219	9714.000
1137.364	9614.000
1137.510	9731.000
1137.655	9648.000
1137.801	9557.000
1137.946	9538.000
1138.091	9517.000
1138.237	9452.000
1138.382	9414.000
1138.527	9359.000
1138.673	9457.000
1138.818	9315.000
1138.963	9333.000
1139.109	9269.000
1139.254	9279.000
1139.399	9294.000
1139.544	9278.000
1139.690	9154.000
1139.835	9236.000
1139.980	9182.000
1140.125	9180.000
1140.271	9114.000
1140.416	9178.000
1140.561	9178.000
1140.706	9075.000
1140.851	9081.000
1140.997	9053.000
1141.142	9046.000
1141.287	9070.000
1141.432	9107.000
1141.577	9002.000
1141.723	9019.000
1141.868	9047.000
1142.013	9000.000
1142.158	8912.000
1142.303	8958.000
1142.448	8931.000
1142.593	8941.000
1142.738	8947.000
1142.883	8909.000
1143.028	8908.000
1143.174	8943.000
1143.319	8930.000
1143.464	8943.000
1143.609	8930.000
1143.754	8889.000
1143.899	8822.000
1144.044	8875.000
1144.189	8871.000
1144.334	8903.000
1144.479	8834.000
1144.624	8842.000
1144.769	8796.000
1144.914	8759.000
1145.059	8851.000
1145.204	8893.000
1145.348	8777.000
1145.493	8819.000
1145.638	8787.000
1145.783	8777.000
1145.928	8789.000
1146.073	8835.000
1146.218	8711.000
1146.363	8854.000
1146.508	8770.000
1146.653	8744.000
1146.797	8800.000
1146.942	8786.000
1147.087	8808.000
1147.232	8806.000
1147.377	8758.000
1147.522	8799.000
1147.666	8784.000
1147.811	8877.000
1147.956	8762.000
1148.101	8838.000
1148.245	8730.000
1148.390	8718.000
1148.535	8868.000
1148.680	8862.000
1148.824	8781.000
1148.969	8827.000
1149.114	8803.000
1149.259	8760.000
1149.403	8779.000
1149.548	8782.000
1149.693	8842.000
1149.837	8833.000
1149.982	8768.000
1150.127	8786.000
1150.271	8792.000
1150.416	8822.000
1150.561	8754.000
1150.705	8746.000
1150.850	8800.000
1150.994	8854.000
1151.139	8828.000
1151.284	8782.000
1151.428	8742.000
1151.573	8858.000
1151.717	8757.000
1151.862	8754.000
1152.006	8711.000
1152.151	8788.000
1152.295	8674.000
1152.440	8848.000
1152.584	8815.000
1152.729	8836.000
1152.873	8765.000
1153.018	8808.000
1153.162	8782.000
1153.307	8754.000
1153.451	8735.000
1153.596	8814.000
1153.740	8654.000
1153.885	8783.000
1154.029	8757.000
1154.174	8790.000
1154.318	8732.000
1154.462	8820.000
1154.607	8690.000
1154.751	8784.000
1154.896	8723.000
1155.040	8752.000
1155.184	8755.000
1155.329	8773.000
1155.473	8650.000
1155.617	8794.000
1155.762	8568.000
1155.906	8672.000
1156.050	8668.000
1156.194	8793.000
1156.339	8700.000
1156.483	8768.000
1156.627	8541.000
1156.772	8609.000
1156.916	8618.000
1157.060	8657.000
1157.204	8653.000
1157.349	8751.000
1157.493	8591.000
1157.637	8661.000
1157.781	8584.000
1157.925	8678.000
1158.070	8598.000
1158.214	8721.000
1158.358	8532.000
1158.502	8616.000
1158.646	8496.000
1158.790	8723.000
1158.935	8646.000
1159.079	8599.000
1159.223	8605.000
1159.367	8604.000
1159.511	8519.000
1159.655	8635.000
1159.799	8545.000
1159.943	8656.000
1160.087	8496.000
1160.231	8645.000
1160.375	8535.000
1160.519	8596.000
1160.664	8428.000
1160.808	8673.000
1160.952	8520.000
1161.096	8540.000
1161.240	8451.000
1161.384	8567.000
1161.528	8402.000
1161.672	8543.000
1161.815	8517.000
1161.959	8598.000
1162.103	8494.000
1162.247	8605.000
1162.391	8369.000
1162.535	8598.000
1162.679	8405.000
1162.823	8551.000
1162.967	8446.000
1163.111	8602.000
1163.255	8490.000
1163.399	8513.000
1163.542	8450.000
1163.686	8575.000
1163.830	8419.000
1163.974	8480.000
1164.118	8447.000
1164.262	8567.000
1164.405	8385.000
1164.549	8481.000
1164.693	8429.000
1164.837	8512.000
1164.981	8416.000
1165.124	8497.000
1165.268	8389.000
1165.412	8519.000
1165.556	8431.000
1165.699	8562.000
1165.843	8517.000
1165.987	8594.000
1166.131	8462.000
1166.274	8432.000
1166.418	8396.000
1166.562	8500.000
1166.705	8380.000
1166.849	8544.000
1166.993	8559.000
1167.136	8570.000
1167.280	8431.000
1167.424	8587.000
1167.567	8546.000
1167.711	8516.000
1167.854	8381.000
1167.998	8590.000
1168.142	8453.000
1168.285	8534.000
1168.429	8442.000
1168.572	8591.000
1168.716	8440.000
1168.859	8543.000
1169.003	8458.000
1169.147	8553.000
1169.290	8496.000
1169.434	8562.000
1169.577	8519.000
1169.721	8599.000
1169.864	8498.000
1170.008	8693.000
1170.151	8507.000
1170.294	8557.000
1170.438	8527.000
1170.581	8634.000
1170.725	8466.000
1170.868	8588.000
1171.012	8590.000
1171.155	8629.000
1171.298	8510.000
1171.442	8548.000
1171.585	8495.000
1171.729	8569.000
1171.872	8479.000
1172.015	8580.000
1172.159	8541.000
1172.302	8655.000
1172.445	8498.000
1172.589	8586.000
1172.732	8384.000
1172.875	8671.000
1173.019	8483.000
1173.162	8594.000
1173.305	8461.000
1173.449	8649.000
1173.592	8488.000
1173.735	8595.000
1173.878	8589.000
1174.022	8540.000
1174.165	8441.000
1174.308	8608.000
1174.451	8511.000
1174.594	8594.000
1174.738	8459.000
1174.881	8685.000
1175.024	8573.000
1175.167	8638.000
1175.310	8500.000
1175.454	8635.000
1175.597	8548.000
1175.740	8619.000
1175.883	8448.000
1176.026	8674.000
1176.169	8525.000
1176.312	8555.000
1176.455	8557.000
1176.598	8581.000
1176.742	8535.000
1176.885	8721.000
1177.028	8505.000
1177.171	8535.000
1177.314	8529.000
1177.457	8702.000
1177.600	8610.000
1177.743	8617.000
1177.886	8455.000
1178.029	8707.000
1178.172	8552.000
1178.315	8659.000
1178.458	8580.000
1178.601	8692.000
1178.744	8575.000
1178.887	8684.000
1179.030	8652.000
1179.173	8757.000
1179.316	8621.000
1179.458	8743.000
1179.601	8580.000
1179.744	8682.000
1179.887	8681.000
1180.030	8717.000
1180.173	8520.000
1180.316	8761.000
1180.459	8576.000
1180.602	8692.000
1180.744	8625.000
1180.887	8772.000
1181.030	8645.000
1181.173	8761.000
1181.316	8652.000
1181.458	8693.000
1181.601	8608.000
1181.744	8725.000
1181.887	8737.000
1182.030	8716.000
1182.172	8678.000
1182.315	8747.000
1182.458	8720.000
1182.601	8775.000
1182.743	8705.000
1182.886	8738.000
1183.029	8699.000
1183.171	8797.000
1183.314	8740.000
1183.457	8804.000
1183.599	8644.000
1183.742	8867.000
1183.885	8670.000
1184.027	8858.000
1184.170	8747.000
1184.313	8943.000
1184.455	8765.000
1184.598	9019.000
1184.741	8685.000
1184.883	9013.000
1185.026	8756.000
1185.168	8906.000
1185.311	8823.000
1185.453	8965.000
1185.596	8819.000
1185.739	8866.000
1185.881	8812.000
1186.024	8989.000
1186.166	8807.000
1186.309	8965.000
1186.451	8833.000
1186.594	8989.000
1186.736	8942.000
1186.879	9039.000
1187.021	8949.000
1187.164	9034.000
1187.306	8873.000
1187.448	9053.000
1187.591	8660.000
1187.733	9077.000
1187.876	9015.000
1188.018	9045.000
1188.160	9047.000
1188.303	9026.000
1188.445	8910.000
1188.588	9027.000
1188.730	9023.000
1188.872	9195.000
1189.015	8992.000
1189.157	9125.000
1189.299	8988.000
1189.442	9166.000
1189.584	9028.000
1189.726	9091.000
1189.869	9000.000
1190.011	9209.000
1190.153	9099.000
1190.295	9179.000
1190.438	9042.000
1190.580	9205.000
1190.722	9079.000
1190.864	9257.000
1191.007	9165.000
1191.149	9193.000
1191.291	9042.000
1191.433	9247.000
1191.576	9159.000
1191.718	9388.000
1191.860	9152.000
1192.002	9317.000
1192.144	9182.000
1192.286	9296.000
1192.429	9214.000
1192.571	9334.000
1192.713	9209.000
1192.855	9370.000
1192.997	9243.000
1193.139	9371.000
1193.281	9248.000
1193.423	9440.000
1193.565	9280.000
1193.707	9454.000
1193.850	9281.000
1193.992	9357.000
1194.134	9251.000
1194.276	9456.000
1194.418	9226.000
1194.560	9382.000
1194.702	9297.000
1194.844	9371.000
1194.986	9311.000
1195.128	9418.000
1195.270	9325.000
1195.412	9442.000
1195.554	9345.000
1195.696	9485.000
1195.837	9378.000
1195.979	9429.000
1196.121	9298.000
1196.263	9474.000
1196.405	9378.000
1196.547	9456.000
1196.689	9327.000
1196.831	9522.000
1196.973	9337.000
1197.115	9385.000
1197.256	9330.000
1197.398	9447.000
1197.540	9339.000
1197.682	9437.000
1197.824	9287.000
1197.966	9473.000
1198.107	9295.000
1198.249	9412.000
1198.391	9383.000
1198.533	9392.000
1198.675	9294.000
1198.816	9378.000
1198.958	9236.000
1199.100	9477.000
1199.242	9358.000
1199.383	9325.000
1199.525	9259.000
1199.667	9298.000
1199.808	9298.000
1199.950	9347.000
1200.092	9272.000
1200.233	9402.000
1200.375	9242.000
1200.517	9345.000
1200.658	9240.000
1200.800	9315.000
1200.942	9167.000
1201.083	9327.000
1201.225	9235.000
1201.367	9305.000
1201.508	9179.000
1201.650	9141.000
1201.791	9053.000
1201.933	9231.000
1202.074	9015.000
1202.216	9121.000
1202.358	9040.000
1202.499	9129.000
1202.641	8994.000
1202.782	9043.000
1202.924	8976.000
1203.065	9152.000
1203.207	8857.000
1203.348	9105.000
1203.490	8935.000
1203.631	9043.000
1203.773	8953.000
1203.914	9045.000
1204.056	8876.000
1204.197	9017.000
1204.338	8844.000
1204.480	8998.000
1204.621	8892.000
1204.763	9010.000
1204.904	8804.000
1205.045	8969.000
1205.187	9017.000
1205.328	9009.000
1205.470	8911.000
1205.611	9011.000
1205.752	8851.000
1205.894	9019.000
1206.035	8850.000
1206.176	9002.000
1206.318	8825.000
1206.459	9134.000
1206.600	8916.000
1206.741	9079.000
1206.883	8894.000
1207.024	9051.000
1207.165	8906.000
1207.306	9046.000
1207.448	8862.000
1207.589	8985.000
1207.730	8885.000
1207.871	9058.000
1208.013	8941.000
1208.154	9046.000
1208.295	8831.000
1208.436	8991.000
1208.577	8916.000
1208.719	9021.000
1208.860	8897.000
1209.001	9034.000
1209.142	8837.000
1209.283	9015.000
1209.424	8820.000
1209.565	9065.000
1209.706	8895.000
1209.848	9128.000
1209.989	8910.000
1210.130	8997.000
1210.271	8839.000
1210.412	8956.000
1210.553	8916.000
1210.694	9099.000
1210.835	8887.000
1210.976	9050.000
1211.117	8779.000
1211.258	9036.000
1211.399	8910.000
1211.540	9044.000
1211.681	8883.000
1211.822	9013.000
1211.963	8994.000
1212.104	8994.000
1212.245	8929.000
1212.386	9074.000
1212.527	8845.000
1212.668	9060.000
1212.809	8863.000
1212.950	9060.000
1213.090	8923.000
1213.231	8990.000
1213.372	8867.000
1213.513	9050.000
1213.654	8919.000
1213.795	8950.000
1213.936	8805.000
1214.077	9033.000
1214.217	8994.000
1214.358	9094.000
1214.499	8976.000
1214.640	9111.000
1214.781	8909.000
1214.921	9067.000
1215.062	8903.000
1215.203	9030.000
1215.344	8844.000
1215.485	9002.000
1215.625	8982.000
1215.766	9054.000
1215.907	8913.000
1216.047	9070.000
1216.188	8884.000
1216.329	9071.000
1216.470	8834.000
1216.610	9055.000
1216.751	8925.000
1216.892	8946.000
1217.032	8856.000
1217.173	9001.000
1217.314	8994.000
1217.454	8986.000
1217.595	8895.000
1217.735	9051.000
1217.876	8922.000
1218.017	9021.000
1218.157	8889.000
1218.298	9072.000
1218.438	8889.000
1218.579	9000.000
1218.720	8892.000
1218.860	9080.000
1219.001	8905.000
1219.141	8982.000
1219.282	8920.000
1219.422	9003.000
1219.563	8881.000
1219.703	8962.000
1219.844	8841.000
1219.984	9059.000
1220.125	8956.000
1220.265	9026.000
1220.406	8922.000
1220.546	9048.000
1220.687	8934.000
1220.827	8994.000
1220.967	8847.000
1221.108	9058.000
1221.248	8874.000
1221.389	9011.000
1221.529	8908.000
1221.669	9066.000
1221.810	8923.000
1221.950	8979.000
1222.091	8907.000
1222.231	9064.000
1222.371	8916.000
1222.512	9007.000
1222.652	8958.000
1222.792	9074.000
1222.933	8863.000
1223.073	9015.000
1223.213	9004.000
1223.353	9123.000
1223.494	8960.000
1223.634	9050.000
1223.774	9003.000
1223.914	9042.000
1224.055	8922.000
1224.195	9091.000
1224.335	8954.000
1224.475	9058.000
1224.616	8917.000
1224.756	9046.000
1224.896	8891.000
1225.036	9150.000
1225.176	8983.000
1225.316	9119.000
1225.457	8934.000
1225.597	9170.000
1225.737	8960.000
1225.877	9148.000
1226.017	8971.000
1226.157	9157.000
1226.297	8975.000
1226.437	9097.000
1226.578	8984.000
1226.718	9109.000
1226.858	8974.000
1226.998	9155.000
1227.138	9036.000
1227.278	9095.000
1227.418	9025.000
1227.558	9091.000
1227.698	9034.000
1227.838	9198.000
1227.978	9024.000
1228.118	9095.000
1228.258	8998.000
1228.398	9164.000
1228.538	9033.000
1228.678	9100.000
1228.818	9083.000
1228.958	9138.000
1229.098	9081.000
1229.238	9215.000
1229.377	9042.000
1229.517	9136.000
1229.657	9135.000
1229.797	9179.000
1229.937	9082.000
1230.077	9245.000
1230.217	9124.000
1230.357	9212.000
1230.496	9162.000
1230.636	9232.000
1230.776	9114.000
1230.916	9171.000
1231.056	9127.000
1231.196	9236.000
1231.335	9100.000
1231.475	9143.000
1231.615	9194.000
1231.755	9244.000
1231.894	9079.000
1232.034	9171.000
1232.174	9106.000
1232.314	9266.000
1232.453	9119.000
1232.593	9215.000
1232.733	9131.000
1232.873	9345.000
1233.012	9475.000
1233.152	9214.000
1233.292	9151.000
1233.431	9242.000
1233.571	9052.000
1233.711	9299.000
1233.850	9101.000
1233.990	9288.000
1234.129	9123.000
1234.269	9163.000
1234.409	9182.000
1234.548	9226.000
1234.688	9130.000
1234.828	9234.000
1234.967	9145.000
1235.107	9287.000
1235.246	9115.000
1235.386	9170.000
1235.525	9118.000
1235.665	9201.000
1235.804	9089.000
1235.944	9188.000
1236.083	9107.000
1236.223	9210.000
1236.362	9152.000
1236.502	9177.000
1236.641	9119.000
1236.781	9325.000
1236.920	9142.000
1237.060	9185.000
1237.199	9130.000
1237.339	9152.000
1237.478	9151.000
1237.617	9191.000
1237.757	9126.000
1237.896	9127.000
1238.036	9138.000
1238.175	9154.000
1238.314	9111.000
1238.454	9162.000
1238.593	9106.000
1238.732	9225.000
1238.872	9138.000
1239.011	9297.000
1239.150	9124.000
1239.290	9191.000
1239.429	9165.000
1239.568	9197.000
1239.708	9182.000
1239.847	9200.000
1239.986	9138.000
1240.125	9171.000
1240.265	9172.000
1240.404	9241.000
1240.543	9223.000
1240.682	9211.000
1240.822	9156.000
1240.961	9185.000
1241.100	9160.000
1241.239	9222.000
1241.378	9128.000
1241.518	9310.000
1241.657	9119.000
1241.796	9269.000
1241.935	9165.000
1242.074	9226.000
1242.213	9167.000
1242.352	9231.000
1242.492	9107.000
1242.631	9281.000
1242.770	9159.000
1242.909	9331.000
1243.048	9194.000
1243.187	9343.000
1243.326	9164.000
1243.465	9340.000
1243.604	9157.000
1243.743	9257.000
1243.882	9151.000
1244.021	9341.000
1244.160	9165.000
1244.299	9370.000
1244.438	9195.000
1244.577	9361.000
1244.716	9156.000
1244.855	9309.000
1244.994	9209.000
1245.133	9380.000
1245.272	9243.000
1245.411	9338.000
1245.550	9297.000
1245.689	9423.000
1245.828	9304.000
1245.967	9317.000
1246.106	9279.000
1246.244	9406.000
1246.383	9234.000
1246.522	9359.000
1246.661	9264.000
1246.800	9429.000
1246.939	9207.000
1247.078	9416.000
1247.216	9256.000
1247.355	9460.000
1247.494	9378.000
1247.633	9426.000
1247.772	9254.000
1247.910	9362.000
1248.049	9285.000
1248.188	9376.000
1248.327	9294.000
1248.465	9418.000
1248.604	9330.000
1248.743	9386.000
1248.882	9285.000
1249.020	9422.000
1249.159	9329.000
1249.298	9415.000
1249.436	9278.000
1249.575	9466.000
1249.714	9277.000
1249.852	9408.000
1249.991	9293.000
1250.130	9388.000
1250.268	9181.000
1250.407	9426.000
1250.546	9333.000
1250.684	9356.000
1250.823	9288.000
1250.961	9470.000
1251.100	9259.000
1251.239	9408.000
1251.377	9328.000
1251.516	9367.000
1251.654	9270.000
1251.793	9346.000
1251.931	9260.000
1252.070	9358.000
1252.208	9290.000
1252.347	9396.000
1252.485	9302.000
1252.624	9363.000
1252.762	9230.000
1252.901	9451.000
1253.039	9378.000
1253.178	9374.000
1253.316	9351.000
1253.455	9407.000
1253.593	9288.000
1253.732	9423.000
1253.870	8531.000
1254.008	9367.000
1254.147	9275.000
1254.285	9330.000
1254.424	9214.000
1254.562	9414.000
1254.700	9234.000
1254.839	9392.000
1254.977	9305.000
1255.115	9400.000
1255.254	9264.000
1255.392	9343.000
1255.530	9211.000
1255.669	9433.000
1255.807	9284.000
1255.945	9338.000
1256.084	9175.000
1256.222	9388.000
1256.360	9168.000
1256.498	9302.000
1256.637	9237.000
1256.775	9295.000
1256.913	9231.000
1257.051	9308.000
1257.189	9148.000
1257.328	9381.000
1257.466	9150.000
1257.604	9405.000
1257.742	9215.000
1257.880	9288.000
1258.019	9245.000
1258.157	9287.000
1258.295	9228.000
1258.433	9249.000
1258.571	9177.000
1258.709	9252.000
1258.847	9194.000
1258.986	9365.000
1259.124	9229.000
1259.262	9349.000
1259.400	9157.000
1259.538	9231.000
1259.676	9124.000
1259.814	9266.000
1259.952	9094.000
1260.090	9264.000
1260.228	9090.000
1260.366	9252.000
1260.504	9096.000
1260.642	9294.000
1260.780	9227.000
1260.918	9274.000
1261.056	9135.000
1261.194	9354.000
1261.332	9088.000
1261.470	9271.000
1261.608	9209.000
1261.746	9353.000
1261.884	9170.000
1262.022	9387.000
1262.160	11885.000
1262.297	9369.000
1262.435	9203.000
1262.573	9339.000
1262.711	9223.000
1262.849	9350.000
1262.987	9150.000
1263.125	9307.000
1263.262	9299.000
1263.400	9419.000
1263.538	9299.000
1263.676	9335.000
1263.814	9219.000
1263.952	9379.000
1264.089	9338.000
1264.227	9425.000
1264.365	9262.000
1264.503	9403.000
1264.640	9235.000
1264.778	9420.000
1264.916	9280.000
1265.054	9451.000
1265.191	9314.000
1265.329	9427.000
1265.467	9323.000
1265.604	9432.000
1265.742	9224.000
1265.880	9344.000
1266.017	9270.000
1266.155	9473.000
1266.293	9279.000
1266.430	9392.000
1266.568	9233.000
1266.706	9490.000
1266.843	9263.000
1266.981	9459.000
1267.119	9267.000
1267.256	9436.000
1267.394	9145.000
1267.531	9410.000
1267.669	9209.000
1267.806	9463.000
1267.944	9197.000
1268.081	9428.000
1268.219	9284.000
1268.357	9424.000
1268.494	9237.000
1268.632	9463.000
1268.769	9214.000
1268.907	9479.000
1269.044	9297.000
1269.182	9362.000
1269.319	9230.000
1269.456	9487.000
1269.594	9268.000
1269.731	9432.000
1269.869	9250.000
1270.006	9450.000
1270.144	9333.000
1270.281	9430.000
1270.418	9324.000
1270.556	9475.000
1270.693	9328.000
1270.831	9509.000
1270.968	9240.000
1271.105	9484.000
1271.243	9218.000
1271.380	9420.000
1271.517	9348.000
1271.655	9554.000
1271.792	9296.000
1271.929	9472.000
1272.066	9362.000
1272.204	9567.000
1272.341	9320.000
1272.478	9543.000
1272.616	9307.000
1272.753	9606.000
1272.890	9298.000
1273.027	9475.000
1273.165	9341.000
1273.302	9590.000
1273.439	9324.000
1273.576	9400.000
1273.713	9348.000
1273.851	9620.000
1273.988	9411.000
1274.125	9489.000
1274.262	9349.000
1274.399	9497.000
1274.536	9386.000
1274.673	9544.000
