1159.948	7531.000
1160.095	7417.000
1160.241	7512.000
1160.387	7494.000
1160.533	7469.000
1160.679	7511.000
1160.825	7472.000
1160.971	7446.000
1161.117	7453.000
1161.263	7432.000
1161.410	7404.000
1161.556	7483.000
1161.702	7459.000
1161.848	7351.000
1161.994	7428.000
1162.140	7475.000
1162.286	7329.000
1162.432	7433.000
1162.578	7368.000
1162.724	7431.000
1162.870	7329.000
1163.016	7339.000
1163.162	7490.000
1163.308	7380.000
1163.454	7376.000
1163.599	7332.000
1163.745	7409.000
1163.891	7324.000
1164.037	7333.000
1164.183	7307.000
1164.329	7366.000
1164.475	7363.000
1164.621	7351.000
1164.767	7359.000
1164.912	7278.000
1165.058	7326.000
1165.204	7366.000
1165.350	7261.000
1165.496	7337.000
1165.642	7326.000
1165.787	7300.000
1165.933	7335.000
1166.079	7234.000
1166.225	7336.000
1166.370	7231.000
1166.516	7301.000
1166.662	7304.000
1166.808	7242.000
1166.953	7267.000
1167.099	7284.000
1167.245	7268.000
1167.390	7250.000
1167.536	7307.000
1167.682	7319.000
1167.827	7222.000
1167.973	7314.000
1168.119	7209.000
1168.264	7275.000
1168.410	7194.000
1168.556	7216.000
1168.701	7267.000
1168.847	7239.000
1168.992	7222.000
1169.138	7210.000
1169.284	7156.000
1169.429	7289.000
1169.575	7242.000
1169.720	7219.000
1169.866	7188.000
1170.011	7238.000
1170.157	7231.000
1170.302	7222.000
1170.448	7242.000
1170.593	7250.000
1170.739	7162.000
1170.884	7190.000
1171.030	7152.000
1171.175	7190.000
1171.321	7191.000
1171.466	7284.000
1171.611	7176.000
1171.757	7209.000
1171.902	7219.000
1172.048	7183.000
1172.193	7153.000
1172.338	7191.000
1172.484	7138.000
1172.629	7187.000
1172.775	7194.000
1172.920	7165.000
1173.065	7168.000
1173.211	7220.000
1173.356	7207.000
1173.501	7171.000
1173.646	7196.000
1173.792	7191.000
1173.937	7156.000
1174.082	7228.000
1174.228	7208.000
1174.373	7217.000
1174.518	7165.000
1174.663	7171.000
1174.809	7140.000
1174.954	7113.000
1175.099	7171.000
1175.244	7262.000
1175.389	7166.000
1175.535	7204.000
1175.680	7175.000
1175.825	7178.000
1175.970	7212.000
1176.115	7228.000
1176.260	7087.000
1176.405	7259.000
1176.550	7194.000
1176.696	7206.000
1176.841	7214.000
1176.986	7270.000
1177.131	7248.000
1177.276	7248.000
1177.421	7230.000
1177.566	7259.000
1177.711	7229.000
1177.856	7332.000
1178.001	7212.000
1178.146	7329.000
1178.291	7150.000
1178.436	7229.000
1178.581	7320.000
1178.726	7329.000
1178.871	7284.000
1179.016	7334.000
1179.161	7271.000
1179.306	7299.000
1179.451	7264.000
1179.596	7287.000
1179.741	7346.000
1179.886	7379.000
1180.030	7286.000
1180.175	7333.000
1180.320	7330.000
1180.465	7385.000
1180.610	7337.000
1180.755	7307.000
1180.900	7332.000
1181.044	7405.000
1181.189	7380.000
1181.334	7371.000
1181.479	7344.000
1181.624	7419.000
1181.768	7348.000
1181.913	7370.000
1182.058	7342.000
1182.203	7385.000
1182.348	7303.000
1182.492	7452.000
1182.637	7413.000
1182.782	7454.000
1182.926	7355.000
1183.071	7415.000
1183.216	7380.000
1183.360	7387.000
1183.505	7342.000
1183.650	7434.000
1183.794	7314.000
1183.939	7416.000
1184.084	7417.000
1184.228	7403.000
1184.373	7373.000
1184.518	7475.000
1184.662	7312.000
1184.807	7451.000
1184.951	7408.000
1185.096	7387.000
1185.241	7436.000
1185.385	7460.000
1185.530	7351.000
1185.674	7472.000
1185.819	7313.000
1185.963	7415.000
1186.108	7389.000
1186.252	7517.000
1186.397	7397.000
1186.541	7492.000
1186.686	7324.000
1186.830	7395.000
1186.975	7394.000
1187.119	7433.000
1187.263	7427.000
1187.408	7519.000
1187.552	7389.000
1187.697	7435.000
1187.841	7360.000
1187.985	7466.000
1188.130	7427.000
1188.274	7537.000
1188.419	7352.000
1188.563	7469.000
1188.707	7324.000
1188.852	7544.000
1188.996	7514.000
1189.140	7450.000
1189.285	7439.000
1189.429	7469.000
1189.573	7367.000
1189.717	7465.000
1189.862	7412.000
1190.006	7526.000
1190.150	7329.000
1190.294	7517.000
1190.439	7373.000
1190.583	7467.000
1190.727	7372.000
1190.871	7558.000
1191.016	7427.000
1191.160	7483.000
1191.304	7399.000
1191.448	7473.000
1191.592	7338.000
1191.736	7486.000
1191.881	7454.000
1192.025	7537.000
1192.169	7440.000
1192.313	7544.000
1192.457	7322.000
1192.601	7568.000
1192.745	7354.000
1192.889	7514.000
1193.033	7391.000
1193.177	7583.000
1193.321	7460.000
1193.465	7533.000
1193.610	7406.000
1193.754	7568.000
1193.898	7385.000
1194.042	7494.000
1194.186	7434.000
1194.330	7549.000
1194.474	7373.000
1194.617	7491.000
1194.761	7386.000
1194.905	7490.000
1195.049	7411.000
1195.193	7504.000
1195.337	7364.000
1195.481	7551.000
1195.625	7412.000
1195.769	7536.000
1195.913	7489.000
1196.057	7550.000
1196.201	7429.000
1196.344	7446.000
1196.488	7367.000
1196.632	7467.000
1196.776	7329.000
1196.920	7535.000
1197.064	7495.000
1197.207	7503.000
1197.351	7349.000
1197.495	7544.000
1197.639	7463.000
1197.782	7453.000
1197.926	7322.000
1198.070	7491.000
1198.214	7348.000
1198.357	7436.000
1198.501	7290.000
1198.645	7484.000
1198.789	7312.000
1198.932	7410.000
1199.076	7331.000
1199.220	7414.000
1199.363	7291.000
1199.507	7411.000
1199.651	7317.000
1199.794	7411.000
1199.938	7276.000
1200.081	7490.000
1200.225	7294.000
1200.369	7317.000
1200.512	7277.000
1200.656	7406.000
1200.799	7173.000
1200.943	7350.000
1201.087	7279.000
1201.230	7365.000
1201.374	7201.000
1201.517	7292.000
1201.661	7186.000
1201.804	7293.000
1201.948	7145.000
1202.091	7253.000
1202.235	7169.000
1202.378	7274.000
1202.522	7124.000
1202.665	7207.000
1202.808	6956.000
1202.952	7289.000
1203.095	7067.000
1203.239	7151.000
1203.382	7032.000
1203.526	7186.000
1203.669	7022.000
1203.812	7119.000
1203.956	7103.000
1204.099	7050.000
1204.242	6931.000
1204.386	7120.000
1204.529	6991.000
1204.672	7093.000
1204.816	6913.000
1204.959	7147.000
1205.102	7029.000
1205.246	7101.000
1205.389	6931.000
1205.532	7065.000
1205.675	6993.000
1205.819	7110.000
1205.962	6880.000
1206.105	7113.000
1206.248	6900.000
1206.392	6992.000
1206.535	6941.000
1206.678	7030.000
1206.821	6926.000
1206.964	7124.000
1207.108	6866.000
1207.251	6943.000
1207.394	6885.000
1207.537	7103.000
1207.680	6935.000
1207.823	6977.000
1207.966	6790.000
1208.109	7063.000
1208.253	6869.000
1208.396	7027.000
1208.539	6836.000
1208.682	7022.000
1208.825	6881.000
1208.968	6988.000
1209.111	6918.000
1209.254	6998.000
1209.397	6854.000
1209.540	7040.000
1209.683	6811.000
1209.826	6918.000
1209.969	6855.000
1210.112	6959.000
1210.255	6741.000
1210.398	7012.000
1210.541	6753.000
1210.684	6891.000
1210.827	6799.000
1210.970	6962.000
1211.113	6836.000
1211.255	6964.000
1211.398	6830.000
1211.541	6870.000
1211.684	6769.000
1211.827	6935.000
1211.970	6906.000
1212.113	6868.000
1212.256	6772.000
1212.398	6887.000
1212.541	6817.000
1212.684	6936.000
1212.827	6780.000
1212.970	6863.000
1213.112	6812.000
1213.255	6911.000
1213.398	6778.000
1213.541	6918.000
1213.683	6711.000
1213.826	6953.000
1213.969	6719.000
1214.112	6925.000
1214.254	6757.000
1214.397	6957.000
1214.540	6784.000
1214.682	7016.000
1214.825	6688.000
1214.968	7023.000
1215.110	6770.000
1215.253	6917.000
1215.396	6776.000
1215.538	6955.000
1215.681	6816.000
1215.824	6853.000
1215.966	6771.000
1216.109	6942.000
1216.251	6770.000
1216.394	6911.000
1216.536	6786.000
1216.679	6913.000
1216.822	6842.000
1216.964	6955.000
1217.107	6811.000
1217.249	6937.000
1217.392	6715.000
1217.534	6979.000
1217.677	6567.000
1217.819	6960.000
1217.962	6825.000
1218.104	6881.000
1218.247	6847.000
1218.389	6863.000
1218.531	6688.000
1218.674	6883.000
1218.816	6819.000
1218.959	6995.000
1219.101	6787.000
1219.243	6900.000
1219.386	6752.000
1219.528	6970.000
1219.671	6812.000
1219.813	6883.000
1219.955	6720.000
1220.098	6956.000
1220.240	6828.000
1220.382	6929.000
1220.525	6764.000
1220.667	6956.000
1220.809	6745.000
1220.951	6962.000
1221.094	6850.000
1221.236	6869.000
1221.378	6714.000
1221.520	6920.000
1221.663	6808.000
1221.805	7046.000
1221.947	6780.000
1222.089	6944.000
1222.232	6816.000
1222.374	6940.000
1222.516	6828.000
1222.658	6994.000
1222.800	6818.000
1222.942	6980.000
1223.084	6806.000
1223.227	6980.000
1223.369	6797.000
1223.511	6982.000
1223.653	6834.000
1223.795	7018.000
1223.937	6814.000
1224.079	6888.000
1224.221	6791.000
1224.363	7010.000
1224.505	6756.000
1224.647	6910.000
1224.789	6774.000
1224.932	6912.000
1225.074	6759.000
1225.216	6939.000
1225.358	6788.000
1225.500	6968.000
1225.641	6790.000
1225.783	6980.000
1225.925	6837.000
1226.067	6941.000
1226.209	6792.000
1226.351	6979.000
1226.493	6885.000
1226.635	6991.000
1226.777	6810.000
1226.919	7034.000
1227.061	6800.000
1227.203	6929.000
1227.345	6800.000
1227.486	6975.000
1227.628	6814.000
1227.770	6958.000
1227.912	6773.000
1228.054	6974.000
1228.196	6767.000
1228.337	6945.000
1228.479	6909.000
1228.621	6906.000
1228.763	6786.000
1228.904	6928.000
1229.046	6739.000
1229.188	6997.000
1229.330	6880.000
1229.471	6912.000
1229.613	6776.000
1229.755	6869.000
1229.897	6842.000
1230.038	6935.000
1230.180	6898.000
1230.322	7012.000
1230.463	6798.000
1230.605	6958.000
1230.747	6814.000
1230.888	6982.000
1231.030	6814.000
1231.171	6975.000
1231.313	6863.000
1231.455	6978.000
1231.596	6823.000
1231.738	6839.000
1231.879	6762.000
1232.021	6999.000
1232.163	6750.000
1232.304	6919.000
1232.446	6782.000
1232.587	6926.000
1232.729	6792.000
1232.870	6909.000
1233.012	6772.000
1233.153	6987.000
1233.295	6702.000
1233.436	7005.000
1233.578	6786.000
1233.719	6916.000
1233.860	6824.000
1234.002	6958.000
1234.143	6786.000
1234.285	6926.000
1234.426	6753.000
1234.568	6927.000
1234.709	6792.000
1234.850	6899.000
1234.992	6729.000
1235.133	6909.000
1235.274	6889.000
1235.416	6972.000
1235.557	6802.000
1235.698	6978.000
1235.840	6779.000
1235.981	6937.000
1236.122	6761.000
1236.264	6941.000
1236.405	6707.000
1236.546	7013.000
1236.687	6803.000
1236.829	7015.000
1236.970	6777.000
1237.111	6945.000
1237.252	6799.000
1237.394	6953.000
1237.535	6720.000
1237.676	6911.000
1237.817	6741.000
1237.958	6953.000
1238.100	6825.000
1238.241	6926.000
1238.382	6697.000
1238.523	6918.000
1238.664	6738.000
1238.805	6903.000
1238.946	6773.000
1239.088	6917.000
1239.229	6698.000
1239.370	6942.000
1239.511	6688.000
1239.652	6954.000
1239.793	6760.000
1239.934	7021.000
1240.075	6782.000
1240.216	6885.000
1240.357	6733.000
1240.498	6866.000
1240.639	6794.000
1240.780	6981.000
1240.921	6731.000
1241.062	6937.000
1241.203	6674.000
1241.344	6914.000
1241.485	6774.000
1241.626	6910.000
1241.767	6725.000
1241.908	6871.000
1242.049	6812.000
1242.190	6848.000
1242.330	6753.000
1242.471	6923.000
1242.612	6690.000
1242.753	6944.000
1242.894	6680.000
1243.035	6926.000
1243.176	6735.000
1243.316	6850.000
1243.457	6707.000
1243.598	6875.000
1243.739	6737.000
1243.880	6817.000
1244.020	6640.000
1244.161	6864.000
1244.302	6813.000
1244.443	6913.000
1244.584	6737.000
1244.724	6946.000
1244.865	6722.000
1245.006	6889.000
1245.146	6706.000
1245.287	6879.000
1245.428	6628.000
1245.568	6825.000
1245.709	6746.000
1245.850	6889.000
1245.990	6695.000
1246.131	6897.000
1246.272	6679.000
1246.412	6878.000
1246.553	6588.000
1246.694	6837.000
1246.834	6669.000
1246.975	6742.000
1247.115	6609.000
1247.256	6795.000
1247.397	6756.000
1247.537	6790.000
1247.678	6656.000
1247.818	6827.000
1247.959	6664.000
1248.099	6841.000
1248.240	6623.000
1248.380	6878.000
1248.521	6664.000
1248.661	6770.000
1248.802	6614.000
1248.942	6864.000
1249.083	6674.000
1249.223	6759.000
1249.364	6665.000
1249.504	6752.000
1249.644	6589.000
1249.785	6717.000
1249.925	6602.000
1250.066	6810.000
1250.206	6671.000
1250.346	6746.000
1250.487	6644.000
1250.627	6785.000
1250.767	6631.000
1250.908	6717.000
1251.048	6607.000
1251.188	6753.000
1251.329	6532.000
1251.469	6735.000
1251.609	6645.000
1251.750	6775.000
1251.890	6609.000
1252.030	6700.000
1252.170	6571.000
1252.311	6779.000
1252.451	6605.000
1252.591	6737.000
1252.731	6630.000
1252.871	6773.000
1253.012	6529.000
1253.152	6724.000
1253.292	6675.000
1253.432	6803.000
1253.572	6623.000
1253.712	6727.000
1253.853	6652.000
1253.993	6707.000
1254.133	6551.000
1254.273	6730.000
1254.413	6595.000
1254.553	6744.000
1254.693	6564.000
1254.833	6719.000
1254.973	6574.000
1255.114	6797.000
1255.254	6650.000
1255.394	6803.000
1255.534	6554.000
1255.674	6803.000
1255.814	6584.000
1255.954	6788.000
1256.094	6582.000
1256.234	6799.000
1256.374	6574.000
1256.514	6747.000
1256.654	6589.000
1256.794	6750.000
1256.933	6592.000
1257.073	6806.000
1257.213	6584.000
1257.353	6746.000
1257.493	6608.000
1257.633	6686.000
1257.773	6594.000
1257.913	6827.000
1258.053	6630.000
1258.193	6724.000
1258.332	6572.000
1258.472	6785.000
1258.612	6618.000
1258.752	6705.000
1258.892	6633.000
1259.031	6718.000
1259.171	6627.000
1259.311	6859.000
1259.451	6587.000
1259.591	6732.000
1259.730	6661.000
1259.870	6794.000
1260.010	6632.000
1260.150	6833.000
1260.289	6668.000
1260.429	6806.000
1260.569	6690.000
1260.708	6811.000
1260.848	6649.000
1260.988	6771.000
1261.127	6622.000
1261.267	6831.000
1261.407	6648.000
1261.546	6746.000
1261.686	6704.000
1261.826	6805.000
1261.965	6672.000
1262.105	6741.000
1262.244	6609.000
1262.384	6885.000
1262.524	6615.000
1262.663	6779.000
1262.803	6647.000
1262.942	6876.000
1263.082	7017.000
1263.221	6779.000
1263.361	6652.000
1263.500	6776.000
1263.640	6593.000
1263.779	6826.000
1263.919	6577.000
1264.058	6829.000
1264.198	6622.000
1264.337	6696.000
1264.477	6679.000
1264.616	6750.000
1264.756	6590.000
1264.895	6755.000
1265.034	6632.000
1265.174	6813.000
1265.313	6613.000
1265.453	6730.000
1265.592	6599.000
1265.731	6703.000
1265.871	6558.000
1266.010	6724.000
1266.149	6606.000
1266.289	6719.000
1266.428	6663.000
1266.567	6694.000
1266.707	6575.000
1266.846	6816.000
1266.985	6601.000
1267.124	6735.000
1267.264	6609.000
1267.403	6679.000
1267.542	6589.000
1267.681	6681.000
1267.821	6592.000
1267.960	6644.000
1268.099	6615.000
1268.238	6660.000
1268.377	6579.000
1268.517	6719.000
1268.656	6563.000
1268.795	6738.000
1268.934	6590.000
1269.073	6756.000
1269.212	6623.000
1269.352	6684.000
1269.491	6626.000
1269.630	6688.000
1269.769	6618.000
1269.908	6699.000
1270.047	6568.000
1270.186	6699.000
1270.325	6609.000
1270.464	6711.000
1270.603	6639.000
1270.742	6671.000
1270.881	6564.000
1271.020	6652.000
1271.159	6575.000
1271.298	6669.000
1271.437	6533.000
1271.576	6755.000
1271.715	6582.000
1271.854	6727.000
1271.993	6589.000
1272.132	6689.000
1272.271	6609.000
1272.410	6676.000
1272.549	6522.000
1272.688	6755.000
1272.827	6577.000
1272.966	6763.000
1273.104	6637.000
1273.243	6766.000
1273.382	6570.000
1273.521	6761.000
1273.660	6598.000
1273.799	6700.000
1273.938	6542.000
1274.076	6778.000
1274.215	6559.000
1274.354	6756.000
1274.493	6608.000
1274.632	6752.000
1274.770	6539.000
1274.909	6707.000
1275.048	6548.000
1275.187	6767.000
1275.325	6612.000
1275.464	6768.000
1275.603	6644.000
1275.741	6778.000
1275.880	6660.000
1276.019	6706.000
1276.157	6659.000
1276.296	6826.000
1276.435	6623.000
1276.573	6758.000
1276.712	6588.000
1276.851	6786.000
1276.989	6566.000
1277.128	6792.000
1277.267	6590.000
1277.405	6831.000
1277.544	6698.000
1277.682	6789.000
1277.821	6565.000
1277.959	6746.000
1278.098	6586.000
1278.236	6758.000
1278.375	6623.000
1278.514	6771.000
1278.652	6635.000
1278.791	6715.000
1278.929	6641.000
1279.068	6770.000
1279.206	6672.000
1279.344	6748.000
1279.483	6605.000
1279.621	6802.000
1279.760	6582.000
1279.898	6706.000
1280.037	6588.000
1280.175	6744.000
1280.313	6493.000
1280.452	6788.000
1280.590	6626.000
1280.729	6700.000
1280.867	6639.000
1281.005	6809.000
1281.144	6569.000
1281.282	6757.000
1281.420	6641.000
1281.559	6719.000
1281.697	6543.000
1281.835	6679.000
1281.974	6557.000
1282.112	6663.000
1282.250	6596.000
1282.388	6725.000
1282.527	6608.000
1282.665	6720.000
1282.803	6562.000
1282.941	6743.000
1283.080	6623.000
1283.218	6730.000
1283.356	6677.000
1283.494	6722.000
1283.632	6586.000
1283.771	6759.000
1283.909	5791.000
1284.047	6711.000
1284.185	6532.000
1284.323	6674.000
1284.461	6503.000
1284.599	6711.000
1284.737	6519.000
1284.876	6700.000
1285.014	6592.000
1285.152	6682.000
1285.290	6551.000
1285.428	6642.000
1285.566	6499.000
1285.704	6695.000
1285.842	6593.000
1285.980	6662.000
1286.118	6443.000
1286.256	6688.000
1286.394	6479.000
1286.532	6605.000
1286.670	6524.000
1286.808	6599.000
1286.946	6490.000
1287.084	6646.000
1287.222	6459.000
1287.360	6669.000
1287.498	6410.000
1287.636	6683.000
1287.774	6523.000
1287.911	6581.000
1288.049	6526.000
1288.187	6586.000
1288.325	6427.000
1288.463	6534.000
1288.601	6422.000
1288.739	6533.000
1288.876	6467.000
1289.014	6629.000
1289.152	6437.000
1289.290	6612.000
1289.428	6390.000
1289.565	6564.000
1289.703	6403.000
1289.841	6504.000
1289.979	6336.000
1290.117	6555.000
1290.254	6322.000
1290.392	6504.000
1290.530	6359.000
1290.667	6543.000
1290.805	6452.000
1290.943	6535.000
1291.080	6390.000
1291.218	6614.000
1291.356	6326.000
1291.493	6499.000
1291.631	6394.000
1291.769	6575.000
1291.906	6392.000
1292.044	6652.000
1292.182	9375.000
1292.319	6630.000
1292.457	6415.000
1292.594	6538.000
1292.732	6447.000
1292.870	6540.000
1293.007	6311.000
1293.145	6495.000
1293.282	6491.000
1293.420	6634.000
1293.557	6469.000
1293.695	6511.000
1293.832	6398.000
1293.970	6540.000
1294.107	6489.000
1294.245	6651.000
1294.382	6442.000
1294.520	6540.000
1294.657	6392.000
1294.795	6594.000
1294.932	6485.000
1295.069	6625.000
1295.207	6421.000
1295.344	6610.000
1295.482	6444.000
1295.619	6560.000
1295.756	6393.000
1295.894	6508.000
1296.031	6402.000
1296.168	6591.000
1296.306	6381.000
1296.443	6551.000
1296.580	6377.000
1296.718	6664.000
1296.855	6406.000
1296.992	6616.000
1297.130	6403.000
1297.267	6561.000
1297.404	6301.000
1297.541	6564.000
1297.679	6332.000
1297.816	6574.000
1297.953	6327.000
1298.090	6605.000
1298.228	6391.000
1298.365	6543.000
1298.502	6384.000
1298.639	6585.000
1298.776	6315.000
1298.913	6544.000
1299.051	6435.000
1299.188	6500.000
1299.325	6328.000
1299.462	6587.000
1299.599	6361.000
1299.736	6510.000
1299.873	6357.000
1300.010	6511.000
1300.147	6385.000
1300.285	6497.000
1300.422	6398.000
1300.559	6539.000
1300.696	6402.000
1300.833	6575.000
1300.970	6315.000
1301.107	6560.000
1301.244	6290.000
1301.381	6513.000
1301.518	6414.000
1301.655	6582.000
1301.792	6344.000
1301.929	6512.000
1302.066	6391.000
1302.203	6586.000
1302.340	6384.000
1302.476	6594.000
1302.613	6390.000
1302.750	6602.000
1302.887	6349.000
1303.024	6511.000
1303.161	6347.000
1303.298	6574.000
1303.435	6367.000
1303.572	6429.000
1303.708	6390.000
1303.845	6593.000
1303.982	6408.000
1304.119	6498.000
1304.256	6348.000
1304.392	6427.000
1304.529	6443.000
1304.666	6596.000
