1329.918	8780.000
1330.066	8779.000
1330.214	8790.000
1330.363	8850.000
1330.511	8742.000
1330.659	8855.000
1330.807	8725.000
1330.955	8820.000
1331.103	8742.000
1331.251	8781.000
1331.399	8717.000
1331.547	8807.000
1331.695	8746.000
1331.843	8755.000
1331.991	8737.000
1332.139	8876.000
1332.287	8648.000
1332.435	8801.000
1332.583	8719.000
1332.730	8797.000
1332.878	8666.000
1333.026	8735.000
1333.174	8840.000
1333.322	8777.000
1333.470	8719.000
1333.618	8757.000
1333.765	8752.000
1333.913	8722.000
1334.061	8675.000
1334.209	8721.000
1334.356	8749.000
1334.504	8776.000
1334.652	8747.000
1334.800	8762.000
1334.947	8650.000
1335.095	8725.000
1335.243	8763.000
1335.390	8651.000
1335.538	8752.000
1335.686	8757.000
1335.833	8686.000
1335.981	8731.000
1336.128	8676.000
1336.276	8788.000
1336.424	8632.000
1336.571	8705.000
1336.719	8726.000
1336.866	8666.000
1337.014	8667.000
1337.161	8719.000
1337.309	8681.000
1337.456	8655.000
1337.604	8706.000
1337.751	8726.000
1337.899	8651.000
1338.046	8686.000
1338.194	8610.000
1338.341	8687.000
1338.488	8596.000
1338.636	8625.000
1338.783	8631.000
1338.930	8621.000
1339.078	8603.000
1339.225	8597.000
1339.372	8543.000
1339.520	8645.000
1339.667	8629.000
1339.814	8539.000
1339.962	8540.000
1340.109	8620.000
1340.256	8559.000
1340.403	8556.000
1340.550	8584.000
1340.698	8623.000
1340.845	8494.000
1340.992	8554.000
1341.139	8492.000
1341.286	8523.000
1341.433	8487.000
1341.581	8634.000
1341.728	8487.000
1341.875	8548.000
1342.022	8540.000
1342.169	8542.000
1342.316	8413.000
1342.463	8492.000
1342.610	8435.000
1342.757	8494.000
1342.904	8459.000
1343.051	8461.000
1343.198	8448.000
1343.345	8505.000
1343.492	8468.000
1343.639	8482.000
1343.786	8484.000
1343.933	8460.000
1344.080	8396.000
1344.226	8455.000
1344.373	8447.000
1344.520	8513.000
1344.667	8442.000
1344.814	8434.000
1344.961	8364.000
1345.108	8362.000
1345.254	8386.000
1345.401	8494.000
1345.548	8365.000
1345.695	8437.000
1345.841	8360.000
1345.988	8415.000
1346.135	8404.000
1346.282	8460.000
1346.428	8256.000
1346.575	8503.000
1346.722	8329.000
1346.868	8364.000
1347.015	8405.000
1347.162	8440.000
1347.308	8413.000
1347.455	8412.000
1347.601	8365.000
1347.748	8412.000
1347.894	8359.000
1348.041	8460.000
1348.188	8325.000
1348.334	8423.000
1348.481	8256.000
1348.627	8316.000
1348.774	8439.000
1348.920	8460.000
1349.067	8343.000
1349.213	8438.000
1349.359	8378.000
1349.506	8381.000
1349.652	8345.000
1349.799	8374.000
1349.945	8421.000
1350.091	8491.000
1350.238	8365.000
1350.384	8404.000
1350.530	8382.000
1350.677	8452.000
1350.823	8357.000
1350.969	8320.000
1351.116	8348.000
1351.262	8492.000
1351.408	8454.000
1351.554	8400.000
1351.701	8339.000
1351.847	8437.000
1351.993	8357.000
1352.139	8375.000
1352.285	8261.000
1352.432	8384.000
1352.578	8273.000
1352.724	8423.000
1352.870	8387.000
1353.016	8424.000
1353.162	8371.000
1353.308	8424.000
1353.454	8356.000
1353.600	8355.000
1353.747	8280.000
1353.893	8408.000
1354.039	8245.000
1354.185	8380.000
1354.331	8332.000
1354.477	8349.000
1354.623	8315.000
1354.768	8400.000
1354.914	8232.000
1355.060	8365.000
1355.206	8289.000
1355.352	8320.000
1355.498	8360.000
1355.644	8392.000
1355.790	8237.000
1355.936	8377.000
1356.082	8183.000
1356.227	8281.000
1356.373	8278.000
1356.519	8405.000
1356.665	8294.000
1356.811	8353.000
1356.956	8184.000
1357.102	8251.000
1357.248	8283.000
1357.394	8271.000
1357.539	8280.000
1357.685	8361.000
1357.831	8214.000
1357.976	8284.000
1358.122	8133.000
1358.268	8314.000
1358.413	8224.000
1358.559	8344.000
1358.704	8156.000
1358.850	8287.000
1358.996	8148.000
1359.141	8322.000
1359.287	8272.000
1359.432	8219.000
1359.578	8254.000
1359.723	8246.000
1359.869	8177.000
1360.014	8265.000
1360.160	8197.000
1360.305	8315.000
1360.451	8145.000
1360.596	8278.000
1360.742	8186.000
1360.887	8248.000
1361.032	8098.000
1361.178	8350.000
1361.323	8149.000
1361.469	8250.000
1361.614	8112.000
1361.759	8234.000
1361.905	8064.000
1362.050	8224.000
1362.195	8192.000
1362.341	8284.000
1362.486	8160.000
1362.631	8269.000
1362.776	8067.000
1362.922	8315.000
1363.067	8113.000
1363.212	8286.000
1363.357	8109.000
1363.502	8321.000
1363.648	8203.000
1363.793	8238.000
1363.938	8153.000
1364.083	8265.000
1364.228	8150.000
1364.373	8234.000
1364.518	8158.000
1364.663	8297.000
1364.808	8095.000
1364.954	8223.000
1365.099	8123.000
1365.244	8243.000
1365.389	8124.000
1365.534	8243.000
1365.679	8104.000
1365.824	8307.000
1365.969	8148.000
1366.113	8298.000
1366.258	8272.000
1366.403	8338.000
1366.548	8203.000
1366.693	8197.000
1366.838	8103.000
1366.983	8239.000
1367.128	8097.000
1367.273	8254.000
1367.417	8294.000
1367.562	8301.000
1367.707	8136.000
1367.852	8323.000
1367.997	8257.000
1368.141	8199.000
1368.286	8149.000
1368.431	8282.000
1368.576	8142.000
1368.720	8278.000
1368.865	8161.000
1369.010	8310.000
1369.154	8148.000
1369.299	8275.000
1369.444	8234.000
1369.588	8279.000
1369.733	8166.000
1369.878	8290.000
1370.022	8231.000
1370.167	8279.000
1370.311	8192.000
1370.456	8381.000
1370.601	8212.000
1370.745	8230.000
1370.890	8222.000
1371.034	8315.000
1371.179	8118.000
1371.323	8299.000
1371.468	8286.000
1371.612	8347.000
1371.757	8222.000
1371.901	8262.000
1372.045	8189.000
1372.190	8269.000
1372.334	8167.000
1372.479	8253.000
1372.623	8194.000
1372.767	8345.000
1372.912	8169.000
1373.056	8257.000
1373.200	8038.000
1373.345	8362.000
1373.489	8156.000
1373.633	8251.000
1373.777	8182.000
1373.922	8338.000
1374.066	8152.000
1374.210	8228.000
1374.354	8234.000
1374.499	8201.000
1374.643	8103.000
1374.787	8277.000
1374.931	8161.000
1375.075	8228.000
1375.219	8122.000
1375.364	8350.000
1375.508	8217.000
1375.652	8280.000
1375.796	8128.000
1375.940	8253.000
1376.084	8163.000
1376.228	8280.000
1376.372	8106.000
1376.516	8278.000
1376.660	8146.000
1376.804	8156.000
1376.948	8157.000
1377.092	8206.000
1377.236	8126.000
1377.380	8352.000
1377.524	8079.000
1377.668	8098.000
1377.812	8095.000
1377.956	8284.000
1378.099	8165.000
1378.243	8174.000
1378.387	8053.000
1378.531	8293.000
1378.675	8090.000
1378.819	8239.000
1378.962	8084.000
1379.106	8231.000
1379.250	8081.000
1379.394	8202.000
1379.538	8149.000
1379.681	8288.000
1379.825	8094.000
1379.969	8276.000
1380.112	8062.000
1380.256	8152.000
1380.400	8140.000
1380.543	8198.000
1380.687	7994.000
1380.831	8286.000
1380.974	8050.000
1381.118	8124.000
1381.262	8049.000
1381.405	8230.000
1381.549	8091.000
1381.692	8209.000
1381.836	8088.000
1381.979	8108.000
1382.123	8027.000
1382.266	8145.000
1382.410	8184.000
1382.553	8139.000
1382.697	8058.000
1382.840	8109.000
1382.984	8116.000
1383.127	8182.000
1383.271	8040.000
1383.414	8094.000
1383.557	8055.000
1383.701	8142.000
1383.844	8046.000
1383.987	8165.000
1384.131	7993.000
1384.274	8207.000
1384.417	7988.000
1384.561	8194.000
1384.704	8051.000
1384.847	8239.000
1384.990	8049.000
1385.134	8278.000
1385.277	7971.000
1385.420	8277.000
1385.563	8038.000
1385.707	8176.000
1385.850	8037.000
1385.993	8202.000
1386.136	8098.000
1386.279	8150.000
1386.422	8045.000
1386.565	8216.000
1386.709	8044.000
1386.852	8150.000
1386.995	8098.000
1387.138	8173.000
1387.281	8134.000
1387.424	8175.000
1387.567	8120.000
1387.710	8178.000
1387.853	8027.000
1387.996	8201.000
1388.139	7745.000
1388.282	8231.000
1388.425	8116.000
1388.568	8143.000
1388.711	8135.000
1388.854	8139.000
1388.997	7980.000
1389.139	8127.000
1389.282	8113.000
1389.425	8272.000
1389.568	8034.000
1389.711	8176.000
1389.854	8005.000
1389.996	8206.000
1390.139	8059.000
1390.282	8154.000
1390.425	8020.000
1390.568	8210.000
1390.710	8112.000
1390.853	8178.000
1390.996	8035.000
1391.138	8203.000
1391.281	8059.000
1391.424	8243.000
1391.566	8122.000
1391.709	8164.000
1391.852	7952.000
1391.994	8162.000
1392.137	8089.000
1392.280	8324.000
1392.422	8068.000
1392.565	8249.000
1392.707	8097.000
1392.850	8175.000
1392.992	8079.000
1393.135	8191.000
1393.277	8086.000
1393.420	8232.000
1393.562	8078.000
1393.705	8207.000
1393.847	8064.000
1393.990	8244.000
1394.132	8112.000
1394.275	8253.000
1394.417	8065.000
1394.560	8138.000
1394.702	8039.000
1394.844	8277.000
1394.987	8040.000
1395.129	8156.000
1395.271	8018.000
1395.414	8144.000
1395.556	8022.000
1395.698	8189.000
1395.840	8081.000
1395.983	8225.000
1396.125	8054.000
1396.267	8224.000
1396.409	8121.000
1396.552	8190.000
1396.694	8058.000
1396.836	8218.000
1396.978	8123.000
1397.120	8216.000
1397.263	8017.000
1397.405	8234.000
1397.547	8077.000
1397.689	8140.000
1397.831	8025.000
1397.973	8192.000
1398.115	8100.000
1398.257	8165.000
1398.399	8047.000
1398.541	8183.000
1398.683	8061.000
1398.825	8167.000
1398.967	8150.000
1399.109	8157.000
1399.251	8041.000
1399.393	8134.000
1399.535	8011.000
1399.677	8254.000
1399.819	8153.000
1399.961	8167.000
1400.103	8067.000
1400.245	8114.000
1400.387	8064.000
1400.528	8191.000
1400.670	8160.000
1400.812	8296.000
1400.954	8047.000
1401.096	8210.000
1401.238	8089.000
1401.379	8219.000
1401.521	8065.000
1401.663	8240.000
1401.805	8116.000
1401.946	8271.000
1402.088	8120.000
1402.230	8079.000
1402.371	8040.000
1402.513	8216.000
1402.655	7997.000
1402.796	8136.000
1402.938	8045.000
1403.080	8131.000
1403.221	8009.000
1403.363	8151.000
1403.504	8054.000
1403.646	8239.000
1403.788	7943.000
1403.929	8212.000
1404.071	8021.000
1404.212	8182.000
1404.354	8081.000
1404.495	8176.000
1404.637	8039.000
1404.778	8172.000
1404.919	8006.000
1405.061	8146.000
1405.202	7999.000
1405.344	8173.000
1405.485	7993.000
1405.627	8119.000
1405.768	8186.000
1405.909	8161.000
1406.051	8054.000
1406.192	8197.000
1406.333	8004.000
1406.475	8190.000
1406.616	8027.000
1406.757	8175.000
1406.898	7989.000
1407.040	8318.000
1407.181	8091.000
1407.322	8233.000
1407.463	8032.000
1407.605	8210.000
1407.746	8093.000
1407.887	8193.000
1408.028	8011.000
1408.169	8163.000
1408.310	8048.000
1408.452	8201.000
1408.593	8107.000
1408.734	8194.000
1408.875	7994.000
1409.016	8161.000
1409.157	8048.000
1409.298	8162.000
1409.439	8085.000
1409.580	8193.000
1409.721	7975.000
1409.862	8177.000
1410.003	7973.000
1410.144	8155.000
1410.285	8039.000
1410.426	8259.000
1410.567	8047.000
1410.708	8155.000
1410.849	8003.000
1410.990	8111.000
1411.131	8065.000
1411.271	8203.000
1411.412	7996.000
1411.553	8203.000
1411.694	7882.000
1411.835	8171.000
1411.976	8051.000
1412.116	8190.000
1412.257	7995.000
1412.398	8133.000
1412.539	8118.000
1412.680	8087.000
1412.820	8055.000
1412.961	8189.000
1413.102	7978.000
1413.242	8150.000
1413.383	7982.000
1413.524	8186.000
1413.664	7972.000
1413.805	8096.000
1413.946	7973.000
1414.086	8131.000
1414.227	8014.000
1414.367	8061.000
1414.508	7912.000
1414.649	8127.000
1414.789	8053.000
1414.930	8163.000
1415.070	8003.000
1415.211	8198.000
1415.351	7960.000
1415.492	8124.000
1415.632	7964.000
1415.773	8088.000
1415.913	7869.000
1416.053	8067.000
1416.194	8005.000
1416.334	8143.000
1416.475	7950.000
1416.615	8152.000
1416.755	7975.000
1416.896	8110.000
1417.036	7890.000
1417.176	8070.000
1417.317	7903.000
1417.457	7972.000
1417.597	7863.000
1417.738	8043.000
1417.878	7995.000
1418.018	7992.000
1418.158	7904.000
1418.299	8059.000
1418.439	7948.000
1418.579	8099.000
1418.719	7897.000
1418.859	8081.000
1419.000	7879.000
1419.140	7998.000
1419.280	7881.000
1419.420	8086.000
1419.560	7874.000
1419.700	7988.000
1419.840	7902.000
1419.980	7990.000
1420.120	7850.000
1420.260	7948.000
1420.400	7835.000
1420.540	8084.000
1420.680	7914.000
1420.820	7961.000
1420.960	7842.000
1421.100	8026.000
1421.240	7883.000
1421.380	7944.000
1421.520	7816.000
1421.660	7997.000
1421.800	7803.000
1421.940	7985.000
1422.080	7844.000
1422.220	8006.000
1422.360	7854.000
1422.499	7964.000
1422.639	7820.000
1422.779	8025.000
1422.919	7876.000
1423.059	7975.000
1423.198	7887.000
1423.338	7986.000
1423.478	7777.000
1423.618	7971.000
1423.757	7937.000
1423.897	8050.000
1424.037	7860.000
1424.176	7963.000
1424.316	7877.000
1424.456	7946.000
1424.595	7829.000
1424.735	7998.000
1424.875	7862.000
1425.014	8012.000
1425.154	7857.000
1425.293	7944.000
1425.433	7817.000
1425.573	8044.000
1425.712	7904.000
1425.852	8041.000
1425.991	7828.000
1426.131	8074.000
1426.270	7877.000
1426.410	8046.000
1426.549	7841.000
1426.689	8070.000
1426.828	7859.000
1426.967	7980.000
1427.107	7862.000
1427.246	8025.000
1427.386	7818.000
1427.525	8042.000
1427.664	7885.000
1427.804	7966.000
1427.943	7918.000
1428.082	7993.000
1428.222	7924.000
1428.361	8066.000
1428.500	7905.000
1428.640	7999.000
1428.779	7840.000
1428.918	8034.000
1429.057	7958.000
1429.196	7981.000
1429.336	7896.000
1429.475	7998.000
1429.614	7927.000
1429.753	8035.000
1429.892	7905.000
1430.032	8011.000
1430.171	7963.000
1430.310	8043.000
1430.449	7886.000
1430.588	8112.000
1430.727	7975.000
1430.866	8072.000
1431.005	7989.000
1431.144	8086.000
1431.283	7961.000
1431.422	8076.000
1431.561	7932.000
1431.700	8124.000
1431.839	7916.000
1431.978	8033.000
1432.117	8043.000
1432.256	8069.000
1432.395	7944.000
1432.534	7959.000
1432.673	7897.000
1432.812	8149.000
1432.951	7954.000
1433.089	8050.000
1433.228	7962.000
1433.367	8156.000
1433.506	8485.000
1433.645	8062.000
1433.783	7941.000
1433.922	8103.000
1434.061	7906.000
1434.200	8142.000
1434.339	7936.000
1434.477	8114.000
1434.616	7922.000
1434.755	7967.000
1434.893	8021.000
1435.032	8071.000
1435.171	7947.000
1435.309	8070.000
1435.448	7934.000
1435.587	8140.000
1435.725	7889.000
1435.864	8019.000
1436.002	7907.000
1436.141	8017.000
1436.280	7903.000
1436.418	8044.000
1436.557	7933.000
1436.695	8024.000
1436.834	7999.000
1436.972	8005.000
1437.111	7891.000
1437.249	8142.000
1437.388	7924.000
1437.526	7999.000
1437.664	7874.000
1437.803	7953.000
1437.941	7910.000
1438.080	7976.000
1438.218	7927.000
1438.356	7927.000
1438.495	7921.000
1438.633	7958.000
1438.771	7870.000
1438.910	7979.000
1439.048	7881.000
1439.186	8033.000
1439.325	7898.000
1439.463	8096.000
1439.601	7902.000
1439.739	7978.000
1439.878	7936.000
1440.016	7969.000
1440.154	7935.000
1440.292	8006.000
1440.430	7891.000
1440.569	7939.000
1440.707	7923.000
1440.845	8011.000
1440.983	7997.000
1441.121	8000.000
1441.259	7944.000
1441.397	7957.000
1441.535	7921.000
1441.673	7988.000
1441.811	7885.000
1441.949	8074.000
1442.087	7933.000
1442.225	8048.000
1442.363	7910.000
1442.501	8005.000
1442.639	7937.000
1442.777	8028.000
1442.915	7854.000
1443.053	8098.000
1443.191	7934.000
1443.329	8081.000
1443.467	7973.000
1443.605	8095.000
1443.743	7919.000
1443.881	8069.000
1444.018	7935.000
1444.156	8043.000
1444.294	7931.000
1444.432	8118.000
1444.570	7899.000
1444.707	8120.000
1444.845	7918.000
1444.983	8132.000
1445.121	7923.000
1445.258	8081.000
1445.396	7952.000
1445.534	8153.000
1445.671	8011.000
1445.809	8125.000
1445.947	8039.000
1446.084	8183.000
1446.222	8090.000
1446.360	8061.000
1446.497	8058.000
1446.635	8213.000
1446.772	8006.000
1446.910	8142.000
1447.048	8014.000
1447.185	8200.000
1447.323	7972.000
1447.460	8175.000
1447.598	7986.000
1447.735	8250.000
1447.873	8159.000
1448.010	8193.000
1448.147	8002.000
1448.285	8131.000
1448.422	8043.000
1448.560	8135.000
1448.697	8040.000
1448.835	8148.000
1448.972	8043.000
1449.109	8156.000
1449.247	8074.000
1449.384	8185.000
1449.521	8093.000
1449.659	8176.000
1449.796	8049.000
1449.933	8240.000
1450.070	8021.000
1450.208	8156.000
1450.345	8020.000
1450.482	8147.000
1450.619	7946.000
1450.757	8219.000
1450.894	8078.000
1451.031	8076.000
1451.168	8103.000
1451.305	8210.000
1451.442	7986.000
1451.580	8157.000
1451.717	8073.000
1451.854	8129.000
1451.991	7973.000
1452.128	8090.000
1452.265	7996.000
1452.402	8092.000
1452.539	8026.000
1452.676	8151.000
1452.813	8047.000
1452.950	8139.000
1453.087	8035.000
1453.224	8225.000
1453.361	8109.000
1453.498	8148.000
1453.635	8097.000
1453.772	8152.000
1453.909	8039.000
1454.046	8182.000
1454.183	6904.000
1454.319	8132.000
1454.456	8029.000
1454.593	8093.000
1454.730	7940.000
1454.867	8178.000
1455.004	7972.000
1455.140	8136.000
1455.277	8026.000
1455.414	8145.000
1455.551	8037.000
1455.687	8121.000
1455.824	7978.000
1455.961	8167.000
1456.098	8027.000
1456.234	8133.000
1456.371	7947.000
1456.508	8136.000
1456.644	7919.000
1456.781	8071.000
1456.917	7998.000
1457.054	8065.000
1457.191	7968.000
1457.327	8094.000
1457.464	7913.000
1457.600	8140.000
1457.737	7914.000
1457.873	8174.000
1458.010	7977.000
1458.146	8067.000
1458.283	8019.000
1458.419	8005.000
1458.556	7917.000
1458.692	7989.000
1458.829	7881.000
1458.965	7976.000
1459.102	7919.000
1459.238	8073.000
1459.374	7920.000
1459.511	8054.000
1459.647	7871.000
1459.784	8004.000
1459.920	7854.000
1460.056	7966.000
1460.193	7782.000
1460.329	8004.000
1460.465	7769.000
1460.601	7978.000
1460.738	7818.000
1460.874	7990.000
1461.010	7939.000
1461.146	7985.000
1461.283	7836.000
1461.419	8058.000
1461.555	7808.000
1461.691	7973.000
1461.827	7880.000
1461.963	8050.000
1462.100	7862.000
1462.236	8112.000
1462.372	12271.000
1462.508	8093.000
1462.644	7905.000
1462.780	8001.000
1462.916	7925.000
1463.052	8025.000
1463.188	7846.000
1463.324	8004.000
1463.460	7995.000
1463.596	8140.000
1463.732	8007.000
1463.868	8040.000
1464.004	7925.000
1464.140	8054.000
1464.276	8009.000
1464.412	8141.000
1464.548	7954.000
1464.684	8096.000
1464.820	7949.000
1464.955	8118.000
1465.091	7973.000
1465.227	8158.000
1465.363	7949.000
1465.499	8114.000
1465.635	8012.000
1465.770	8100.000
1465.906	7957.000
1466.042	8056.000
1466.178	7955.000
1466.313	8139.000
1466.449	7956.000
1466.585	8059.000
1466.720	7959.000
1466.856	8165.000
1466.992	7993.000
1467.127	8155.000
1467.263	7928.000
1467.399	8135.000
1467.534	7827.000
1467.670	8086.000
1467.806	7922.000
1467.941	8153.000
1468.077	7912.000
1468.212	8139.000
1468.348	7990.000
1468.483	8110.000
1468.619	7961.000
1468.754	8170.000
1468.890	7932.000
1469.025	8153.000
1469.161	8044.000
1469.296	8053.000
1469.432	8012.000
1469.567	8189.000
1469.702	8021.000
1469.838	8130.000
1469.973	8033.000
1470.109	8145.000
1470.244	8074.000
1470.379	8137.000
1470.515	8098.000
1470.650	8216.000
1470.785	8081.000
1470.921	8260.000
1471.056	8057.000
1471.191	8202.000
1471.326	8013.000
1471.462	8178.000
1471.597	8146.000
1471.732	8246.000
1471.867	8067.000
1472.003	8130.000
1472.138	8103.000
1472.273	8242.000
1472.408	8093.000
1472.543	8245.000
1472.678	8080.000
1472.813	8287.000
1472.948	8046.000
1473.084	8127.000
1473.219	8081.000
1473.354	8219.000
1473.489	8094.000
1473.624	8101.000
1473.759	8100.000
1473.894	8285.000
1474.029	8109.000
1474.164	8160.000
1474.299	8095.000
1474.434	8095.000
1474.569	8136.000
1474.704	8273.000
