1229.956	9088.000
1230.103	9021.000
1230.250	9066.000
1230.397	9082.000
1230.544	9032.000
1230.691	9126.000
1230.838	9042.000
1230.985	9054.000
1231.132	9036.000
1231.278	9047.000
1231.425	9002.000
1231.572	9101.000
1231.719	9053.000
1231.866	9003.000
1232.013	9055.000
1232.159	9108.000
1232.306	8993.000
1232.453	9082.000
1232.600	9029.000
1232.746	9099.000
1232.893	8995.000
1233.040	8997.000
1233.186	9168.000
1233.333	9035.000
1233.480	9058.000
1233.627	9046.000
1233.773	9080.000
1233.920	9002.000
1234.066	9024.000
1234.213	9045.000
1234.360	9067.000
1234.506	9046.000
1234.653	9044.000
1234.800	9058.000
1234.946	8978.000
1235.093	9052.000
1235.239	9110.000
1235.386	9004.000
1235.532	9074.000
1235.679	9081.000
1235.825	9022.000
1235.972	9084.000
1236.118	9013.000
1236.265	9097.000
1236.411	9003.000
1236.558	9060.000
1236.704	9082.000
1236.851	9004.000
1236.997	9040.000
1237.143	9022.000
1237.290	9022.000
1237.436	9001.000
1237.583	9106.000
1237.729	9048.000
1237.875	8996.000
1238.022	9017.000
1238.168	8998.000
1238.314	9023.000
1238.461	8961.000
1238.607	8928.000
1238.753	9043.000
1238.900	8959.000
1239.046	8990.000
1239.192	8967.000
1239.338	8954.000
1239.485	8996.000
1239.631	8967.000
1239.777	8925.000
1239.923	8932.000
1240.070	8994.000
1240.216	8969.000
1240.362	8915.000
1240.508	8969.000
1240.654	8951.000
1240.800	8901.000
1240.947	8908.000
1241.093	8907.000
1241.239	8894.000
1241.385	8924.000
1241.531	8986.000
1241.677	8886.000
1241.823	8909.000
1241.969	8914.000
1242.115	8921.000
1242.261	8869.000
1242.407	8862.000
1242.553	8824.000
1242.699	8868.000
1242.845	8888.000
1242.991	8838.000
1243.137	8858.000
1243.283	8901.000
1243.429	8884.000
1243.575	8865.000
1243.721	8919.000
1243.867	8853.000
1244.013	8794.000
1244.159	8844.000
1244.305	8887.000
1244.451	8882.000
1244.596	8835.000
1244.742	8794.000
1244.888	8796.000
1245.034	8775.000
1245.180	8825.000
1245.326	8917.000
1245.471	8811.000
1245.617	8849.000
1245.763	8791.000
1245.909	8797.000
1246.055	8842.000
1246.200	8869.000
1246.346	8679.000
1246.492	8877.000
1246.638	8810.000
1246.783	8770.000
1246.929	8851.000
1247.075	8858.000
1247.220	8855.000
1247.366	8804.000
1247.512	8808.000
1247.657	8842.000
1247.803	8780.000
1247.949	8906.000
1248.094	8804.000
1248.240	8856.000
1248.385	8726.000
1248.531	8768.000
1248.676	8936.000
1248.822	8856.000
1248.968	8821.000
1249.113	8854.000
1249.259	8823.000
1249.404	8805.000
1249.550	8807.000
1249.695	8825.000
1249.841	8877.000
1249.986	8896.000
1250.132	8816.000
1250.277	8824.000
1250.422	8847.000
1250.568	8884.000
1250.713	8826.000
1250.859	8788.000
1251.004	8842.000
1251.150	8878.000
1251.295	8899.000
1251.440	8845.000
1251.586	8797.000
1251.731	8883.000
1251.876	8871.000
1252.022	8834.000
1252.167	8766.000
1252.312	8830.000
1252.458	8764.000
1252.603	8875.000
1252.748	8855.000
1252.893	8866.000
1253.039	8815.000
1253.184	8836.000
1253.329	8839.000
1253.474	8770.000
1253.619	8790.000
1253.765	8874.000
1253.910	8747.000
1254.055	8815.000
1254.200	8842.000
1254.345	8802.000
1254.490	8805.000
1254.636	8847.000
1254.781	8721.000
1254.926	8800.000
1255.071	8786.000
1255.216	8808.000
1255.361	8817.000
1255.506	8853.000
1255.651	8745.000
1255.796	8806.000
1255.941	8658.000
1256.086	8709.000
1256.231	8749.000
1256.376	8877.000
1256.521	8785.000
1256.666	8819.000
1256.811	8670.000
1256.956	8728.000
1257.101	8720.000
1257.246	8752.000
1257.391	8749.000
1257.536	8828.000
1257.681	8683.000
1257.826	8743.000
1257.971	8667.000
1258.116	8776.000
1258.260	8735.000
1258.405	8835.000
1258.550	8682.000
1258.695	8755.000
1258.840	8570.000
1258.985	8806.000
1259.129	8793.000
1259.274	8681.000
1259.419	8729.000
1259.564	8702.000
1259.708	8641.000
1259.853	8704.000
1259.998	8677.000
1260.143	8790.000
1260.287	8624.000
1260.432	8754.000
1260.577	8675.000
1260.721	8746.000
1260.866	8636.000
1261.011	8808.000
1261.155	8680.000
1261.300	8693.000
1261.445	8610.000
1261.589	8707.000
1261.734	8632.000
1261.878	8715.000
1262.023	8696.000
1262.168	8770.000
1262.312	8628.000
1262.457	8776.000
1262.601	8515.000
1262.746	8764.000
1262.890	8594.000
1263.035	8745.000
1263.179	8620.000
1263.324	8797.000
1263.468	8685.000
1263.613	8720.000
1263.757	8653.000
1263.902	8771.000
1264.046	8632.000
1264.191	8728.000
1264.335	8674.000
1264.479	8751.000
1264.624	8573.000
1264.768	8677.000
1264.912	8634.000
1265.057	8674.000
1265.201	8620.000
1265.346	8702.000
1265.490	8583.000
1265.634	8751.000
1265.778	8631.000
1265.923	8759.000
1266.067	8722.000
1266.211	8805.000
1266.356	8708.000
1266.500	8673.000
1266.644	8605.000
1266.788	8701.000
1266.933	8595.000
1267.077	8704.000
1267.221	8762.000
1267.365	8761.000
1267.509	8598.000
1267.653	8763.000
1267.798	8730.000
1267.942	8670.000
1268.086	8608.000
1268.230	8742.000
1268.374	8641.000
1268.518	8680.000
1268.662	8611.000
1268.806	8730.000
1268.950	8592.000
1269.095	8700.000
1269.239	8622.000
1269.383	8701.000
1269.527	8636.000
1269.671	8698.000
1269.815	8645.000
1269.959	8697.000
1270.103	8625.000
1270.247	8789.000
1270.391	8662.000
1270.535	8628.000
1270.679	8660.000
1270.822	8718.000
1270.966	8571.000
1271.110	8721.000
1271.254	8703.000
1271.398	8740.000
1271.542	8630.000
1271.686	8659.000
1271.830	8610.000
1271.973	8669.000
1272.117	8600.000
1272.261	8635.000
1272.405	8611.000
1272.549	8694.000
1272.693	8599.000
1272.836	8640.000
1272.980	8430.000
1273.124	8715.000
1273.268	8551.000
1273.411	8613.000
1273.555	8522.000
1273.699	8707.000
1273.843	8539.000
1273.986	8586.000
1274.130	8633.000
1274.274	8525.000
1274.417	8499.000
1274.561	8643.000
1274.705	8532.000
1274.848	8591.000
1274.992	8466.000
1275.135	8679.000
1275.279	8596.000
1275.423	8598.000
1275.566	8505.000
1275.710	8612.000
1275.853	8504.000
1275.997	8648.000
1276.140	8415.000
1276.284	8617.000
1276.427	8479.000
1276.571	8467.000
1276.714	8471.000
1276.858	8540.000
1277.001	8459.000
1277.145	8674.000
1277.288	8404.000
1277.432	8412.000
1277.575	8457.000
1277.719	8585.000
1277.862	8483.000
1278.005	8465.000
1278.149	8327.000
1278.292	8578.000
1278.435	8389.000
1278.579	8501.000
1278.722	8381.000
1278.865	8527.000
1279.009	8431.000
1279.152	8507.000
1279.295	8480.000
1279.439	8534.000
1279.582	8401.000
1279.725	8565.000
1279.868	8315.000
1280.012	8467.000
1280.155	8388.000
1280.298	8480.000
1280.441	8307.000
1280.585	8542.000
1280.728	8315.000
1280.871	8398.000
1281.014	8364.000
1281.157	8512.000
1281.300	8380.000
1281.444	8475.000
1281.587	8367.000
1281.730	8377.000
1281.873	8311.000
1282.016	8421.000
1282.159	8459.000
1282.302	8397.000
1282.445	8332.000
1282.588	8363.000
1282.731	8353.000
1282.874	8435.000
1283.017	8317.000
1283.160	8379.000
1283.303	8339.000
1283.446	8434.000
1283.589	8353.000
1283.732	8403.000
1283.875	8273.000
1284.018	8454.000
1284.161	8281.000
1284.304	8415.000
1284.447	8286.000
1284.590	8509.000
1284.733	8306.000
1284.876	8532.000
1285.019	8262.000
1285.161	8531.000
1285.304	8296.000
1285.447	8458.000
1285.590	8316.000
1285.733	8453.000
1285.876	8365.000
1286.018	8397.000
1286.161	8326.000
1286.304	8474.000
1286.447	8315.000
1286.589	8403.000
1286.732	8337.000
1286.875	8405.000
1287.018	8401.000
1287.160	8444.000
1287.303	8362.000
1287.446	8443.000
1287.588	8290.000
1287.731	8482.000
1287.874	7979.000
1288.016	8492.000
1288.159	8394.000
1288.302	8418.000
1288.444	8380.000
1288.587	8378.000
1288.729	8252.000
1288.872	8389.000
1289.015	8374.000
1289.157	8539.000
1289.300	8301.000
1289.442	8399.000
1289.585	8275.000
1289.727	8472.000
1289.870	8323.000
1290.012	8401.000
1290.155	8286.000
1290.297	8485.000
1290.440	8376.000
1290.582	8413.000
1290.725	8288.000
1290.867	8466.000
1291.009	8320.000
1291.152	8484.000
1291.294	8375.000
1291.437	8393.000
1291.579	8242.000
1291.721	8416.000
1291.864	8349.000
1292.006	8571.000
1292.148	8295.000
1292.291	8459.000
1292.433	8338.000
1292.575	8456.000
1292.718	8354.000
1292.860	8496.000
1293.002	8329.000
1293.145	8488.000
1293.287	8356.000
1293.429	8428.000
1293.571	8344.000
1293.713	8520.000
1293.856	8362.000
1293.998	8514.000
1294.140	8321.000
1294.282	8400.000
1294.424	8301.000
1294.567	8502.000
1294.709	8292.000
1294.851	8414.000
1294.993	8291.000
1295.135	8371.000
1295.277	8334.000
1295.419	8446.000
1295.561	8337.000
1295.703	8441.000
1295.845	8320.000
1295.987	8495.000
1296.129	8415.000
1296.272	8410.000
1296.414	8312.000
1296.556	8466.000
1296.698	8367.000
1296.840	8472.000
1296.981	8289.000
1297.123	8483.000
1297.265	8363.000
1297.407	8396.000
1297.549	8305.000
1297.691	8461.000
1297.833	8336.000
1297.975	8430.000
1298.117	8315.000
1298.259	8449.000
1298.401	8312.000
1298.542	8411.000
1298.684	8397.000
1298.826	8389.000
1298.968	8301.000
1299.110	8385.000
1299.252	8258.000
1299.393	8500.000
1299.535	8397.000
1299.677	8391.000
1299.819	8309.000
1299.960	8378.000
1300.102	8371.000
1300.244	8460.000
1300.386	8373.000
1300.527	8483.000
1300.669	8312.000
1300.811	8488.000
1300.952	8363.000
1301.094	8464.000
1301.236	8341.000
1301.377	8478.000
1301.519	8391.000
1301.661	8489.000
1301.802	8382.000
1301.944	8333.000
1302.085	8275.000
1302.227	8480.000
1302.368	8243.000
1302.510	8414.000
1302.652	8293.000
1302.793	8358.000
1302.935	8285.000
1303.076	8379.000
1303.218	8315.000
1303.359	8463.000
1303.501	8191.000
1303.642	8451.000
1303.783	8283.000
1303.925	8390.000
1304.066	8317.000
1304.208	8400.000
1304.349	8279.000
1304.491	8444.000
1304.632	8267.000
1304.773	8393.000
1304.915	8292.000
1305.056	8423.000
1305.197	8276.000
1305.339	8400.000
1305.480	8424.000
1305.621	8403.000
1305.763	8300.000
1305.904	8437.000
1306.045	8241.000
1306.187	8423.000
1306.328	8247.000
1306.469	8430.000
1306.610	8209.000
1306.752	8554.000
1306.893	8354.000
1307.034	8465.000
1307.175	8269.000
1307.316	8419.000
1307.458	8342.000
1307.599	8428.000
1307.740	8264.000
1307.881	8392.000
1308.022	8272.000
1308.163	8452.000
1308.304	8336.000
1308.446	8442.000
1308.587	8214.000
1308.728	8392.000
1308.869	8312.000
1309.010	8399.000
1309.151	8299.000
1309.292	8403.000
1309.433	8217.000
1309.574	8407.000
1309.715	8189.000
1309.856	8429.000
1309.997	8287.000
1310.138	8490.000
1310.279	8290.000
1310.420	8366.000
1310.561	8241.000
1310.702	8311.000
1310.843	8315.000
1310.984	8459.000
1311.124	8230.000
1311.265	8418.000
1311.406	8132.000
1311.547	8373.000
1311.688	8249.000
1311.829	8423.000
1311.970	8255.000
1312.110	8346.000
1312.251	8349.000
1312.392	8332.000
1312.533	8271.000
1312.674	8437.000
1312.814	8211.000
1312.955	8392.000
1313.096	8192.000
1313.237	8392.000
1313.377	8220.000
1313.518	8320.000
1313.659	8163.000
1313.800	8368.000
1313.940	8239.000
1314.081	8270.000
1314.222	8134.000
1314.362	8332.000
1314.503	8284.000
1314.644	8391.000
1314.784	8235.000
1314.925	8352.000
1315.065	8206.000
1315.206	8331.000
1315.347	8153.000
1315.487	8315.000
1315.628	8087.000
1315.768	8279.000
1315.909	8218.000
1316.049	8347.000
1316.190	8196.000
1316.330	8341.000
1316.471	8180.000
1316.611	8300.000
1316.752	8084.000
1316.892	8296.000
1317.033	8140.000
1317.173	8216.000
1317.313	8026.000
1317.454	8214.000
1317.594	8209.000
1317.735	8191.000
1317.875	8117.000
1318.015	8248.000
1318.156	8129.000
1318.296	8258.000
1318.437	8081.000
1318.577	8285.000
1318.717	8099.000
1318.857	8201.000
1318.998	8071.000
1319.138	8279.000
1319.278	8104.000
1319.419	8152.000
1319.559	8090.000
1319.699	8152.000
1319.839	8056.000
1319.980	8151.000
1320.120	8055.000
1320.260	8260.000
1320.400	8108.000
1320.540	8163.000
1320.681	8041.000
1320.821	8188.000
1320.961	8090.000
1321.101	8138.000
1321.241	7982.000
1321.381	8180.000
1321.521	7981.000
1321.661	8163.000
1321.802	7995.000
1321.942	8169.000
1322.082	8035.000
1322.222	8104.000
1322.362	7982.000
1322.502	8163.000
1322.642	8059.000
1322.782	8135.000
1322.922	8057.000
1323.062	8185.000
1323.202	7938.000
1323.342	8136.000
1323.482	8108.000
1323.622	8237.000
1323.762	8047.000
1323.902	8097.000
1324.041	8037.000
1324.181	8106.000
1324.321	7984.000
1324.461	8159.000
1324.601	7989.000
1324.741	8135.000
1324.881	7999.000
1325.021	8093.000
1325.160	7974.000
1325.300	8203.000
1325.440	8027.000
1325.580	8195.000
1325.720	7981.000
1325.859	8172.000
1325.999	8026.000
1326.139	8189.000
1326.279	8021.000
1326.418	8234.000
1326.558	8001.000
1326.698	8121.000
1326.838	8022.000
1326.977	8181.000
1327.117	7994.000
1327.257	8206.000
1327.396	8034.000
1327.536	8127.000
1327.675	8082.000
1327.815	8122.000
1327.955	8040.000
1328.094	8218.000
1328.234	8037.000
1328.374	8087.000
1328.513	8031.000
1328.653	8174.000
1328.792	8044.000
1328.932	8086.000
1329.071	8039.000
1329.211	8133.000
1329.350	8076.000
1329.490	8224.000
1329.629	8018.000
1329.769	8134.000
1329.908	8120.000
1330.048	8177.000
1330.187	8035.000
1330.327	8232.000
1330.466	8074.000
1330.605	8176.000
1330.745	8111.000
1330.884	8212.000
1331.024	8091.000
1331.163	8170.000
1331.302	8105.000
1331.442	8223.000
1331.581	8054.000
1331.720	8156.000
1331.860	8170.000
1331.999	8204.000
1332.138	8061.000
1332.277	8099.000
1332.417	8042.000
1332.556	8245.000
1332.695	8063.000
1332.834	8172.000
1332.974	8089.000
1333.113	8273.000
1333.252	8575.000
1333.391	8186.000
1333.531	8085.000
1333.670	8200.000
1333.809	8039.000
1333.948	8254.000
1334.087	8005.000
1334.226	8240.000
1334.365	8034.000
1334.505	8076.000
1334.644	8115.000
1334.783	8162.000
1334.922	8069.000
1335.061	8147.000
1335.200	8031.000
1335.339	8224.000
1335.478	8036.000
1335.617	8103.000
1335.756	8037.000
1335.895	8115.000
1336.034	8009.000
1336.173	8158.000
1336.312	8050.000
1336.451	8085.000
1336.590	8091.000
1336.729	8104.000
1336.868	7996.000
1337.007	8196.000
1337.146	8023.000
1337.285	8108.000
1337.423	7971.000
1337.562	8063.000
1337.701	8013.000
1337.840	8073.000
1337.979	8003.000
1338.118	8011.000
1338.256	8019.000
1338.395	8027.000
1338.534	8010.000
1338.673	8143.000
1338.812	7973.000
1338.950	8103.000
1339.089	7988.000
1339.228	8175.000
1339.367	8023.000
1339.505	8079.000
1339.644	8028.000
1339.783	8095.000
1339.922	7997.000
1340.060	8097.000
1340.199	8011.000
1340.338	8064.000
1340.476	8029.000
1340.615	8115.000
1340.753	8084.000
1340.892	8066.000
1341.031	8005.000
1341.169	8040.000
1341.308	8044.000
1341.446	8052.000
1341.585	7964.000
1341.724	8118.000
1341.862	8004.000
1342.001	8140.000
1342.139	7984.000
1342.278	8102.000
1342.416	8014.000
1342.555	8098.000
1342.693	7911.000
1342.832	8126.000
1342.970	8027.000
1343.109	8169.000
1343.247	8032.000
1343.385	8176.000
1343.524	7975.000
1343.662	8194.000
1343.801	8015.000
1343.939	8111.000
1344.077	7996.000
1344.216	8175.000
1344.354	7986.000
1344.492	8172.000
1344.631	8039.000
1344.769	8185.000
1344.907	7979.000
1345.046	8141.000
1345.184	8065.000
1345.322	8210.000
1345.460	8082.000
1345.599	8197.000
1345.737	8125.000
1345.875	8264.000
1346.013	8134.000
1346.152	8153.000
1346.290	8157.000
1346.428	8265.000
1346.566	8089.000
1346.704	8198.000
1346.843	8117.000
1346.981	8283.000
1347.119	8032.000
1347.257	8250.000
1347.395	8052.000
1347.533	8320.000
1347.671	8230.000
1347.809	8243.000
1347.947	8065.000
1348.085	8211.000
1348.224	8072.000
1348.362	8166.000
1348.500	8107.000
1348.638	8236.000
1348.776	8151.000
1348.914	8222.000
1349.052	8129.000
1349.190	8221.000
1349.328	8154.000
1349.466	8201.000
1349.603	8091.000
1349.741	8264.000
1349.879	8091.000
1350.017	8254.000
1350.155	8074.000
1350.293	8256.000
1350.431	8029.000
1350.569	8257.000
1350.707	8168.000
1350.844	8171.000
1350.982	8110.000
1351.120	8276.000
1351.258	8062.000
1351.396	8232.000
1351.534	8108.000
1351.671	8179.000
1351.809	8065.000
1351.947	8171.000
1352.085	8099.000
1352.222	8137.000
1352.360	8106.000
1352.498	8178.000
1352.636	8106.000
1352.773	8162.000
1352.911	8081.000
1353.049	8262.000
1353.186	8178.000
1353.324	8195.000
1353.462	8156.000
1353.599	8232.000
1353.737	8100.000
1353.874	8183.000
1354.012	6963.000
1354.150	8184.000
1354.287	8118.000
1354.425	8144.000
1354.562	8008.000
1354.700	8222.000
1354.837	8059.000
1354.975	8212.000
1355.112	8091.000
1355.250	8190.000
1355.387	8054.000
1355.525	8158.000
1355.662	8017.000
1355.800	8213.000
1355.937	8091.000
1356.075	8146.000
1356.212	8003.000
1356.350	8181.000
1356.487	7992.000
1356.624	8078.000
1356.762	8055.000
1356.899	8095.000
1357.037	8013.000
1357.174	8133.000
1357.311	7995.000
1357.449	8211.000
1357.586	7966.000
1357.723	8208.000
1357.860	8031.000
1357.998	8083.000
1358.135	8066.000
1358.272	8040.000
1358.410	7969.000
1358.547	8032.000
1358.684	7925.000
1358.821	8016.000
1358.959	7971.000
1359.096	8118.000
1359.233	7979.000
1359.370	8130.000
1359.507	7898.000
1359.644	8019.000
1359.782	7920.000
1359.919	8002.000
1360.056	7858.000
1360.193	8012.000
1360.330	7858.000
1360.467	7988.000
1360.604	7876.000
1360.741	8011.000
1360.878	7974.000
1361.015	8035.000
1361.152	7907.000
1361.290	8139.000
1361.427	7821.000
1361.564	7979.000
1361.701	7926.000
1361.838	8051.000
1361.975	7893.000
1362.112	8145.000
1362.248	12433.000
1362.385	8132.000
1362.522	7951.000
1362.659	8038.000
1362.796	7977.000
1362.933	8049.000
1363.070	7863.000
1363.207	8031.000
1363.344	8044.000
1363.481	8158.000
1363.617	8024.000
1363.754	8069.000
1363.891	7973.000
1364.028	8086.000
1364.165	8070.000
1364.302	8168.000
1364.438	7993.000
1364.575	8128.000
1364.712	7964.000
1364.849	8160.000
1364.985	8058.000
1365.122	8172.000
1365.259	8032.000
1365.396	8145.000
1365.532	8088.000
1365.669	8093.000
1365.806	7958.000
1365.942	8074.000
1366.079	7984.000
1366.216	8164.000
1366.352	8003.000
1366.489	8131.000
1366.625	7959.000
1366.762	8221.000
1366.899	8038.000
1367.035	8188.000
1367.172	7968.000
1367.308	8154.000
1367.445	7879.000
1367.581	8135.000
1367.718	7948.000
1367.855	8140.000
1367.991	7942.000
1368.128	8164.000
1368.264	8037.000
1368.401	8130.000
1368.537	7963.000
1368.673	8182.000
1368.810	7915.000
1368.946	8193.000
1369.083	8081.000
1369.219	8094.000
1369.356	7973.000
1369.492	8172.000
1369.628	8022.000
1369.765	8131.000
1369.901	8015.000
1370.037	8166.000
1370.174	8080.000
1370.310	8113.000
1370.446	8094.000
1370.583	8168.000
1370.719	8057.000
1370.855	8217.000
1370.992	8007.000
1371.128	8197.000
1371.264	7999.000
1371.400	8119.000
1371.537	8118.000
1371.673	8251.000
1371.809	8040.000
1371.945	8144.000
1372.081	8083.000
1372.218	8258.000
1372.354	8095.000
1372.490	8270.000
1372.626	8108.000
1372.762	8283.000
1372.898	8081.000
1373.034	8160.000
1373.170	8074.000
1373.307	8250.000
1373.443	8109.000
1373.579	8110.000
1373.715	8124.000
1373.851	8306.000
1373.987	8171.000
1374.123	8188.000
1374.259	8139.000
1374.395	8162.000
1374.531	8170.000
1374.667	8254.000
