1429.840	5220.000
1429.989	5300.000
1430.138	5174.000
1430.288	5387.000
1430.437	5168.000
1430.587	5371.000
1430.736	5131.000
1430.885	5317.000
1431.035	5149.000
1431.184	5318.000
1431.333	5101.000
1431.482	5342.000
1431.632	5148.000
1431.781	5259.000
1431.930	5148.000
1432.079	5358.000
1432.229	5075.000
1432.378	5332.000
1432.527	5065.000
1432.676	5332.000
1432.825	5073.000
1432.974	5262.000
1433.123	5216.000
1433.273	5271.000
1433.422	5180.000
1433.571	5242.000
1433.720	5152.000
1433.869	5223.000
1434.018	5096.000
1434.167	5218.000
1434.316	5125.000
1434.465	5300.000
1434.614	5141.000
1434.763	5237.000
1434.911	5067.000
1435.060	5238.000
1435.209	5160.000
1435.358	5233.000
1435.507	5128.000
1435.656	5268.000
1435.805	5082.000
1435.954	5288.000
1436.102	5088.000
1436.251	5274.000
1436.400	5046.000
1436.549	5229.000
1436.697	5109.000
1436.846	5188.000
1436.995	5065.000
1437.144	5228.000
1437.292	5037.000
1437.441	5177.000
1437.590	5076.000
1437.738	5254.000
1437.887	5035.000
1438.035	5207.000
1438.184	5017.000
1438.333	5219.000
1438.481	5003.000
1438.630	5117.000
1438.778	5083.000
1438.927	5140.000
1439.075	4999.000
1439.224	5125.000
1439.372	4937.000
1439.521	5195.000
1439.669	5005.000
1439.818	5103.000
1439.966	4955.000
1440.114	5151.000
1440.263	4984.000
1440.411	5112.000
1440.559	5004.000
1440.708	5151.000
1440.856	4920.000
1441.004	5078.000
1441.153	4926.000
1441.301	5073.000
1441.449	4977.000
1441.597	5188.000
1441.746	4929.000
1441.894	5071.000
1442.042	4960.000
1442.190	5096.000
1442.338	4908.000
1442.487	5057.000
1442.635	4884.000
1442.783	5048.000
1442.931	4966.000
1443.079	5024.000
1443.227	4898.000
1443.375	5108.000
1443.523	4933.000
1443.671	5071.000
1443.819	4942.000
1443.967	5045.000
1444.115	4873.000
1444.263	5048.000
1444.411	4902.000
1444.559	5053.000
1444.707	4845.000
1444.855	4964.000
1445.003	4817.000
1445.151	4941.000
1445.299	4862.000
1445.447	5052.000
1445.594	4838.000
1445.742	4985.000
1445.890	4850.000
1446.038	4969.000
1446.186	4863.000
1446.333	5015.000
1446.481	4719.000
1446.629	5014.000
1446.776	4834.000
1446.924	4959.000
1447.072	4840.000
1447.220	5030.000
1447.367	4854.000
1447.515	4976.000
1447.662	4822.000
1447.810	4981.000
1447.958	4858.000
1448.105	5041.000
1448.253	4782.000
1448.400	4999.000
1448.548	4776.000
1448.695	4908.000
1448.843	4876.000
1448.990	5002.000
1449.138	4823.000
1449.285	4960.000
1449.433	4828.000
1449.580	4935.000
1449.728	4794.000
1449.875	4949.000
1450.022	4847.000
1450.170	4990.000
1450.317	4762.000
1450.464	4960.000
1450.612	4834.000
1450.759	4982.000
1450.906	4791.000
1451.054	4910.000
1451.201	4804.000
1451.348	5004.000
1451.495	4831.000
1451.643	4950.000
1451.790	4786.000
1451.937	4992.000
1452.084	4836.000
1452.231	4955.000
1452.378	4768.000
1452.526	4904.000
1452.673	4770.000
1452.820	4986.000
1452.967	4810.000
1453.114	4987.000
1453.261	4795.000
1453.408	4967.000
1453.555	4810.000
1453.702	4902.000
1453.849	4787.000
1453.996	4936.000
1454.143	4730.000
1454.290	4914.000
1454.437	4815.000
1454.584	4910.000
1454.731	4802.000
1454.878	4961.000
1455.024	4704.000
1455.171	4935.000
1455.318	4762.000
1455.465	4882.000
1455.612	4808.000
1455.759	4903.000
1455.905	4715.000
1456.052	4929.000
1456.199	4660.000
1456.346	4858.000
1456.492	4752.000
1456.639	4960.000
1456.786	4762.000
1456.932	4943.000
1457.079	4667.000
1457.226	4801.000
1457.372	4745.000
1457.519	4851.000
1457.665	4740.000
1457.812	4922.000
1457.959	4681.000
1458.105	4849.000
1458.252	4688.000
1458.398	4913.000
1458.545	4717.000
1458.691	4937.000
1458.838	4650.000
1458.984	4849.000
1459.131	4614.000
1459.277	4924.000
1459.423	4809.000
1459.570	4830.000
1459.716	4749.000
1459.863	4844.000
1460.009	4670.000
1460.155	4861.000
1460.302	4706.000
1460.448	4895.000
1460.594	4659.000
1460.741	4875.000
1460.887	4691.000
1461.033	4834.000
1461.179	4646.000
1461.326	4921.000
1461.472	4688.000
1461.618	4857.000
1461.764	4622.000
1461.910	4813.000
1462.056	4612.000
1462.203	4824.000
1462.349	4688.000
1462.495	4856.000
1462.641	4685.000
1462.787	4896.000
1462.933	4580.000
1463.079	4879.000
1463.225	4627.000
1463.371	4826.000
1463.517	4649.000
1463.663	4934.000
1463.809	4723.000
1463.955	4847.000
1464.101	4643.000
1464.247	4884.000
1464.393	4667.000
1464.539	4829.000
1464.684	4693.000
1464.830	4884.000
1464.976	4630.000
1465.122	4791.000
1465.268	4662.000
1465.414	4818.000
1465.559	4672.000
1465.705	4833.000
1465.851	4643.000
1465.997	4881.000
1466.142	4665.000
1466.288	4857.000
1466.434	4712.000
1466.579	4903.000
1466.725	4699.000
1466.871	4773.000
1467.016	4653.000
1467.162	4820.000
1467.308	4619.000
1467.453	4867.000
1467.599	4779.000
1467.744	4887.000
1467.890	4641.000
1468.035	4902.000
1468.181	4781.000
1468.326	4835.000
1468.472	4644.000
1468.617	4892.000
1468.763	4670.000
1468.908	4812.000
1469.054	4657.000
1469.199	4870.000
1469.344	4662.000
1469.490	4827.000
1469.635	4650.000
1469.780	4823.000
1469.926	4681.000
1470.071	4833.000
1470.216	4669.000
1470.362	4857.000
1470.507	4647.000
1470.652	4920.000
1470.797	4690.000
1470.943	4785.000
1471.088	4659.000
1471.233	4888.000
1471.378	4617.000
1471.523	4841.000
1471.668	4741.000
1471.814	4864.000
1471.959	4679.000
1472.104	4812.000
1472.249	4650.000
1472.394	4827.000
1472.539	4665.000
1472.684	4824.000
1472.829	4689.000
1472.974	4841.000
1473.119	4663.000
1473.264	4832.000
1473.409	4520.000
1473.554	4897.000
1473.699	4667.000
1473.844	4822.000
1473.989	4633.000
1474.134	4875.000
1474.279	4625.000
1474.423	4813.000
1474.568	4720.000
1474.713	4714.000
1474.858	4569.000
1475.003	4826.000
1475.147	4664.000
1475.292	4787.000
1475.437	4618.000
1475.582	4857.000
1475.726	4697.000
1475.871	4832.000
1476.016	4624.000
1476.161	4839.000
1476.305	4699.000
1476.450	4851.000
1476.594	4591.000
1476.739	4865.000
1476.884	4619.000
1477.028	4755.000
1477.173	4675.000
1477.317	4770.000
1477.462	4628.000
1477.606	4917.000
1477.751	4604.000
1477.895	4696.000
1478.040	4602.000
1478.184	4836.000
1478.329	4657.000
1478.473	4730.000
1478.618	4550.000
1478.762	4825.000
1478.907	4603.000
1479.051	4783.000
1479.195	4602.000
1479.340	4796.000
1479.484	4611.000
1479.628	4767.000
1479.773	4670.000
1479.917	4837.000
1480.061	4622.000
1480.205	4838.000
1480.350	4597.000
1480.494	4728.000
1480.638	4662.000
1480.782	4794.000
1480.926	4538.000
1481.071	4808.000
1481.215	4517.000
1481.359	4718.000
1481.503	4588.000
1481.647	4819.000
1481.791	4617.000
1481.935	4769.000
1482.079	4588.000
1482.223	4688.000
1482.367	4572.000
1482.511	4766.000
1482.655	4688.000
1482.799	4729.000
1482.943	4588.000
1483.087	4717.000
1483.231	4633.000
1483.375	4756.000
1483.519	4553.000
1483.663	4694.000
1483.807	4573.000
1483.951	4745.000
1484.095	4604.000
1484.238	4742.000
1484.382	4535.000
1484.526	4811.000
1484.670	4527.000
1484.814	4778.000
1484.957	4555.000
1485.101	4801.000
1485.245	4607.000
1485.389	4860.000
1485.532	4533.000
1485.676	4874.000
1485.820	4562.000
1485.963	4736.000
1486.107	4611.000
1486.250	4777.000
1486.394	4592.000
1486.538	4720.000
1486.681	4578.000
1486.825	4780.000
1486.968	4551.000
1487.112	4727.000
1487.255	4570.000
1487.399	4768.000
1487.542	4659.000
1487.686	4787.000
1487.829	4635.000
1487.973	4758.000
1488.116	4535.000
1488.260	4825.000
1488.403	4468.000
1488.546	4791.000
1488.690	4632.000
1488.833	4742.000
1488.976	4648.000
1489.120	4695.000
1489.263	4510.000
1489.406	4709.000
1489.550	4591.000
1489.693	4857.000
1489.836	4587.000
1489.979	4725.000
1490.123	4555.000
1490.266	4803.000
1490.409	4596.000
1490.552	4715.000
1490.695	4516.000
1490.838	4801.000
1490.981	4643.000
1491.125	4731.000
1491.268	4573.000
1491.411	4765.000
1491.554	4552.000
1491.697	4805.000
1491.840	4634.000
1491.983	4687.000
1492.126	4527.000
1492.269	4742.000
1492.412	4586.000
1492.555	4863.000
1492.698	4568.000
1492.841	4775.000
1492.984	4551.000
1493.126	4747.000
1493.269	4579.000
1493.412	4767.000
1493.555	4571.000
1493.698	4795.000
1493.841	4589.000
1493.984	4733.000
1494.126	4590.000
1494.269	4801.000
1494.412	4606.000
1494.555	4799.000
1494.697	4584.000
1494.840	4728.000
1494.983	4543.000
1495.125	4817.000
1495.268	4563.000
1495.411	4761.000
1495.553	4548.000
1495.696	4737.000
1495.839	4565.000
1495.981	4735.000
1496.124	4591.000
1496.266	4762.000
1496.409	4588.000
1496.551	4780.000
1496.694	4637.000
1496.836	4765.000
1496.979	4574.000
1497.121	4809.000
1497.264	4650.000
1497.406	4725.000
1497.549	4578.000
1497.691	4833.000
1497.834	4544.000
1497.976	4716.000
1498.118	4574.000
1498.261	4738.000
1498.403	4579.000
1498.545	4775.000
1498.688	4570.000
1498.830	4760.000
1498.972	4567.000
1499.114	4712.000
1499.257	4652.000
1499.399	4745.000
1499.541	4556.000
1499.683	4760.000
1499.826	4503.000
1499.968	4801.000
1500.110	4624.000
1500.252	4703.000
1500.394	4578.000
1500.536	4700.000
1500.678	4594.000
1500.820	4757.000
1500.962	4644.000
1501.104	4795.000
1501.247	4557.000
1501.389	4781.000
1501.531	4576.000
1501.673	4767.000
1501.815	4589.000
1501.956	4806.000
1502.098	4621.000
1502.240	4811.000
1502.382	4584.000
1502.524	4656.000
1502.666	4507.000
1502.808	4788.000
1502.950	4523.000
1503.092	4731.000
1503.233	4563.000
1503.375	4724.000
1503.517	4558.000
1503.659	4723.000
1503.801	4567.000
1503.942	4781.000
1504.084	4451.000
1504.226	4811.000
1504.367	4551.000
1504.509	4745.000
1504.651	4590.000
1504.792	4776.000
1504.934	4567.000
1505.076	4728.000
1505.217	4537.000
1505.359	4707.000
1505.501	4574.000
1505.642	4737.000
1505.784	4495.000
1505.925	4693.000
1506.067	4724.000
1506.208	4740.000
1506.350	4561.000
1506.491	4768.000
1506.633	4538.000
1506.774	4731.000
1506.915	4529.000
1507.057	4769.000
1507.198	4528.000
1507.340	4877.000
1507.481	4574.000
1507.622	4793.000
1507.764	4569.000
1507.905	4774.000
1508.046	4581.000
1508.188	4767.000
1508.329	4498.000
1508.470	4703.000
1508.611	4542.000
1508.753	4780.000
1508.894	4593.000
1509.035	4768.000
1509.176	4476.000
1509.317	4773.000
1509.459	4563.000
1509.600	4723.000
1509.741	4569.000
1509.882	4755.000
1510.023	4508.000
1510.164	4751.000
1510.305	4487.000
1510.446	4780.000
1510.587	4584.000
1510.728	4828.000
1510.869	4565.000
1511.010	4742.000
1511.151	4523.000
1511.292	4711.000
1511.433	4610.000
1511.574	4849.000
1511.715	4542.000
1511.856	4775.000
1511.997	4478.000
1512.138	4740.000
1512.279	4559.000
1512.419	4761.000
1512.560	4549.000
1512.701	4690.000
1512.842	4634.000
1512.983	4734.000
1513.123	4543.000
1513.264	4783.000
1513.405	4507.000
1513.546	4737.000
1513.686	4528.000
1513.827	4777.000
1513.968	4582.000
1514.108	4659.000
1514.249	4541.000
1514.390	4762.000
1514.530	4536.000
1514.671	4681.000
1514.811	4434.000
1514.952	4699.000
1515.093	4610.000
1515.233	4760.000
1515.374	4572.000
1515.514	4786.000
1515.655	4531.000
1515.795	4737.000
1515.936	4541.000
1516.076	4686.000
1516.216	4430.000
1516.357	4690.000
1516.497	4604.000
1516.638	4732.000
1516.778	4511.000
1516.918	4714.000
1517.059	4519.000
1517.199	4729.000
1517.339	4446.000
1517.480	4685.000
1517.620	4496.000
1517.760	4645.000
1517.900	4444.000
1518.041	4679.000
1518.181	4596.000
1518.321	4685.000
1518.461	4495.000
1518.601	4700.000
1518.742	4526.000
1518.882	4703.000
1519.022	4495.000
1519.162	4734.000
1519.302	4510.000
1519.442	4662.000
1519.582	4481.000
1519.722	4723.000
1519.862	4527.000
1520.002	4650.000
1520.142	4511.000
1520.282	4641.000
1520.422	4465.000
1520.562	4595.000
1520.702	4436.000
1520.842	4715.000
1520.982	4535.000
1521.122	4656.000
1521.262	4482.000
1521.402	4687.000
1521.542	4471.000
1521.682	4628.000
1521.821	4451.000
1521.961	4638.000
1522.101	4425.000
1522.241	4633.000
1522.380	4487.000
1522.520	4694.000
1522.660	4475.000
1522.800	4628.000
1522.939	4438.000
1523.079	4698.000
1523.219	4476.000
1523.358	4656.000
1523.498	4506.000
1523.638	4656.000
1523.777	4401.000
1523.917	4618.000
1524.057	4529.000
1524.196	4731.000
1524.336	4481.000
1524.475	4639.000
1524.615	4528.000
1524.754	4628.000
1524.894	4427.000
1525.033	4658.000
1525.173	4482.000
1525.312	4655.000
1525.452	4439.000
1525.591	4631.000
1525.730	4432.000
1525.870	4668.000
1526.009	4493.000
1526.148	4704.000
1526.288	4410.000
1526.427	4693.000
1526.566	4464.000
1526.706	4693.000
1526.845	4459.000
1526.984	4718.000
1527.124	4437.000
1527.263	4647.000
1527.402	4466.000
1527.541	4655.000
1527.680	4465.000
1527.820	4734.000
1527.959	4488.000
1528.098	4644.000
1528.237	4523.000
1528.376	4651.000
1528.515	4515.000
1528.654	4707.000
1528.793	4497.000
1528.933	4647.000
1529.072	4456.000
1529.211	4675.000
1529.350	4536.000
1529.489	4622.000
1529.628	4524.000
1529.767	4658.000
1529.905	4506.000
1530.044	4746.000
1530.183	4501.000
1530.322	4657.000
1530.461	4566.000
1530.600	4670.000
1530.739	4527.000
1530.878	4754.000
1531.017	4545.000
1531.155	4705.000
1531.294	4569.000
1531.433	4703.000
1531.572	4556.000
1531.710	4690.000
1531.849	4511.000
1531.988	4731.000
1532.127	4555.000
1532.265	4669.000
1532.404	4579.000
1532.543	4737.000
1532.681	4529.000
1532.820	4668.000
1532.959	4505.000
1533.097	4773.000
1533.236	4518.000
1533.374	4702.000
1533.513	4557.000
1533.651	4808.000
1533.790	4728.000
1533.929	4738.000
1534.067	4551.000
1534.205	4723.000
1534.344	4501.000
1534.482	4764.000
1534.621	4499.000
1534.759	4792.000
1534.898	4507.000
1535.036	4638.000
1535.174	4556.000
1535.313	4696.000
1535.451	4514.000
1535.589	4683.000
1535.728	4533.000
1535.866	4747.000
1536.004	4537.000
1536.143	4690.000
1536.281	4518.000
1536.419	4642.000
1536.557	4510.000
1536.696	4699.000
1536.834	4569.000
1536.972	4659.000
1537.110	4580.000
1537.248	4662.000
1537.386	4499.000
1537.525	4797.000
1537.663	4515.000
1537.801	4689.000
1537.939	4537.000
1538.077	4637.000
1538.215	4519.000
1538.353	4635.000
1538.491	4528.000
1538.629	4628.000
1538.767	4537.000
1538.905	4611.000
1539.043	4544.000
1539.181	4662.000
1539.319	4530.000
1539.457	4697.000
1539.595	4527.000
1539.732	4740.000
1539.870	4519.000
1540.008	4664.000
1540.146	4540.000
1540.284	4685.000
1540.422	4567.000
1540.559	4657.000
1540.697	4544.000
1540.835	4634.000
1540.973	4551.000
1541.110	4739.000
1541.248	4587.000
1541.386	4675.000
1541.523	4549.000
1541.661	4628.000
1541.799	4521.000
1541.936	4666.000
1542.074	4529.000
1542.212	4748.000
1542.349	4545.000
1542.487	4722.000
1542.624	4481.000
1542.762	4643.000
1542.899	4515.000
1543.037	4654.000
1543.174	4486.000
1543.312	4727.000
1543.449	4513.000
1543.587	4766.000
1543.724	4569.000
1543.862	4789.000
1543.999	4514.000
1544.137	4768.000
1544.274	4521.000
1544.411	4694.000
1544.549	4537.000
1544.686	4750.000
1544.823	4510.000
1544.961	4774.000
1545.098	4567.000
1545.235	4768.000
1545.372	4508.000
1545.510	4708.000
1545.647	4573.000
1545.784	4754.000
1545.921	4572.000
1546.058	4774.000
1546.196	4629.000
1546.333	4796.000
1546.470	4633.000
1546.607	4725.000
1546.744	4590.000
1546.881	4806.000
1547.018	4577.000
1547.155	4752.000
1547.292	4548.000
1547.429	4792.000
1547.567	4571.000
1547.704	4792.000
1547.841	4545.000
1547.977	4836.000
1548.114	4668.000
1548.251	4807.000
1548.388	4557.000
1548.525	4741.000
1548.662	4586.000
1548.799	4736.000
1548.936	4594.000
1549.073	4775.000
1549.210	4624.000
1549.346	4745.000
1549.483	4613.000
1549.620	4786.000
1549.757	4635.000
1549.893	4765.000
1550.030	4595.000
1550.167	4836.000
1550.304	4589.000
1550.440	4772.000
1550.577	4610.000
1550.714	4778.000
1550.850	4536.000
1550.987	4808.000
1551.124	4658.000
1551.260	4748.000
1551.397	4667.000
1551.533	4874.000
1551.670	4564.000
1551.807	4821.000
1551.943	4658.000
1552.080	4796.000
1552.216	4572.000
1552.353	4729.000
1552.489	4590.000
1552.626	4721.000
1552.762	4627.000
1552.898	4790.000
1553.035	4636.000
1553.171	4762.000
1553.308	4575.000
1553.444	4860.000
1553.580	4658.000
1553.717	4783.000
1553.853	4693.000
1553.989	4784.000
1554.126	4644.000
1554.262	4801.000
1554.398	4225.000
1554.534	4764.000
1554.671	4623.000
1554.807	4746.000
1554.943	4543.000
1555.079	4792.000
1555.215	4584.000
1555.352	4785.000
1555.488	4686.000
1555.624	4808.000
1555.760	4656.000
1555.896	4765.000
1556.032	4607.000
1556.168	4822.000
1556.304	4659.000
1556.440	4786.000
1556.576	4546.000
1556.712	4820.000
1556.848	4595.000
1556.984	4728.000
1557.120	4631.000
1557.256	4713.000
1557.392	4613.000
1557.528	4786.000
1557.664	4590.000
1557.800	4822.000
1557.936	4556.000
1558.071	4865.000
1558.207	4640.000
1558.343	4761.000
1558.479	4649.000
1558.615	4713.000
1558.751	4576.000
1558.886	4693.000
1559.022	4555.000
1559.158	4698.000
1559.293	4554.000
1559.429	4802.000
1559.565	4583.000
1559.701	4810.000
1559.836	4568.000
1559.972	4695.000
1560.107	4536.000
1560.243	4704.000
1560.379	4483.000
1560.514	4722.000
1560.650	4470.000
1560.785	4689.000
1560.921	4539.000
1561.056	4705.000
1561.192	4635.000
1561.327	4721.000
1561.463	4547.000
1561.598	4846.000
1561.734	4519.000
1561.869	4720.000
1562.005	4603.000
1562.140	4759.000
1562.275	4564.000
1562.411	4840.000
1562.546	5975.000
1562.682	4841.000
1562.817	4623.000
1562.952	4746.000
1563.087	4629.000
1563.223	4775.000
1563.358	4513.000
1563.493	4712.000
1563.628	4702.000
1563.764	4853.000
1563.899	4668.000
1564.034	4773.000
1564.169	4610.000
1564.304	4777.000
1564.440	4690.000
1564.575	4870.000
1564.710	4652.000
1564.845	4796.000
1564.980	4591.000
1565.115	4835.000
1565.250	4674.000
1565.385	4843.000
1565.520	4668.000
1565.655	4822.000
1565.790	4656.000
1565.925	4800.000
1566.060	4605.000
1566.195	4753.000
1566.330	4595.000
1566.465	4895.000
1566.600	4654.000
1566.735	4830.000
1566.870	4611.000
1567.004	4882.000
1567.139	4686.000
1567.274	4882.000
1567.409	4635.000
1567.544	4853.000
1567.678	4562.000
1567.813	4832.000
1567.948	4642.000
1568.083	4866.000
1568.217	4628.000
1568.352	4885.000
1568.487	4667.000
1568.622	4839.000
1568.756	4664.000
1568.891	4900.000
1569.025	4600.000
1569.160	4870.000
1569.295	4712.000
1569.429	4784.000
1569.564	4658.000
1569.698	4890.000
1569.833	4669.000
1569.967	4858.000
1570.102	4661.000
1570.236	4831.000
1570.371	4730.000
1570.505	4822.000
1570.640	4711.000
1570.774	4877.000
1570.909	4731.000
1571.043	4924.000
1571.177	4649.000
1571.312	4884.000
1571.446	4627.000
1571.581	4859.000
1571.715	4760.000
1571.849	4960.000
1571.983	4725.000
1572.118	4877.000
1572.252	4790.000
1572.386	4935.000
1572.521	4752.000
1572.655	4982.000
1572.789	4773.000
1572.923	4998.000
1573.057	4733.000
1573.191	4882.000
1573.326	4725.000
1573.460	4951.000
1573.594	4748.000
1573.728	4840.000
1573.862	4807.000
1573.996	4979.000
1574.130	4841.000
1574.264	4927.000
1574.398	4757.000
1574.532	4869.000
1574.666	4840.000
1574.800	4991.000
