929.762	21285.000
929.906	19264.000
930.049	20907.000
930.193	19064.000
930.337	20558.000
930.481	18704.000
930.625	20046.000
930.769	18385.000
930.913	19801.000
931.057	18246.000
931.201	19492.000
931.345	18094.000
931.488	19394.000
931.632	17822.000
931.776	19212.000
931.920	17931.000
932.064	19159.000
932.208	17872.000
932.352	19274.000
932.495	17972.000
932.639	19339.000
932.783	17988.000
932.927	19681.000
933.071	18355.000
933.215	20355.000
933.359	19289.000
933.502	21326.000
933.646	19876.000
933.790	21643.000
933.934	19952.000
934.078	21234.000
934.221	19404.000
934.365	20615.000
934.509	18892.000
934.653	20136.000
934.797	18675.000
934.940	19896.000
935.084	18273.000
935.228	19357.000
935.372	17950.000
935.515	18832.000
935.659	17436.000
935.803	18303.000
935.947	17075.000
936.090	17914.000
936.234	16639.000
936.378	17505.000
936.522	16182.000
936.665	16894.000
936.809	15740.000
936.953	16375.000
937.097	15383.000
937.240	16104.000
937.384	15048.000
937.528	15643.000
937.671	14695.000
937.815	15153.000
937.959	14281.000
938.102	14677.000
938.246	13830.000
938.390	14355.000
938.534	13466.000
938.677	13915.000
938.821	13132.000
938.965	13530.000
939.108	12795.000
939.252	13103.000
939.396	12379.000
939.539	12773.000
939.683	12137.000
939.826	12424.000
939.970	11811.000
940.114	12139.000
940.257	11615.000
940.401	11787.000
940.545	11304.000
940.688	11497.000
940.832	11022.000
940.975	11266.000
941.119	10887.000
941.263	10982.000
941.406	10669.000
941.550	10815.000
941.693	10428.000
941.837	10535.000
941.981	10173.000
942.124	10352.000
942.268	9993.000
942.411	10145.000
942.555	9747.000
942.698	9827.000
942.842	9549.000
942.986	9668.000
943.129	9408.000
943.273	9488.000
943.416	9197.000
943.560	9211.000
943.703	9009.000
943.847	9058.000
943.990	8853.000
944.134	8812.000
944.277	8582.000
944.421	8598.000
944.564	8389.000
944.708	8460.000
944.851	8343.000
944.995	8266.000
945.138	8102.000
945.282	8079.000
945.425	7944.000
945.569	7951.000
945.712	7859.000
945.856	7703.000
945.999	7773.000
946.143	7691.000
946.286	7630.000
946.430	7662.000
946.573	7604.000
946.716	7600.000
946.860	7487.000
947.003	7429.000
947.147	7403.000
947.290	7353.000
947.434	7378.000
947.577	7264.000
947.720	7309.000
947.864	7183.000
948.007	7143.000
948.151	7225.000
948.294	7172.000
948.437	7101.000
948.581	7129.000
948.724	7061.000
948.868	7026.000
949.011	7008.000
949.154	7004.000
949.298	7007.000
949.441	7013.000
949.584	6873.000
949.728	6944.000
949.871	6906.000
950.015	6920.000
950.158	6812.000
950.301	6788.000
950.445	6784.000
950.588	6821.000
950.731	6761.000
950.875	6708.000
951.018	6653.000
951.161	6704.000
951.304	6575.000
951.448	6620.000
951.591	6550.000
951.734	6602.000
951.878	6496.000
952.021	6652.000
952.164	6542.000
952.308	6593.000
952.451	6462.000
952.594	6542.000
952.737	6463.000
952.881	6452.000
953.024	6407.000
953.167	6509.000
953.310	6327.000
953.454	6462.000
953.597	6386.000
953.740	6453.000
953.883	6359.000
954.027	6459.000
954.170	6269.000
954.313	6445.000
954.456	6328.000
954.600	6340.000
954.743	6320.000
954.886	6407.000
955.029	6211.000
955.172	6398.000
955.316	6162.000
955.459	6319.000
955.602	6267.000
955.745	6404.000
955.888	6265.000
956.032	6377.000
956.175	6146.000
956.318	6245.000
956.461	6237.000
956.604	6291.000
956.747	6266.000
956.890	6374.000
957.034	6179.000
957.177	6301.000
957.320	6155.000
957.463	6322.000
957.606	6218.000
957.749	6362.000
957.892	6127.000
958.036	6281.000
958.179	6113.000
958.322	6384.000
958.465	6275.000
958.608	6263.000
958.751	6207.000
958.894	6267.000
959.037	6156.000
959.180	6298.000
959.323	6210.000
959.467	6354.000
959.610	6154.000
959.753	6337.000
959.896	6151.000
960.039	6289.000
960.182	6144.000
960.325	6370.000
960.468	6198.000
960.611	6308.000
960.754	6145.000
960.897	6295.000
961.040	6072.000
961.183	6275.000
961.326	6168.000
961.469	6319.000
961.612	6165.000
961.755	6339.000
961.898	6043.000
962.041	6307.000
962.184	6121.000
962.327	6292.000
962.470	6105.000
962.613	6353.000
962.756	6136.000
962.899	6283.000
963.042	6108.000
963.185	6307.000
963.328	6125.000
963.471	6221.000
963.614	6137.000
963.757	6315.000
963.900	6059.000
964.043	6196.000
964.186	6114.000
964.329	6263.000
964.472	6108.000
964.615	6247.000
964.758	6057.000
964.900	6278.000
965.043	6134.000
965.186	6269.000
965.329	6185.000
965.472	6307.000
965.615	6145.000
965.758	6201.000
965.901	6083.000
966.044	6253.000
966.187	6059.000
966.329	6289.000
966.472	6222.000
966.615	6302.000
966.758	6119.000
966.901	6345.000
967.044	6237.000
967.187	6253.000
967.330	6088.000
967.472	6330.000
967.615	6143.000
967.758	6283.000
967.901	6116.000
968.044	6343.000
968.187	6160.000
968.329	6277.000
968.472	6190.000
968.615	6310.000
968.758	6165.000
968.901	6329.000
969.043	6203.000
969.186	6328.000
969.329	6148.000
969.472	6407.000
969.615	6140.000
969.757	6266.000
969.900	6167.000
970.043	6317.000
970.186	6080.000
970.328	6291.000
970.471	6197.000
970.614	6256.000
970.757	6091.000
970.899	6208.000
971.042	6096.000
971.185	6236.000
971.328	6064.000
971.470	6237.000
971.613	6093.000
971.756	6241.000
971.899	6050.000
972.041	6239.000
972.184	5937.000
972.327	6267.000
972.469	6033.000
972.612	6200.000
972.755	6039.000
972.898	6259.000
973.040	6051.000
973.183	6188.000
973.326	6132.000
973.468	6122.000
973.611	5980.000
973.754	6211.000
973.896	6054.000
974.039	6209.000
974.182	5990.000
974.324	6273.000
974.467	6136.000
974.610	6228.000
974.752	6026.000
974.895	6231.000
975.037	6091.000
975.180	6244.000
975.323	6014.000
975.465	6284.000
975.608	6051.000
975.751	6168.000
975.893	6096.000
976.036	6194.000
976.178	6071.000
976.321	6320.000
976.464	6045.000
976.606	6123.000
976.749	6094.000
976.891	6307.000
977.034	6131.000
977.176	6207.000
977.319	6039.000
977.462	6288.000
977.604	6060.000
977.747	6253.000
977.889	6063.000
978.032	6305.000
978.174	6103.000
978.317	6300.000
978.459	6175.000
978.602	6333.000
978.744	6152.000
978.887	6340.000
979.029	6108.000
979.172	6269.000
979.314	6216.000
979.457	6314.000
979.599	6083.000
979.742	6377.000
979.884	6105.000
980.027	6296.000
980.169	6173.000
980.312	6352.000
980.454	6208.000
980.597	6347.000
980.739	6199.000
980.882	6282.000
981.024	6169.000
981.167	6373.000
981.309	6301.000
981.452	6309.000
981.594	6215.000
981.736	6348.000
981.879	6279.000
982.021	6416.000
982.164	6197.000
982.306	6371.000
982.449	6257.000
982.591	6438.000
982.733	6263.000
982.876	6427.000
983.018	6215.000
983.161	6471.000
983.303	6224.000
983.445	6469.000
983.588	6275.000
983.730	6502.000
983.873	6284.000
984.015	6587.000
984.157	6271.000
984.300	6618.000
984.442	6323.000
984.584	6500.000
984.727	6318.000
984.869	6516.000
985.011	6379.000
985.154	6476.000
985.296	6376.000
985.438	6550.000
985.581	6358.000
985.723	6521.000
985.865	6356.000
986.008	6539.000
986.150	6455.000
986.292	6598.000
986.435	6464.000
986.577	6564.000
986.719	6396.000
986.861	6647.000
987.004	6321.000
987.146	6609.000
987.288	6480.000
987.431	6600.000
987.573	6513.000
987.715	6563.000
987.857	6374.000
988.000	6568.000
988.142	6489.000
988.284	6730.000
988.426	6475.000
988.569	6640.000
988.711	6427.000
988.853	6688.000
988.995	6488.000
989.138	6636.000
989.280	6434.000
989.422	6690.000
989.564	6545.000
989.706	6656.000
989.849	6517.000
989.991	6707.000
990.133	6471.000
990.275	6680.000
990.417	6562.000
990.560	6630.000
990.702	6439.000
990.844	6713.000
990.986	6549.000
991.128	6779.000
991.270	6522.000
991.413	6759.000
991.555	6567.000
991.697	6713.000
991.839	6586.000
991.981	6770.000
992.123	6575.000
992.265	6782.000
992.408	6594.000
992.550	6749.000
992.692	6594.000
992.834	6818.000
992.976	6637.000
993.118	6801.000
993.260	6587.000
993.402	6732.000
993.544	6566.000
993.687	6799.000
993.829	6558.000
993.971	6738.000
994.113	6573.000
994.255	6716.000
994.397	6541.000
994.539	6722.000
994.681	6607.000
994.823	6740.000
994.965	6578.000
995.107	6794.000
995.249	6648.000
995.391	6715.000
995.533	6576.000
995.675	6774.000
995.817	6623.000
995.959	6741.000
996.101	6553.000
996.243	6781.000
996.385	6543.000
996.527	6658.000
996.669	6513.000
996.811	6680.000
996.953	6568.000
997.095	6699.000
997.237	6493.000
997.379	6655.000
997.521	6462.000
997.663	6630.000
997.805	6546.000
997.947	6610.000
998.089	6436.000
998.231	6607.000
998.373	6384.000
998.515	6659.000
998.657	6481.000
998.799	6548.000
998.941	6388.000
999.083	6481.000
999.225	6398.000
999.367	6537.000
999.509	6411.000
999.651	6580.000
999.793	6328.000
999.934	6540.000
1000.076	6342.000
1000.218	6488.000
1000.360	6292.000
1000.502	6482.000
1000.644	6341.000
1000.786	6494.000
1000.928	6238.000
1001.070	6283.000
1001.212	6167.000
1001.353	6388.000
1001.495	6083.000
1001.637	6299.000
1001.779	6120.000
1001.921	6277.000
1002.063	6098.000
1002.205	6256.000
1002.346	6079.000
1002.488	6285.000
1002.630	5923.000
1002.772	6228.000
1002.914	6007.000
1003.055	6164.000
1003.197	6014.000
1003.339	6172.000
1003.481	5962.000
1003.623	6095.000
1003.765	5907.000
1003.906	6091.000
1004.048	5909.000
1004.190	6079.000
1004.332	5829.000
1004.473	6036.000
1004.615	6030.000
1004.757	6053.000
1004.899	5912.000
1005.041	6083.000
1005.182	5842.000
1005.324	6066.000
1005.466	5840.000
1005.608	6055.000
1005.749	5786.000
1005.891	6127.000
1006.033	5861.000
1006.175	6082.000
1006.316	5832.000
1006.458	6056.000
1006.600	5821.000
1006.741	6007.000
1006.883	5711.000
1007.025	5939.000
1007.167	5774.000
1007.308	5954.000
1007.450	5798.000
1007.592	5922.000
1007.733	5630.000
1007.875	5905.000
1008.017	5712.000
1008.158	5844.000
1008.300	5697.000
1008.442	5867.000
1008.583	5566.000
1008.725	5840.000
1008.867	5600.000
1009.008	5829.000
1009.150	5647.000
1009.292	5892.000
1009.433	5612.000
1009.575	5753.000
1009.716	5525.000
1009.858	5702.000
1010.000	5572.000
1010.141	5810.000
1010.283	5520.000
1010.425	5714.000
1010.566	5435.000
1010.708	5688.000
1010.849	5504.000
1010.991	5671.000
1011.132	5455.000
1011.274	5643.000
1011.416	5534.000
1011.557	5596.000
1011.699	5465.000
1011.840	5669.000
1011.982	5372.000
1012.123	5614.000
1012.265	5356.000
1012.407	5657.000
1012.548	5411.000
1012.690	5519.000
1012.831	5395.000
1012.973	5575.000
1013.114	5389.000
1013.256	5478.000
1013.397	5241.000
1013.539	5524.000
1013.680	5393.000
1013.822	5555.000
1013.963	5371.000
1014.105	5597.000
1014.246	5329.000
1014.388	5499.000
1014.529	5335.000
1014.671	5465.000
1014.812	5229.000
1014.954	5468.000
1015.095	5375.000
1015.237	5526.000
1015.378	5277.000
1015.520	5486.000
1015.661	5273.000
1015.803	5465.000
1015.944	5199.000
1016.085	5458.000
1016.227	5233.000
1016.368	5394.000
1016.510	5195.000
1016.651	5390.000
1016.793	5311.000
1016.934	5390.000
1017.075	5215.000
1017.217	5429.000
1017.358	5257.000
1017.500	5413.000
1017.641	5191.000
1017.782	5434.000
1017.924	5224.000
1018.065	5365.000
1018.207	5177.000
1018.348	5435.000
1018.489	5214.000
1018.631	5364.000
1018.772	5198.000
1018.913	5353.000
1019.055	5144.000
1019.196	5296.000
1019.337	5116.000
1019.479	5395.000
1019.620	5259.000
1019.761	5335.000
1019.903	5183.000
1020.044	5375.000
1020.185	5130.000
1020.327	5320.000
1020.468	5098.000
1020.609	5358.000
1020.751	5109.000
1020.892	5326.000
1021.033	5147.000
1021.175	5346.000
1021.316	5161.000
1021.457	5298.000
1021.598	5097.000
1021.740	5358.000
1021.881	5132.000
1022.022	5323.000
1022.164	5167.000
1022.305	5342.000
1022.446	5049.000
1022.587	5300.000
1022.729	5177.000
1022.870	5387.000
1023.011	5161.000
1023.152	5298.000
1023.294	5175.000
1023.435	5285.000
1023.576	5085.000
1023.717	5326.000
1023.858	5154.000
1024.000	5305.000
1024.141	5100.000
1024.282	5298.000
1024.423	5124.000
1024.564	5339.000
1024.706	5158.000
1024.847	5319.000
1024.988	5072.000
1025.129	5346.000
1025.270	5105.000
1025.412	5325.000
1025.553	5128.000
1025.694	5351.000
1025.835	5105.000
1025.976	5298.000
1026.117	5105.000
1026.258	5279.000
1026.400	5114.000
1026.541	5371.000
1026.682	5132.000
1026.823	5274.000
1026.964	5116.000
1027.105	5269.000
1027.246	5145.000
1027.388	5350.000
1027.529	5114.000
1027.670	5258.000
1027.811	5075.000
1027.952	5328.000
1028.093	5140.000
1028.234	5264.000
1028.375	5123.000
1028.516	5269.000
1028.657	5130.000
1028.798	5360.000
1028.939	5106.000
1029.081	5272.000
1029.222	5172.000
1029.363	5294.000
1029.504	5103.000
1029.645	5388.000
1029.786	5142.000
1029.927	5321.000
1030.068	5168.000
1030.209	5320.000
1030.350	5149.000
1030.491	5276.000
1030.632	5080.000
1030.773	5330.000
1030.914	5147.000
1031.055	5247.000
1031.196	5171.000
1031.337	5305.000
1031.478	5111.000
1031.619	5237.000
1031.760	5081.000
1031.901	5353.000
1032.042	5119.000
1032.183	5265.000
1032.324	5158.000
1032.465	5360.000
1032.606	5300.000
1032.747	5285.000
1032.888	5137.000
1033.029	5288.000
1033.170	5061.000
1033.311	5344.000
1033.452	5090.000
1033.592	5343.000
1033.733	5076.000
1033.874	5220.000
1034.015	5147.000
1034.156	5283.000
1034.297	5087.000
1034.438	5252.000
1034.579	5080.000
1034.720	5317.000
1034.861	5095.000
1035.002	5245.000
1035.142	5069.000
1035.283	5234.000
1035.424	5057.000
1035.565	5272.000
1035.706	5094.000
1035.847	5242.000
1035.988	5144.000
1036.129	5215.000
1036.269	5062.000
1036.410	5379.000
1036.551	5084.000
1036.692	5232.000
1036.833	5086.000
1036.974	5195.000
1037.114	5064.000
1037.255	5200.000
1037.396	5096.000
1037.537	5175.000
1037.678	5047.000
1037.819	5165.000
1037.959	5069.000
1038.100	5254.000
1038.241	5101.000
1038.382	5243.000
1038.523	5098.000
1038.663	5304.000
1038.804	5065.000
1038.945	5207.000
1039.086	5095.000
1039.226	5206.000
1039.367	5122.000
1039.508	5200.000
1039.649	5070.000
1039.789	5199.000
1039.930	5118.000
1040.071	5243.000
1040.212	5117.000
1040.352	5236.000
1040.493	5091.000
1040.634	5191.000
1040.775	5048.000
1040.915	5211.000
1041.056	5051.000
1041.197	5282.000
1041.337	5097.000
1041.478	5244.000
1041.619	5051.000
1041.760	5217.000
1041.900	5066.000
1042.041	5202.000
1042.182	5007.000
1042.322	5249.000
1042.463	5059.000
1042.604	5295.000
1042.744	5102.000
1042.885	5321.000
1043.026	5041.000
1043.166	5252.000
1043.307	5058.000
1043.448	5250.000
1043.588	5045.000
1043.729	5305.000
1043.869	5001.000
1044.010	5277.000
1044.151	5079.000
1044.291	5303.000
1044.432	5062.000
1044.573	5233.000
1044.713	5087.000
1044.854	5271.000
1044.994	5100.000
1045.135	5268.000
1045.276	5142.000
1045.416	5322.000
1045.557	5140.000
1045.697	5223.000
1045.838	5122.000
1045.978	5292.000
1046.119	5055.000
1046.260	5300.000
1046.400	5087.000
1046.541	5308.000
1046.681	5076.000
1046.822	5308.000
1046.962	5051.000
1047.103	5333.000
1047.243	5148.000
1047.384	5315.000
1047.524	5073.000
1047.665	5246.000
1047.805	5089.000
1047.946	5240.000
1048.087	5118.000
1048.227	5286.000
1048.368	5157.000
1048.508	5242.000
1048.649	5115.000
1048.789	5279.000
1048.929	5150.000
1049.070	5267.000
1049.210	5094.000
1049.351	5299.000
1049.491	5094.000
1049.632	5242.000
1049.772	5084.000
1049.913	5237.000
1050.053	5048.000
1050.194	5294.000
1050.334	5108.000
1050.475	5195.000
1050.615	5123.000
1050.755	5360.000
1050.896	5078.000
1051.036	5304.000
1051.177	5146.000
1051.317	5252.000
1051.458	5075.000
1051.598	5229.000
1051.738	5110.000
1051.879	5197.000
1052.019	5127.000
1052.160	5274.000
1052.300	5092.000
1052.440	5251.000
1052.581	5073.000
1052.721	5303.000
1052.861	5173.000
1053.002	5259.000
1053.142	5175.000
1053.282	5279.000
1053.423	5104.000
1053.563	5279.000
1053.704	4727.000
1053.844	5228.000
1053.984	5130.000
1054.125	5217.000
1054.265	4997.000
1054.405	5254.000
1054.546	5035.000
1054.686	5274.000
1054.826	5164.000
1054.966	5264.000
1055.107	5109.000
1055.247	5216.000
1055.387	5123.000
1055.528	5297.000
1055.668	5125.000
1055.808	5286.000
1055.948	5007.000
1056.089	5292.000
1056.229	5038.000
1056.369	5220.000
1056.510	5077.000
1056.650	5213.000
1056.790	5084.000
1056.930	5263.000
1057.071	5063.000
1057.211	5306.000
1057.351	5015.000
1057.491	5333.000
1057.632	5080.000
1057.772	5182.000
1057.912	5136.000
1058.052	5221.000
1058.192	5063.000
1058.333	5161.000
1058.473	5027.000
1058.613	5186.000
1058.753	5055.000
1058.893	5285.000
1059.034	5068.000
1059.174	5265.000
1059.314	5038.000
1059.454	5204.000
1059.594	5045.000
1059.734	5217.000
1059.875	4988.000
1060.015	5234.000
1060.155	4987.000
1060.295	5179.000
1060.435	5026.000
1060.575	5214.000
1060.716	5128.000
1060.856	5215.000
1060.996	5038.000
1061.136	5308.000
1061.276	5009.000
1061.416	5206.000
1061.556	5066.000
1061.696	5288.000
1061.837	5054.000
1061.977	5334.000
1062.117	6422.000
1062.257	5315.000
1062.397	5096.000
1062.537	5262.000
1062.677	5131.000
1062.817	5264.000
1062.957	5032.000
1063.097	5223.000
1063.237	5163.000
1063.377	5363.000
1063.517	5178.000
1063.658	5235.000
1063.798	5069.000
1063.938	5293.000
1064.078	5169.000
1064.218	5344.000
1064.358	5139.000
1064.498	5273.000
1064.638	5096.000
1064.778	5338.000
1064.918	5146.000
1065.058	5359.000
1065.198	5171.000
1065.338	5353.000
1065.478	5165.000
1065.618	5318.000
1065.758	5127.000
1065.898	5269.000
1066.038	5110.000
1066.178	5381.000
1066.318	5127.000
1066.458	5331.000
1066.598	5139.000
1066.738	5389.000
1066.878	5163.000
1067.018	5413.000
1067.158	5153.000
1067.297	5360.000
1067.437	5055.000
1067.577	5350.000
1067.717	5089.000
1067.857	5386.000
1067.997	5106.000
1068.137	5410.000
1068.277	5151.000
1068.417	5383.000
1068.557	5160.000
1068.697	5397.000
1068.837	5076.000
1068.977	5402.000
1069.116	5222.000
1069.256	5318.000
1069.396	5152.000
1069.536	5394.000
1069.676	5155.000
1069.816	5349.000
1069.956	5175.000
1070.096	5354.000
1070.235	5209.000
1070.375	5359.000
1070.515	5230.000
1070.655	5381.000
1070.795	5237.000
1070.935	5458.000
1071.074	5161.000
1071.214	5376.000
1071.354	5163.000
1071.494	5380.000
1071.634	5281.000
1071.774	5454.000
1071.913	5221.000
1072.053	5393.000
1072.193	5256.000
1072.333	5480.000
1072.473	5236.000
1072.612	5519.000
1072.752	5248.000
1072.892	5505.000
1073.032	5239.000
1073.172	5408.000
1073.311	5259.000
1073.451	5464.000
1073.591	5232.000
1073.731	5370.000
1073.870	5301.000
1074.010	5520.000
1074.150	5356.000
1074.290	5442.000
1074.429	5238.000
1074.569	5387.000
1074.709	5318.000
1074.848	5490.000
