929.762	8826.000
929.906	8847.000
930.049	8830.000
930.193	8900.000
930.337	8795.000
930.481	8907.000
930.625	8802.000
930.769	8860.000
930.913	8808.000
931.057	8836.000
931.201	8726.000
931.345	8888.000
931.488	8785.000
931.632	8803.000
931.776	8761.000
931.920	8924.000
932.064	8713.000
932.208	8893.000
932.352	8760.000
932.495	8883.000
932.639	8718.000
932.783	8784.000
932.927	8902.000
933.071	8842.000
933.215	8793.000
933.359	8796.000
933.502	8823.000
933.646	8786.000
933.790	8731.000
933.934	8790.000
934.078	8786.000
934.221	8872.000
934.365	8781.000
934.509	8825.000
934.653	8703.000
934.797	8782.000
934.940	8826.000
935.084	8747.000
935.228	8791.000
935.372	8836.000
935.515	8750.000
935.659	8829.000
935.803	8718.000
935.947	8840.000
936.090	8708.000
936.234	8817.000
936.378	8792.000
936.522	8778.000
936.665	8742.000
936.809	8795.000
936.953	8733.000
937.097	8779.000
937.240	8806.000
937.384	8840.000
937.528	8736.000
937.671	8746.000
937.815	8722.000
937.959	8763.000
938.102	8660.000
938.246	8707.000
938.390	8750.000
938.534	8717.000
938.677	8683.000
938.821	8668.000
938.965	8635.000
939.108	8776.000
939.252	8674.000
939.396	8674.000
939.539	8639.000
939.683	8705.000
939.826	8662.000
939.970	8639.000
940.114	8656.000
940.257	8687.000
940.401	8553.000
940.545	8640.000
940.688	8575.000
940.832	8616.000
940.975	8554.000
941.119	8714.000
941.263	8574.000
941.406	8624.000
941.550	8596.000
941.693	8621.000
941.837	8528.000
941.981	8580.000
942.124	8491.000
942.268	8565.000
942.411	8541.000
942.555	8600.000
942.698	8516.000
942.842	8556.000
942.986	8537.000
943.129	8580.000
943.273	8573.000
943.416	8558.000
943.560	8484.000
943.703	8551.000
943.847	8546.000
943.990	8608.000
944.134	8480.000
944.277	8510.000
944.421	8475.000
944.564	8489.000
944.708	8481.000
944.851	8603.000
944.995	8471.000
945.138	8497.000
945.282	8445.000
945.425	8507.000
945.569	8466.000
945.712	8542.000
945.856	8363.000
945.999	8580.000
946.143	8432.000
946.286	8456.000
946.430	8518.000
946.573	8545.000
946.716	8499.000
946.860	8507.000
947.003	8450.000
947.147	8515.000
947.290	8438.000
947.434	8560.000
947.577	8445.000
947.720	8539.000
947.864	8338.000
948.007	8463.000
948.151	8540.000
948.294	8556.000
948.437	8470.000
948.581	8536.000
948.724	8500.000
948.868	8482.000
949.011	8437.000
949.154	8504.000
949.298	8499.000
949.441	8579.000
949.584	8466.000
949.728	8512.000
949.871	8509.000
950.015	8531.000
950.158	8475.000
950.301	8443.000
950.445	8489.000
950.588	8590.000
950.731	8539.000
950.875	8514.000
951.018	8434.000
951.161	8554.000
951.304	8481.000
951.448	8505.000
951.591	8400.000
951.734	8496.000
951.878	8370.000
952.021	8540.000
952.164	8481.000
952.308	8548.000
952.451	8414.000
952.594	8504.000
952.737	8461.000
952.881	8455.000
953.024	8408.000
953.167	8483.000
953.310	8368.000
953.454	8495.000
953.597	8429.000
953.740	8453.000
953.883	8428.000
954.027	8514.000
954.170	8329.000
954.313	8473.000
954.456	8384.000
954.600	8432.000
954.743	8470.000
954.886	8460.000
955.029	8310.000
955.172	8462.000
955.316	8277.000
955.459	8368.000
955.602	8334.000
955.745	8505.000
955.888	8372.000
956.032	8451.000
956.175	8269.000
956.318	8359.000
956.461	8344.000
956.604	8375.000
956.747	8376.000
956.890	8475.000
957.034	8304.000
957.177	8373.000
957.320	8250.000
957.463	8394.000
957.606	8289.000
957.749	8448.000
957.892	8270.000
958.036	8409.000
958.179	8215.000
958.322	8459.000
958.465	8398.000
958.608	8344.000
958.751	8336.000
958.894	8341.000
959.037	8257.000
959.180	8364.000
959.323	8279.000
959.467	8424.000
959.610	8237.000
959.753	8420.000
959.896	8233.000
960.039	8339.000
960.182	8215.000
960.325	8442.000
960.468	8284.000
960.611	8352.000
960.754	8235.000
960.897	8336.000
961.040	8175.000
961.183	8367.000
961.326	8282.000
961.469	8438.000
961.612	8254.000
961.755	8374.000
961.898	8152.000
962.041	8386.000
962.184	8198.000
962.327	8362.000
962.470	8233.000
962.613	8449.000
962.756	8288.000
962.899	8351.000
963.042	8270.000
963.185	8412.000
963.328	8244.000
963.471	8356.000
963.614	8233.000
963.757	8447.000
963.900	8221.000
964.043	8293.000
964.186	8226.000
964.329	8372.000
964.472	8282.000
964.615	8367.000
964.758	8224.000
964.900	8455.000
965.043	8268.000
965.186	8393.000
965.329	8370.000
965.472	8454.000
965.615	8315.000
965.758	8344.000
965.901	8243.000
966.044	8354.000
966.187	8215.000
966.329	8420.000
966.472	8397.000
966.615	8407.000
966.758	8253.000
966.901	8456.000
967.044	8407.000
967.187	8347.000
967.330	8262.000
967.472	8450.000
967.615	8280.000
967.758	8388.000
967.901	8271.000
968.044	8445.000
968.187	8286.000
968.329	8397.000
968.472	8306.000
968.615	8396.000
968.758	8280.000
968.901	8396.000
969.043	8335.000
969.186	8388.000
969.329	8292.000
969.472	8525.000
969.615	8330.000
969.757	8339.000
969.900	8332.000
970.043	8416.000
970.186	8265.000
970.328	8427.000
970.471	8384.000
970.614	8471.000
970.757	8318.000
970.899	8368.000
971.042	8300.000
971.185	8384.000
971.328	8295.000
971.470	8376.000
971.613	8318.000
971.756	8444.000
971.899	8312.000
972.041	8356.000
972.184	8155.000
972.327	8492.000
972.469	8259.000
972.612	8374.000
972.755	8256.000
972.898	8451.000
973.040	8259.000
973.183	8374.000
973.326	8353.000
973.468	8319.000
973.611	8243.000
973.754	8398.000
973.896	8247.000
974.039	8359.000
974.182	8199.000
974.324	8451.000
974.467	8335.000
974.610	8396.000
974.752	8258.000
974.895	8384.000
975.037	8312.000
975.180	8421.000
975.323	8193.000
975.465	8405.000
975.608	8234.000
975.751	8283.000
975.893	8298.000
976.036	8341.000
976.178	8247.000
976.321	8463.000
976.464	8191.000
976.606	8230.000
976.749	8228.000
976.891	8417.000
977.034	8266.000
977.176	8317.000
977.319	8157.000
977.462	8382.000
977.604	8213.000
977.747	8359.000
977.889	8240.000
978.032	8366.000
978.174	8259.000
978.317	8375.000
978.459	8340.000
978.602	8444.000
978.744	8232.000
978.887	8433.000
979.029	8223.000
979.172	8366.000
979.314	8316.000
979.457	8444.000
979.599	8223.000
979.742	8477.000
979.884	8216.000
980.027	8373.000
980.169	8254.000
980.312	8427.000
980.454	8286.000
980.597	8379.000
980.739	8273.000
980.882	8275.000
981.024	8197.000
981.167	8325.000
981.309	8323.000
981.452	8277.000
981.594	8201.000
981.736	8262.000
981.879	8215.000
982.021	8316.000
982.164	8185.000
982.306	8257.000
982.449	8192.000
982.591	8302.000
982.733	8175.000
982.876	8277.000
983.018	8142.000
983.161	8323.000
983.303	8133.000
983.445	8308.000
983.588	8182.000
983.730	8358.000
983.873	8173.000
984.015	8435.000
984.157	8122.000
984.300	8395.000
984.442	8167.000
984.584	8300.000
984.727	8189.000
984.869	8361.000
985.011	8199.000
985.154	8284.000
985.296	8182.000
985.438	8338.000
985.581	8180.000
985.723	8309.000
985.865	8191.000
986.008	8302.000
986.150	8256.000
986.292	8310.000
986.435	8220.000
986.577	8340.000
986.719	8133.000
986.861	8330.000
987.004	7833.000
987.146	8373.000
987.288	8204.000
987.431	8279.000
987.573	8242.000
987.715	8248.000
987.857	8156.000
988.000	8243.000
988.142	8233.000
988.284	8383.000
988.426	8194.000
988.569	8270.000
988.711	8147.000
988.853	8334.000
988.995	8204.000
989.138	8269.000
989.280	8122.000
989.422	8361.000
989.564	8246.000
989.706	8325.000
989.849	8154.000
989.991	8324.000
990.133	8190.000
990.275	8351.000
990.417	8226.000
990.560	8271.000
990.702	8094.000
990.844	8303.000
990.986	8212.000
991.128	8462.000
991.270	8194.000
991.413	8351.000
991.555	8246.000
991.697	8344.000
991.839	8267.000
991.981	8423.000
992.123	8239.000
992.265	8411.000
992.408	8281.000
992.550	8401.000
992.692	8308.000
992.834	8478.000
992.976	8319.000
993.118	8440.000
993.260	8257.000
993.402	8335.000
993.544	8199.000
993.687	8423.000
993.829	8167.000
993.971	8306.000
994.113	8201.000
994.255	8286.000
994.397	8189.000
994.539	8313.000
994.681	8194.000
994.823	8339.000
994.965	8173.000
995.107	8365.000
995.249	8240.000
995.391	8300.000
995.533	8179.000
995.675	8349.000
995.817	8249.000
995.959	8317.000
996.101	8171.000
996.243	8344.000
996.385	8223.000
996.527	8294.000
996.669	8136.000
996.811	8293.000
996.953	8217.000
997.095	8288.000
997.237	8183.000
997.379	8334.000
997.521	8173.000
997.663	8290.000
997.805	8288.000
997.947	8325.000
998.089	8165.000
998.231	8260.000
998.373	8138.000
998.515	8370.000
998.657	8247.000
998.799	8291.000
998.941	8189.000
999.083	8235.000
999.225	8216.000
999.367	8329.000
999.509	8268.000
999.651	8392.000
999.793	8174.000
999.934	8330.000
1000.076	8192.000
1000.218	8365.000
1000.360	8195.000
1000.502	8348.000
1000.644	8260.000
1000.786	8394.000
1000.928	8213.000
1001.070	8221.000
1001.212	8157.000
1001.353	8350.000
1001.495	8089.000
1001.637	8277.000
1001.779	8161.000
1001.921	8272.000
1002.063	8157.000
1002.205	8302.000
1002.346	8185.000
1002.488	8354.000
1002.630	8073.000
1002.772	8323.000
1002.914	8181.000
1003.055	8282.000
1003.197	8185.000
1003.339	8290.000
1003.481	8135.000
1003.623	8294.000
1003.765	8111.000
1003.906	8253.000
1004.048	8135.000
1004.190	8283.000
1004.332	8100.000
1004.473	8274.000
1004.615	8308.000
1004.757	8297.000
1004.899	8172.000
1005.041	8327.000
1005.182	8149.000
1005.324	8305.000
1005.466	8152.000
1005.608	8305.000
1005.749	8087.000
1005.891	8395.000
1006.033	8189.000
1006.175	8382.000
1006.316	8137.000
1006.458	8311.000
1006.600	8221.000
1006.741	8325.000
1006.883	8152.000
1007.025	8298.000
1007.167	8143.000
1007.308	8329.000
1007.450	8214.000
1007.592	8336.000
1007.733	8115.000
1007.875	8278.000
1008.017	8186.000
1008.158	8273.000
1008.300	8194.000
1008.442	8279.000
1008.583	8072.000
1008.725	8328.000
1008.867	8095.000
1009.008	8310.000
1009.150	8160.000
1009.292	8397.000
1009.433	8192.000
1009.575	8275.000
1009.716	8155.000
1009.858	8215.000
1010.000	8172.000
1010.141	8358.000
1010.283	8136.000
1010.425	8313.000
1010.566	8027.000
1010.708	8330.000
1010.849	8197.000
1010.991	8295.000
1011.132	8154.000
1011.274	8279.000
1011.416	8232.000
1011.557	8257.000
1011.699	8197.000
1011.840	8328.000
1011.982	8135.000
1012.123	8302.000
1012.265	8115.000
1012.407	8343.000
1012.548	8142.000
1012.690	8222.000
1012.831	8106.000
1012.973	8274.000
1013.114	8189.000
1013.256	8339.000
1013.397	8255.000
1013.539	8545.000
1013.680	8504.000
1013.822	8664.000
1013.963	8539.000
1014.105	8717.000
1014.246	8602.000
1014.388	8928.000
1014.529	8954.000
1014.671	9097.000
1014.812	8570.000
1014.954	8496.000
1015.095	8314.000
1015.237	8327.000
1015.378	8122.000
1015.520	8276.000
1015.661	8092.000
1015.803	8244.000
1015.944	8020.000
1016.085	8215.000
1016.227	8043.000
1016.368	8109.000
1016.510	8002.000
1016.651	8186.000
1016.793	8103.000
1016.934	8123.000
1017.075	8035.000
1017.217	8199.000
1017.358	8077.000
1017.500	8175.000
1017.641	8006.000
1017.782	8218.000
1017.924	8010.000
1018.065	8156.000
1018.207	7971.000
1018.348	8247.000
1018.489	8011.000
1018.631	8090.000
1018.772	8040.000
1018.913	8129.000
1019.055	7959.000
1019.196	8047.000
1019.337	7995.000
1019.479	8177.000
1019.620	8039.000
1019.761	8133.000
1019.903	7977.000
1020.044	8169.000
1020.185	8000.000
1020.327	8079.000
1020.468	7956.000
1020.609	8102.000
1020.751	7893.000
1020.892	8079.000
1021.033	7987.000
1021.175	8105.000
1021.316	7962.000
1021.457	8064.000
1021.598	7926.000
1021.740	8152.000
1021.881	7984.000
1022.022	8083.000
1022.164	8003.000
1022.305	8140.000
1022.446	7933.000
1022.587	8100.000
1022.729	8063.000
1022.870	8161.000
1023.011	7975.000
1023.152	8059.000
1023.294	8003.000
1023.435	8054.000
1023.576	7939.000
1023.717	8114.000
1023.858	7972.000
1024.000	8097.000
1024.141	7956.000
1024.282	8078.000
1024.423	7962.000
1024.564	8186.000
1024.706	8036.000
1024.847	8180.000
1024.988	7931.000
1025.129	8188.000
1025.270	7940.000
1025.412	8165.000
1025.553	7969.000
1025.694	8199.000
1025.835	7984.000
1025.976	8115.000
1026.117	7983.000
1026.258	8153.000
1026.400	7978.000
1026.541	8172.000
1026.682	8010.000
1026.823	8114.000
1026.964	8043.000
1027.105	8098.000
1027.246	8029.000
1027.388	8204.000
1027.529	8018.000
1027.670	8091.000
1027.811	7944.000
1027.952	8170.000
1028.093	8023.000
1028.234	8098.000
1028.375	8041.000
1028.516	8148.000
1028.657	8048.000
1028.798	8190.000
1028.939	8017.000
1029.081	8134.000
1029.222	8097.000
1029.363	8163.000
1029.504	8040.000
1029.645	8242.000
1029.786	8108.000
1029.927	8200.000
1030.068	8112.000
1030.209	8213.000
1030.350	8066.000
1030.491	8125.000
1030.632	8047.000
1030.773	8213.000
1030.914	8056.000
1031.055	8152.000
1031.196	8119.000
1031.337	8180.000
1031.478	8075.000
1031.619	8119.000
1031.760	8030.000
1031.901	8277.000
1032.042	8042.000
1032.183	8165.000
1032.324	8075.000
1032.465	8303.000
1032.606	8605.000
1032.747	8189.000
1032.888	8072.000
1033.029	8204.000
1033.170	8010.000
1033.311	8295.000
1033.452	8022.000
1033.592	8262.000
1033.733	8049.000
1033.874	8094.000
1034.015	8142.000
1034.156	8202.000
1034.297	8070.000
1034.438	8176.000
1034.579	8050.000
1034.720	8260.000
1034.861	8014.000
1035.002	8150.000
1035.142	8049.000
1035.283	8138.000
1035.424	8019.000
1035.565	8151.000
1035.706	8060.000
1035.847	8123.000
1035.988	8088.000
1036.129	8132.000
1036.269	7974.000
1036.410	8283.000
1036.551	8052.000
1036.692	8151.000
1036.833	8008.000
1036.974	8100.000
1037.114	8006.000
1037.255	8091.000
1037.396	8033.000
1037.537	8032.000
1037.678	8022.000
1037.819	8054.000
1037.959	8006.000
1038.100	8135.000
1038.241	8005.000
1038.382	8112.000
1038.523	7988.000
1038.663	8205.000
1038.804	8007.000
1038.945	8103.000
1039.086	8028.000
1039.226	8110.000
1039.367	8024.000
1039.508	8113.000
1039.649	8032.000
1039.789	8092.000
1039.930	8067.000
1040.071	8130.000
1040.212	8077.000
1040.352	8141.000
1040.493	8054.000
1040.634	8075.000
1040.775	8046.000
1040.915	8117.000
1041.056	7986.000
1041.197	8171.000
1041.337	8056.000
1041.478	8183.000
1041.619	8024.000
1041.760	8113.000
1041.900	8003.000
1042.041	8138.000
1042.182	7978.000
1042.322	8197.000
1042.463	8068.000
1042.604	8220.000
1042.744	8085.000
1042.885	8254.000
1043.026	8055.000
1043.166	8222.000
1043.307	8035.000
1043.448	8154.000
1043.588	8052.000
1043.729	8220.000
1043.869	7990.000
1044.010	8237.000
1044.151	8083.000
1044.291	8238.000
1044.432	8046.000
1044.573	8173.000
1044.713	8088.000
1044.854	8269.000
1044.994	8151.000
1045.135	8246.000
1045.276	8148.000
1045.416	8302.000
1045.557	8170.000
1045.697	8200.000
1045.838	8153.000
1045.978	8345.000
1046.119	8131.000
1046.260	8249.000
1046.400	8154.000
1046.541	8329.000
1046.681	8078.000
1046.822	8284.000
1046.962	8119.000
1047.103	8364.000
1047.243	8270.000
1047.384	8296.000
1047.524	8118.000
1047.665	8271.000
1047.805	8111.000
1047.946	8260.000
1048.087	8164.000
1048.227	8292.000
1048.368	8206.000
1048.508	8248.000
1048.649	8203.000
1048.789	8287.000
1048.929	8221.000
1049.070	8281.000
1049.210	8166.000
1049.351	8339.000
1049.491	8146.000
1049.632	8281.000
1049.772	8126.000
1049.913	8293.000
1050.053	8082.000
1050.194	8313.000
1050.334	8218.000
1050.475	8237.000
1050.615	8182.000
1050.755	8345.000
1050.896	8101.000
1051.036	8295.000
1051.177	8188.000
1051.317	8243.000
1051.458	8140.000
1051.598	8239.000
1051.738	8151.000
1051.879	8223.000
1052.019	8168.000
1052.160	8254.000
1052.300	8214.000
1052.440	8251.000
1052.581	8135.000
1052.721	8329.000
1052.861	8244.000
1053.002	8274.000
1053.142	8232.000
1053.282	8318.000
1053.423	8176.000
1053.563	8284.000
1053.704	7017.000
1053.844	8262.000
1053.984	8152.000
1054.125	8198.000
1054.265	8071.000
1054.405	8256.000
1054.546	8110.000
1054.686	8268.000
1054.826	8179.000
1054.966	8283.000
1055.107	8142.000
1055.247	8248.000
1055.387	8143.000
1055.528	8327.000
1055.668	8185.000
1055.808	8274.000
1055.948	8075.000
1056.089	8271.000
1056.229	8072.000
1056.369	8188.000
1056.510	8107.000
1056.650	8183.000
1056.790	8084.000
1056.930	8198.000
1057.071	8038.000
1057.211	8262.000
1057.351	8010.000
1057.491	8286.000
1057.632	8131.000
1057.772	8160.000
1057.912	8146.000
1058.052	8155.000
1058.192	8068.000
1058.333	8103.000
1058.473	7973.000
1058.613	8071.000
1058.753	8026.000
1058.893	8207.000
1059.034	8005.000
1059.174	8191.000
1059.314	8013.000
1059.454	8106.000
1059.594	7997.000
1059.734	8113.000
1059.875	7897.000
1060.015	8102.000
1060.155	7931.000
1060.295	8059.000
1060.435	7975.000
1060.575	8098.000
1060.716	8038.000
1060.856	8112.000
1060.996	7990.000
1061.136	8227.000
1061.276	7923.000
1061.416	8090.000
1061.556	8020.000
1061.696	8159.000
1061.837	7964.000
1061.977	8207.000
1062.117	12599.000
1062.257	8233.000
1062.397	8025.000
1062.537	8136.000
1062.677	8074.000
1062.817	8175.000
1062.957	7968.000
1063.097	8146.000
1063.237	8162.000
1063.377	8267.000
1063.517	8212.000
1063.658	8325.000
1063.798	8257.000
1063.938	8453.000
1064.078	8456.000
1064.218	8576.000
1064.358	8448.000
1064.498	8599.000
1064.638	8479.000
1064.778	8719.000
1064.918	8703.000
1065.058	8914.000
1065.198	8733.000
1065.338	8600.000
1065.478	8299.000
1065.618	8290.000
1065.758	8116.000
1065.898	8186.000
1066.038	8107.000
1066.178	8289.000
1066.318	8107.000
1066.458	8243.000
1066.598	8068.000
1066.738	8316.000
1066.878	8111.000
1067.018	8291.000
1067.158	8066.000
1067.297	8257.000
1067.437	7966.000
1067.577	8230.000
1067.717	8047.000
1067.857	8231.000
1067.997	8049.000
1068.137	8277.000
1068.277	8124.000
1068.417	8249.000
1068.557	8096.000
1068.697	8295.000
1068.837	8037.000
1068.977	8301.000
1069.116	8177.000
1069.256	8152.000
1069.396	8089.000
1069.536	8317.000
1069.676	8117.000
1069.816	8222.000
1069.956	8079.000
1070.096	8231.000
1070.235	8153.000
1070.375	8216.000
1070.515	8178.000
1070.655	8278.000
1070.795	8147.000
1070.935	8333.000
1071.074	8075.000
1071.214	8312.000
1071.354	8044.000
1071.494	8229.000
1071.634	8208.000
1071.774	8355.000
1071.913	8136.000
1072.053	8233.000
1072.193	8182.000
1072.333	8369.000
1072.473	8211.000
1072.612	8330.000
1072.752	8157.000
1072.892	8333.000
1073.032	8185.000
1073.172	8267.000
1073.311	8211.000
1073.451	8339.000
1073.591	8168.000
1073.731	8200.000
1073.870	8232.000
1074.010	8402.000
1074.150	8244.000
1074.290	8267.000
1074.429	8244.000
1074.569	8238.000
1074.709	8284.000
1074.848	8375.000
