1159.948	7853.000
1160.095	7679.000
1160.241	7794.000
1160.387	7718.000
1160.533	7780.000
1160.679	7752.000
1160.825	7756.000
1160.971	7711.000
1161.117	7771.000
1161.263	7678.000
1161.410	7687.000
1161.556	7717.000
1161.702	7739.000
1161.848	7609.000
1161.994	7726.000
1162.140	7726.000
1162.286	7624.000
1162.432	7683.000
1162.578	7673.000
1162.724	7687.000
1162.870	7632.000
1163.016	7580.000
1163.162	7769.000
1163.308	7645.000
1163.454	7672.000
1163.599	7584.000
1163.745	7681.000
1163.891	7575.000
1164.037	7607.000
1164.183	7570.000
1164.329	7639.000
1164.475	7614.000
1164.621	7652.000
1164.767	7578.000
1164.912	7541.000
1165.058	7545.000
1165.204	7648.000
1165.350	7499.000
1165.496	7624.000
1165.642	7573.000
1165.787	7573.000
1165.933	7553.000
1166.079	7530.000
1166.225	7594.000
1166.370	7491.000
1166.516	7548.000
1166.662	7601.000
1166.808	7482.000
1166.953	7557.000
1167.099	7529.000
1167.245	7532.000
1167.390	7471.000
1167.536	7584.000
1167.682	7509.000
1167.827	7507.000
1167.973	7503.000
1168.119	7496.000
1168.264	7526.000
1168.410	7458.000
1168.556	7448.000
1168.701	7573.000
1168.847	7469.000
1168.992	7491.000
1169.138	7452.000
1169.284	7473.000
1169.429	7518.000
1169.575	7522.000
1169.720	7435.000
1169.866	7472.000
1170.011	7475.000
1170.157	7472.000
1170.302	7447.000
1170.448	7506.000
1170.593	7492.000
1170.739	7439.000
1170.884	7447.000
1171.030	7421.000
1171.175	7451.000
1171.321	7462.000
1171.466	7529.000
1171.611	7448.000
1171.757	7454.000
1171.902	7486.000
1172.048	7457.000
1172.193	7447.000
1172.338	7433.000
1172.484	7417.000
1172.629	7442.000
1172.775	7464.000
1172.920	7456.000
1173.065	7445.000
1173.211	7486.000
1173.356	7500.000
1173.501	7455.000
1173.646	7504.000
1173.792	7451.000
1173.937	7456.000
1174.082	7464.000
1174.228	7466.000
1174.373	7499.000
1174.518	7451.000
1174.663	7448.000
1174.809	7441.000
1174.954	7397.000
1175.099	7461.000
1175.244	7528.000
1175.389	7460.000
1175.535	7494.000
1175.680	7484.000
1175.825	7479.000
1175.970	7516.000
1176.115	7544.000
1176.260	7386.000
1176.405	7581.000
1176.550	7489.000
1176.696	7443.000
1176.841	7523.000
1176.986	7520.000
1177.131	7540.000
1177.276	7499.000
1177.421	7545.000
1177.566	7527.000
1177.711	7525.000
1177.856	7626.000
1178.001	7491.000
1178.146	7586.000
1178.291	7466.000
1178.436	7499.000
1178.581	7646.000
1178.726	7600.000
1178.871	7565.000
1179.016	7622.000
1179.161	7593.000
1179.306	7561.000
1179.451	7549.000
1179.596	7603.000
1179.741	7667.000
1179.886	7636.000
1180.030	7605.000
1180.175	7673.000
1180.320	7654.000
1180.465	7686.000
1180.610	7640.000
1180.755	7602.000
1180.900	7649.000
1181.044	7711.000
1181.189	7707.000
1181.334	7663.000
1181.479	7658.000
1181.624	7704.000
1181.768	7682.000
1181.913	7686.000
1182.058	7628.000
1182.203	7690.000
1182.348	7619.000
1182.492	7748.000
1182.637	7709.000
1182.782	7756.000
1182.926	7727.000
1183.071	7745.000
1183.216	7727.000
1183.360	7714.000
1183.505	7683.000
1183.650	7763.000
1183.794	7651.000
1183.939	7737.000
1184.084	7710.000
1184.228	7743.000
1184.373	7738.000
1184.518	7801.000
1184.662	7675.000
1184.807	7768.000
1184.951	7718.000
1185.096	7717.000
1185.241	7743.000
1185.385	7814.000
1185.530	7679.000
1185.674	7805.000
1185.819	7636.000
1185.963	7762.000
1186.108	7730.000
1186.252	7858.000
1186.397	7778.000
1186.541	7818.000
1186.686	7685.000
1186.830	7755.000
1186.975	7775.000
1187.119	7789.000
1187.263	7798.000
1187.408	7883.000
1187.552	7738.000
1187.697	7801.000
1187.841	7703.000
1187.985	7843.000
1188.130	7750.000
1188.274	7884.000
1188.419	7707.000
1188.563	7809.000
1188.707	7683.000
1188.852	7892.000
1188.996	7848.000
1189.140	7783.000
1189.285	7851.000
1189.429	7811.000
1189.573	7760.000
1189.717	7844.000
1189.862	7772.000
1190.006	7889.000
1190.150	7727.000
1190.294	7879.000
1190.439	7782.000
1190.583	7843.000
1190.727	7740.000
1190.871	7918.000
1191.016	7789.000
1191.160	7846.000
1191.304	7740.000
1191.448	7835.000
1191.592	7701.000
1191.736	7847.000
1191.881	7808.000
1192.025	7944.000
1192.169	7800.000
1192.313	7912.000
1192.457	7696.000
1192.601	7928.000
1192.745	7751.000
1192.889	7878.000
1193.033	7756.000
1193.177	7938.000
1193.321	7838.000
1193.465	7921.000
1193.610	7805.000
1193.754	7929.000
1193.898	7773.000
1194.042	7870.000
1194.186	7800.000
1194.330	7932.000
1194.474	7730.000
1194.617	7839.000
1194.761	7764.000
1194.905	7850.000
1195.049	7770.000
1195.193	7910.000
1195.337	7709.000
1195.481	7930.000
1195.625	7814.000
1195.769	7883.000
1195.913	7880.000
1196.057	7930.000
1196.201	7834.000
1196.344	7804.000
1196.488	7725.000
1196.632	7866.000
1196.776	7719.000
1196.920	7870.000
1197.064	7865.000
1197.207	7879.000
1197.351	7738.000
1197.495	7892.000
1197.639	7844.000
1197.782	7819.000
1197.926	7691.000
1198.070	7841.000
1198.214	7722.000
1198.357	7783.000
1198.501	7664.000
1198.645	7858.000
1198.789	7659.000
1198.932	7748.000
1199.076	7665.000
1199.220	7729.000
1199.363	7668.000
1199.507	7754.000
1199.651	7644.000
1199.794	7720.000
1199.938	7588.000
1200.081	7790.000
1200.225	7587.000
1200.369	7656.000
1200.512	7619.000
1200.656	7704.000
1200.799	7495.000
1200.943	7655.000
1201.087	7598.000
1201.230	7674.000
1201.374	7486.000
1201.517	7573.000
1201.661	7469.000
1201.804	7561.000
1201.948	7439.000
1202.091	7564.000
1202.235	7450.000
1202.378	7565.000
1202.522	7424.000
1202.665	7468.000
1202.808	7229.000
1202.952	7535.000
1203.095	7321.000
1203.239	7439.000
1203.382	7302.000
1203.526	7441.000
1203.669	7272.000
1203.812	7402.000
1203.956	7359.000
1204.099	7305.000
1204.242	7203.000
1204.386	7368.000
1204.529	7230.000
1204.672	7322.000
1204.816	7161.000
1204.959	7408.000
1205.102	7265.000
1205.246	7334.000
1205.389	7166.000
1205.532	7293.000
1205.675	7239.000
1205.819	7353.000
1205.962	7127.000
1206.105	7347.000
1206.248	7144.000
1206.392	7187.000
1206.535	7196.000
1206.678	7282.000
1206.821	7167.000
1206.964	7359.000
1207.108	7124.000
1207.251	7119.000
1207.394	7130.000
1207.537	7325.000
1207.680	7163.000
1207.823	7219.000
1207.966	7075.000
1208.109	7298.000
1208.253	7076.000
1208.396	7244.000
1208.539	7093.000
1208.682	7215.000
1208.825	7127.000
1208.968	7219.000
1209.111	7150.000
1209.254	7247.000
1209.397	7062.000
1209.540	7253.000
1209.683	7028.000
1209.826	7146.000
1209.969	7123.000
1210.112	7167.000
1210.255	6968.000
1210.398	7225.000
1210.541	6954.000
1210.684	7101.000
1210.827	7017.000
1210.970	7189.000
1211.113	7033.000
1211.255	7147.000
1211.398	7032.000
1211.541	7063.000
1211.684	6959.000
1211.827	7106.000
1211.970	7071.000
1212.113	7061.000
1212.256	6986.000
1212.398	7090.000
1212.541	7014.000
1212.684	7111.000
1212.827	6966.000
1212.970	7044.000
1213.112	6963.000
1213.255	7096.000
1213.398	6952.000
1213.541	7094.000
1213.683	6920.000
1213.826	7141.000
1213.969	6918.000
1214.112	7112.000
1214.254	6928.000
1214.397	7164.000
1214.540	6957.000
1214.682	7182.000
1214.825	6868.000
1214.968	7194.000
1215.110	6953.000
1215.253	7102.000
1215.396	6967.000
1215.538	7114.000
1215.681	6975.000
1215.824	7061.000
1215.966	6932.000
1216.109	7127.000
1216.251	6953.000
1216.394	7096.000
1216.536	6979.000
1216.679	7107.000
1216.822	7035.000
1216.964	7151.000
1217.107	6993.000
1217.249	7124.000
1217.392	6926.000
1217.534	7159.000
1217.677	6729.000
1217.819	7177.000
1217.962	7018.000
1218.104	7094.000
1218.247	7045.000
1218.389	7052.000
1218.531	6894.000
1218.674	7055.000
1218.816	6987.000
1218.959	7167.000
1219.101	6936.000
1219.243	7070.000
1219.386	6938.000
1219.528	7144.000
1219.671	7005.000
1219.813	7062.000
1219.955	6881.000
1220.098	7126.000
1220.240	7006.000
1220.382	7098.000
1220.525	6951.000
1220.667	7127.000
1220.809	6957.000
1220.951	7147.000
1221.094	7010.000
1221.236	7054.000
1221.378	6905.000
1221.520	7099.000
1221.663	6969.000
1221.805	7241.000
1221.947	6944.000
1222.089	7166.000
1222.232	6988.000
1222.374	7094.000
1222.516	6980.000
1222.658	7146.000
1222.800	6976.000
1222.942	7160.000
1223.084	6994.000
1223.227	7137.000
1223.369	7002.000
1223.511	7165.000
1223.653	6993.000
1223.795	7135.000
1223.937	6995.000
1224.079	7063.000
1224.221	6954.000
1224.363	7160.000
1224.505	6954.000
1224.647	7076.000
1224.789	6935.000
1224.932	7074.000
1225.074	6944.000
1225.216	7090.000
1225.358	6989.000
1225.500	7171.000
1225.641	6967.000
1225.783	7180.000
1225.925	7014.000
1226.067	7116.000
1226.209	6950.000
1226.351	7150.000
1226.493	7044.000
1226.635	7129.000
1226.777	6937.000
1226.919	7161.000
1227.061	6993.000
1227.203	7084.000
1227.345	6950.000
1227.486	7118.000
1227.628	6993.000
1227.770	7137.000
1227.912	6946.000
1228.054	7120.000
1228.196	6950.000
1228.337	7118.000
1228.479	7051.000
1228.621	7090.000
1228.763	6953.000
1228.904	7087.000
1229.046	6920.000
1229.188	7183.000
1229.330	7059.000
1229.471	7070.000
1229.613	6983.000
1229.755	7042.000
1229.897	7008.000
1230.038	7096.000
1230.180	7005.000
1230.322	7183.000
1230.463	6951.000
1230.605	7113.000
1230.747	6979.000
1230.888	7147.000
1231.030	6971.000
1231.171	7153.000
1231.313	7044.000
1231.455	7167.000
1231.596	6993.000
1231.738	7010.000
1231.879	6936.000
1232.021	7122.000
1232.163	6897.000
1232.304	7069.000
1232.446	6937.000
1232.587	7067.000
1232.729	6954.000
1232.870	7075.000
1233.012	6957.000
1233.153	7141.000
1233.295	6836.000
1233.436	7150.000
1233.578	6951.000
1233.719	7090.000
1233.860	6961.000
1234.002	7098.000
1234.143	6947.000
1234.285	7085.000
1234.426	6882.000
1234.568	7086.000
1234.709	6951.000
1234.850	7093.000
1234.992	6893.000
1235.133	7057.000
1235.274	7110.000
1235.416	7129.000
1235.557	6939.000
1235.698	7119.000
1235.840	6884.000
1235.981	7087.000
1236.122	6927.000
1236.264	7092.000
1236.405	6885.000
1236.546	7198.000
1236.687	6959.000
1236.829	7152.000
1236.970	6925.000
1237.111	7108.000
1237.252	6987.000
1237.394	7116.000
1237.535	6897.000
1237.676	7041.000
1237.817	6923.000
1237.958	7103.000
1238.100	6960.000
1238.241	7086.000
1238.382	6878.000
1238.523	7095.000
1238.664	6938.000
1238.805	7045.000
1238.946	6944.000
1239.088	7097.000
1239.229	6857.000
1239.370	7061.000
1239.511	6868.000
1239.652	7105.000
1239.793	6926.000
1239.934	7145.000
1240.075	6931.000
1240.216	7043.000
1240.357	6866.000
1240.498	6995.000
1240.639	6972.000
1240.780	7132.000
1240.921	6903.000
1241.062	7071.000
1241.203	6802.000
1241.344	7053.000
1241.485	6911.000
1241.626	7062.000
1241.767	6873.000
1241.908	7024.000
1242.049	7003.000
1242.190	7012.000
1242.330	6915.000
1242.471	7081.000
1242.612	6843.000
1242.753	7024.000
1242.894	6840.000
1243.035	7089.000
1243.176	6899.000
1243.316	6970.000
1243.457	6846.000
1243.598	7029.000
1243.739	6889.000
1243.880	6963.000
1244.020	6751.000
1244.161	7009.000
1244.302	6904.000
1244.443	7054.000
1244.584	6902.000
1244.724	7058.000
1244.865	6882.000
1245.006	7010.000
1245.146	6822.000
1245.287	7008.000
1245.428	6754.000
1245.568	6953.000
1245.709	6892.000
1245.850	7065.000
1245.990	6826.000
1246.131	7016.000
1246.272	6853.000
1246.412	7006.000
1246.553	6756.000
1246.694	6980.000
1246.834	6809.000
1246.975	6919.000
1247.115	6741.000
1247.256	6928.000
1247.397	6889.000
1247.537	6923.000
1247.678	6779.000
1247.818	6964.000
1247.959	6838.000
1248.099	6950.000
1248.240	6775.000
1248.380	6964.000
1248.521	6790.000
1248.661	6923.000
1248.802	6757.000
1248.942	7009.000
1249.083	6781.000
1249.223	6891.000
1249.364	6798.000
1249.504	6912.000
1249.644	6708.000
1249.785	6847.000
1249.925	6732.000
1250.066	6955.000
1250.206	6839.000
1250.346	6878.000
1250.487	6769.000
1250.627	6934.000
1250.767	6766.000
1250.908	6850.000
1251.048	6712.000
1251.188	6902.000
1251.329	6702.000
1251.469	6870.000
1251.609	6745.000
1251.750	6892.000
1251.890	6755.000
1252.030	6835.000
1252.170	6684.000
1252.311	6914.000
1252.451	6759.000
1252.591	6874.000
1252.731	6740.000
1252.871	6921.000
1253.012	6670.000
1253.152	6865.000
1253.292	6833.000
1253.432	6943.000
1253.572	6755.000
1253.712	6844.000
1253.853	6774.000
1253.993	6839.000
1254.133	6674.000
1254.273	6887.000
1254.413	6731.000
1254.553	6885.000
1254.693	6711.000
1254.833	6859.000
1254.973	6662.000
1255.114	6937.000
1255.254	6760.000
1255.394	6912.000
1255.534	6679.000
1255.674	6925.000
1255.814	6707.000
1255.954	6894.000
1256.094	6700.000
1256.234	6944.000
1256.374	6686.000
1256.514	6875.000
1256.654	6717.000
1256.794	6858.000
1256.933	6700.000
1257.073	6913.000
1257.213	6720.000
1257.353	6863.000
1257.493	6765.000
1257.633	6842.000
1257.773	6778.000
1257.913	6891.000
1258.053	6729.000
1258.193	6836.000
1258.332	6715.000
1258.472	6920.000
1258.612	6766.000
1258.752	6826.000
1258.892	6758.000
1259.031	6879.000
1259.171	6748.000
1259.311	6952.000
1259.451	6739.000
1259.591	6866.000
1259.730	6823.000
1259.870	6900.000
1260.010	6736.000
1260.150	6976.000
1260.289	6788.000
1260.429	6918.000
1260.569	6808.000
1260.708	6910.000
1260.848	6774.000
1260.988	6859.000
1261.127	6764.000
1261.267	6966.000
1261.407	6756.000
1261.546	6863.000
1261.686	6849.000
1261.826	6923.000
1261.965	6760.000
1262.105	6870.000
1262.244	6734.000
1262.384	6965.000
1262.524	6745.000
1262.663	6888.000
1262.803	6776.000
1262.942	6962.000
1263.082	7142.000
1263.221	6934.000
1263.361	6748.000
1263.500	6882.000
1263.640	6697.000
1263.779	6937.000
1263.919	6707.000
1264.058	6950.000
1264.198	6738.000
1264.337	6821.000
1264.477	6787.000
1264.616	6867.000
1264.756	6729.000
1264.895	6865.000
1265.034	6765.000
1265.174	6949.000
1265.313	6724.000
1265.453	6843.000
1265.592	6683.000
1265.731	6815.000
1265.871	6687.000
1266.010	6868.000
1266.149	6735.000
1266.289	6853.000
1266.428	6780.000
1266.567	6816.000
1266.707	6708.000
1266.846	6942.000
1266.985	6720.000
1267.124	6840.000
1267.264	6699.000
1267.403	6829.000
1267.542	6708.000
1267.681	6796.000
1267.821	6702.000
1267.960	6740.000
1268.099	6717.000
1268.238	6756.000
1268.377	6732.000
1268.517	6796.000
1268.656	6703.000
1268.795	6813.000
1268.934	6707.000
1269.073	6898.000
1269.212	6723.000
1269.352	6800.000
1269.491	6753.000
1269.630	6817.000
1269.769	6738.000
1269.908	6808.000
1270.047	6696.000
1270.186	6791.000
1270.325	6731.000
1270.464	6851.000
1270.603	6775.000
1270.742	6802.000
1270.881	6679.000
1271.020	6767.000
1271.159	6706.000
1271.298	6811.000
1271.437	6680.000
1271.576	6875.000
1271.715	6699.000
1271.854	6827.000
1271.993	6667.000
1272.132	6755.000
1272.271	6652.000
1272.410	6779.000
1272.549	6615.000
1272.688	6860.000
1272.827	6673.000
1272.966	6853.000
1273.104	6743.000
1273.243	6877.000
1273.382	6656.000
1273.521	6849.000
1273.660	6663.000
1273.799	6790.000
1273.938	6654.000
1274.076	6869.000
1274.215	6645.000
1274.354	6859.000
1274.493	6678.000
1274.632	6848.000
1274.770	6641.000
1274.909	6831.000
1275.048	6664.000
1275.187	6877.000
1275.325	6736.000
1275.464	6861.000
1275.603	6747.000
1275.741	6891.000
1275.880	6748.000
1276.019	6801.000
1276.157	6734.000
1276.296	6901.000
1276.435	6735.000
1276.573	6828.000
1276.712	6718.000
1276.851	6899.000
1276.989	6652.000
1277.128	6907.000
1277.267	6696.000
1277.405	6929.000
1277.544	6780.000
1277.682	6889.000
1277.821	6689.000
1277.959	6855.000
1278.098	6702.000
1278.236	6794.000
1278.375	6711.000
1278.514	6870.000
1278.652	6738.000
1278.791	6839.000
1278.929	6724.000
1279.068	6834.000
1279.206	6724.000
1279.344	6836.000
1279.483	6714.000
1279.621	6879.000
1279.760	6645.000
1279.898	6849.000
1280.037	6691.000
1280.175	6836.000
1280.313	6603.000
1280.452	6873.000
1280.590	6726.000
1280.729	6765.000
1280.867	6719.000
1281.005	6903.000
1281.144	6653.000
1281.282	6858.000
1281.420	6711.000
1281.559	6811.000
1281.697	6663.000
1281.835	6760.000
1281.974	6643.000
1282.112	6761.000
1282.250	6669.000
1282.388	6806.000
1282.527	6691.000
1282.665	6759.000
1282.803	6637.000
1282.941	6862.000
1283.080	6706.000
1283.218	6792.000
1283.356	6695.000
1283.494	6806.000
1283.632	6673.000
1283.771	6816.000
1283.909	5822.000
1284.047	6771.000
1284.185	6651.000
1284.323	6725.000
1284.461	6538.000
1284.599	6758.000
1284.737	6608.000
1284.876	6783.000
1285.014	6672.000
1285.152	6783.000
1285.290	6613.000
1285.428	6704.000
1285.566	6610.000
1285.704	6783.000
1285.842	6622.000
1285.980	6736.000
1286.118	6539.000
1286.256	6738.000
1286.394	6545.000
1286.532	6673.000
1286.670	6595.000
1286.808	6657.000
1286.946	6610.000
1287.084	6712.000
1287.222	6528.000
1287.360	6771.000
1287.498	6495.000
1287.636	6795.000
1287.774	6573.000
1287.911	6664.000
1288.049	6595.000
1288.187	6638.000
1288.325	6512.000
1288.463	6605.000
1288.601	6470.000
1288.739	6588.000
1288.876	6517.000
1289.014	6695.000
1289.152	6510.000
1289.290	6663.000
1289.428	6484.000
1289.565	6607.000
1289.703	6440.000
1289.841	6614.000
1289.979	6386.000
1290.117	6611.000
1290.254	6391.000
1290.392	6579.000
1290.530	6382.000
1290.667	6608.000
1290.805	6498.000
1290.943	6591.000
1291.080	6462.000
1291.218	6696.000
1291.356	6402.000
1291.493	6575.000
1291.631	6518.000
1291.769	6627.000
1291.906	6440.000
1292.044	6713.000
1292.182	9351.000
1292.319	6667.000
1292.457	6496.000
1292.594	6592.000
1292.732	6500.000
1292.870	6619.000
1293.007	6369.000
1293.145	6568.000
1293.282	6535.000
1293.420	6702.000
1293.557	6506.000
1293.695	6611.000
1293.832	6452.000
1293.970	6629.000
1294.107	6533.000
1294.245	6687.000
1294.382	6478.000
1294.520	6625.000
1294.657	6442.000
1294.795	6630.000
1294.932	6521.000
1295.069	6685.000
1295.207	6513.000
1295.344	6651.000
1295.482	6485.000
1295.619	6625.000
1295.756	6475.000
1295.894	6555.000
1296.031	6432.000
1296.168	6672.000
1296.306	6466.000
1296.443	6641.000
1296.580	6438.000
1296.718	6681.000
1296.855	6460.000
1296.992	6655.000
1297.130	6424.000
1297.267	6608.000
1297.404	6329.000
1297.541	6610.000
1297.679	6373.000
1297.816	6612.000
1297.953	6374.000
1298.090	6626.000
1298.228	6426.000
1298.365	6575.000
1298.502	6426.000
1298.639	6681.000
1298.776	6355.000
1298.913	6627.000
1299.051	6453.000
1299.188	6516.000
1299.325	6401.000
1299.462	6624.000
1299.599	6420.000
1299.736	6573.000
1299.873	6401.000
1300.010	6560.000
1300.147	6406.000
1300.285	6533.000
1300.422	6439.000
1300.559	6582.000
1300.696	6443.000
1300.833	6602.000
1300.970	6367.000
1301.107	6598.000
1301.244	6316.000
1301.381	6547.000
1301.518	6460.000
1301.655	6641.000
1301.792	6396.000
1301.929	6555.000
1302.066	6403.000
1302.203	6655.000
1302.340	6410.000
1302.476	6672.000
1302.613	6406.000
1302.750	6624.000
1302.887	6388.000
1303.024	6532.000
1303.161	6401.000
1303.298	6613.000
1303.435	6398.000
1303.572	6474.000
1303.708	6418.000
1303.845	6641.000
1303.982	6457.000
1304.119	6541.000
1304.256	6391.000
1304.392	6495.000
1304.529	6464.000
1304.666	6612.000
