1229.956	9185.000
1230.103	9123.000
1230.250	9162.000
1230.397	9236.000
1230.544	9152.000
1230.691	9231.000
1230.838	9120.000
1230.985	9183.000
1231.132	9147.000
1231.278	9175.000
1231.425	9079.000
1231.572	9201.000
1231.719	9124.000
1231.866	9105.000
1232.013	9162.000
1232.159	9230.000
1232.306	9060.000
1232.453	9199.000
1232.600	9117.000
1232.746	9221.000
1232.893	9081.000
1233.040	9130.000
1233.186	9240.000
1233.333	9165.000
1233.480	9137.000
1233.627	9138.000
1233.773	9169.000
1233.920	9114.000
1234.066	9102.000
1234.213	9112.000
1234.360	9118.000
1234.506	9155.000
1234.653	9140.000
1234.800	9153.000
1234.946	9069.000
1235.093	9088.000
1235.239	9207.000
1235.386	9059.000
1235.532	9121.000
1235.679	9145.000
1235.825	9079.000
1235.972	9148.000
1236.118	9096.000
1236.265	9163.000
1236.411	9062.000
1236.558	9126.000
1236.704	9143.000
1236.851	9058.000
1236.997	9088.000
1237.143	9130.000
1237.290	9098.000
1237.436	9047.000
1237.583	9132.000
1237.729	9140.000
1237.875	9097.000
1238.022	9098.000
1238.168	9030.000
1238.314	9104.000
1238.461	9033.000
1238.607	8989.000
1238.753	9084.000
1238.900	9041.000
1239.046	9008.000
1239.192	9031.000
1239.338	8995.000
1239.485	9094.000
1239.631	9029.000
1239.777	8981.000
1239.923	9012.000
1240.070	9024.000
1240.216	9004.000
1240.362	8984.000
1240.508	8983.000
1240.654	9012.000
1240.800	8918.000
1240.947	8959.000
1241.093	8922.000
1241.239	8966.000
1241.385	8941.000
1241.531	9016.000
1241.677	8924.000
1241.823	8985.000
1241.969	8968.000
1242.115	8946.000
1242.261	8853.000
1242.407	8911.000
1242.553	8857.000
1242.699	8913.000
1242.845	8911.000
1242.991	8895.000
1243.137	8877.000
1243.283	8913.000
1243.429	8944.000
1243.575	8909.000
1243.721	8927.000
1243.867	8899.000
1244.013	8857.000
1244.159	8893.000
1244.305	8894.000
1244.451	8897.000
1244.596	8851.000
1244.742	8858.000
1244.888	8827.000
1245.034	8796.000
1245.180	8815.000
1245.326	8942.000
1245.471	8821.000
1245.617	8851.000
1245.763	8822.000
1245.909	8856.000
1246.055	8857.000
1246.200	8878.000
1246.346	8708.000
1246.492	8910.000
1246.638	8795.000
1246.783	8801.000
1246.929	8848.000
1247.075	8856.000
1247.220	8867.000
1247.366	8854.000
1247.512	8851.000
1247.657	8854.000
1247.803	8807.000
1247.949	8912.000
1248.094	8807.000
1248.240	8863.000
1248.385	8700.000
1248.531	8776.000
1248.676	8900.000
1248.822	8918.000
1248.968	8825.000
1249.113	8901.000
1249.259	8846.000
1249.404	8840.000
1249.550	8827.000
1249.695	8849.000
1249.841	8884.000
1249.986	8935.000
1250.132	8851.000
1250.277	8893.000
1250.422	8834.000
1250.568	8903.000
1250.713	8864.000
1250.859	8800.000
1251.004	8840.000
1251.150	8907.000
1251.295	8891.000
1251.440	8862.000
1251.586	8816.000
1251.731	8898.000
1251.876	8820.000
1252.022	8820.000
1252.167	8743.000
1252.312	8855.000
1252.458	8747.000
1252.603	8913.000
1252.748	8852.000
1252.893	8895.000
1253.039	8857.000
1253.184	8874.000
1253.329	8811.000
1253.474	8804.000
1253.619	8774.000
1253.765	8855.000
1253.910	8736.000
1254.055	8831.000
1254.200	8840.000
1254.345	8811.000
1254.490	8829.000
1254.636	8887.000
1254.781	8736.000
1254.926	8853.000
1255.071	8756.000
1255.216	8774.000
1255.361	8812.000
1255.506	8850.000
1255.651	8733.000
1255.796	8844.000
1255.941	8646.000
1256.086	8774.000
1256.231	8752.000
1256.376	8860.000
1256.521	8739.000
1256.666	8806.000
1256.811	8658.000
1256.956	8721.000
1257.101	8724.000
1257.246	8773.000
1257.391	8785.000
1257.536	8846.000
1257.681	8721.000
1257.826	8743.000
1257.971	8666.000
1258.116	8802.000
1258.260	8695.000
1258.405	8851.000
1258.550	8662.000
1258.695	8754.000
1258.840	8596.000
1258.985	8824.000
1259.129	8831.000
1259.274	8729.000
1259.419	8771.000
1259.564	8726.000
1259.708	8643.000
1259.853	8741.000
1259.998	8686.000
1260.143	8821.000
1260.287	8632.000
1260.432	8762.000
1260.577	8635.000
1260.721	8752.000
1260.866	8624.000
1261.011	8805.000
1261.155	8685.000
1261.300	8708.000
1261.445	8623.000
1261.589	8711.000
1261.734	8594.000
1261.878	8714.000
1262.023	8677.000
1262.168	8785.000
1262.312	8651.000
1262.457	8786.000
1262.601	8557.000
1262.746	8777.000
1262.890	8569.000
1263.035	8769.000
1263.179	8615.000
1263.324	8834.000
1263.468	8694.000
1263.613	8720.000
1263.757	8656.000
1263.902	8760.000
1264.046	8615.000
1264.191	8721.000
1264.335	8643.000
1264.479	8756.000
1264.624	8619.000
1264.768	8689.000
1264.912	8645.000
1265.057	8718.000
1265.201	8639.000
1265.346	8740.000
1265.490	8628.000
1265.634	8775.000
1265.778	8647.000
1265.923	8755.000
1266.067	8768.000
1266.211	8800.000
1266.356	8741.000
1266.500	8674.000
1266.644	8630.000
1266.788	8711.000
1266.933	8612.000
1267.077	8765.000
1267.221	8784.000
1267.365	8815.000
1267.509	8640.000
1267.653	8803.000
1267.798	8761.000
1267.942	8696.000
1268.086	8624.000
1268.230	8763.000
1268.374	8621.000
1268.518	8755.000
1268.662	8645.000
1268.806	8772.000
1268.950	8630.000
1269.095	8714.000
1269.239	8676.000
1269.383	8758.000
1269.527	8693.000
1269.671	8755.000
1269.815	8698.000
1269.959	8739.000
1270.103	8654.000
1270.247	8855.000
1270.391	8682.000
1270.535	8662.000
1270.679	8705.000
1270.822	8758.000
1270.966	8596.000
1271.110	8776.000
1271.254	8734.000
1271.398	8806.000
1271.542	8672.000
1271.686	8730.000
1271.830	8650.000
1271.973	8728.000
1272.117	8655.000
1272.261	8713.000
1272.405	8691.000
1272.549	8745.000
1272.693	8637.000
1272.836	8726.000
1272.980	8487.000
1273.124	8770.000
1273.268	8612.000
1273.411	8654.000
1273.555	8600.000
1273.699	8734.000
1273.843	8591.000
1273.986	8662.000
1274.130	8702.000
1274.274	8601.000
1274.417	8556.000
1274.561	8715.000
1274.705	8586.000
1274.848	8689.000
1274.992	8550.000
1275.135	8800.000
1275.279	8668.000
1275.423	8701.000
1275.566	8574.000
1275.710	8676.000
1275.853	8595.000
1275.997	8691.000
1276.140	8521.000
1276.284	8702.000
1276.427	8551.000
1276.571	8559.000
1276.714	8592.000
1276.858	8629.000
1277.001	8524.000
1277.145	8733.000
1277.288	8494.000
1277.432	8512.000
1277.575	8517.000
1277.719	8698.000
1277.862	8603.000
1278.005	8579.000
1278.149	8460.000
1278.292	8662.000
1278.435	8506.000
1278.579	8633.000
1278.722	8511.000
1278.865	8641.000
1279.009	8545.000
1279.152	8641.000
1279.295	8598.000
1279.439	8655.000
1279.582	8512.000
1279.725	8666.000
1279.868	8459.000
1280.012	8582.000
1280.155	8562.000
1280.298	8618.000
1280.441	8421.000
1280.585	8699.000
1280.728	8411.000
1280.871	8527.000
1281.014	8511.000
1281.157	8619.000
1281.300	8455.000
1281.444	8619.000
1281.587	8515.000
1281.730	8511.000
1281.873	8442.000
1282.016	8563.000
1282.159	8571.000
1282.302	8545.000
1282.445	8471.000
1282.588	8495.000
1282.731	8508.000
1282.874	8599.000
1283.017	8466.000
1283.160	8513.000
1283.303	8463.000
1283.446	8562.000
1283.589	8473.000
1283.732	8556.000
1283.875	8413.000
1284.018	8570.000
1284.161	8417.000
1284.304	8547.000
1284.447	8422.000
1284.590	8620.000
1284.733	8442.000
1284.876	8660.000
1285.019	8372.000
1285.161	8682.000
1285.304	8449.000
1285.447	8589.000
1285.590	8447.000
1285.733	8634.000
1285.876	8499.000
1286.018	8493.000
1286.161	8462.000
1286.304	8599.000
1286.447	8443.000
1286.589	8545.000
1286.732	8473.000
1286.875	8587.000
1287.018	8533.000
1287.160	8597.000
1287.303	8521.000
1287.446	8584.000
1287.588	8396.000
1287.731	8615.000
1287.874	8115.000
1288.016	8635.000
1288.159	8517.000
1288.302	8568.000
1288.444	8539.000
1288.587	8556.000
1288.729	8413.000
1288.872	8512.000
1289.015	8503.000
1289.157	8667.000
1289.300	8466.000
1289.442	8544.000
1289.585	8413.000
1289.727	8603.000
1289.870	8482.000
1290.012	8561.000
1290.155	8398.000
1290.297	8596.000
1290.440	8474.000
1290.582	8594.000
1290.725	8423.000
1290.867	8603.000
1291.009	8434.000
1291.152	8608.000
1291.294	8524.000
1291.437	8564.000
1291.579	8360.000
1291.721	8544.000
1291.864	8477.000
1292.006	8716.000
1292.148	8449.000
1292.291	8596.000
1292.433	8480.000
1292.575	8612.000
1292.718	8493.000
1292.860	8585.000
1293.002	8460.000
1293.145	8596.000
1293.287	8498.000
1293.429	8565.000
1293.571	8496.000
1293.713	8639.000
1293.856	8527.000
1293.998	8613.000
1294.140	8472.000
1294.282	8544.000
1294.424	8456.000
1294.567	8654.000
1294.709	8464.000
1294.851	8542.000
1294.993	8406.000
1295.135	8554.000
1295.277	8430.000
1295.419	8587.000
1295.561	8506.000
1295.703	8574.000
1295.845	8501.000
1295.987	8618.000
1296.129	8535.000
1296.272	8555.000
1296.414	8442.000
1296.556	8606.000
1296.698	8514.000
1296.840	8606.000
1296.981	8431.000
1297.123	8635.000
1297.265	8501.000
1297.407	8536.000
1297.549	8436.000
1297.691	8594.000
1297.833	8477.000
1297.975	8586.000
1298.117	8448.000
1298.259	8604.000
1298.401	8465.000
1298.542	8555.000
1298.684	8565.000
1298.826	8541.000
1298.968	8492.000
1299.110	8536.000
1299.252	8403.000
1299.393	8674.000
1299.535	8530.000
1299.677	8568.000
1299.819	8446.000
1299.960	8496.000
1300.102	8473.000
1300.244	8604.000
1300.386	8547.000
1300.527	8675.000
1300.669	8471.000
1300.811	8594.000
1300.952	8481.000
1301.094	8620.000
1301.236	8468.000
1301.377	8634.000
1301.519	8562.000
1301.661	8628.000
1301.802	8501.000
1301.944	8486.000
1302.085	8412.000
1302.227	8623.000
1302.368	8402.000
1302.510	8546.000
1302.652	8432.000
1302.793	8541.000
1302.935	8450.000
1303.076	8556.000
1303.218	8456.000
1303.359	8644.000
1303.501	8349.000
1303.642	8627.000
1303.783	8438.000
1303.925	8547.000
1304.066	8449.000
1304.208	8600.000
1304.349	8470.000
1304.491	8544.000
1304.632	8386.000
1304.773	8569.000
1304.915	8461.000
1305.056	8554.000
1305.197	8370.000
1305.339	8555.000
1305.480	8602.000
1305.621	8581.000
1305.763	8455.000
1305.904	8581.000
1306.045	8408.000
1306.187	8599.000
1306.328	8440.000
1306.469	8594.000
1306.610	8358.000
1306.752	8699.000
1306.893	8487.000
1307.034	8642.000
1307.175	8449.000
1307.316	8602.000
1307.458	8492.000
1307.599	8614.000
1307.740	8416.000
1307.881	8563.000
1308.022	8414.000
1308.163	8569.000
1308.304	8498.000
1308.446	8576.000
1308.587	8409.000
1308.728	8532.000
1308.869	8469.000
1309.010	8529.000
1309.151	8480.000
1309.292	8587.000
1309.433	8354.000
1309.574	8578.000
1309.715	8373.000
1309.856	8602.000
1309.997	8451.000
1310.138	8680.000
1310.279	8443.000
1310.420	8540.000
1310.561	8401.000
1310.702	8499.000
1310.843	8457.000
1310.984	8605.000
1311.124	8371.000
1311.265	8560.000
1311.406	8286.000
1311.547	8576.000
1311.688	8442.000
1311.829	8567.000
1311.970	8395.000
1312.110	8504.000
1312.251	8504.000
1312.392	8491.000
1312.533	8435.000
1312.674	8562.000
1312.814	8396.000
1312.955	8574.000
1313.096	8355.000
1313.237	8551.000
1313.377	8372.000
1313.518	8479.000
1313.659	8364.000
1313.800	8541.000
1313.940	8402.000
1314.081	8448.000
1314.222	8303.000
1314.362	8512.000
1314.503	8452.000
1314.644	8536.000
1314.784	8414.000
1314.925	8582.000
1315.065	8369.000
1315.206	8506.000
1315.347	8337.000
1315.487	8467.000
1315.628	8260.000
1315.768	8489.000
1315.909	8420.000
1316.049	8507.000
1316.190	8382.000
1316.330	8506.000
1316.471	8315.000
1316.611	8469.000
1316.752	8258.000
1316.892	8435.000
1317.033	8329.000
1317.173	8392.000
1317.313	8217.000
1317.454	8430.000
1317.594	8367.000
1317.735	8390.000
1317.875	8309.000
1318.015	8466.000
1318.156	8334.000
1318.296	8412.000
1318.437	8303.000
1318.577	8477.000
1318.717	8297.000
1318.857	8366.000
1318.998	8253.000
1319.138	8477.000
1319.278	8272.000
1319.419	8351.000
1319.559	8281.000
1319.699	8344.000
1319.839	8233.000
1319.980	8304.000
1320.120	8245.000
1320.260	8454.000
1320.400	8306.000
1320.540	8359.000
1320.681	8253.000
1320.821	8402.000
1320.961	8264.000
1321.101	8322.000
1321.241	8218.000
1321.381	8365.000
1321.521	8180.000
1321.661	8347.000
1321.802	8220.000
1321.942	8348.000
1322.082	8210.000
1322.222	8306.000
1322.362	8209.000
1322.502	8378.000
1322.642	8241.000
1322.782	8360.000
1322.922	8256.000
1323.062	8395.000
1323.202	8140.000
1323.342	8334.000
1323.482	8324.000
1323.622	8396.000
1323.762	8245.000
1323.902	8309.000
1324.041	8258.000
1324.181	8311.000
1324.321	8192.000
1324.461	8376.000
1324.601	8204.000
1324.741	8341.000
1324.881	8233.000
1325.021	8336.000
1325.160	8195.000
1325.300	8429.000
1325.440	8247.000
1325.580	8379.000
1325.720	8195.000
1325.859	8396.000
1325.999	8241.000
1326.139	8402.000
1326.279	8219.000
1326.418	8433.000
1326.558	8199.000
1326.698	8379.000
1326.838	8211.000
1326.977	8357.000
1327.117	8214.000
1327.257	8413.000
1327.396	8260.000
1327.536	8343.000
1327.675	8279.000
1327.815	8320.000
1327.955	8296.000
1328.094	8405.000
1328.234	8264.000
1328.374	8316.000
1328.513	8240.000
1328.653	8383.000
1328.792	8271.000
1328.932	8318.000
1329.071	8280.000
1329.211	8354.000
1329.350	8290.000
1329.490	8449.000
1329.629	8266.000
1329.769	8341.000
1329.908	8330.000
1330.048	8394.000
1330.187	8248.000
1330.327	8474.000
1330.466	8336.000
1330.605	8403.000
1330.745	8330.000
1330.884	8417.000
1331.024	8322.000
1331.163	8377.000
1331.302	8303.000
1331.442	8426.000
1331.581	8273.000
1331.720	8370.000
1331.860	8356.000
1331.999	8404.000
1332.138	8304.000
1332.277	8314.000
1332.417	8283.000
1332.556	8512.000
1332.695	8276.000
1332.834	8367.000
1332.974	8321.000
1333.113	8491.000
1333.252	8827.000
1333.391	8429.000
1333.531	8307.000
1333.670	8411.000
1333.809	8238.000
1333.948	8456.000
1334.087	8237.000
1334.226	8483.000
1334.365	8258.000
1334.505	8299.000
1334.644	8341.000
1334.783	8384.000
1334.922	8261.000
1335.061	8375.000
1335.200	8289.000
1335.339	8450.000
1335.478	8253.000
1335.617	8331.000
1335.756	8230.000
1335.895	8380.000
1336.034	8241.000
1336.173	8357.000
1336.312	8295.000
1336.451	8336.000
1336.590	8328.000
1336.729	8334.000
1336.868	8210.000
1337.007	8445.000
1337.146	8243.000
1337.285	8313.000
1337.423	8215.000
1337.562	8278.000
1337.701	8248.000
1337.840	8292.000
1337.979	8236.000
1338.118	8240.000
1338.256	8252.000
1338.395	8255.000
1338.534	8235.000
1338.673	8307.000
1338.812	8205.000
1338.950	8334.000
1339.089	8243.000
1339.228	8409.000
1339.367	8258.000
1339.505	8311.000
1339.644	8275.000
1339.783	8311.000
1339.922	8275.000
1340.060	8303.000
1340.199	8246.000
1340.338	8301.000
1340.476	8237.000
1340.615	8326.000
1340.753	8333.000
1340.892	8328.000
1341.031	8240.000
1341.169	8285.000
1341.308	8279.000
1341.446	8324.000
1341.585	8185.000
1341.724	8376.000
1341.862	8286.000
1342.001	8375.000
1342.139	8259.000
1342.278	8321.000
1342.416	8265.000
1342.555	8339.000
1342.693	8185.000
1342.832	8402.000
1342.970	8252.000
1343.109	8405.000
1343.247	8283.000
1343.385	8440.000
1343.524	8268.000
1343.662	8410.000
1343.801	8244.000
1343.939	8338.000
1344.077	8247.000
1344.216	8405.000
1344.354	8246.000
1344.492	8432.000
1344.631	8302.000
1344.769	8421.000
1344.907	8245.000
1345.046	8379.000
1345.184	8301.000
1345.322	8480.000
1345.460	8351.000
1345.599	8433.000
1345.737	8402.000
1345.875	8515.000
1346.013	8398.000
1346.152	8420.000
1346.290	8382.000
1346.428	8518.000
1346.566	8346.000
1346.704	8446.000
1346.843	8359.000
1346.981	8513.000
1347.119	8324.000
1347.257	8503.000
1347.395	8336.000
1347.533	8569.000
1347.671	8470.000
1347.809	8496.000
1347.947	8310.000
1348.085	8455.000
1348.224	8342.000
1348.362	8460.000
1348.500	8387.000
1348.638	8511.000
1348.776	8390.000
1348.914	8440.000
1349.052	8401.000
1349.190	8497.000
1349.328	8417.000
1349.466	8474.000
1349.603	8385.000
1349.741	8525.000
1349.879	8338.000
1350.017	8459.000
1350.155	8339.000
1350.293	8468.000
1350.431	8271.000
1350.569	8495.000
1350.707	8407.000
1350.844	8418.000
1350.982	8410.000
1351.120	8534.000
1351.258	8360.000
1351.396	8494.000
1351.534	8362.000
1351.671	8435.000
1351.809	8327.000
1351.947	8444.000
1352.085	8322.000
1352.222	8414.000
1352.360	8358.000
1352.498	8431.000
1352.636	8397.000
1352.773	8442.000
1352.911	8327.000
1353.049	8519.000
1353.186	8402.000
1353.324	8453.000
1353.462	8444.000
1353.599	8488.000
1353.737	8368.000
1353.874	8481.000
1354.012	7210.000
1354.150	8444.000
1354.287	8326.000
1354.425	8403.000
1354.562	8266.000
1354.700	8468.000
1354.837	8307.000
1354.975	8497.000
1355.112	8378.000
1355.250	8450.000
1355.387	8347.000
1355.525	8408.000
1355.662	8312.000
1355.800	8492.000
1355.937	8348.000
1356.075	8424.000
1356.212	8253.000
1356.350	8459.000
1356.487	8218.000
1356.624	8382.000
1356.762	8336.000
1356.899	8339.000
1357.037	8294.000
1357.174	8368.000
1357.311	8248.000
1357.449	8451.000
1357.586	8230.000
1357.723	8499.000
1357.860	8312.000
1357.998	8388.000
1358.135	8341.000
1358.272	8328.000
1358.410	8240.000
1358.547	8292.000
1358.684	8182.000
1358.821	8270.000
1358.959	8224.000
1359.096	8395.000
1359.233	8243.000
1359.370	8345.000
1359.507	8175.000
1359.644	8314.000
1359.782	8178.000
1359.919	8281.000
1360.056	8087.000
1360.193	8279.000
1360.330	8136.000
1360.467	8259.000
1360.604	8131.000
1360.741	8292.000
1360.878	8265.000
1361.015	8293.000
1361.152	8169.000
1361.290	8396.000
1361.427	8115.000
1361.564	8255.000
1361.701	8206.000
1361.838	8327.000
1361.975	8166.000
1362.112	8372.000
1362.248	12893.000
1362.385	8366.000
1362.522	8198.000
1362.659	8300.000
1362.796	8265.000
1362.933	8334.000
1363.070	8136.000
1363.207	8294.000
1363.344	8301.000
1363.481	8410.000
1363.617	8305.000
1363.754	8332.000
1363.891	8243.000
1364.028	8393.000
1364.165	8337.000
1364.302	8434.000
1364.438	8252.000
1364.575	8418.000
1364.712	8217.000
1364.849	8408.000
1364.985	8313.000
1365.122	8465.000
1365.259	8294.000
1365.396	8438.000
1365.532	8306.000
1365.669	8392.000
1365.806	8279.000
1365.942	8323.000
1366.079	8251.000
1366.216	8435.000
1366.352	8291.000
1366.489	8400.000
1366.625	8222.000
1366.762	8485.000
1366.899	8327.000
1367.035	8471.000
1367.172	8247.000
1367.308	8433.000
1367.445	8172.000
1367.581	8436.000
1367.718	8245.000
1367.855	8428.000
1367.991	8210.000
1368.128	8450.000
1368.264	8290.000
1368.401	8397.000
1368.537	8244.000
1368.673	8461.000
1368.810	8210.000
1368.946	8446.000
1369.083	8345.000
1369.219	8321.000
1369.356	8283.000
1369.492	8451.000
1369.628	8296.000
1369.765	8413.000
1369.901	8302.000
1370.037	8413.000
1370.174	8354.000
1370.310	8436.000
1370.446	8347.000
1370.583	8443.000
1370.719	8340.000
1370.855	8495.000
1370.992	8284.000
1371.128	8475.000
1371.264	8240.000
1371.400	8406.000
1371.537	8394.000
1371.673	8531.000
1371.809	8331.000
1371.945	8425.000
1372.081	8375.000
1372.218	8547.000
1372.354	8381.000
1372.490	8512.000
1372.626	8334.000
1372.762	8539.000
1372.898	8401.000
1373.034	8436.000
1373.170	8391.000
1373.307	8517.000
1373.443	8384.000
1373.579	8360.000
1373.715	8412.000
1373.851	8525.000
1373.987	8452.000
1374.123	8478.000
1374.259	8412.000
1374.395	8426.000
1374.531	8483.000
1374.667	8565.000
