1029.870	5274.000
1030.015	5326.000
1030.160	5218.000
1030.305	5422.000
1030.449	5208.000
1030.594	5392.000
1030.739	5205.000
1030.884	5375.000
1031.029	5229.000
1031.173	5361.000
1031.318	5174.000
1031.463	5397.000
1031.608	5243.000
1031.752	5303.000
1031.897	5202.000
1032.042	5395.000
1032.187	5135.000
1032.331	5403.000
1032.476	5107.000
1032.621	5379.000
1032.765	5112.000
1032.910	5267.000
1033.055	5294.000
1033.200	5334.000
1033.344	5240.000
1033.489	5293.000
1033.634	5215.000
1033.778	5288.000
1033.923	5138.000
1034.068	5285.000
1034.212	5187.000
1034.357	5346.000
1034.502	5234.000
1034.646	5275.000
1034.791	5144.000
1034.935	5287.000
1035.080	5227.000
1035.225	5258.000
1035.369	5210.000
1035.514	5336.000
1035.658	5141.000
1035.803	5340.000
1035.947	5125.000
1036.092	5335.000
1036.237	5105.000
1036.381	5286.000
1036.526	5164.000
1036.670	5241.000
1036.815	5145.000
1036.959	5294.000
1037.104	5087.000
1037.248	5231.000
1037.393	5162.000
1037.537	5295.000
1037.682	5082.000
1037.826	5266.000
1037.971	5087.000
1038.115	5285.000
1038.260	5066.000
1038.404	5207.000
1038.549	5138.000
1038.693	5201.000
1038.838	5076.000
1038.982	5164.000
1039.126	5010.000
1039.271	5245.000
1039.415	5084.000
1039.560	5172.000
1039.704	5027.000
1039.848	5169.000
1039.993	5056.000
1040.137	5176.000
1040.282	5068.000
1040.426	5196.000
1040.570	4969.000
1040.715	5178.000
1040.859	5005.000
1041.003	5142.000
1041.148	5035.000
1041.292	5207.000
1041.436	4981.000
1041.581	5120.000
1041.725	5042.000
1041.869	5147.000
1042.014	4985.000
1042.158	5121.000
1042.302	4954.000
1042.447	5093.000
1042.591	5015.000
1042.735	5097.000
1042.879	4958.000
1043.024	5165.000
1043.168	5033.000
1043.312	5128.000
1043.456	4985.000
1043.601	5108.000
1043.745	4920.000
1043.889	5111.000
1044.033	4964.000
1044.178	5122.000
1044.322	4936.000
1044.466	5037.000
1044.610	4922.000
1044.754	5005.000
1044.899	4917.000
1045.043	5120.000
1045.187	4899.000
1045.331	5073.000
1045.475	4923.000
1045.619	5048.000
1045.763	4935.000
1045.908	5084.000
1046.052	4801.000
1046.196	5092.000
1046.340	4913.000
1046.484	5033.000
1046.628	4913.000
1046.772	5082.000
1046.916	4938.000
1047.060	5073.000
1047.205	4908.000
1047.349	5054.000
1047.493	4914.000
1047.637	5111.000
1047.781	4869.000
1047.925	5068.000
1048.069	4849.000
1048.213	4998.000
1048.357	4966.000
1048.501	5059.000
1048.645	4911.000
1048.789	5071.000
1048.933	4921.000
1049.077	5036.000
1049.221	4903.000
1049.365	5007.000
1049.509	4928.000
1049.653	5075.000
1049.797	4873.000
1049.941	5051.000
1050.085	4960.000
1050.229	5068.000
1050.373	4883.000
1050.517	4992.000
1050.660	4909.000
1050.804	5095.000
1050.948	4938.000
1051.092	4992.000
1051.236	4901.000
1051.380	5069.000
1051.524	4930.000
1051.668	5059.000
1051.812	4883.000
1051.956	5022.000
1052.099	4863.000
1052.243	5068.000
1052.387	4921.000
1052.531	5103.000
1052.675	4893.000
1052.819	5042.000
1052.962	4924.000
1053.106	5024.000
1053.250	4895.000
1053.394	5043.000
1053.538	4843.000
1053.681	5029.000
1053.825	4936.000
1053.969	5011.000
1054.113	4904.000
1054.257	5060.000
1054.400	4837.000
1054.544	5074.000
1054.688	4904.000
1054.832	4981.000
1054.975	4905.000
1055.119	5026.000
1055.263	4824.000
1055.407	5056.000
1055.550	4790.000
1055.694	4961.000
1055.838	4873.000
1055.981	5030.000
1056.125	4888.000
1056.269	5053.000
1056.412	4787.000
1056.556	4946.000
1056.700	4871.000
1056.843	5003.000
1056.987	4892.000
1057.131	5048.000
1057.274	4834.000
1057.418	4973.000
1057.562	4802.000
1057.705	4997.000
1057.849	4843.000
1057.992	5059.000
1058.136	4789.000
1058.280	4979.000
1058.423	4761.000
1058.567	5059.000
1058.710	4951.000
1058.854	4948.000
1058.997	4870.000
1059.141	4978.000
1059.285	4800.000
1059.428	4980.000
1059.572	4854.000
1059.715	5065.000
1059.859	4805.000
1060.002	4998.000
1060.146	4842.000
1060.289	4970.000
1060.433	4798.000
1060.576	5045.000
1060.720	4839.000
1060.863	4992.000
1061.007	4756.000
1061.150	4956.000
1061.294	4802.000
1061.437	4952.000
1061.580	4835.000
1061.724	5014.000
1061.867	4835.000
1062.011	5017.000
1062.154	4749.000
1062.298	4974.000
1062.441	4762.000
1062.584	4959.000
1062.728	4794.000
1062.871	5022.000
1063.015	4853.000
1063.158	4997.000
1063.301	4836.000
1063.445	5094.000
1063.588	4916.000
1063.731	5100.000
1063.875	5003.000
1064.018	5175.000
1064.161	4931.000
1064.305	5095.000
1064.448	4959.000
1064.591	5097.000
1064.735	4927.000
1064.878	5014.000
1065.021	4792.000
1065.165	5019.000
1065.308	4828.000
1065.451	5020.000
1065.594	4883.000
1065.738	5006.000
1065.881	4863.000
1066.024	4927.000
1066.167	4794.000
1066.311	4958.000
1066.454	4779.000
1066.597	4992.000
1066.740	4920.000
1066.884	5014.000
1067.027	4807.000
1067.170	5040.000
1067.313	4926.000
1067.456	4973.000
1067.599	4804.000
1067.743	4992.000
1067.886	4835.000
1068.029	5003.000
1068.172	4840.000
1068.315	5048.000
1068.458	4840.000
1068.602	5015.000
1068.745	4849.000
1068.888	5026.000
1069.031	4864.000
1069.174	5002.000
1069.317	4884.000
1069.460	5054.000
1069.603	4856.000
1069.746	5097.000
1069.890	4894.000
1070.033	4989.000
1070.176	4902.000
1070.319	5083.000
1070.462	4817.000
1070.605	5068.000
1070.748	4953.000
1070.891	5094.000
1071.034	4896.000
1071.177	5033.000
1071.320	4866.000
1071.463	5030.000
1071.606	4917.000
1071.749	5066.000
1071.892	4936.000
1072.035	5088.000
1072.178	4923.000
1072.321	5081.000
1072.464	4779.000
1072.607	5140.000
1072.750	4911.000
1072.893	5071.000
1073.036	4912.000
1073.179	5127.000
1073.322	4936.000
1073.465	5096.000
1073.607	5015.000
1073.750	5001.000
1073.893	4881.000
1074.036	5099.000
1074.179	4930.000
1074.322	5095.000
1074.465	4899.000
1074.608	5153.000
1074.751	4991.000
1074.893	5129.000
1075.036	4905.000
1075.179	5102.000
1075.322	4983.000
1075.465	5120.000
1075.608	4924.000
1075.750	5168.000
1075.893	4951.000
1076.036	5100.000
1076.179	5028.000
1076.322	5171.000
1076.464	5026.000
1076.607	5301.000
1076.750	5019.000
1076.893	5147.000
1077.036	5114.000
1077.178	5346.000
1077.321	5228.000
1077.464	5337.000
1077.607	5199.000
1077.749	5534.000
1077.892	5383.000
1078.035	5582.000
1078.177	5489.000
1078.320	5702.000
1078.463	5600.000
1078.606	5759.000
1078.748	5642.000
1078.891	5743.000
1079.034	5550.000
1079.176	5728.000
1079.319	5506.000
1079.462	5594.000
1079.604	5540.000
1079.747	5622.000
1079.890	5431.000
1080.032	5666.000
1080.175	5395.000
1080.317	5553.000
1080.460	5467.000
1080.603	5636.000
1080.745	5476.000
1080.888	5623.000
1081.030	5504.000
1081.173	5526.000
1081.316	5468.000
1081.458	5656.000
1081.601	5593.000
1081.743	5600.000
1081.886	5532.000
1082.028	5653.000
1082.171	5577.000
1082.313	5725.000
1082.456	5579.000
1082.598	5673.000
1082.741	5597.000
1082.883	5746.000
1083.026	5611.000
1083.168	5819.000
1083.311	5598.000
1083.453	5897.000
1083.596	5642.000
1083.738	5905.000
1083.881	5700.000
1084.023	5975.000
1084.166	5827.000
1084.308	6107.000
1084.451	5828.000
1084.593	6152.000
1084.736	6003.000
1084.878	6155.000
1085.020	6102.000
1085.163	6289.000
1085.305	6181.000
1085.448	6299.000
1085.590	6263.000
1085.732	6450.000
1085.875	6292.000
1086.017	6466.000
1086.159	6359.000
1086.302	6520.000
1086.444	6449.000
1086.586	6541.000
1086.729	6409.000
1086.871	6524.000
1087.013	6346.000
1087.156	6567.000
1087.298	6298.000
1087.440	6543.000
1087.583	6401.000
1087.725	6505.000
1087.867	6430.000
1088.010	6470.000
1088.152	6260.000
1088.294	6484.000
1088.436	6422.000
1088.579	6610.000
1088.721	6402.000
1088.863	6504.000
1089.005	6334.000
1089.148	6563.000
1089.290	6430.000
1089.432	6545.000
1089.574	6345.000
1089.716	6600.000
1089.859	6453.000
1090.001	6570.000
1090.143	6407.000
1090.285	6598.000
1090.427	6395.000
1090.569	6614.000
1090.712	6499.000
1090.854	6545.000
1090.996	6377.000
1091.138	6580.000
1091.280	6435.000
1091.422	6662.000
1091.564	6388.000
1091.707	6574.000
1091.849	6360.000
1091.991	6496.000
1092.133	6345.000
1092.275	6471.000
1092.417	6270.000
1092.559	6441.000
1092.701	6275.000
1092.843	6379.000
1092.985	6203.000
1093.127	6403.000
1093.269	6186.000
1093.411	6334.000
1093.554	6129.000
1093.696	6227.000
1093.838	6083.000
1093.980	6299.000
1094.122	6071.000
1094.264	6218.000
1094.406	6115.000
1094.548	6207.000
1094.690	6110.000
1094.832	6305.000
1094.973	6203.000
1095.115	6423.000
1095.257	6307.000
1095.399	6542.000
1095.541	6481.000
1095.683	6637.000
1095.825	6516.000
1095.967	6720.000
1096.109	6630.000
1096.251	6732.000
1096.393	6564.000
1096.535	6748.000
1096.677	6505.000
1096.819	6637.000
1096.960	6497.000
1097.102	6611.000
1097.244	6443.000
1097.386	6586.000
1097.528	6393.000
1097.670	6543.000
1097.812	6357.000
1097.953	6486.000
1098.095	6417.000
1098.237	6442.000
1098.379	6232.000
1098.521	6440.000
1098.662	6179.000
1098.804	6470.000
1098.946	6287.000
1099.088	6318.000
1099.230	6199.000
1099.371	6285.000
1099.513	6216.000
1099.655	6324.000
1099.797	6166.000
1099.938	6337.000
1100.080	6090.000
1100.222	6234.000
1100.364	6109.000
1100.505	6259.000
1100.647	6042.000
1100.789	6239.000
1100.931	6057.000
1101.072	6168.000
1101.214	5975.000
1101.356	6016.000
1101.497	5891.000
1101.639	6104.000
1101.781	5872.000
1101.922	6005.000
1102.064	5870.000
1102.206	6007.000
1102.347	5823.000
1102.489	5994.000
1102.631	5841.000
1102.772	6032.000
1102.914	5717.000
1103.055	6017.000
1103.197	5780.000
1103.339	5969.000
1103.480	5820.000
1103.622	5988.000
1103.763	5764.000
1103.905	5921.000
1104.046	5738.000
1104.188	5889.000
1104.330	5773.000
1104.471	5895.000
1104.613	5665.000
1104.754	5865.000
1104.896	5871.000
1105.037	5869.000
1105.179	5705.000
1105.320	5903.000
1105.462	5649.000
1105.603	5853.000
1105.745	5662.000
1105.886	5877.000
1106.028	5628.000
1106.169	5950.000
1106.311	5665.000
1106.452	5857.000
1106.594	5635.000
1106.735	5847.000
1106.876	5667.000
1107.018	5845.000
1107.159	5569.000
1107.301	5767.000
1107.442	5616.000
1107.584	5834.000
1107.725	5698.000
1107.866	5814.000
1108.008	5584.000
1108.149	5827.000
1108.291	5717.000
1108.432	5844.000
1108.573	5728.000
1108.715	5912.000
1108.856	5656.000
1108.997	5936.000
1109.139	5706.000
1109.280	5956.000
1109.421	5778.000
1109.563	6031.000
1109.704	5802.000
1109.845	5951.000
1109.987	5804.000
1110.128	5943.000
1110.269	5879.000
1110.410	6107.000
1110.552	5871.000
1110.693	6054.000
1110.834	5811.000
1110.975	6067.000
1111.117	5963.000
1111.258	6121.000
1111.399	5960.000
1111.540	6125.000
1111.682	6097.000
1111.823	6140.000
1111.964	6078.000
1112.105	6272.000
1112.247	6081.000
1112.388	6319.000
1112.529	6131.000
1112.670	6429.000
1112.811	6267.000
1112.952	6366.000
1113.094	6301.000
1113.235	6478.000
1113.376	6323.000
1113.517	6483.000
1113.658	6331.000
1113.799	6595.000
1113.940	6518.000
1114.082	6733.000
1114.223	6622.000
1114.364	6844.000
1114.505	6667.000
1114.646	6887.000
1114.787	6760.000
1114.928	6996.000
1115.069	6819.000
1115.210	7064.000
1115.351	7053.000
1115.492	7240.000
1115.633	7111.000
1115.774	7355.000
1115.916	7220.000
1116.057	7472.000
1116.198	7311.000
1116.339	7581.000
1116.480	7502.000
1116.621	7669.000
1116.762	7575.000
1116.903	7863.000
1117.044	7870.000
1117.185	8012.000
1117.326	7961.000
1117.466	8236.000
1117.607	8224.000
1117.748	8473.000
1117.889	8400.000
1118.030	8694.000
1118.171	8621.000
1118.312	8877.000
1118.453	8847.000
1118.594	9181.000
1118.735	9089.000
1118.876	9335.000
1119.017	9335.000
1119.158	9589.000
1119.298	9545.000
1119.439	9823.000
1119.580	9905.000
1119.721	10235.000
1119.862	10274.000
1120.003	10494.000
1120.144	10582.000
1120.284	10808.000
1120.425	10848.000
1120.566	11096.000
1120.707	11196.000
1120.848	11624.000
1120.989	11736.000
1121.129	12038.000
1121.270	12094.000
1121.411	12377.000
1121.552	12460.000
1121.693	12807.000
1121.833	12940.000
1121.974	13301.000
1122.115	13388.000
1122.256	13696.000
1122.396	13854.000
1122.537	14247.000
1122.678	14307.000
1122.819	14704.000
1122.959	15085.000
1123.100	15507.000
1123.241	15860.000
1123.381	16255.000
1123.522	16531.000
1123.663	16696.000
1123.803	16851.000
1123.944	17247.000
1124.085	17685.000
1124.225	18186.000
1124.366	18620.000
1124.507	19122.000
1124.647	19507.000
1124.788	19995.000
1124.929	20413.000
1125.069	20845.000
1125.210	21058.000
1125.351	21384.000
1125.491	21548.000
1125.632	21942.000
1125.772	22363.000
1125.913	23193.000
1126.054	23755.000
1126.194	24201.000
1126.335	24747.000
1126.475	25266.000
1126.616	25847.000
1126.756	26429.000
1126.897	27127.000
1127.037	27391.000
1127.178	28133.000
1127.318	28355.000
1127.459	29033.000
1127.600	29400.000
1127.740	29791.000
1127.881	29930.000
1128.021	30414.000
1128.162	30990.000
1128.302	31744.000
1128.442	32296.000
1128.583	32695.000
1128.723	32917.000
1128.864	33499.000
1129.004	33807.000
1129.145	34070.000
1129.285	34361.000
1129.426	34707.000
1129.566	34726.000
1129.706	34797.000
1129.847	34600.000
1129.987	34887.000
1130.128	34807.000
1130.268	35069.000
1130.408	35033.000
1130.549	35044.000
1130.689	34840.000
1130.830	34918.000
1130.970	34535.000
1131.110	34416.000
1131.251	33987.000
1131.391	34069.000
1131.531	33533.000
1131.672	33485.000
1131.812	32964.000
1131.952	32711.000
1132.093	32466.000
1132.233	32166.000
1132.373	31873.000
1132.513	31705.000
1132.654	31339.000
1132.794	31189.000
1132.934	30966.000
1133.075	30934.000
1133.215	30707.000
1133.355	30485.000
1133.495	30345.000
1133.636	30170.000
1133.776	30110.000
1133.916	30221.000
1134.056	30043.000
1134.196	30265.000
1134.337	30257.000
1134.477	30500.000
1134.617	30420.000
1134.757	30521.000
1134.897	30684.000
1135.038	31250.000
1135.178	32107.000
1135.318	32863.000
1135.458	33497.000
1135.598	33978.000
1135.738	34091.000
1135.879	33962.000
1136.019	33235.000
1136.159	32653.000
1136.299	31909.000
1136.439	31857.000
1136.579	31838.000
1136.719	31703.000
1136.859	31144.000
1136.999	30782.000
1137.140	30288.000
1137.280	30100.000
1137.420	29598.000
1137.560	29352.000
1137.700	28659.000
1137.840	28512.000
1137.980	28043.000
1138.120	27893.000
1138.260	27455.000
1138.400	27027.000
1138.540	26471.000
1138.680	26058.000
1138.820	25737.000
1138.960	25438.000
1139.100	25135.000
1139.240	24986.000
1139.380	24362.000
1139.520	24121.000
1139.660	23689.000
1139.800	23363.000
1139.940	22878.000
1140.080	22647.000
1140.220	22244.000
1140.360	22008.000
1140.500	21557.000
1140.640	21362.000
1140.780	20884.000
1140.919	20491.000
1141.059	19997.000
1141.199	19730.000
1141.339	19585.000
1141.479	19221.000
1141.619	18997.000
1141.759	18646.000
1141.899	18341.000
1142.039	18171.000
1142.178	17734.000
1142.318	17497.000
1142.458	17375.000
1142.598	17002.000
1142.738	16857.000
1142.878	16512.000
1143.017	16402.000
1143.157	16050.000
1143.297	15928.000
1143.437	15619.000
1143.577	15417.000
1143.716	15086.000
1143.856	14914.000
1143.996	14633.000
1144.136	14552.000
1144.275	14179.000
1144.415	13937.000
1144.555	13518.000
1144.695	13468.000
1144.834	13320.000
1144.974	13254.000
1145.114	12912.000
1145.254	12775.000
1145.393	12544.000
1145.533	12400.000
1145.673	12131.000
1145.812	11980.000
1145.952	11778.000
1146.092	11720.000
1146.231	11372.000
1146.371	11322.000
1146.511	11016.000
1146.650	10951.000
1146.790	10598.000
1146.930	10610.000
1147.069	10317.000
1147.209	10439.000
1147.349	10199.000
1147.488	10116.000
1147.628	9814.000
1147.767	9826.000
1147.907	9617.000
1148.047	9594.000
1148.186	9464.000
1148.326	9537.000
1148.465	9289.000
1148.605	9293.000
1148.744	9097.000
1148.884	9095.000
1149.024	8917.000
1149.163	8959.000
1149.303	8758.000
1149.442	8868.000
1149.582	8614.000
1149.721	8636.000
1149.861	8433.000
1150.000	8543.000
1150.140	8251.000
1150.279	8520.000
1150.419	8356.000
1150.558	8327.000
1150.698	8214.000
1150.837	8352.000
1150.977	8047.000
1151.116	8184.000
1151.255	8028.000
1151.395	8043.000
1151.534	7866.000
1151.674	7905.000
1151.813	7793.000
1151.953	7803.000
1152.092	7681.000
1152.231	7773.000
1152.371	7609.000
1152.510	7639.000
1152.650	7452.000
1152.789	7618.000
1152.928	7421.000
1153.068	7534.000
1153.207	7427.000
1153.346	7485.000
1153.486	7325.000
1153.625	7384.000
1153.764	6822.000
1153.904	7310.000
1154.043	7121.000
1154.182	7219.000
1154.322	7056.000
1154.461	7255.000
1154.600	7031.000
1154.740	7205.000
1154.879	7085.000
1155.018	7139.000
1155.157	6972.000
1155.297	7046.000
1155.436	6938.000
1155.575	7104.000
1155.714	6854.000
1155.854	7011.000
1155.993	6811.000
1156.132	7057.000
1156.271	6799.000
1156.411	6995.000
1156.550	6839.000
1156.689	6924.000
1156.828	6795.000
1156.967	6946.000
1157.107	6756.000
1157.246	6964.000
1157.385	6696.000
1157.524	6999.000
1157.663	6767.000
1157.802	6866.000
1157.941	6804.000
1158.081	6827.000
1158.220	6730.000
1158.359	6810.000
1158.498	6698.000
1158.637	6807.000
1158.776	6723.000
1158.915	6894.000
1159.054	6711.000
1159.193	6864.000
1159.333	6671.000
1159.472	6812.000
1159.611	6674.000
1159.750	6812.000
1159.889	6579.000
1160.028	6820.000
1160.167	6624.000
1160.306	6791.000
1160.445	6591.000
1160.584	6814.000
1160.723	6727.000
1160.862	6802.000
1161.001	6627.000
1161.140	6890.000
1161.279	6615.000
1161.418	6810.000
1161.557	6716.000
1161.696	6875.000
1161.835	6658.000
1161.974	6936.000
1162.113	8061.000
1162.252	6913.000
1162.391	6712.000
1162.530	6840.000
1162.669	6725.000
1162.808	6848.000
1162.946	6638.000
1163.085	6805.000
1163.224	6790.000
1163.363	6920.000
1163.502	6751.000
1163.641	6825.000
1163.780	6675.000
1163.919	6792.000
1164.058	6741.000
1164.196	6896.000
1164.335	6677.000
1164.474	6827.000
1164.613	6646.000
1164.752	6875.000
1164.891	6740.000
1165.029	6888.000
1165.168	6672.000
1165.307	6839.000
1165.446	6715.000
1165.585	6784.000
1165.723	6645.000
1165.862	6807.000
1166.001	6654.000
1166.140	6890.000
1166.279	6641.000
1166.417	6818.000
1166.556	6657.000
1166.695	6890.000
1166.834	6665.000
1166.972	6883.000
1167.111	6646.000
1167.250	6841.000
1167.388	6586.000
1167.527	6852.000
1167.666	6592.000
1167.805	6848.000
1167.943	6616.000
1168.082	6862.000
1168.221	6690.000
1168.359	6839.000
1168.498	6668.000
1168.637	6913.000
1168.775	6585.000
1168.914	6884.000
1169.052	6735.000
1169.191	6855.000
1169.330	6656.000
1169.468	6942.000
1169.607	6703.000
1169.746	6889.000
1169.884	6710.000
1170.023	6871.000
1170.161	6741.000
1170.300	6832.000
1170.439	6724.000
1170.577	6831.000
1170.716	6692.000
1170.854	6928.000
1170.993	6632.000
1171.131	6871.000
1171.270	6574.000
1171.408	6797.000
1171.547	6690.000
1171.685	6867.000
1171.824	6609.000
1171.962	6793.000
1172.101	6617.000
1172.239	6858.000
1172.378	6621.000
1172.516	6864.000
1172.655	6629.000
1172.793	6846.000
1172.932	6565.000
1173.070	6742.000
1173.209	6565.000
1173.347	6790.000
1173.486	6573.000
1173.624	6658.000
1173.762	6615.000
1173.901	6822.000
1174.039	6620.000
1174.178	6709.000
1174.316	6558.000
1174.454	6692.000
1174.593	6619.000
1174.731	6795.000
