1229.956	6022.000
1230.103	6010.000
1230.250	5982.000
1230.397	6080.000
1230.544	5972.000
1230.691	6107.000
1230.838	5964.000
1230.985	6077.000
1231.132	5956.000
1231.278	6014.000
1231.425	5912.000
1231.572	6089.000
1231.719	5951.000
1231.866	6003.000
1232.013	5953.000
1232.159	6089.000
1232.306	5882.000
1232.453	6103.000
1232.600	5888.000
1232.746	6048.000
1232.893	5885.000
1233.040	5972.000
1233.186	6030.000
1233.333	6011.000
1233.480	5959.000
1233.627	5994.000
1233.773	5948.000
1233.920	5977.000
1234.066	5915.000
1234.213	5972.000
1234.360	5946.000
1234.506	6020.000
1234.653	5946.000
1234.800	5973.000
1234.946	5887.000
1235.093	5954.000
1235.239	5961.000
1235.386	5980.000
1235.532	5920.000
1235.679	6043.000
1235.825	5899.000
1235.972	6019.000
1236.118	5820.000
1236.265	6044.000
1236.411	5863.000
1236.558	5985.000
1236.704	5905.000
1236.851	5926.000
1236.997	5870.000
1237.143	5958.000
1237.290	5839.000
1237.436	5937.000
1237.583	5878.000
1237.729	5989.000
1237.875	5803.000
1238.022	5919.000
1238.168	5817.000
1238.314	5937.000
1238.461	5786.000
1238.607	5883.000
1238.753	5865.000
1238.900	5868.000
1239.046	5801.000
1239.192	5874.000
1239.338	5755.000
1239.485	5949.000
1239.631	5842.000
1239.777	5856.000
1239.923	5776.000
1240.070	5915.000
1240.216	5806.000
1240.362	5862.000
1240.508	5792.000
1240.654	5891.000
1240.800	5732.000
1240.947	5855.000
1241.093	5750.000
1241.239	5844.000
1241.385	5776.000
1241.531	5911.000
1241.677	5733.000
1241.823	5850.000
1241.969	5776.000
1242.115	5865.000
1242.261	5706.000
1242.407	5801.000
1242.553	5710.000
1242.699	5804.000
1242.845	5768.000
1242.991	5811.000
1243.137	5691.000
1243.283	5836.000
1243.429	5748.000
1243.575	5822.000
1243.721	5763.000
1243.867	5793.000
1244.013	5674.000
1244.159	5849.000
1244.305	5715.000
1244.451	5820.000
1244.596	5663.000
1244.742	5734.000
1244.888	5664.000
1245.034	5701.000
1245.180	5692.000
1245.326	5836.000
1245.471	5665.000
1245.617	5757.000
1245.763	5661.000
1245.909	5756.000
1246.055	5687.000
1246.200	5764.000
1246.346	5546.000
1246.492	5810.000
1246.638	5643.000
1246.783	5730.000
1246.929	5724.000
1247.075	5797.000
1247.220	5700.000
1247.366	5769.000
1247.512	5659.000
1247.657	5762.000
1247.803	5646.000
1247.949	5842.000
1248.094	5612.000
1248.240	5752.000
1248.385	5589.000
1248.531	5692.000
1248.676	5737.000
1248.822	5782.000
1248.968	5624.000
1249.113	5783.000
1249.259	5631.000
1249.404	5711.000
1249.550	5620.000
1249.695	5736.000
1249.841	5679.000
1249.986	5785.000
1250.132	5626.000
1250.277	5764.000
1250.422	5696.000
1250.568	5792.000
1250.713	5644.000
1250.859	5713.000
1251.004	5649.000
1251.150	5811.000
1251.295	5691.000
1251.440	5732.000
1251.586	5649.000
1251.731	5802.000
1251.876	5640.000
1252.022	5760.000
1252.167	5613.000
1252.312	5738.000
1252.458	5641.000
1252.603	5808.000
1252.748	5698.000
1252.893	5815.000
1253.039	5657.000
1253.184	5778.000
1253.329	5657.000
1253.474	5743.000
1253.619	5659.000
1253.765	5797.000
1253.910	5583.000
1254.055	5744.000
1254.200	5664.000
1254.345	5767.000
1254.490	5679.000
1254.636	5834.000
1254.781	5590.000
1254.926	5815.000
1255.071	5635.000
1255.216	5706.000
1255.361	5701.000
1255.506	5811.000
1255.651	5593.000
1255.796	5792.000
1255.941	5559.000
1256.086	5732.000
1256.231	5636.000
1256.376	5802.000
1256.521	5685.000
1256.666	5807.000
1256.811	5561.000
1256.956	5685.000
1257.101	5638.000
1257.246	5750.000
1257.391	5668.000
1257.536	5816.000
1257.681	5607.000
1257.826	5739.000
1257.971	5603.000
1258.116	5792.000
1258.260	5644.000
1258.405	5832.000
1258.550	5617.000
1258.695	5766.000
1258.840	5574.000
1258.985	5835.000
1259.129	5744.000
1259.274	5750.000
1259.419	5715.000
1259.564	5797.000
1259.708	5614.000
1259.853	5795.000
1259.998	5659.000
1260.143	5859.000
1260.287	5619.000
1260.432	5804.000
1260.577	5657.000
1260.721	5767.000
1260.866	5603.000
1261.011	5862.000
1261.155	5688.000
1261.300	5794.000
1261.445	5640.000
1261.589	5787.000
1261.734	5619.000
1261.878	5815.000
1262.023	5677.000
1262.168	5864.000
1262.312	5702.000
1262.457	5841.000
1262.601	5573.000
1262.746	5823.000
1262.890	5643.000
1263.035	5840.000
1263.179	5669.000
1263.324	5919.000
1263.468	5728.000
1263.613	5823.000
1263.757	5699.000
1263.902	5884.000
1264.046	5666.000
1264.191	5808.000
1264.335	5727.000
1264.479	5864.000
1264.624	5654.000
1264.768	5809.000
1264.912	5671.000
1265.057	5840.000
1265.201	5713.000
1265.346	5857.000
1265.490	5661.000
1265.634	5874.000
1265.778	5723.000
1265.923	5886.000
1266.067	5800.000
1266.211	5952.000
1266.356	5766.000
1266.500	5821.000
1266.644	5705.000
1266.788	5882.000
1266.933	5707.000
1267.077	5934.000
1267.221	5866.000
1267.365	5939.000
1267.509	5739.000
1267.653	5943.000
1267.798	5843.000
1267.942	5889.000
1268.086	5732.000
1268.230	5942.000
1268.374	5780.000
1268.518	5901.000
1268.662	5767.000
1268.806	5949.000
1268.950	5745.000
1269.095	5906.000
1269.239	5770.000
1269.383	5891.000
1269.527	5778.000
1269.671	5919.000
1269.815	5798.000
1269.959	5941.000
1270.103	5744.000
1270.247	6008.000
1270.391	5780.000
1270.535	5885.000
1270.679	5805.000
1270.822	5958.000
1270.966	5748.000
1271.110	5949.000
1271.254	5864.000
1271.398	5934.000
1271.542	5772.000
1271.686	5896.000
1271.830	5775.000
1271.973	5936.000
1272.117	5786.000
1272.261	5957.000
1272.405	5824.000
1272.549	5975.000
1272.693	5811.000
1272.836	5930.000
1272.980	5673.000
1273.124	5991.000
1273.268	5767.000
1273.411	5939.000
1273.555	5761.000
1273.699	5985.000
1273.843	5784.000
1273.986	5936.000
1274.130	5850.000
1274.274	5837.000
1274.417	5710.000
1274.561	5952.000
1274.705	5782.000
1274.848	5947.000
1274.992	5735.000
1275.135	5984.000
1275.279	5851.000
1275.423	5927.000
1275.566	5766.000
1275.710	5927.000
1275.853	5816.000
1275.997	5940.000
1276.140	5751.000
1276.284	5976.000
1276.427	5763.000
1276.571	5855.000
1276.714	5815.000
1276.858	5904.000
1277.001	5783.000
1277.145	6030.000
1277.288	5744.000
1277.432	5811.000
1277.575	5766.000
1277.719	5942.000
1277.862	5816.000
1278.005	5868.000
1278.149	5680.000
1278.292	5968.000
1278.435	5757.000
1278.579	5918.000
1278.722	5756.000
1278.865	5962.000
1279.009	5795.000
1279.152	5910.000
1279.295	5820.000
1279.439	5926.000
1279.582	5772.000
1279.725	5977.000
1279.868	5771.000
1280.012	5851.000
1280.155	5812.000
1280.298	5898.000
1280.441	5688.000
1280.585	5944.000
1280.728	5665.000
1280.871	5853.000
1281.014	5755.000
1281.157	5932.000
1281.300	5764.000
1281.444	5894.000
1281.587	5763.000
1281.730	5832.000
1281.873	5724.000
1282.016	5890.000
1282.159	5822.000
1282.302	5833.000
1282.445	5735.000
1282.588	5857.000
1282.731	5782.000
1282.874	5920.000
1283.017	5708.000
1283.160	5835.000
1283.303	5755.000
1283.446	5855.000
1283.589	5731.000
1283.732	5887.000
1283.875	5672.000
1284.018	5939.000
1284.161	5650.000
1284.304	5913.000
1284.447	5697.000
1284.590	5933.000
1284.733	5736.000
1284.876	5973.000
1285.019	5640.000
1285.161	5985.000
1285.304	5721.000
1285.447	5861.000
1285.590	5730.000
1285.733	5889.000
1285.876	5725.000
1286.018	5841.000
1286.161	5724.000
1286.304	5927.000
1286.447	5685.000
1286.589	5840.000
1286.732	5713.000
1286.875	5890.000
1287.018	5808.000
1287.160	5907.000
1287.303	5759.000
1287.446	5885.000
1287.588	5670.000
1287.731	5945.000
1287.874	5624.000
1288.016	5930.000
1288.159	5731.000
1288.302	5854.000
1288.444	5788.000
1288.587	5806.000
1288.729	5646.000
1288.872	5801.000
1289.015	5735.000
1289.157	5938.000
1289.300	5699.000
1289.442	5856.000
1289.585	5630.000
1289.727	5874.000
1289.870	5722.000
1290.012	5832.000
1290.155	5648.000
1290.297	5881.000
1290.440	5730.000
1290.582	5843.000
1290.725	5677.000
1290.867	5906.000
1291.009	5682.000
1291.152	5880.000
1291.294	5715.000
1291.437	5787.000
1291.579	5599.000
1291.721	5833.000
1291.864	5698.000
1292.006	5929.000
1292.148	5680.000
1292.291	5875.000
1292.433	5699.000
1292.575	5808.000
1292.718	5707.000
1292.860	5849.000
1293.002	5685.000
1293.145	5876.000
1293.287	5692.000
1293.429	5835.000
1293.571	5687.000
1293.713	5875.000
1293.856	5713.000
1293.998	5851.000
1294.140	5676.000
1294.282	5779.000
1294.424	5627.000
1294.567	5869.000
1294.709	5632.000
1294.851	5792.000
1294.993	5630.000
1295.135	5770.000
1295.277	5632.000
1295.419	5789.000
1295.561	5668.000
1295.703	5800.000
1295.845	5639.000
1295.987	5830.000
1296.129	5699.000
1296.272	5806.000
1296.414	5624.000
1296.556	5820.000
1296.698	5692.000
1296.840	5787.000
1296.981	5635.000
1297.123	5867.000
1297.265	5604.000
1297.407	5753.000
1297.549	5602.000
1297.691	5806.000
1297.833	5651.000
1297.975	5767.000
1298.117	5612.000
1298.259	5797.000
1298.401	5594.000
1298.542	5751.000
1298.684	5662.000
1298.826	5757.000
1298.968	5584.000
1299.110	5764.000
1299.252	5547.000
1299.393	5783.000
1299.535	5670.000
1299.677	5718.000
1299.819	5600.000
1299.960	5691.000
1300.102	5635.000
1300.244	5757.000
1300.386	5618.000
1300.527	5797.000
1300.669	5568.000
1300.811	5779.000
1300.952	5622.000
1301.094	5761.000
1301.236	5562.000
1301.377	5773.000
1301.519	5597.000
1301.661	5763.000
1301.802	5583.000
1301.944	5625.000
1302.085	5521.000
1302.227	5759.000
1302.368	5499.000
1302.510	5677.000
1302.652	5558.000
1302.793	5707.000
1302.935	5511.000
1303.076	5672.000
1303.218	5554.000
1303.359	5738.000
1303.501	5440.000
1303.642	5736.000
1303.783	5540.000
1303.925	5667.000
1304.066	5557.000
1304.208	5694.000
1304.349	5510.000
1304.491	5648.000
1304.632	5476.000
1304.773	5652.000
1304.915	5523.000
1305.056	5650.000
1305.197	5445.000
1305.339	5647.000
1305.480	5627.000
1305.621	5672.000
1305.763	5487.000
1305.904	5673.000
1306.045	5459.000
1306.187	5645.000
1306.328	5447.000
1306.469	5662.000
1306.610	5428.000
1306.752	5765.000
1306.893	5472.000
1307.034	5694.000
1307.175	5478.000
1307.316	5640.000
1307.458	5506.000
1307.599	5667.000
1307.740	5402.000
1307.881	5597.000
1308.022	5410.000
1308.163	5649.000
1308.304	5500.000
1308.446	5605.000
1308.587	5352.000
1308.728	5611.000
1308.869	5443.000
1309.010	5591.000
1309.151	5437.000
1309.292	5580.000
1309.433	5370.000
1309.574	5603.000
1309.715	5355.000
1309.856	5611.000
1309.997	5443.000
1310.138	5666.000
1310.279	5410.000
1310.420	5545.000
1310.561	5380.000
1310.702	5511.000
1310.843	5420.000
1310.984	5657.000
1311.124	5372.000
1311.265	5594.000
1311.406	5287.000
1311.547	5552.000
1311.688	5391.000
1311.829	5569.000
1311.970	5345.000
1312.110	5523.000
1312.251	5456.000
1312.392	5497.000
1312.533	5375.000
1312.674	5561.000
1312.814	5324.000
1312.955	5527.000
1313.096	5322.000
1313.237	5557.000
1313.377	5373.000
1313.518	5447.000
1313.659	5316.000
1313.800	5517.000
1313.940	5324.000
1314.081	5402.000
1314.222	5246.000
1314.362	5479.000
1314.503	5366.000
1314.644	5480.000
1314.784	5321.000
1314.925	5543.000
1315.065	5300.000
1315.206	5460.000
1315.347	5282.000
1315.487	5451.000
1315.628	5188.000
1315.768	5402.000
1315.909	5335.000
1316.049	5470.000
1316.190	5248.000
1316.330	5457.000
1316.471	5251.000
1316.611	5452.000
1316.752	5166.000
1316.892	5415.000
1317.033	5232.000
1317.173	5340.000
1317.313	5170.000
1317.454	5374.000
1317.594	5298.000
1317.735	5339.000
1317.875	5193.000
1318.015	5347.000
1318.156	5210.000
1318.296	5365.000
1318.437	5195.000
1318.577	5378.000
1318.717	5185.000
1318.857	5319.000
1318.998	5159.000
1319.138	5406.000
1319.278	5170.000
1319.419	5316.000
1319.559	5154.000
1319.699	5291.000
1319.839	5122.000
1319.980	5253.000
1320.120	5091.000
1320.260	5338.000
1320.400	5178.000
1320.540	5249.000
1320.681	5127.000
1320.821	5316.000
1320.961	5122.000
1321.101	5240.000
1321.241	5075.000
1321.381	5279.000
1321.521	5040.000
1321.661	5236.000
1321.802	5099.000
1321.942	5284.000
1322.082	5067.000
1322.222	5196.000
1322.362	5047.000
1322.502	5296.000
1322.642	5087.000
1322.782	5205.000
1322.922	5088.000
1323.062	5238.000
1323.202	4980.000
1323.342	5216.000
1323.482	5098.000
1323.622	5301.000
1323.762	5070.000
1323.902	5184.000
1324.041	5101.000
1324.181	5172.000
1324.321	4987.000
1324.461	5221.000
1324.601	5070.000
1324.741	5178.000
1324.881	4997.000
1325.021	5187.000
1325.160	4992.000
1325.300	5208.000
1325.440	5021.000
1325.580	5212.000
1325.720	4961.000
1325.859	5204.000
1325.999	4991.000
1326.139	5180.000
1326.279	4987.000
1326.418	5216.000
1326.558	4934.000
1326.698	5142.000
1326.838	4965.000
1326.977	5128.000
1327.117	4941.000
1327.257	5223.000
1327.396	4958.000
1327.536	5118.000
1327.675	5002.000
1327.815	5111.000
1327.955	5004.000
1328.094	5177.000
1328.234	4969.000
1328.374	5081.000
1328.513	4943.000
1328.653	5131.000
1328.792	4983.000
1328.932	5095.000
1329.071	4990.000
1329.211	5105.000
1329.350	5015.000
1329.490	5152.000
1329.629	4931.000
1329.769	5085.000
1329.908	4994.000
1330.048	5107.000
1330.187	4964.000
1330.327	5157.000
1330.466	4984.000
1330.605	5121.000
1330.745	4962.000
1330.884	5120.000
1331.024	4962.000
1331.163	5107.000
1331.302	4939.000
1331.442	5144.000
1331.581	4946.000
1331.720	5049.000
1331.860	4978.000
1331.999	5121.000
1332.138	4925.000
1332.277	5026.000
1332.417	4921.000
1332.556	5161.000
1332.695	4903.000
1332.834	5076.000
1332.974	4962.000
1333.113	5168.000
1333.252	5118.000
1333.391	5078.000
1333.531	4939.000
1333.670	5080.000
1333.809	4890.000
1333.948	5125.000
1334.087	4877.000
1334.226	5124.000
1334.365	4867.000
1334.505	4985.000
1334.644	4939.000
1334.783	5036.000
1334.922	4897.000
1335.061	5054.000
1335.200	4907.000
1335.339	5089.000
1335.478	4876.000
1335.617	5025.000
1335.756	4864.000
1335.895	5002.000
1336.034	4833.000
1336.173	5038.000
1336.312	4891.000
1336.451	5000.000
1336.590	4945.000
1336.729	4996.000
1336.868	4822.000
1337.007	5108.000
1337.146	4837.000
1337.285	5001.000
1337.423	4859.000
1337.562	4953.000
1337.701	4870.000
1337.840	4982.000
1337.979	4854.000
1338.118	4917.000
1338.256	4845.000
1338.395	4936.000
1338.534	4871.000
1338.673	4991.000
1338.812	4828.000
1338.950	4995.000
1339.089	4849.000
1339.228	5029.000
1339.367	4830.000
1339.505	4959.000
1339.644	4871.000
1339.783	4957.000
1339.922	4873.000
1340.060	4948.000
1340.199	4858.000
1340.338	4956.000
1340.476	4855.000
1340.615	4990.000
1340.753	4906.000
1340.892	4977.000
1341.031	4813.000
1341.169	4923.000
1341.308	4820.000
1341.446	4958.000
1341.585	4825.000
1341.724	5013.000
1341.862	4844.000
1342.001	4987.000
1342.139	4800.000
1342.278	4927.000
1342.416	4821.000
1342.555	4932.000
1342.693	4756.000
1342.832	5006.000
1342.970	4788.000
1343.109	5041.000
1343.247	4842.000
1343.385	5020.000
1343.524	4810.000
1343.662	5040.000
1343.801	4834.000
1343.939	4985.000
1344.077	4802.000
1344.216	5008.000
1344.354	4779.000
1344.492	5045.000
1344.631	4835.000
1344.769	5017.000
1344.907	4778.000
1345.046	4973.000
1345.184	4832.000
1345.322	5018.000
1345.460	4851.000
1345.599	4998.000
1345.737	4858.000
1345.875	5060.000
1346.013	4862.000
1346.152	4959.000
1346.290	4840.000
1346.428	5050.000
1346.566	4827.000
1346.704	5032.000
1346.843	4807.000
1346.981	5019.000
1347.119	4796.000
1347.257	5027.000
1347.395	4785.000
1347.533	5063.000
1347.671	4895.000
1347.809	5028.000
1347.947	4787.000
1348.085	5010.000
1348.224	4817.000
1348.362	4968.000
1348.500	4846.000
1348.638	5021.000
1348.776	4883.000
1348.914	4995.000
1349.052	4833.000
1349.190	5016.000
1349.328	4862.000
1349.466	4988.000
1349.603	4819.000
1349.741	5030.000
1349.879	4824.000
1350.017	4968.000
1350.155	4823.000
1350.293	4999.000
1350.431	4755.000
1350.569	5027.000
1350.707	4859.000
1350.844	4948.000
1350.982	4872.000
1351.120	5086.000
1351.258	4785.000
1351.396	5024.000
1351.534	4880.000
1351.671	4954.000
1351.809	4786.000
1351.947	4931.000
1352.085	4822.000
1352.222	4944.000
1352.360	4863.000
1352.498	5000.000
1352.636	4835.000
1352.773	4944.000
1352.911	4813.000
1353.049	5049.000
1353.186	4859.000
1353.324	4983.000
1353.462	4895.000
1353.599	5011.000
1353.737	4855.000
1353.874	4997.000
1354.012	4406.000
1354.150	4951.000
1354.287	4820.000
1354.425	4919.000
1354.562	4762.000
1354.700	4974.000
1354.837	4774.000
1354.975	4992.000
1355.112	4876.000
1355.250	4994.000
1355.387	4839.000
1355.525	4932.000
1355.662	4800.000
1355.800	5000.000
1355.937	4840.000
1356.075	4979.000
1356.212	4741.000
1356.350	5014.000
1356.487	4775.000
1356.624	4906.000
1356.762	4805.000
1356.899	4930.000
1357.037	4791.000
1357.174	4969.000
1357.311	4776.000
1357.449	5006.000
1357.586	4760.000
1357.723	5056.000
1357.860	4815.000
1357.998	4881.000
1358.135	4835.000
1358.272	4900.000
1358.410	4737.000
1358.547	4862.000
1358.684	4706.000
1358.821	4878.000
1358.959	4762.000
1359.096	4972.000
1359.233	4752.000
1359.370	4963.000
1359.507	4750.000
1359.644	4866.000
1359.782	4744.000
1359.919	4887.000
1360.056	4647.000
1360.193	4897.000
1360.330	4634.000
1360.467	4853.000
1360.604	4678.000
1360.741	4871.000
1360.878	4790.000
1361.015	4892.000
1361.152	4707.000
1361.290	4997.000
1361.427	4695.000
1361.564	4879.000
1361.701	4743.000
1361.838	4949.000
1361.975	4729.000
1362.112	4986.000
1362.248	6056.000
1362.385	4949.000
1362.522	4737.000
1362.659	4902.000
1362.796	4781.000
1362.933	4901.000
1363.070	4658.000
1363.207	4857.000
1363.344	4848.000
1363.481	4993.000
1363.617	4814.000
1363.754	4912.000
1363.891	4752.000
1364.028	4952.000
1364.165	4866.000
1364.302	5013.000
1364.438	4782.000
1364.575	4937.000
1364.712	4790.000
1364.849	4991.000
1364.985	4857.000
1365.122	4984.000
1365.259	4794.000
1365.396	4950.000
1365.532	4806.000
1365.669	4919.000
1365.806	4740.000
1365.942	4919.000
1366.079	4762.000
1366.216	5026.000
1366.352	4739.000
1366.489	4967.000
1366.625	4755.000
1366.762	5037.000
1366.899	4789.000
1367.035	5031.000
1367.172	4776.000
1367.308	4991.000
1367.445	4684.000
1367.581	4976.000
1367.718	4773.000
1367.855	4999.000
1367.991	4741.000
1368.128	5002.000
1368.264	4768.000
1368.401	4956.000
1368.537	4792.000
1368.673	5030.000
1368.810	4710.000
1368.946	5004.000
1369.083	4836.000
1369.219	4919.000
1369.356	4744.000
1369.492	5011.000
1369.628	4776.000
1369.765	4984.000
1369.901	4811.000
1370.037	4983.000
1370.174	4823.000
1370.310	4969.000
1370.446	4844.000
1370.583	4990.000
1370.719	4844.000
1370.855	5052.000
1370.992	4780.000
1371.128	5025.000
1371.264	4788.000
1371.400	4990.000
1371.537	4881.000
1371.673	5057.000
1371.809	4827.000
1371.945	5001.000
1372.081	4853.000
1372.218	5087.000
1372.354	4882.000
1372.490	5119.000
1372.626	4918.000
1372.762	5120.000
1372.898	4838.000
1373.034	5006.000
1373.170	4866.000
1373.307	5077.000
1373.443	4890.000
1373.579	4945.000
1373.715	4912.000
1373.851	5106.000
1373.987	4941.000
1374.123	5043.000
1374.259	4865.000
1374.395	4973.000
1374.531	4956.000
1374.667	5123.000
