1129.938	27087.000
1130.084	24295.000
1130.229	26592.000
1130.375	24100.000
1130.521	26319.000
1130.667	23855.000
1130.813	25860.000
1130.958	23448.000
1131.104	25614.000
1131.250	23358.000
1131.396	25388.000
1131.542	23331.000
1131.687	25223.000
1131.833	22963.000
1131.979	25031.000
1132.124	23227.000
1132.270	25198.000
1132.416	23281.000
1132.561	25393.000
1132.707	23464.000
1132.853	25557.000
1132.998	23494.000
1133.144	25947.000
1133.290	24102.000
1133.435	27025.000
1133.581	25497.000
1133.727	28385.000
1133.872	26426.000
1134.018	28888.000
1134.163	26526.000
1134.309	28385.000
1134.455	25624.000
1134.600	27445.000
1134.746	25114.000
1134.891	27159.000
1135.037	24991.000
1135.182	26766.000
1135.328	24453.000
1135.473	26137.000
1135.619	24070.000
1135.764	25639.000
1135.910	23530.000
1136.055	24919.000
1136.201	22984.000
1136.346	24360.000
1136.492	22445.000
1136.637	23929.000
1136.783	21971.000
1136.928	23143.000
1137.074	21287.000
1137.219	22463.000
1137.364	20804.000
1137.510	22210.000
1137.655	20483.000
1137.801	21567.000
1137.946	19970.000
1138.091	20931.000
1138.237	19400.000
1138.382	20336.000
1138.527	18894.000
1138.673	19806.000
1138.818	18354.000
1138.963	19202.000
1139.109	17918.000
1139.254	18691.000
1139.399	17342.000
1139.544	18071.000
1139.690	16786.000
1139.835	17599.000
1139.980	16477.000
1140.125	17123.000
1140.271	16012.000
1140.416	16676.000
1140.561	15621.000
1140.706	16131.000
1140.851	15208.000
1140.997	15709.000
1141.142	14786.000
1141.287	15305.000
1141.432	14539.000
1141.577	14906.000
1141.723	14140.000
1141.868	14560.000
1142.013	13818.000
1142.158	14139.000
1142.303	13439.000
1142.448	13709.000
1142.593	13080.000
1142.738	13426.000
1142.883	12665.000
1143.028	12875.000
1143.174	12305.000
1143.319	12563.000
1143.464	12094.000
1143.609	12321.000
1143.754	11712.000
1143.899	11908.000
1144.044	11406.000
1144.189	11548.000
1144.334	11119.000
1144.479	11203.000
1144.624	10759.000
1144.769	10852.000
1144.914	10464.000
1145.059	10618.000
1145.204	10285.000
1145.348	10283.000
1145.493	9923.000
1145.638	9988.000
1145.783	9675.000
1145.928	9783.000
1146.073	9522.000
1146.218	9412.000
1146.363	9350.000
1146.508	9357.000
1146.653	9095.000
1146.797	9216.000
1146.942	9013.000
1147.087	9062.000
1147.232	8869.000
1147.377	8839.000
1147.522	8671.000
1147.666	8674.000
1147.811	8605.000
1147.956	8538.000
1148.101	8521.000
1148.245	8397.000
1148.390	8241.000
1148.535	8408.000
1148.680	8260.000
1148.824	8178.000
1148.969	8172.000
1149.114	8175.000
1149.259	8041.000
1149.403	8029.000
1149.548	7989.000
1149.693	8016.000
1149.837	7944.000
1149.982	7842.000
1150.127	7829.000
1150.271	7789.000
1150.416	7795.000
1150.561	7699.000
1150.705	7624.000
1150.850	7633.000
1150.994	7626.000
1151.139	7546.000
1151.284	7480.000
1151.428	7417.000
1151.573	7454.000
1151.717	7343.000
1151.862	7315.000
1152.006	7237.000
1152.151	7249.000
1152.295	7221.000
1152.440	7280.000
1152.584	7192.000
1152.729	7231.000
1152.873	7128.000
1153.018	7172.000
1153.162	7096.000
1153.307	7082.000
1153.451	7026.000
1153.596	7103.000
1153.740	6933.000
1153.885	7049.000
1154.029	6979.000
1154.174	7012.000
1154.318	6939.000
1154.462	7027.000
1154.607	6837.000
1154.751	6966.000
1154.896	6850.000
1155.040	6886.000
1155.184	6869.000
1155.329	6950.000
1155.473	6786.000
1155.617	6887.000
1155.762	6699.000
1155.906	6828.000
1156.050	6817.000
1156.194	6894.000
1156.339	6791.000
1156.483	6892.000
1156.627	6646.000
1156.772	6763.000
1156.916	6716.000
1157.060	6792.000
1157.204	6756.000
1157.349	6857.000
1157.493	6692.000
1157.637	6766.000
1157.781	6646.000
1157.925	6816.000
1158.070	6677.000
1158.214	6844.000
1158.358	6610.000
1158.502	6766.000
1158.646	6559.000
1158.790	6815.000
1158.935	6763.000
1159.079	6715.000
1159.223	6708.000
1159.367	6719.000
1159.511	6606.000
1159.655	6765.000
1159.799	6653.000
1159.943	6820.000
1160.087	6591.000
1160.231	6767.000
1160.375	6651.000
1160.519	6720.000
1160.664	6599.000
1160.808	6800.000
1160.952	6644.000
1161.096	6756.000
1161.240	6598.000
1161.384	6729.000
1161.528	6547.000
1161.672	6716.000
1161.815	6648.000
1161.959	6768.000
1162.103	6660.000
1162.247	6801.000
1162.391	6513.000
1162.535	6781.000
1162.679	6561.000
1162.823	6724.000
1162.967	6573.000
1163.111	6799.000
1163.255	6638.000
1163.399	6738.000
1163.542	6567.000
1163.686	6748.000
1163.830	6592.000
1163.974	6688.000
1164.118	6585.000
1164.262	6754.000
1164.405	6518.000
1164.549	6649.000
1164.693	6534.000
1164.837	6686.000
1164.981	6531.000
1165.124	6688.000
1165.268	6525.000
1165.412	6737.000
1165.556	6575.000
1165.699	6701.000
1165.843	6640.000
1165.987	6779.000
1166.131	6588.000
1166.274	6664.000
1166.418	6539.000
1166.562	6673.000
1166.705	6523.000
1166.849	6722.000
1166.993	6650.000
1167.136	6746.000
1167.280	6533.000
1167.424	6739.000
1167.567	6682.000
1167.711	6695.000
1167.854	6538.000
1167.998	6759.000
1168.142	6587.000
1168.285	6713.000
1168.429	6600.000
1168.572	6764.000
1168.716	6554.000
1168.859	6719.000
1169.003	6623.000
1169.147	6771.000
1169.290	6632.000
1169.434	6737.000
1169.577	6646.000
1169.721	6740.000
1169.864	6557.000
1170.008	6808.000
1170.151	6604.000
1170.294	6649.000
1170.438	6558.000
1170.581	6720.000
1170.725	6484.000
1170.868	6667.000
1171.012	6607.000
1171.155	6659.000
1171.298	6473.000
1171.442	6593.000
1171.585	6466.000
1171.729	6602.000
1171.872	6465.000
1172.015	6608.000
1172.159	6490.000
1172.302	6625.000
1172.445	6468.000
1172.589	6593.000
1172.732	6281.000
1172.875	6621.000
1173.019	6427.000
1173.162	6550.000
1173.305	6402.000
1173.449	6615.000
1173.592	6420.000
1173.735	6548.000
1173.878	6483.000
1174.022	6475.000
1174.165	6356.000
1174.308	6589.000
1174.451	6417.000
1174.594	6553.000
1174.738	6367.000
1174.881	6573.000
1175.024	6490.000
1175.167	6564.000
1175.310	6389.000
1175.454	6565.000
1175.597	6448.000
1175.740	6540.000
1175.883	6359.000
1176.026	6618.000
1176.169	6403.000
1176.312	6520.000
1176.455	6454.000
1176.598	6561.000
1176.742	6426.000
1176.885	6698.000
1177.028	6398.000
1177.171	6479.000
1177.314	6455.000
1177.457	6635.000
1177.600	6491.000
1177.743	6544.000
1177.886	6400.000
1178.029	6663.000
1178.172	6447.000
1178.315	6628.000
1178.458	6463.000
1178.601	6647.000
1178.744	6505.000
1178.887	6645.000
1179.030	6541.000
1179.173	6699.000
1179.316	6515.000
1179.458	6701.000
1179.601	6469.000
1179.744	6650.000
1179.887	6568.000
1180.030	6691.000
1180.173	6455.000
1180.316	6726.000
1180.459	6491.000
1180.602	6695.000
1180.744	6554.000
1180.887	6738.000
1181.030	6613.000
1181.173	6734.000
1181.316	6590.000
1181.458	6680.000
1181.601	6579.000
1181.744	6773.000
1181.887	6723.000
1182.030	6718.000
1182.172	6617.000
1182.315	6738.000
1182.458	6662.000
1182.601	6791.000
1182.743	6657.000
1182.886	6749.000
1183.029	6675.000
1183.171	6815.000
1183.314	6673.000
1183.457	6857.000
1183.599	6628.000
1183.742	6903.000
1183.885	6656.000
1184.027	6869.000
1184.170	6694.000
1184.313	6953.000
1184.455	6764.000
1184.598	7006.000
1184.741	6702.000
1184.883	7044.000
1185.026	6789.000
1185.168	6936.000
1185.311	6807.000
1185.453	6974.000
1185.596	6816.000
1185.739	6930.000
1185.881	6819.000
1186.024	6997.000
1186.166	6814.000
1186.309	6997.000
1186.451	6840.000
1186.594	7036.000
1186.736	6936.000
1186.879	7085.000
1187.021	6942.000
1187.164	7031.000
1187.306	6830.000
1187.448	7153.000
1187.591	6827.000
1187.733	7115.000
1187.876	6954.000
1188.018	7093.000
1188.160	7038.000
1188.303	7058.000
1188.445	6883.000
1188.588	7095.000
1188.730	7013.000
1188.872	7236.000
1189.015	7014.000
1189.157	7133.000
1189.299	6959.000
1189.442	7187.000
1189.584	7044.000
1189.726	7131.000
1189.869	6984.000
1190.011	7234.000
1190.153	7122.000
1190.295	7218.000
1190.438	7051.000
1190.580	7224.000
1190.722	7055.000
1190.864	7284.000
1191.007	7160.000
1191.149	7197.000
1191.291	7015.000
1191.433	7264.000
1191.576	7131.000
1191.718	7364.000
1191.860	7099.000
1192.002	7326.000
1192.144	7178.000
1192.286	7296.000
1192.429	7166.000
1192.571	7330.000
1192.713	7178.000
1192.855	7363.000
1192.997	7204.000
1193.139	7365.000
1193.281	7239.000
1193.423	7444.000
1193.565	7236.000
1193.707	7419.000
1193.850	7277.000
1193.992	7389.000
1194.134	7191.000
1194.276	7436.000
1194.418	7205.000
1194.560	7399.000
1194.702	7241.000
1194.844	7376.000
1194.986	7242.000
1195.128	7415.000
1195.270	7287.000
1195.412	7428.000
1195.554	7275.000
1195.696	7448.000
1195.837	7307.000
1195.979	7433.000
1196.121	7252.000
1196.263	7461.000
1196.405	7296.000
1196.547	7442.000
1196.689	7252.000
1196.831	7507.000
1196.973	7270.000
1197.115	7406.000
1197.256	7265.000
1197.398	7424.000
1197.540	7267.000
1197.682	7432.000
1197.824	7230.000
1197.966	7413.000
1198.107	7234.000
1198.249	7344.000
1198.391	7290.000
1198.533	7358.000
1198.675	7219.000
1198.816	7363.000
1198.958	7144.000
1199.100	7402.000
1199.242	7272.000
1199.383	7287.000
1199.525	7180.000
1199.667	7272.000
1199.808	7206.000
1199.950	7323.000
1200.092	7221.000
1200.233	7351.000
1200.375	7145.000
1200.517	7304.000
1200.658	7132.000
1200.800	7303.000
1200.942	7088.000
1201.083	7288.000
1201.225	7101.000
1201.367	7265.000
1201.508	7063.000
1201.650	7074.000
1201.791	6963.000
1201.933	7166.000
1202.074	6882.000
1202.216	7066.000
1202.358	6952.000
1202.499	7072.000
1202.641	6899.000
1202.782	7029.000
1202.924	6851.000
1203.065	7030.000
1203.207	6715.000
1203.348	7018.000
1203.490	6807.000
1203.631	6955.000
1203.773	6819.000
1203.914	6944.000
1204.056	6753.000
1204.197	6882.000
1204.338	6708.000
1204.480	6873.000
1204.621	6753.000
1204.763	6872.000
1204.904	6636.000
1205.045	6833.000
1205.187	6823.000
1205.328	6860.000
1205.470	6726.000
1205.611	6839.000
1205.752	6630.000
1205.894	6810.000
1206.035	6626.000
1206.176	6855.000
1206.318	6594.000
1206.459	6935.000
1206.600	6659.000
1206.741	6842.000
1206.883	6628.000
1207.024	6832.000
1207.165	6667.000
1207.306	6811.000
1207.448	6518.000
1207.589	6725.000
1207.730	6504.000
1207.871	6730.000
1208.013	6599.000
1208.154	6684.000
1208.295	6436.000
1208.436	6654.000
1208.577	6472.000
1208.719	6592.000
1208.860	6438.000
1209.001	6567.000
1209.142	6377.000
1209.283	6580.000
1209.424	6334.000
1209.565	6540.000
1209.706	6348.000
1209.848	6585.000
1209.989	6336.000
1210.130	6476.000
1210.271	6249.000
1210.412	6419.000
1210.553	6292.000
1210.694	6504.000
1210.835	6218.000
1210.976	6409.000
1211.117	6127.000
1211.258	6379.000
1211.399	6224.000
1211.540	6338.000
1211.681	6095.000
1211.822	6293.000
1211.963	6211.000
1212.104	6263.000
1212.245	6099.000
1212.386	6320.000
1212.527	6038.000
1212.668	6248.000
1212.809	6008.000
1212.950	6253.000
1213.090	6060.000
1213.231	6103.000
1213.372	5986.000
1213.513	6151.000
1213.654	5985.000
1213.795	6058.000
1213.936	5914.000
1214.077	6134.000
1214.217	6005.000
1214.358	6146.000
1214.499	5952.000
1214.640	6153.000
1214.781	5930.000
1214.921	6069.000
1215.062	5876.000
1215.203	6028.000
1215.344	5777.000
1215.485	5983.000
1215.625	5920.000
1215.766	6038.000
1215.907	5783.000
1216.047	6046.000
1216.188	5808.000
1216.329	6008.000
1216.470	5703.000
1216.610	5970.000
1216.751	5747.000
1216.892	5885.000
1217.032	5699.000
1217.173	5896.000
1217.314	5816.000
1217.454	5885.000
1217.595	5696.000
1217.735	5905.000
1217.876	5737.000
1218.017	5851.000
1218.157	5687.000
1218.298	5888.000
1218.438	5676.000
1218.579	5808.000
1218.720	5655.000
1218.860	5890.000
1219.001	5669.000
1219.141	5793.000
1219.282	5629.000
1219.422	5796.000
1219.563	5572.000
1219.703	5697.000
1219.844	5595.000
1219.984	5808.000
1220.125	5674.000
1220.265	5744.000
1220.406	5594.000
1220.546	5771.000
1220.687	5598.000
1220.827	5701.000
1220.967	5549.000
1221.108	5731.000
1221.248	5516.000
1221.389	5696.000
1221.529	5547.000
1221.669	5711.000
1221.810	5539.000
1221.950	5706.000
1222.091	5500.000
1222.231	5751.000
1222.371	5546.000
1222.512	5693.000
1222.652	5551.000
1222.792	5708.000
1222.933	5429.000
1223.073	5686.000
1223.213	5591.000
1223.353	5760.000
1223.494	5511.000
1223.634	5676.000
1223.774	5564.000
1223.914	5643.000
1224.055	5449.000
1224.195	5688.000
1224.335	5518.000
1224.475	5660.000
1224.616	5472.000
1224.756	5656.000
1224.896	5435.000
1225.036	5686.000
1225.176	5512.000
1225.316	5669.000
1225.457	5428.000
1225.597	5702.000
1225.737	5453.000
1225.877	5668.000
1226.017	5445.000
1226.157	5691.000
1226.297	5443.000
1226.437	5617.000
1226.578	5465.000
1226.718	5635.000
1226.858	5454.000
1226.998	5655.000
1227.138	5449.000
1227.278	5597.000
1227.418	5480.000
1227.558	5598.000
1227.698	5496.000
1227.838	5671.000
1227.978	5482.000
1228.118	5579.000
1228.258	5417.000
1228.398	5618.000
1228.538	5472.000
1228.678	5578.000
1228.818	5458.000
1228.958	5571.000
1229.098	5463.000
1229.238	5671.000
1229.377	5408.000
1229.517	5560.000
1229.657	5476.000
1229.797	5596.000
1229.937	5427.000
1230.077	5699.000
1230.217	5457.000
1230.357	5629.000
1230.496	5472.000
1230.636	5627.000
1230.776	5443.000
1230.916	5568.000
1231.056	5403.000
1231.196	5618.000
1231.335	5427.000
1231.475	5556.000
1231.615	5467.000
1231.755	5615.000
1231.894	5427.000
1232.034	5549.000
1232.174	5414.000
1232.314	5637.000
1232.453	5422.000
1232.593	5576.000
1232.733	5457.000
1232.873	5629.000
1233.012	5644.000
1233.152	5617.000
1233.292	5404.000
1233.431	5576.000
1233.571	5361.000
1233.711	5643.000
1233.850	5424.000
1233.990	5630.000
1234.129	5408.000
1234.269	5489.000
1234.409	5454.000
1234.548	5559.000
1234.688	5382.000
1234.828	5541.000
1234.967	5397.000
1235.107	5609.000
1235.246	5370.000
1235.386	5525.000
1235.525	5379.000
1235.665	5497.000
1235.804	5363.000
1235.944	5565.000
1236.083	5379.000
1236.223	5535.000
1236.362	5451.000
1236.502	5535.000
1236.641	5329.000
1236.781	5640.000
1236.920	5406.000
1237.060	5517.000
1237.199	5355.000
1237.339	5503.000
1237.478	5354.000
1237.617	5493.000
1237.757	5375.000
1237.896	5448.000
1238.036	5376.000
1238.175	5452.000
1238.314	5381.000
1238.454	5534.000
1238.593	5372.000
1238.732	5547.000
1238.872	5379.000
1239.011	5570.000
1239.150	5364.000
1239.290	5511.000
1239.429	5389.000
1239.568	5499.000
1239.708	5396.000
1239.847	5487.000
1239.986	5356.000
1240.125	5465.000
1240.265	5375.000
1240.404	5515.000
1240.543	5414.000
1240.682	5521.000
1240.822	5355.000
1240.961	5463.000
1241.100	5338.000
1241.239	5513.000
1241.378	5337.000
1241.518	5560.000
1241.657	5375.000
1241.796	5552.000
1241.935	5363.000
1242.074	5511.000
1242.213	5375.000
1242.352	5482.000
1242.492	5283.000
1242.631	5530.000
1242.770	5387.000
1242.909	5587.000
1243.048	5408.000
1243.187	5592.000
1243.326	5357.000
1243.465	5559.000
1243.604	5351.000
1243.743	5514.000
1243.882	5350.000
1244.021	5590.000
1244.160	5367.000
1244.299	5596.000
1244.438	5397.000
1244.577	5573.000
1244.716	5331.000
1244.855	5563.000
1244.994	5390.000
1245.133	5590.000
1245.272	5406.000
1245.411	5586.000
1245.550	5424.000
1245.689	5636.000
1245.828	5448.000
1245.967	5541.000
1246.106	5421.000
1246.244	5630.000
1246.383	5381.000
1246.522	5606.000
1246.661	5387.000
1246.800	5638.000
1246.939	5364.000
1247.078	5616.000
1247.216	5392.000
1247.355	5637.000
1247.494	5495.000
1247.633	5611.000
1247.772	5395.000
1247.910	5569.000
1248.049	5423.000
1248.188	5544.000
1248.327	5450.000
1248.465	5612.000
1248.604	5442.000
1248.743	5604.000
1248.882	5444.000
1249.020	5639.000
1249.159	5497.000
1249.298	5607.000
1249.436	5407.000
1249.575	5646.000
1249.714	5415.000
1249.852	5595.000
1249.991	5399.000
1250.130	5613.000
1250.268	5386.000
1250.407	5627.000
1250.546	5492.000
1250.684	5564.000
1250.823	5496.000
1250.961	5703.000
1251.100	5453.000
1251.239	5651.000
1251.377	5478.000
1251.516	5598.000
1251.654	5419.000
1251.793	5552.000
1251.931	5460.000
1252.070	5559.000
1252.208	5454.000
1252.347	5622.000
1252.485	5467.000
1252.624	5631.000
1252.762	5443.000
1252.901	5676.000
1253.039	5514.000
1253.178	5617.000
1253.316	5522.000
1253.455	5650.000
1253.593	5484.000
1253.732	5650.000
1253.870	5105.000
1254.008	5618.000
1254.147	5468.000
1254.285	5592.000
1254.424	5413.000
1254.562	5619.000
1254.700	5440.000
1254.839	5656.000
1254.977	5538.000
1255.115	5617.000
1255.254	5496.000
1255.392	5634.000
1255.530	5501.000
1255.669	5684.000
1255.807	5518.000
1255.945	5648.000
1256.084	5421.000
1256.222	5678.000
1256.360	5451.000
1256.498	5623.000
1256.637	5487.000
1256.775	5626.000
1256.913	5478.000
1257.051	5643.000
1257.189	5449.000
1257.328	5691.000
1257.466	5442.000
1257.604	5734.000
1257.742	5524.000
1257.880	5637.000
1258.019	5569.000
1258.157	5638.000
1258.295	5470.000
1258.433	5577.000
1258.571	5429.000
1258.709	5592.000
1258.847	5462.000
1258.986	5723.000
1259.124	5508.000
1259.262	5702.000
1259.400	5477.000
1259.538	5634.000
1259.676	5469.000
1259.814	5627.000
1259.952	5416.000
1260.090	5659.000
1260.228	5420.000
1260.366	5632.000
1260.504	5451.000
1260.642	5676.000
1260.780	5608.000
1260.918	5667.000
1261.056	5474.000
1261.194	5765.000
1261.332	5449.000
1261.470	5670.000
1261.608	5544.000
1261.746	5755.000
1261.884	5524.000
1262.022	5798.000
1262.160	6918.000
1262.297	5777.000
1262.435	5564.000
1262.573	5724.000
1262.711	5614.000
1262.849	5735.000
1262.987	5509.000
1263.125	5691.000
1263.262	5698.000
1263.400	5862.000
1263.538	5636.000
1263.676	5713.000
1263.814	5569.000
1263.952	5751.000
1264.089	5655.000
1264.227	5836.000
1264.365	5620.000
1264.503	5804.000
1264.640	5566.000
1264.778	5818.000
1264.916	5634.000
1265.054	5828.000
1265.191	5674.000
1265.329	5840.000
1265.467	5665.000
1265.604	5808.000
1265.742	5620.000
1265.880	5774.000
1266.017	5602.000
1266.155	5864.000
1266.293	5634.000
1266.430	5827.000
1266.568	5613.000
1266.706	5912.000
1266.843	5696.000
1266.981	5905.000
1267.119	5647.000
1267.256	5874.000
1267.394	5556.000
1267.531	5839.000
1267.669	5610.000
1267.806	5888.000
1267.944	5607.000
1268.081	5890.000
1268.219	5652.000
1268.357	5882.000
1268.494	5668.000
1268.632	5921.000
1268.769	5586.000
1268.907	5914.000
1269.044	5723.000
1269.182	5813.000
1269.319	5628.000
1269.456	5922.000
1269.594	5649.000
1269.731	5848.000
1269.869	5672.000
1270.006	5875.000
1270.144	5678.000
1270.281	5855.000
1270.418	5681.000
1270.556	5897.000
1270.693	5699.000
1270.831	5965.000
1270.968	5642.000
1271.105	5922.000
1271.243	5594.000
1271.380	5914.000
1271.517	5739.000
1271.655	5982.000
1271.792	5673.000
1271.929	5895.000
1272.066	5735.000
1272.204	5995.000
1272.341	5713.000
1272.478	5986.000
1272.616	5717.000
1272.753	6018.000
1272.890	5682.000
1273.027	5906.000
1273.165	5717.000
1273.302	5973.000
1273.439	5693.000
1273.576	5875.000
1273.713	5732.000
1273.851	5969.000
1273.988	5795.000
1274.125	5936.000
1274.262	5704.000
1274.399	5878.000
1274.536	5791.000
1274.673	5998.000
