1159.948	8026.000
1160.095	7845.000
1160.241	7969.000
1160.387	7933.000
1160.533	7919.000
1160.679	7952.000
1160.825	7930.000
1160.971	7856.000
1161.117	7906.000
1161.263	7853.000
1161.410	7879.000
1161.556	7873.000
1161.702	7932.000
1161.848	7780.000
1161.994	7863.000
1162.140	7915.000
1162.286	7795.000
1162.432	7830.000
1162.578	7783.000
1162.724	7849.000
1162.870	7801.000
1163.016	7738.000
1163.162	7935.000
1163.308	7764.000
1163.454	7829.000
1163.599	7730.000
1163.745	7818.000
1163.891	7671.000
1164.037	7739.000
1164.183	7694.000
1164.329	7758.000
1164.475	7724.000
1164.621	7771.000
1164.767	7670.000
1164.912	7680.000
1165.058	7660.000
1165.204	7767.000
1165.350	7608.000
1165.496	7716.000
1165.642	7661.000
1165.787	7683.000
1165.933	7658.000
1166.079	7674.000
1166.225	7700.000
1166.370	7625.000
1166.516	7645.000
1166.662	7678.000
1166.808	7589.000
1166.953	7672.000
1167.099	7613.000
1167.245	7659.000
1167.390	7570.000
1167.536	7678.000
1167.682	7620.000
1167.827	7612.000
1167.973	7591.000
1168.119	7600.000
1168.264	7577.000
1168.410	7558.000
1168.556	7553.000
1168.701	7636.000
1168.847	7567.000
1168.992	7577.000
1169.138	7550.000
1169.284	7547.000
1169.429	7609.000
1169.575	7618.000
1169.720	7504.000
1169.866	7560.000
1170.011	7546.000
1170.157	7567.000
1170.302	7530.000
1170.448	7562.000
1170.593	7579.000
1170.739	7526.000
1170.884	7516.000
1171.030	7506.000
1171.175	7486.000
1171.321	7540.000
1171.466	7585.000
1171.611	7497.000
1171.757	7515.000
1171.902	7566.000
1172.048	7489.000
1172.193	7449.000
1172.338	7493.000
1172.484	7504.000
1172.629	7470.000
1172.775	7533.000
1172.920	7468.000
1173.065	7498.000
1173.211	7518.000
1173.356	7549.000
1173.501	7486.000
1173.646	7550.000
1173.792	7497.000
1173.937	7482.000
1174.082	7486.000
1174.228	7546.000
1174.373	7537.000
1174.518	7511.000
1174.663	7476.000
1174.809	7461.000
1174.954	7442.000
1175.099	7537.000
1175.244	7563.000
1175.389	7517.000
1175.535	7490.000
1175.680	7518.000
1175.825	7459.000
1175.970	7520.000
1176.115	7542.000
1176.260	7427.000
1176.405	7581.000
1176.550	7525.000
1176.696	7495.000
1176.841	7584.000
1176.986	7556.000
1177.131	7582.000
1177.276	7535.000
1177.421	7534.000
1177.566	7567.000
1177.711	7569.000
1177.856	7592.000
1178.001	7512.000
1178.146	7627.000
1178.291	7465.000
1178.436	7528.000
1178.581	7640.000
1178.726	7603.000
1178.871	7565.000
1179.016	7637.000
1179.161	7616.000
1179.306	7606.000
1179.451	7581.000
1179.596	7603.000
1179.741	7673.000
1179.886	7681.000
1180.030	7625.000
1180.175	7620.000
1180.320	7658.000
1180.465	7663.000
1180.610	7641.000
1180.755	7564.000
1180.900	7627.000
1181.044	7684.000
1181.189	7699.000
1181.334	7633.000
1181.479	7630.000
1181.624	7716.000
1181.768	7696.000
1181.913	7670.000
1182.058	7656.000
1182.203	7673.000
1182.348	7635.000
1182.492	7731.000
1182.637	7714.000
1182.782	7738.000
1182.926	7686.000
1183.071	7734.000
1183.216	7716.000
1183.360	7663.000
1183.505	7691.000
1183.650	7761.000
1183.794	7663.000
1183.939	7698.000
1184.084	7718.000
1184.228	7699.000
1184.373	7711.000
1184.518	7775.000
1184.662	7669.000
1184.807	7729.000
1184.951	7717.000
1185.096	7699.000
1185.241	7781.000
1185.385	7784.000
1185.530	7694.000
1185.674	7778.000
1185.819	7604.000
1185.963	7720.000
1186.108	7718.000
1186.252	7814.000
1186.397	7725.000
1186.541	7793.000
1186.686	7648.000
1186.830	7700.000
1186.975	7744.000
1187.119	7710.000
1187.263	7755.000
1187.408	7801.000
1187.552	7736.000
1187.697	7739.000
1187.841	7656.000
1187.985	7784.000
1188.130	7720.000
1188.274	7841.000
1188.419	7694.000
1188.563	7768.000
1188.707	7672.000
1188.852	7838.000
1188.996	7874.000
1189.140	7754.000
1189.285	7798.000
1189.429	7778.000
1189.573	7713.000
1189.717	7797.000
1189.862	7764.000
1190.006	7860.000
1190.150	7695.000
1190.294	7843.000
1190.439	7752.000
1190.583	7828.000
1190.727	7712.000
1190.871	7906.000
1191.016	7766.000
1191.160	7798.000
1191.304	7725.000
1191.448	7783.000
1191.592	7685.000
1191.736	7812.000
1191.881	7786.000
1192.025	7893.000
1192.169	7788.000
1192.313	7878.000
1192.457	7667.000
1192.601	7888.000
1192.745	7708.000
1192.889	7851.000
1193.033	7757.000
1193.177	7937.000
1193.321	7823.000
1193.465	7846.000
1193.610	7760.000
1193.754	7903.000
1193.898	7713.000
1194.042	7814.000
1194.186	7756.000
1194.330	7901.000
1194.474	7745.000
1194.617	7787.000
1194.761	7755.000
1194.905	7816.000
1195.049	7782.000
1195.193	7830.000
1195.337	7732.000
1195.481	7895.000
1195.625	7769.000
1195.769	7849.000
1195.913	7840.000
1196.057	7899.000
1196.201	7781.000
1196.344	7783.000
1196.488	7697.000
1196.632	7793.000
1196.776	7677.000
1196.920	7861.000
1197.064	7846.000
1197.207	7841.000
1197.351	7708.000
1197.495	7837.000
1197.639	7797.000
1197.782	7780.000
1197.926	7656.000
1198.070	7818.000
1198.214	7684.000
1198.357	7748.000
1198.501	7660.000
1198.645	7791.000
1198.789	7663.000
1198.932	7714.000
1199.076	7651.000
1199.220	7726.000
1199.363	7647.000
1199.507	7739.000
1199.651	7657.000
1199.794	7717.000
1199.938	7590.000
1200.081	7791.000
1200.225	7615.000
1200.369	7634.000
1200.512	7607.000
1200.656	7683.000
1200.799	7481.000
1200.943	7619.000
1201.087	7597.000
1201.230	7634.000
1201.374	7503.000
1201.517	7556.000
1201.661	7515.000
1201.804	7561.000
1201.948	7465.000
1202.091	7539.000
1202.235	7464.000
1202.378	7575.000
1202.522	7415.000
1202.665	7503.000
1202.808	7251.000
1202.952	7536.000
1203.095	7324.000
1203.239	7403.000
1203.382	7307.000
1203.526	7461.000
1203.669	7303.000
1203.812	7383.000
1203.956	7394.000
1204.099	7286.000
1204.242	7197.000
1204.386	7359.000
1204.529	7245.000
1204.672	7318.000
1204.816	7161.000
1204.959	7389.000
1205.102	7288.000
1205.246	7310.000
1205.389	7163.000
1205.532	7288.000
1205.675	7218.000
1205.819	7309.000
1205.962	7124.000
1206.105	7342.000
1206.248	7135.000
1206.392	7158.000
1206.535	7157.000
1206.678	7231.000
1206.821	7127.000
1206.964	7323.000
1207.108	7083.000
1207.251	7120.000
1207.394	7115.000
1207.537	7266.000
1207.680	7167.000
1207.823	7150.000
1207.966	7026.000
1208.109	7245.000
1208.253	7077.000
1208.396	7185.000
1208.539	7077.000
1208.682	7214.000
1208.825	7076.000
1208.968	7163.000
1209.111	7154.000
1209.254	7220.000
1209.397	7067.000
1209.540	7227.000
1209.683	7012.000
1209.826	7118.000
1209.969	7065.000
1210.112	7167.000
1210.255	6921.000
1210.398	7216.000
1210.541	6931.000
1210.684	7090.000
1210.827	6993.000
1210.970	7162.000
1211.113	7017.000
1211.255	7109.000
1211.398	7013.000
1211.541	7023.000
1211.684	6952.000
1211.827	7099.000
1211.970	7067.000
1212.113	7056.000
1212.256	6948.000
1212.398	7067.000
1212.541	7009.000
1212.684	7060.000
1212.827	6952.000
1212.970	6992.000
1213.112	6951.000
1213.255	7037.000
1213.398	6948.000
1213.541	7068.000
1213.683	6899.000
1213.826	7110.000
1213.969	6873.000
1214.112	7047.000
1214.254	6912.000
1214.397	7111.000
1214.540	6953.000
1214.682	7175.000
1214.825	6913.000
1214.968	7183.000
1215.110	6931.000
1215.253	7054.000
1215.396	6929.000
1215.538	7093.000
1215.681	6959.000
1215.824	7010.000
1215.966	6953.000
1216.109	7071.000
1216.251	6930.000
1216.394	7042.000
1216.536	6922.000
1216.679	7063.000
1216.822	7009.000
1216.964	7105.000
1217.107	6997.000
1217.249	7089.000
1217.392	6898.000
1217.534	7099.000
1217.677	6723.000
1217.819	7137.000
1217.962	6994.000
1218.104	7056.000
1218.247	7009.000
1218.389	7005.000
1218.531	6863.000
1218.674	7016.000
1218.816	6984.000
1218.959	7155.000
1219.101	6925.000
1219.243	7026.000
1219.386	6893.000
1219.528	7088.000
1219.671	6960.000
1219.813	7024.000
1219.955	6901.000
1220.098	7081.000
1220.240	6969.000
1220.382	7054.000
1220.525	6936.000
1220.667	7099.000
1220.809	6903.000
1220.951	7106.000
1221.094	6995.000
1221.236	7037.000
1221.378	6859.000
1221.520	7060.000
1221.663	6969.000
1221.805	7190.000
1221.947	6928.000
1222.089	7096.000
1222.232	6964.000
1222.374	7085.000
1222.516	6965.000
1222.658	7112.000
1222.800	6977.000
1222.942	7117.000
1223.084	6971.000
1223.227	7095.000
1223.369	6997.000
1223.511	7152.000
1223.653	7003.000
1223.795	7140.000
1223.937	6970.000
1224.079	7041.000
1224.221	6931.000
1224.363	7132.000
1224.505	6928.000
1224.647	7059.000
1224.789	6906.000
1224.932	7063.000
1225.074	6918.000
1225.216	7078.000
1225.358	6990.000
1225.500	7098.000
1225.641	6954.000
1225.783	7141.000
1225.925	7009.000
1226.067	7078.000
1226.209	6952.000
1226.351	7159.000
1226.493	7012.000
1226.635	7104.000
1226.777	6945.000
1226.919	7144.000
1227.061	6972.000
1227.203	7065.000
1227.345	6945.000
1227.486	7101.000
1227.628	6981.000
1227.770	7105.000
1227.912	6942.000
1228.054	7102.000
1228.196	6910.000
1228.337	7081.000
1228.479	7034.000
1228.621	7070.000
1228.763	6971.000
1228.904	7054.000
1229.046	6896.000
1229.188	7132.000
1229.330	7031.000
1229.471	7066.000
1229.613	6970.000
1229.755	7022.000
1229.897	7003.000
1230.038	7111.000
1230.180	7057.000
1230.322	7145.000
1230.463	6942.000
1230.605	7119.000
1230.747	6961.000
1230.888	7135.000
1231.030	6954.000
1231.171	7106.000
1231.313	7029.000
1231.455	7167.000
1231.596	6984.000
1231.738	7000.000
1231.879	6905.000
1232.021	7116.000
1232.163	6883.000
1232.304	7072.000
1232.446	6928.000
1232.587	7069.000
1232.729	6928.000
1232.870	7054.000
1233.012	6951.000
1233.153	7131.000
1233.295	6838.000
1233.436	7149.000
1233.578	6927.000
1233.719	7044.000
1233.860	6947.000
1234.002	7080.000
1234.143	6940.000
1234.285	7060.000
1234.426	6897.000
1234.568	7049.000
1234.709	6935.000
1234.850	7095.000
1234.992	6867.000
1235.133	7044.000
1235.274	7082.000
1235.416	7089.000
1235.557	6935.000
1235.698	7099.000
1235.840	6881.000
1235.981	7100.000
1236.122	6931.000
1236.264	7079.000
1236.405	6882.000
1236.546	7186.000
1236.687	6995.000
1236.829	7141.000
1236.970	6938.000
1237.111	7079.000
1237.252	6966.000
1237.394	7074.000
1237.535	6908.000
1237.676	7056.000
1237.817	6909.000
1237.958	7107.000
1238.100	6976.000
1238.241	7072.000
1238.382	6868.000
1238.523	7055.000
1238.664	6944.000
1238.805	7018.000
1238.946	6949.000
1239.088	7066.000
1239.229	6854.000
1239.370	7060.000
1239.511	6833.000
1239.652	7075.000
1239.793	6949.000
1239.934	7112.000
1240.075	6917.000
1240.216	7012.000
1240.357	6845.000
1240.498	6996.000
1240.639	6921.000
1240.780	7112.000
1240.921	6892.000
1241.062	7078.000
1241.203	6801.000
1241.344	7031.000
1241.485	6919.000
1241.626	7053.000
1241.767	6864.000
1241.908	7019.000
1242.049	6969.000
1242.190	6999.000
1242.330	6926.000
1242.471	7071.000
1242.612	6868.000
1242.753	7069.000
1242.894	6856.000
1243.035	7066.000
1243.176	6876.000
1243.316	6969.000
1243.457	6860.000
1243.598	6998.000
1243.739	6892.000
1243.880	6956.000
1244.020	6813.000
1244.161	7016.000
1244.302	6961.000
1244.443	7045.000
1244.584	6954.000
1244.724	7102.000
1244.865	6895.000
1245.006	7016.000
1245.146	6863.000
1245.287	6991.000
1245.428	6756.000
1245.568	6968.000
1245.709	6911.000
1245.850	7045.000
1245.990	6871.000
1246.131	7048.000
1246.272	6828.000
1246.412	6991.000
1246.553	6753.000
1246.694	6996.000
1246.834	6834.000
1246.975	6906.000
1247.115	6751.000
1247.256	6921.000
1247.397	6894.000
1247.537	6941.000
1247.678	6794.000
1247.818	6940.000
1247.959	6819.000
1248.099	6962.000
1248.240	6798.000
1248.380	6970.000
1248.521	6787.000
1248.661	6937.000
1248.802	6786.000
1248.942	7017.000
1249.083	6799.000
1249.223	6898.000
1249.364	6799.000
1249.504	6898.000
1249.644	6745.000
1249.785	6844.000
1249.925	6761.000
1250.066	6979.000
1250.206	6852.000
1250.346	6872.000
1250.487	6766.000
1250.627	6922.000
1250.767	6795.000
1250.908	6861.000
1251.048	6725.000
1251.188	6909.000
1251.329	6718.000
1251.469	6877.000
1251.609	6757.000
1251.750	6913.000
1251.890	6737.000
1252.030	6862.000
1252.170	6692.000
1252.311	6925.000
1252.451	6761.000
1252.591	6847.000
1252.731	6777.000
1252.871	6895.000
1253.012	6688.000
1253.152	6872.000
1253.292	6829.000
1253.432	6944.000
1253.572	6807.000
1253.712	6881.000
1253.853	6779.000
1253.993	6844.000
1254.133	6712.000
1254.273	6884.000
1254.413	6747.000
1254.553	6884.000
1254.693	6723.000
1254.833	6850.000
1254.973	6692.000
1255.114	6961.000
1255.254	6777.000
1255.394	6916.000
1255.534	6710.000
1255.674	6931.000
1255.814	6751.000
1255.954	6936.000
1256.094	6721.000
1256.234	6980.000
1256.374	6713.000
1256.514	6883.000
1256.654	6767.000
1256.794	6870.000
1256.933	6740.000
1257.073	6957.000
1257.213	6777.000
1257.353	6888.000
1257.493	6795.000
1257.633	6861.000
1257.773	6803.000
1257.913	6948.000
1258.053	6768.000
1258.193	6895.000
1258.332	6727.000
1258.472	6883.000
1258.612	6801.000
1258.752	6850.000
1258.892	6794.000
1259.031	6887.000
1259.171	6793.000
1259.311	6979.000
1259.451	6773.000
1259.591	6884.000
1259.730	6838.000
1259.870	6929.000
1260.010	6763.000
1260.150	6973.000
1260.289	6873.000
1260.429	6940.000
1260.569	6840.000
1260.708	6948.000
1260.848	6835.000
1260.988	6900.000
1261.127	6823.000
1261.267	6980.000
1261.407	6807.000
1261.546	6882.000
1261.686	6880.000
1261.826	6951.000
1261.965	6795.000
1262.105	6863.000
1262.244	6777.000
1262.384	6992.000
1262.524	6784.000
1262.663	6929.000
1262.803	6840.000
1262.942	6996.000
1263.082	7248.000
1263.221	6921.000
1263.361	6789.000
1263.500	6922.000
1263.640	6752.000
1263.779	6984.000
1263.919	6756.000
1264.058	6966.000
1264.198	6792.000
1264.337	6856.000
1264.477	6861.000
1264.616	6920.000
1264.756	6797.000
1264.895	6902.000
1265.034	6813.000
1265.174	6991.000
1265.313	6771.000
1265.453	6853.000
1265.592	6768.000
1265.731	6884.000
1265.871	6750.000
1266.010	6878.000
1266.149	6780.000
1266.289	6871.000
1266.428	6839.000
1266.567	6891.000
1266.707	6748.000
1266.846	6971.000
1266.985	6799.000
1267.124	6866.000
1267.264	6743.000
1267.403	6820.000
1267.542	6799.000
1267.681	6862.000
1267.821	6773.000
1267.960	6790.000
1268.099	6791.000
1268.238	6822.000
1268.377	6788.000
1268.517	6869.000
1268.656	6728.000
1268.795	6885.000
1268.934	6743.000
1269.073	6913.000
1269.212	6751.000
1269.352	6838.000
1269.491	6777.000
1269.630	6838.000
1269.769	6799.000
1269.908	6837.000
1270.047	6748.000
1270.186	6813.000
1270.325	6788.000
1270.464	6862.000
1270.603	6843.000
1270.742	6868.000
1270.881	6759.000
1271.020	6761.000
1271.159	6754.000
1271.298	6860.000
1271.437	6718.000
1271.576	6893.000
1271.715	6772.000
1271.854	6892.000
1271.993	6722.000
1272.132	6843.000
1272.271	6744.000
1272.410	6838.000
1272.549	6673.000
1272.688	6893.000
1272.827	6766.000
1272.966	6911.000
1273.104	6807.000
1273.243	6944.000
1273.382	6779.000
1273.521	6925.000
1273.660	6724.000
1273.799	6847.000
1273.938	6755.000
1274.076	6919.000
1274.215	6738.000
1274.354	6892.000
1274.493	6781.000
1274.632	6924.000
1274.770	6719.000
1274.909	6871.000
1275.048	6750.000
1275.187	6915.000
1275.325	6830.000
1275.464	6901.000
1275.603	6809.000
1275.741	6956.000
1275.880	6826.000
1276.019	6882.000
1276.157	6821.000
1276.296	6950.000
1276.435	6783.000
1276.573	6949.000
1276.712	6784.000
1276.851	6957.000
1276.989	6764.000
1277.128	6940.000
1277.267	6781.000
1277.405	7003.000
1277.544	6855.000
1277.682	6936.000
1277.821	6745.000
1277.959	6897.000
1278.098	6802.000
1278.236	6907.000
1278.375	6809.000
1278.514	6935.000
1278.652	6828.000
1278.791	6924.000
1278.929	6817.000
1279.068	6932.000
1279.206	6837.000
1279.344	6887.000
1279.483	6782.000
1279.621	6985.000
1279.760	6756.000
1279.898	6913.000
1280.037	6753.000
1280.175	6888.000
1280.313	6686.000
1280.452	6929.000
1280.590	6839.000
1280.729	6855.000
1280.867	6838.000
1281.005	6991.000
1281.144	6739.000
1281.282	6928.000
1281.420	6786.000
1281.559	6868.000
1281.697	6744.000
1281.835	6861.000
1281.974	6768.000
1282.112	6827.000
1282.250	6782.000
1282.388	6871.000
1282.527	6739.000
1282.665	6849.000
1282.803	6731.000
1282.941	6910.000
1283.080	6815.000
1283.218	6867.000
1283.356	6824.000
1283.494	6882.000
1283.632	6765.000
1283.771	6879.000
1283.909	5939.000
1284.047	6857.000
1284.185	6761.000
1284.323	6796.000
1284.461	6678.000
1284.599	6854.000
1284.737	6695.000
1284.876	6861.000
1285.014	6780.000
1285.152	6864.000
1285.290	6749.000
1285.428	6819.000
1285.566	6712.000
1285.704	6892.000
1285.842	6755.000
1285.980	6854.000
1286.118	6635.000
1286.256	6839.000
1286.394	6616.000
1286.532	6765.000
1286.670	6719.000
1286.808	6766.000
1286.946	6680.000
1287.084	6791.000
1287.222	6622.000
1287.360	6837.000
1287.498	6622.000
1287.636	6877.000
1287.774	6677.000
1287.911	6723.000
1288.049	6704.000
1288.187	6707.000
1288.325	6649.000
1288.463	6708.000
1288.601	6575.000
1288.739	6691.000
1288.876	6612.000
1289.014	6781.000
1289.152	6627.000
1289.290	6824.000
1289.428	6573.000
1289.565	6696.000
1289.703	6586.000
1289.841	6669.000
1289.979	6509.000
1290.117	6678.000
1290.254	6509.000
1290.392	6668.000
1290.530	6520.000
1290.667	6705.000
1290.805	6654.000
1290.943	6698.000
1291.080	6535.000
1291.218	6787.000
1291.356	6489.000
1291.493	6646.000
1291.631	6603.000
1291.769	6704.000
1291.906	6551.000
1292.044	6783.000
1292.182	9498.000
1292.319	6759.000
1292.457	6592.000
1292.594	6699.000
1292.732	6590.000
1292.870	6708.000
1293.007	6494.000
1293.145	6663.000
1293.282	6690.000
1293.420	6776.000
1293.557	6659.000
1293.695	6697.000
1293.832	6585.000
1293.970	6718.000
1294.107	6650.000
1294.245	6774.000
1294.382	6590.000
1294.520	6715.000
1294.657	6571.000
1294.795	6747.000
1294.932	6635.000
1295.069	6799.000
1295.207	6604.000
1295.344	6728.000
1295.482	6646.000
1295.619	6729.000
1295.756	6547.000
1295.894	6674.000
1296.031	6556.000
1296.168	6781.000
1296.306	6580.000
1296.443	6737.000
1296.580	6564.000
1296.718	6776.000
1296.855	6588.000
1296.992	6790.000
1297.130	6551.000
1297.267	6727.000
1297.404	6475.000
1297.541	6725.000
1297.679	6558.000
1297.816	6742.000
1297.953	6503.000
1298.090	6733.000
1298.228	6572.000
1298.365	6709.000
1298.502	6542.000
1298.639	6728.000
1298.776	6460.000
1298.913	6753.000
1299.051	6564.000
1299.188	6640.000
1299.325	6540.000
1299.462	6747.000
1299.599	6557.000
1299.736	6683.000
1299.873	6549.000
1300.010	6681.000
1300.147	6607.000
1300.285	6656.000
1300.422	6559.000
1300.559	6704.000
1300.696	6591.000
1300.833	6731.000
1300.970	6511.000
1301.107	6679.000
1301.244	6473.000
1301.381	6668.000
1301.518	6601.000
1301.655	6749.000
1301.792	6537.000
1301.929	6652.000
1302.066	6590.000
1302.203	6749.000
1302.340	6559.000
1302.476	6782.000
1302.613	6571.000
1302.750	6777.000
1302.887	6536.000
1303.024	6658.000
1303.161	6554.000
1303.298	6742.000
1303.435	6534.000
1303.572	6588.000
1303.708	6595.000
1303.845	6771.000
1303.982	6584.000
1304.119	6651.000
1304.256	6550.000
1304.392	6621.000
1304.529	6612.000
1304.666	6736.000
