1029.870	8887.000
1030.015	8878.000
1030.160	8878.000
1030.305	8984.000
1030.449	8864.000
1030.594	8957.000
1030.739	8841.000
1030.884	8908.000
1031.029	8851.000
1031.173	8876.000
1031.318	8798.000
1031.463	8971.000
1031.608	8852.000
1031.752	8845.000
1031.897	8836.000
1032.042	8974.000
1032.187	8785.000
1032.331	8958.000
1032.476	8821.000
1032.621	8938.000
1032.765	8778.000
1032.910	8847.000
1033.055	8954.000
1033.200	8903.000
1033.344	8868.000
1033.489	8877.000
1033.634	8828.000
1033.778	8837.000
1033.923	8826.000
1034.068	8875.000
1034.212	8851.000
1034.357	8906.000
1034.502	8874.000
1034.646	8889.000
1034.791	8761.000
1034.935	8862.000
1035.080	8850.000
1035.225	8817.000
1035.369	8845.000
1035.514	8868.000
1035.658	8805.000
1035.803	8880.000
1035.947	8778.000
1036.092	8909.000
1036.237	8751.000
1036.381	8852.000
1036.526	8849.000
1036.670	8818.000
1036.815	8815.000
1036.959	8816.000
1037.104	8779.000
1037.248	8769.000
1037.393	8819.000
1037.537	8904.000
1037.682	8775.000
1037.826	8820.000
1037.971	8737.000
1038.115	8835.000
1038.260	8692.000
1038.404	8757.000
1038.549	8762.000
1038.693	8752.000
1038.838	8724.000
1038.982	8712.000
1039.126	8674.000
1039.271	8783.000
1039.415	8743.000
1039.560	8690.000
1039.704	8714.000
1039.848	8733.000
1039.993	8668.000
1040.137	8707.000
1040.282	8724.000
1040.426	8759.000
1040.570	8622.000
1040.715	8681.000
1040.859	8635.000
1041.003	8643.000
1041.148	8608.000
1041.292	8767.000
1041.436	8602.000
1041.581	8690.000
1041.725	8665.000
1041.869	8663.000
1042.014	8558.000
1042.158	8636.000
1042.302	8542.000
1042.447	8604.000
1042.591	8615.000
1042.735	8620.000
1042.879	8560.000
1043.024	8644.000
1043.168	8596.000
1043.312	8623.000
1043.456	8624.000
1043.601	8607.000
1043.745	8560.000
1043.889	8603.000
1044.033	8584.000
1044.178	8613.000
1044.322	8533.000
1044.466	8535.000
1044.610	8491.000
1044.754	8513.000
1044.899	8518.000
1045.043	8671.000
1045.187	8522.000
1045.331	8555.000
1045.475	8522.000
1045.619	8546.000
1045.763	8524.000
1045.908	8604.000
1046.052	8412.000
1046.196	8648.000
1046.340	8476.000
1046.484	8478.000
1046.628	8559.000
1046.772	8570.000
1046.916	8556.000
1047.060	8556.000
1047.205	8490.000
1047.349	8555.000
1047.493	8509.000
1047.637	8595.000
1047.781	8460.000
1047.925	8578.000
1048.069	8381.000
1048.213	8484.000
1048.357	8590.000
1048.501	8614.000
1048.645	8518.000
1048.789	8563.000
1048.933	8526.000
1049.077	8524.000
1049.221	8470.000
1049.365	8539.000
1049.509	8553.000
1049.653	8611.000
1049.797	8500.000
1049.941	8558.000
1050.085	8534.000
1050.229	8618.000
1050.373	8524.000
1050.517	8467.000
1050.660	8545.000
1050.804	8604.000
1050.948	8546.000
1051.092	8525.000
1051.236	8489.000
1051.380	8570.000
1051.524	8542.000
1051.668	8515.000
1051.812	8418.000
1051.956	8535.000
1052.099	8440.000
1052.243	8589.000
1052.387	8542.000
1052.531	8598.000
1052.675	8495.000
1052.819	8554.000
1052.962	8525.000
1053.106	8492.000
1053.250	8412.000
1053.394	8562.000
1053.538	8429.000
1053.681	8522.000
1053.825	8480.000
1053.969	8527.000
1054.113	8465.000
1054.257	8537.000
1054.400	8380.000
1054.544	8515.000
1054.688	8428.000
1054.832	8454.000
1054.975	8512.000
1055.119	8554.000
1055.263	8385.000
1055.407	8510.000
1055.550	8322.000
1055.694	8427.000
1055.838	8432.000
1055.981	8507.000
1056.125	8461.000
1056.269	8496.000
1056.412	8329.000
1056.556	8413.000
1056.700	8399.000
1056.843	8452.000
1056.987	8438.000
1057.131	8542.000
1057.274	8345.000
1057.418	8410.000
1057.562	8302.000
1057.705	8462.000
1057.849	8377.000
1057.992	8529.000
1058.136	8325.000
1058.280	8450.000
1058.423	8277.000
1058.567	8507.000
1058.710	8457.000
1058.854	8403.000
1058.997	8394.000
1059.141	8402.000
1059.285	8297.000
1059.428	8424.000
1059.572	8345.000
1059.715	8466.000
1059.859	8291.000
1060.002	8470.000
1060.146	8342.000
1060.289	8434.000
1060.433	8256.000
1060.576	8486.000
1060.720	8332.000
1060.863	8397.000
1061.007	8318.000
1061.150	8390.000
1061.294	8263.000
1061.437	8401.000
1061.580	8347.000
1061.724	8469.000
1061.867	8331.000
1062.011	8441.000
1062.154	8192.000
1062.298	8463.000
1062.441	8276.000
1062.584	8427.000
1062.728	8327.000
1062.871	8537.000
1063.015	8448.000
1063.158	8657.000
1063.301	8678.000
1063.445	8947.000
1063.588	8821.000
1063.731	8988.000
1063.875	8907.000
1064.018	9078.000
1064.161	8990.000
1064.305	9131.000
1064.448	9133.000
1064.591	9253.000
1064.735	9034.000
1064.878	8788.000
1065.021	8433.000
1065.165	8507.000
1065.308	8350.000
1065.451	8468.000
1065.594	8420.000
1065.738	8486.000
1065.881	8371.000
1066.024	8370.000
1066.167	8298.000
1066.311	8420.000
1066.454	8307.000
1066.597	8439.000
1066.740	8459.000
1066.884	8476.000
1067.027	8308.000
1067.170	8513.000
1067.313	8462.000
1067.456	8411.000
1067.599	8316.000
1067.743	8508.000
1067.886	8331.000
1068.029	8459.000
1068.172	8330.000
1068.315	8470.000
1068.458	8319.000
1068.602	8417.000
1068.745	8348.000
1068.888	8460.000
1069.031	8333.000
1069.174	8454.000
1069.317	8418.000
1069.460	8444.000
1069.603	8310.000
1069.746	8557.000
1069.890	8400.000
1070.033	8398.000
1070.176	8396.000
1070.319	8497.000
1070.462	8310.000
1070.605	8451.000
1070.748	8454.000
1070.891	8485.000
1071.034	8332.000
1071.177	8412.000
1071.320	8357.000
1071.463	8455.000
1071.606	8352.000
1071.749	8456.000
1071.892	8398.000
1072.035	8480.000
1072.178	8340.000
1072.321	8448.000
1072.464	8202.000
1072.607	8502.000
1072.750	8327.000
1072.893	8411.000
1073.036	8314.000
1073.179	8467.000
1073.322	8303.000
1073.465	8392.000
1073.607	8437.000
1073.750	8332.000
1073.893	8299.000
1074.036	8466.000
1074.179	8323.000
1074.322	8442.000
1074.465	8287.000
1074.608	8475.000
1074.751	8399.000
1074.893	8426.000
1075.036	8304.000
1075.179	8405.000
1075.322	8378.000
1075.465	8431.000
1075.608	8251.000
1075.750	8469.000
1075.893	8293.000
1076.036	8318.000
1076.179	8335.000
1076.322	8391.000
1076.464	8279.000
1076.607	8521.000
1076.750	8266.000
1076.893	8273.000
1077.036	8253.000
1077.178	8457.000
1077.321	8347.000
1077.464	8332.000
1077.607	8211.000
1077.749	8467.000
1077.892	8275.000
1078.035	8442.000
1078.177	8280.000
1078.320	8436.000
1078.463	8318.000
1078.606	8403.000
1078.748	8349.000
1078.891	8428.000
1079.034	8300.000
1079.176	8452.000
1079.319	8215.000
1079.462	8361.000
1079.604	8288.000
1079.747	8410.000
1079.890	8163.000
1080.032	8453.000
1080.175	8189.000
1080.317	8341.000
1080.460	8233.000
1080.603	8393.000
1080.745	8273.000
1080.888	8388.000
1081.030	8286.000
1081.173	8289.000
1081.316	8194.000
1081.458	8359.000
1081.601	8328.000
1081.743	8315.000
1081.886	8246.000
1082.028	8289.000
1082.171	8264.000
1082.313	8364.000
1082.456	8226.000
1082.598	8323.000
1082.741	8266.000
1082.883	8342.000
1083.026	8258.000
1083.168	8349.000
1083.311	8177.000
1083.453	8364.000
1083.596	8217.000
1083.738	8373.000
1083.881	8209.000
1084.023	8389.000
1084.166	8269.000
1084.308	8470.000
1084.451	8150.000
1084.593	8474.000
1084.736	8234.000
1084.878	8387.000
1085.020	8271.000
1085.163	8412.000
1085.305	8292.000
1085.448	8336.000
1085.590	8260.000
1085.732	8421.000
1085.875	8242.000
1086.017	8366.000
1086.159	8273.000
1086.302	8395.000
1086.444	8330.000
1086.586	8387.000
1086.729	8290.000
1086.871	8410.000
1087.013	8231.000
1087.156	8409.000
1087.298	7946.000
1087.440	8447.000
1087.583	8313.000
1087.725	8379.000
1087.867	8334.000
1088.010	8327.000
1088.152	8225.000
1088.294	8346.000
1088.436	8260.000
1088.579	8450.000
1088.721	8232.000
1088.863	8336.000
1089.005	8234.000
1089.148	8406.000
1089.290	8263.000
1089.432	8343.000
1089.574	8219.000
1089.716	8414.000
1089.859	8325.000
1090.001	8368.000
1090.143	8219.000
1090.285	8415.000
1090.427	8242.000
1090.569	8425.000
1090.712	8305.000
1090.854	8330.000
1090.996	8142.000
1091.138	8363.000
1091.280	8295.000
1091.422	8535.000
1091.564	8233.000
1091.707	8424.000
1091.849	8284.000
1091.991	8402.000
1092.133	8281.000
1092.275	8417.000
1092.417	8257.000
1092.559	8435.000
1092.701	8298.000
1092.843	8393.000
1092.985	8279.000
1093.127	8437.000
1093.269	8288.000
1093.411	8426.000
1093.554	8261.000
1093.696	8335.000
1093.838	8217.000
1093.980	8439.000
1094.122	8219.000
1094.264	8340.000
1094.406	8272.000
1094.548	8343.000
1094.690	8254.000
1094.832	8385.000
1094.973	8292.000
1095.115	8409.000
1095.257	8299.000
1095.399	8474.000
1095.541	8356.000
1095.683	8375.000
1095.825	8280.000
1095.967	8455.000
1096.109	8356.000
1096.251	8428.000
1096.393	8254.000
1096.535	8454.000
1096.677	8299.000
1096.819	8370.000
1096.960	8266.000
1097.102	8431.000
1097.244	8302.000
1097.386	8371.000
1097.528	8239.000
1097.670	8450.000
1097.812	8254.000
1097.953	8396.000
1098.095	8365.000
1098.237	8392.000
1098.379	8259.000
1098.521	8354.000
1098.662	8219.000
1098.804	8482.000
1098.946	8368.000
1099.088	8379.000
1099.230	8295.000
1099.371	8344.000
1099.513	8350.000
1099.655	8405.000
1099.797	8392.000
1099.938	8493.000
1100.080	8301.000
1100.222	8460.000
1100.364	8334.000
1100.505	8488.000
1100.647	8338.000
1100.789	8482.000
1100.931	8415.000
1101.072	8502.000
1101.214	8356.000
1101.356	8341.000
1101.497	8272.000
1101.639	8492.000
1101.781	8239.000
1101.922	8408.000
1102.064	8293.000
1102.206	8429.000
1102.347	8310.000
1102.489	8435.000
1102.631	8332.000
1102.772	8485.000
1102.914	8219.000
1103.055	8508.000
1103.197	8308.000
1103.339	8507.000
1103.480	8348.000
1103.622	8512.000
1103.763	8364.000
1103.905	8489.000
1104.046	8316.000
1104.188	8480.000
1104.330	8384.000
1104.471	8498.000
1104.613	8337.000
1104.754	8474.000
1104.896	8515.000
1105.037	8496.000
1105.179	8402.000
1105.320	8545.000
1105.462	8379.000
1105.603	8539.000
1105.745	8422.000
1105.886	8546.000
1106.028	8332.000
1106.169	8645.000
1106.311	8463.000
1106.452	8603.000
1106.594	8425.000
1106.735	8583.000
1106.876	8471.000
1107.018	8596.000
1107.159	8420.000
1107.301	8547.000
1107.442	8414.000
1107.584	8599.000
1107.725	8484.000
1107.866	8565.000
1108.008	8376.000
1108.149	8593.000
1108.291	8508.000
1108.432	8622.000
1108.573	8572.000
1108.715	8665.000
1108.856	8485.000
1108.997	8682.000
1109.139	8456.000
1109.280	8686.000
1109.421	8534.000
1109.563	8728.000
1109.704	8548.000
1109.845	8622.000
1109.987	8520.000
1110.128	8614.000
1110.269	8586.000
1110.410	8756.000
1110.552	8538.000
1110.693	8722.000
1110.834	8458.000
1110.975	8715.000
1111.117	8623.000
1111.258	8772.000
1111.399	8607.000
1111.540	8702.000
1111.682	8693.000
1111.823	8676.000
1111.964	8620.000
1112.105	8805.000
1112.247	8625.000
1112.388	8837.000
1112.529	8633.000
1112.670	8904.000
1112.811	8721.000
1112.952	8781.000
1113.094	8687.000
1113.235	8831.000
1113.376	8689.000
1113.517	8762.000
1113.658	8574.000
1113.799	8813.000
1113.940	8735.000
1114.082	8862.000
1114.223	8717.000
1114.364	8905.000
1114.505	8742.000
1114.646	8919.000
1114.787	8727.000
1114.928	8895.000
1115.069	8685.000
1115.210	8877.000
1115.351	8837.000
1115.492	8980.000
1115.633	8804.000
1115.774	8988.000
1115.916	8808.000
1116.057	8936.000
1116.198	8732.000
1116.339	8937.000
1116.480	8799.000
1116.621	8882.000
1116.762	8744.000
1116.903	8904.000
1117.044	8855.000
1117.185	8878.000
1117.326	8768.000
1117.466	8940.000
1117.607	8870.000
1117.748	9027.000
1117.889	8914.000
1118.030	9111.000
1118.171	8911.000
1118.312	9054.000
1118.453	8925.000
1118.594	9129.000
1118.735	8949.000
1118.876	8998.000
1119.017	8923.000
1119.158	9006.000
1119.298	8887.000
1119.439	8995.000
1119.580	8931.000
1119.721	9133.000
1119.862	9015.000
1120.003	9093.000
1120.144	8995.000
1120.284	9156.000
1120.425	9003.000
1120.566	9088.000
1120.707	9018.000
1120.848	9203.000
1120.989	9026.000
1121.129	9184.000
1121.270	9045.000
1121.411	9180.000
1121.552	9029.000
1121.693	9096.000
1121.833	9020.000
1121.974	9235.000
1122.115	9112.000
1122.256	9224.000
1122.396	9154.000
1122.537	9283.000
1122.678	9078.000
1122.819	9183.000
1122.959	9229.000
1123.100	9323.000
1123.241	9211.000
1123.381	9248.000
1123.522	9236.000
1123.663	9272.000
1123.803	9166.000
1123.944	9349.000
1124.085	9223.000
1124.225	9353.000
1124.366	9243.000
1124.507	9352.000
1124.647	9270.000
1124.788	9465.000
1124.929	9327.000
1125.069	9494.000
1125.210	9262.000
1125.351	9472.000
1125.491	9307.000
1125.632	9452.000
1125.772	9304.000
1125.913	9524.000
1126.054	9354.000
1126.194	9513.000
1126.335	9373.000
1126.475	9553.000
1126.616	9364.000
1126.756	9591.000
1126.897	9466.000
1127.037	9568.000
1127.178	9543.000
1127.318	9575.000
1127.459	9557.000
1127.600	9673.000
1127.740	9513.000
1127.881	9571.000
1128.021	9479.000
1128.162	9628.000
1128.302	9546.000
1128.442	9604.000
1128.583	9580.000
1128.723	9674.000
1128.864	9625.000
1129.004	9749.000
1129.145	9556.000
1129.285	9681.000
1129.426	9683.000
1129.566	9757.000
1129.706	9591.000
1129.847	9760.000
1129.987	9587.000
1130.128	9624.000
1130.268	9560.000
1130.408	9653.000
1130.549	9537.000
1130.689	9547.000
1130.830	9480.000
1130.970	9591.000
1131.110	9405.000
1131.251	9455.000
1131.391	9467.000
1131.531	9483.000
1131.672	9361.000
1131.812	9385.000
1131.952	9295.000
1132.093	9511.000
1132.233	9300.000
1132.373	9377.000
1132.513	9298.000
1132.654	9474.000
1132.794	9786.000
1132.934	9350.000
1133.075	9236.000
1133.215	9367.000
1133.355	9178.000
1133.495	9371.000
1133.636	9183.000
1133.776	9399.000
1133.916	9193.000
1134.056	9230.000
1134.196	9247.000
1134.337	9319.000
1134.477	9232.000
1134.617	9303.000
1134.757	9238.000
1134.897	9469.000
1135.038	9263.000
1135.178	9368.000
1135.318	9327.000
1135.458	9405.000
1135.598	9328.000
1135.738	9431.000
1135.879	9305.000
1136.019	9313.000
1136.159	9279.000
1136.299	9235.000
1136.439	9112.000
1136.579	9314.000
1136.719	9147.000
1136.859	9187.000
1136.999	9097.000
1137.140	9112.000
1137.280	9040.000
1137.420	9111.000
1137.560	9094.000
1137.700	9065.000
1137.840	9045.000
1137.980	9075.000
1138.120	9049.000
1138.260	9111.000
1138.400	8995.000
1138.540	9098.000
1138.680	8966.000
1138.820	9179.000
1138.960	8982.000
1139.100	9048.000
1139.240	9078.000
1139.380	9096.000
1139.520	9034.000
1139.660	9093.000
1139.800	9030.000
1139.940	9084.000
1140.080	9060.000
1140.220	9142.000
1140.360	9123.000
1140.500	9144.000
1140.640	9061.000
1140.780	9063.000
1140.919	9050.000
1141.059	9138.000
1141.199	9029.000
1141.339	9179.000
1141.479	9098.000
1141.619	9236.000
1141.759	9064.000
1141.899	9145.000
1142.039	9124.000
1142.178	9170.000
1142.318	9031.000
1142.458	9269.000
1142.598	9128.000
1142.738	9292.000
1142.878	9211.000
1143.017	9301.000
1143.157	9138.000
1143.297	9321.000
1143.437	9129.000
1143.577	9276.000
1143.716	9152.000
1143.856	9363.000
1143.996	9178.000
1144.136	9353.000
1144.275	9211.000
1144.415	9333.000
1144.555	9155.000
1144.695	9314.000
1144.834	9227.000
1144.974	9398.000
1145.114	9280.000
1145.254	9401.000
1145.393	9316.000
1145.533	9467.000
1145.673	9351.000
1145.812	9364.000
1145.952	9335.000
1146.092	9500.000
1146.231	9325.000
1146.371	9450.000
1146.511	9358.000
1146.650	9526.000
1146.790	9279.000
1146.930	9486.000
1147.069	9313.000
1147.209	9567.000
1147.349	9483.000
1147.488	9472.000
1147.628	9345.000
1147.767	9464.000
1147.907	9391.000
1148.047	9477.000
1148.186	9417.000
1148.326	9537.000
1148.465	9444.000
1148.605	9479.000
1148.744	9375.000
1148.884	9501.000
1149.024	9413.000
1149.163	9499.000
1149.303	9394.000
1149.442	9577.000
1149.582	9376.000
1149.721	9493.000
1149.861	9350.000
1150.000	9491.000
1150.140	9287.000
1150.279	9538.000
1150.419	9432.000
1150.558	9420.000
1150.698	9398.000
1150.837	9527.000
1150.977	9335.000
1151.116	9482.000
1151.255	9356.000
1151.395	9440.000
1151.534	9301.000
1151.674	9353.000
1151.813	9298.000
1151.953	9363.000
1152.092	9280.000
1152.231	9375.000
1152.371	9294.000
1152.510	9319.000
1152.650	9189.000
1152.789	9432.000
1152.928	9311.000
1153.068	9351.000
1153.207	9336.000
1153.346	9314.000
1153.486	9217.000
1153.625	9309.000
1153.764	7992.000
1153.904	9263.000
1154.043	9167.000
1154.182	9192.000
1154.322	9037.000
1154.461	9244.000
1154.600	9085.000
1154.740	9220.000
1154.879	9080.000
1155.018	9213.000
1155.157	9046.000
1155.297	9111.000
1155.436	9021.000
1155.575	9179.000
1155.714	9018.000
1155.854	9089.000
1155.993	8923.000
1156.132	9070.000
1156.271	8881.000
1156.411	8967.000
1156.550	8905.000
1156.689	8961.000
1156.828	8879.000
1156.967	8956.000
1157.107	8804.000
1157.246	8996.000
1157.385	8763.000
1157.524	8978.000
1157.663	8817.000
1157.802	8852.000
1157.941	8811.000
1158.081	8801.000
1158.220	8720.000
1158.359	8761.000
1158.498	8651.000
1158.637	8691.000
1158.776	8663.000
1158.915	8817.000
1159.054	8636.000
1159.193	8807.000
1159.333	8597.000
1159.472	8717.000
1159.611	8571.000
1159.750	8701.000
1159.889	8531.000
1160.028	8687.000
1160.167	8496.000
1160.306	8655.000
1160.445	8561.000
1160.584	8690.000
1160.723	8645.000
1160.862	8680.000
1161.001	8586.000
1161.140	8756.000
1161.279	8513.000
1161.418	8627.000
1161.557	8597.000
1161.696	8759.000
1161.835	8583.000
1161.974	8810.000
1162.113	13049.000
1162.252	8815.000
1162.391	8627.000
1162.530	8725.000
1162.669	8659.000
1162.808	8742.000
1162.946	8543.000
1163.085	8707.000
1163.224	8740.000
1163.363	8866.000
1163.502	8729.000
1163.641	8730.000
1163.780	8692.000
1163.919	8770.000
1164.058	8783.000
1164.196	8842.000
1164.335	8706.000
1164.474	8853.000
1164.613	8665.000
1164.752	8907.000
1164.891	8774.000
1165.029	8914.000
1165.168	8785.000
1165.307	8920.000
1165.446	8794.000
1165.585	8911.000
1165.723	8789.000
1165.862	8850.000
1166.001	8792.000
1166.140	8980.000
1166.279	8823.000
1166.417	8960.000
1166.556	8824.000
1166.695	9041.000
1166.834	8868.000
1166.972	9032.000
1167.111	8812.000
1167.250	9003.000
1167.388	8753.000
1167.527	9029.000
1167.666	8840.000
1167.805	9046.000
1167.943	8851.000
1168.082	9101.000
1168.221	8948.000
1168.359	9077.000
1168.498	8964.000
1168.637	9123.000
1168.775	8940.000
1168.914	9175.000
1169.052	9078.000
1169.191	9088.000
1169.330	9049.000
1169.468	9241.000
1169.607	9106.000
1169.746	9192.000
1169.884	9117.000
1170.023	9216.000
1170.161	9171.000
1170.300	9243.000
1170.439	9222.000
1170.577	9314.000
1170.716	9214.000
1170.854	9405.000
1170.993	9215.000
1171.131	9392.000
1171.270	9206.000
1171.408	9390.000
1171.547	9363.000
1171.685	9517.000
1171.824	9350.000
1171.962	9457.000
1172.101	9408.000
1172.239	9615.000
1172.378	9457.000
1172.516	9611.000
1172.655	9443.000
1172.793	9655.000
1172.932	9495.000
1173.070	9608.000
1173.209	9568.000
1173.347	9680.000
1173.486	9559.000
1173.624	9595.000
1173.762	9638.000
1173.901	9816.000
1174.039	9755.000
1174.178	9749.000
1174.316	9752.000
1174.454	9725.000
1174.593	9770.000
1174.731	9865.000
