929.762	8875.000
929.906	8882.000
930.049	8846.000
930.193	8941.000
930.337	8865.000
930.481	8962.000
930.625	8820.000
930.769	8905.000
930.913	8845.000
931.057	8884.000
931.201	8793.000
931.345	8935.000
931.488	8865.000
931.632	8816.000
931.776	8834.000
931.920	8955.000
932.064	8752.000
932.208	8945.000
932.352	8811.000
932.495	8940.000
932.639	8777.000
932.783	8825.000
932.927	8944.000
933.071	8841.000
933.215	8815.000
933.359	8848.000
933.502	8827.000
933.646	8830.000
933.790	8802.000
933.934	8841.000
934.078	8827.000
934.221	8877.000
934.365	8849.000
934.509	8841.000
934.653	8768.000
934.797	8845.000
934.940	8890.000
935.084	8825.000
935.228	8830.000
935.372	8838.000
935.515	8807.000
935.659	8892.000
935.803	8777.000
935.947	8858.000
936.090	8756.000
936.234	8868.000
936.378	8844.000
936.522	8779.000
936.665	8803.000
936.809	8810.000
936.953	8763.000
937.097	8752.000
937.240	8807.000
937.384	8841.000
937.528	8765.000
937.671	8786.000
937.815	8743.000
937.959	8805.000
938.102	8685.000
938.246	8723.000
938.390	8760.000
938.534	8724.000
938.677	8711.000
938.821	8736.000
938.965	8651.000
939.108	8803.000
939.252	8714.000
939.396	8665.000
939.539	8682.000
939.683	8752.000
939.826	8661.000
939.970	8677.000
940.114	8676.000
940.257	8733.000
940.401	8593.000
940.545	8687.000
940.688	8616.000
940.832	8655.000
940.975	8644.000
941.119	8753.000
941.263	8586.000
941.406	8662.000
941.550	8659.000
941.693	8667.000
941.837	8549.000
941.981	8623.000
942.124	8547.000
942.268	8599.000
942.411	8600.000
942.555	8610.000
942.698	8554.000
942.842	8622.000
942.986	8599.000
943.129	8591.000
943.273	8595.000
943.416	8594.000
943.560	8522.000
943.703	8576.000
943.847	8559.000
943.990	8606.000
944.134	8526.000
944.277	8521.000
944.421	8470.000
944.564	8483.000
944.708	8489.000
944.851	8634.000
944.995	8473.000
945.138	8542.000
945.282	8476.000
945.425	8521.000
945.569	8534.000
945.712	8571.000
945.856	8370.000
945.999	8600.000
946.143	8447.000
946.286	8473.000
946.430	8546.000
946.573	8516.000
946.716	8517.000
946.860	8547.000
947.003	8484.000
947.147	8529.000
947.290	8487.000
947.434	8621.000
947.577	8482.000
947.720	8552.000
947.864	8388.000
948.007	8461.000
948.151	8543.000
948.294	8546.000
948.437	8522.000
948.581	8567.000
948.724	8511.000
948.868	8510.000
949.011	8484.000
949.154	8529.000
949.298	8559.000
949.441	8577.000
949.584	8492.000
949.728	8562.000
949.871	8523.000
950.015	8595.000
950.158	8484.000
950.301	8488.000
950.445	8497.000
950.588	8627.000
950.731	8534.000
950.875	8529.000
951.018	8451.000
951.161	8590.000
951.304	8504.000
951.448	8500.000
951.591	8437.000
951.734	8540.000
951.878	8426.000
952.021	8556.000
952.164	8498.000
952.308	8561.000
952.451	8490.000
952.594	8539.000
952.737	8493.000
952.881	8474.000
953.024	8433.000
953.167	8535.000
953.310	8404.000
953.454	8515.000
953.597	8473.000
953.740	8456.000
953.883	8444.000
954.027	8541.000
954.170	8341.000
954.313	8515.000
954.456	8445.000
954.600	8454.000
954.743	8468.000
954.886	8505.000
955.029	8384.000
955.172	8503.000
955.316	8296.000
955.459	8422.000
955.602	8408.000
955.745	8533.000
955.888	8416.000
956.032	8494.000
956.175	8295.000
956.318	8410.000
956.461	8397.000
956.604	8430.000
956.747	8413.000
956.890	8519.000
957.034	8323.000
957.177	8406.000
957.320	8315.000
957.463	8452.000
957.606	8368.000
957.749	8499.000
957.892	8288.000
958.036	8420.000
958.179	8280.000
958.322	8472.000
958.465	8463.000
958.608	8338.000
958.751	8402.000
958.894	8391.000
959.037	8307.000
959.180	8404.000
959.323	8324.000
959.467	8455.000
959.610	8281.000
959.753	8447.000
959.896	8315.000
960.039	8411.000
960.182	8254.000
960.325	8466.000
960.468	8339.000
960.611	8377.000
960.754	8258.000
960.897	8363.000
961.040	8242.000
961.183	8402.000
961.326	8318.000
961.469	8437.000
961.612	8297.000
961.755	8454.000
961.898	8189.000
962.041	8429.000
962.184	8230.000
962.327	8371.000
962.470	8232.000
962.613	8476.000
962.756	8361.000
962.899	8403.000
963.042	8297.000
963.185	8459.000
963.328	8286.000
963.471	8369.000
963.614	8296.000
963.757	8413.000
963.900	8249.000
964.043	8368.000
964.186	8304.000
964.329	8376.000
964.472	8327.000
964.615	8395.000
964.758	8279.000
964.900	8453.000
965.043	8310.000
965.186	8455.000
965.329	8368.000
965.472	8469.000
965.615	8351.000
965.758	8368.000
965.901	8283.000
966.044	8386.000
966.187	8251.000
966.329	8455.000
966.472	8438.000
966.615	8481.000
966.758	8293.000
966.901	8477.000
967.044	8401.000
967.187	8355.000
967.330	8310.000
967.472	8469.000
967.615	8342.000
967.758	8407.000
967.901	8313.000
968.044	8464.000
968.187	8302.000
968.329	8432.000
968.472	8339.000
968.615	8416.000
968.758	8316.000
968.901	8443.000
969.043	8377.000
969.186	8414.000
969.329	8319.000
969.472	8536.000
969.615	8368.000
969.757	8394.000
969.900	8375.000
970.043	8461.000
970.186	8300.000
970.328	8478.000
970.471	8417.000
970.614	8473.000
970.757	8372.000
970.899	8434.000
971.042	8336.000
971.185	8434.000
971.328	8328.000
971.470	8407.000
971.613	8368.000
971.756	8484.000
971.899	8369.000
972.041	8434.000
972.184	8202.000
972.327	8496.000
972.469	8299.000
972.612	8382.000
972.755	8297.000
972.898	8495.000
973.040	8290.000
973.183	8399.000
973.326	8417.000
973.468	8319.000
973.611	8272.000
973.754	8436.000
973.896	8322.000
974.039	8388.000
974.182	8273.000
974.324	8449.000
974.467	8383.000
974.610	8403.000
974.752	8281.000
974.895	8426.000
975.037	8329.000
975.180	8444.000
975.323	8251.000
975.465	8448.000
975.608	8287.000
975.751	8290.000
975.893	8309.000
976.036	8366.000
976.178	8277.000
976.321	8481.000
976.464	8227.000
976.606	8247.000
976.749	8259.000
976.891	8473.000
977.034	8316.000
977.176	8320.000
977.319	8177.000
977.462	8441.000
977.604	8227.000
977.747	8405.000
977.889	8237.000
978.032	8405.000
978.174	8246.000
978.317	8355.000
978.459	8326.000
978.602	8426.000
978.744	8292.000
978.887	8446.000
979.029	8199.000
979.172	8381.000
979.314	8299.000
979.457	8364.000
979.599	8159.000
979.742	8449.000
979.884	8188.000
980.027	8291.000
980.169	8219.000
980.312	8425.000
980.454	8272.000
980.597	8323.000
980.739	8279.000
980.882	8277.000
981.024	8215.000
981.167	8309.000
981.309	8334.000
981.452	8275.000
981.594	8225.000
981.736	8261.000
981.879	8277.000
982.021	8335.000
982.164	8218.000
982.306	8297.000
982.449	8223.000
982.591	8340.000
982.733	8230.000
982.876	8341.000
983.018	8175.000
983.161	8381.000
983.303	8177.000
983.445	8338.000
983.588	8201.000
983.730	8400.000
983.873	8209.000
984.015	8459.000
984.157	8161.000
984.300	8434.000
984.442	8205.000
984.584	8350.000
984.727	8254.000
984.869	8368.000
985.011	8243.000
985.154	8295.000
985.296	8212.000
985.438	8372.000
985.581	8209.000
985.723	8312.000
985.865	8222.000
986.008	8367.000
986.150	8315.000
986.292	8352.000
986.435	8288.000
986.577	8346.000
986.719	8172.000
986.861	8355.000
987.004	7888.000
987.146	8393.000
987.288	8282.000
987.431	8344.000
987.573	8314.000
987.715	8308.000
987.857	8164.000
988.000	8285.000
988.142	8267.000
988.284	8423.000
988.426	8195.000
988.569	8336.000
988.711	8196.000
988.853	8399.000
988.995	8243.000
989.138	8329.000
989.280	8162.000
989.422	8383.000
989.564	8271.000
989.706	8355.000
989.849	8213.000
989.991	8372.000
990.133	8224.000
990.275	8354.000
990.417	8278.000
990.560	8318.000
990.702	8109.000
990.844	8320.000
990.986	8260.000
991.128	8500.000
991.270	8190.000
991.413	8350.000
991.555	8253.000
991.697	8378.000
991.839	8224.000
991.981	8422.000
992.123	8251.000
992.265	8389.000
992.408	8243.000
992.550	8362.000
992.692	8280.000
992.834	8399.000
992.976	8264.000
993.118	8382.000
993.260	8242.000
993.402	8325.000
993.544	8183.000
993.687	8422.000
993.829	8190.000
993.971	8344.000
994.113	8210.000
994.255	8307.000
994.397	8193.000
994.539	8348.000
994.681	8257.000
994.823	8385.000
994.965	8218.000
995.107	8406.000
995.249	8267.000
995.391	8315.000
995.533	8201.000
995.675	8359.000
995.817	8305.000
995.959	8368.000
996.101	8190.000
996.243	8416.000
996.385	8239.000
996.527	8313.000
996.669	8186.000
996.811	8364.000
996.953	8242.000
997.095	8324.000
997.237	8215.000
997.379	8370.000
997.521	8195.000
997.663	8374.000
997.805	8307.000
997.947	8322.000
998.089	8244.000
998.231	8305.000
998.373	8184.000
998.515	8413.000
998.657	8308.000
998.799	8327.000
998.941	8221.000
999.083	8253.000
999.225	8267.000
999.367	8370.000
999.509	8296.000
999.651	8435.000
999.793	8208.000
999.934	8330.000
1000.076	8234.000
1000.218	8389.000
1000.360	8212.000
1000.502	8397.000
1000.644	8314.000
1000.786	8426.000
1000.928	8271.000
1001.070	8242.000
1001.212	8201.000
1001.353	8415.000
1001.495	8139.000
1001.637	8301.000
1001.779	8213.000
1001.921	8304.000
1002.063	8218.000
1002.205	8308.000
1002.346	8190.000
1002.488	8355.000
1002.630	8129.000
1002.772	8358.000
1002.914	8220.000
1003.055	8334.000
1003.197	8225.000
1003.339	8342.000
1003.481	8174.000
1003.623	8330.000
1003.765	8173.000
1003.906	8294.000
1004.048	8202.000
1004.190	8337.000
1004.332	8125.000
1004.473	8309.000
1004.615	8346.000
1004.757	8345.000
1004.899	8235.000
1005.041	8380.000
1005.182	8194.000
1005.324	8315.000
1005.466	8177.000
1005.608	8350.000
1005.749	8137.000
1005.891	8460.000
1006.033	8241.000
1006.175	8392.000
1006.316	8181.000
1006.458	8380.000
1006.600	8288.000
1006.741	8373.000
1006.883	8162.000
1007.025	8347.000
1007.167	8178.000
1007.308	8371.000
1007.450	8253.000
1007.592	8330.000
1007.733	8143.000
1007.875	8298.000
1008.017	8211.000
1008.158	8330.000
1008.300	8242.000
1008.442	8348.000
1008.583	8133.000
1008.725	8335.000
1008.867	8122.000
1009.008	8340.000
1009.150	8246.000
1009.292	8415.000
1009.433	8241.000
1009.575	8322.000
1009.716	8168.000
1009.858	8280.000
1010.000	8248.000
1010.141	8388.000
1010.283	8158.000
1010.425	8383.000
1010.566	8077.000
1010.708	8322.000
1010.849	8233.000
1010.991	8345.000
1011.132	8166.000
1011.274	8297.000
1011.416	8316.000
1011.557	8272.000
1011.699	8212.000
1011.840	8350.000
1011.982	8154.000
1012.123	8336.000
1012.265	8152.000
1012.407	8342.000
1012.548	8183.000
1012.690	8236.000
1012.831	8143.000
1012.973	8338.000
1013.114	8225.000
1013.256	8379.000
1013.397	8278.000
1013.539	8542.000
1013.680	8546.000
1013.822	8670.000
1013.963	8567.000
1014.105	8744.000
1014.246	8636.000
1014.388	8919.000
1014.529	8934.000
1014.671	9141.000
1014.812	8617.000
1014.954	8504.000
1015.095	8365.000
1015.237	8381.000
1015.378	8181.000
1015.520	8328.000
1015.661	8126.000
1015.803	8274.000
1015.944	8016.000
1016.085	8247.000
1016.227	8092.000
1016.368	8163.000
1016.510	8032.000
1016.651	8193.000
1016.793	8187.000
1016.934	8175.000
1017.075	8102.000
1017.217	8232.000
1017.358	8121.000
1017.500	8186.000
1017.641	8057.000
1017.782	8261.000
1017.924	8100.000
1018.065	8204.000
1018.207	8029.000
1018.348	8245.000
1018.489	8071.000
1018.631	8135.000
1018.772	8063.000
1018.913	8204.000
1019.055	8040.000
1019.196	8081.000
1019.337	8004.000
1019.479	8231.000
1019.620	8092.000
1019.761	8183.000
1019.903	8049.000
1020.044	8210.000
1020.185	8034.000
1020.327	8098.000
1020.468	7979.000
1020.609	8167.000
1020.751	7989.000
1020.892	8172.000
1021.033	8024.000
1021.175	8150.000
1021.316	8034.000
1021.457	8126.000
1021.598	7953.000
1021.740	8183.000
1021.881	8047.000
1022.022	8132.000
1022.164	8044.000
1022.305	8180.000
1022.446	7951.000
1022.587	8113.000
1022.729	8102.000
1022.870	8201.000
1023.011	8027.000
1023.152	8117.000
1023.294	8058.000
1023.435	8119.000
1023.576	7992.000
1023.717	8163.000
1023.858	8013.000
1024.000	8153.000
1024.141	8017.000
1024.282	8087.000
1024.423	7991.000
1024.564	8196.000
1024.706	8039.000
1024.847	8183.000
1024.988	7990.000
1025.129	8212.000
1025.270	8034.000
1025.412	8166.000
1025.553	7993.000
1025.694	8223.000
1025.835	8028.000
1025.976	8151.000
1026.117	8015.000
1026.258	8174.000
1026.400	7991.000
1026.541	8228.000
1026.682	8072.000
1026.823	8141.000
1026.964	8095.000
1027.105	8167.000
1027.246	8084.000
1027.388	8241.000
1027.529	8052.000
1027.670	8173.000
1027.811	8003.000
1027.952	8187.000
1028.093	8066.000
1028.234	8164.000
1028.375	8089.000
1028.516	8147.000
1028.657	8052.000
1028.798	8257.000
1028.939	8081.000
1029.081	8194.000
1029.222	8104.000
1029.363	8214.000
1029.504	8063.000
1029.645	8265.000
1029.786	8163.000
1029.927	8249.000
1030.068	8152.000
1030.209	8257.000
1030.350	8146.000
1030.491	8201.000
1030.632	8123.000
1030.773	8249.000
1030.914	8093.000
1031.055	8193.000
1031.196	8171.000
1031.337	8250.000
1031.478	8107.000
1031.619	8167.000
1031.760	8062.000
1031.901	8310.000
1032.042	8103.000
1032.183	8218.000
1032.324	8146.000
1032.465	8326.000
1032.606	8641.000
1032.747	8204.000
1032.888	8137.000
1033.029	8237.000
1033.170	8071.000
1033.311	8291.000
1033.452	8050.000
1033.592	8308.000
1033.733	8092.000
1033.874	8130.000
1034.015	8200.000
1034.156	8200.000
1034.297	8113.000
1034.438	8211.000
1034.579	8119.000
1034.720	8282.000
1034.861	8071.000
1035.002	8174.000
1035.142	8079.000
1035.283	8175.000
1035.424	8087.000
1035.565	8205.000
1035.706	8102.000
1035.847	8170.000
1035.988	8139.000
1036.129	8149.000
1036.269	8057.000
1036.410	8288.000
1036.551	8106.000
1036.692	8171.000
1036.833	8070.000
1036.974	8118.000
1037.114	8083.000
1037.255	8120.000
1037.396	8083.000
1037.537	8053.000
1037.678	8107.000
1037.819	8121.000
1037.959	8048.000
1038.100	8163.000
1038.241	8028.000
1038.382	8145.000
1038.523	8095.000
1038.663	8253.000
1038.804	8080.000
1038.945	8122.000
1039.086	8110.000
1039.226	8152.000
1039.367	8105.000
1039.508	8140.000
1039.649	8055.000
1039.789	8149.000
1039.930	8090.000
1040.071	8185.000
1040.212	8139.000
1040.352	8135.000
1040.493	8076.000
1040.634	8112.000
1040.775	8091.000
1040.915	8180.000
1041.056	8054.000
1041.197	8235.000
1041.337	8100.000
1041.478	8213.000
1041.619	8045.000
1041.760	8163.000
1041.900	8066.000
1042.041	8182.000
1042.182	8042.000
1042.322	8255.000
1042.463	8104.000
1042.604	8268.000
1042.744	8137.000
1042.885	8259.000
1043.026	8057.000
1043.166	8283.000
1043.307	8087.000
1043.448	8225.000
1043.588	8084.000
1043.729	8257.000
1043.869	8074.000
1044.010	8255.000
1044.151	8126.000
1044.291	8311.000
1044.432	8069.000
1044.573	8208.000
1044.713	8167.000
1044.854	8306.000
1044.994	8212.000
1045.135	8254.000
1045.276	8232.000
1045.416	8344.000
1045.557	8224.000
1045.697	8261.000
1045.838	8211.000
1045.978	8354.000
1046.119	8198.000
1046.260	8274.000
1046.400	8212.000
1046.541	8380.000
1046.681	8171.000
1046.822	8373.000
1046.962	8177.000
1047.103	8413.000
1047.243	8316.000
1047.384	8352.000
1047.524	8171.000
1047.665	8320.000
1047.805	8210.000
1047.946	8325.000
1048.087	8249.000
1048.227	8360.000
1048.368	8244.000
1048.508	8328.000
1048.649	8229.000
1048.789	8352.000
1048.929	8270.000
1049.070	8320.000
1049.210	8232.000
1049.351	8383.000
1049.491	8204.000
1049.632	8313.000
1049.772	8185.000
1049.913	8348.000
1050.053	8127.000
1050.194	8371.000
1050.334	8247.000
1050.475	8263.000
1050.615	8247.000
1050.755	8399.000
1050.896	8215.000
1051.036	8333.000
1051.177	8271.000
1051.317	8300.000
1051.458	8183.000
1051.598	8285.000
1051.738	8180.000
1051.879	8275.000
1052.019	8192.000
1052.160	8334.000
1052.300	8237.000
1052.440	8306.000
1052.581	8175.000
1052.721	8378.000
1052.861	8273.000
1053.002	8315.000
1053.142	8300.000
1053.282	8346.000
1053.423	8202.000
1053.563	8323.000
1053.704	7048.000
1053.844	8291.000
1053.984	8215.000
1054.125	8244.000
1054.265	8130.000
1054.405	8300.000
1054.546	8180.000
1054.686	8310.000
1054.826	8238.000
1054.966	8312.000
1055.107	8191.000
1055.247	8268.000
1055.387	8171.000
1055.528	8366.000
1055.668	8204.000
1055.808	8284.000
1055.948	8114.000
1056.089	8281.000
1056.229	8109.000
1056.369	8219.000
1056.510	8222.000
1056.650	8225.000
1056.790	8134.000
1056.930	8245.000
1057.071	8085.000
1057.211	8315.000
1057.351	8067.000
1057.491	8368.000
1057.632	8176.000
1057.772	8192.000
1057.912	8185.000
1058.052	8177.000
1058.192	8076.000
1058.333	8188.000
1058.473	8056.000
1058.613	8118.000
1058.753	8099.000
1058.893	8260.000
1059.034	8106.000
1059.174	8223.000
1059.314	8036.000
1059.454	8161.000
1059.594	8028.000
1059.734	8137.000
1059.875	7963.000
1060.015	8157.000
1060.155	7991.000
1060.295	8134.000
1060.435	7994.000
1060.575	8174.000
1060.716	8107.000
1060.856	8176.000
1060.996	8025.000
1061.136	8267.000
1061.276	8000.000
1061.416	8098.000
1061.556	8077.000
1061.696	8208.000
1061.837	8041.000
1061.977	8286.000
1062.117	12672.000
1062.257	8264.000
1062.397	8106.000
1062.537	8168.000
1062.677	8103.000
1062.817	8217.000
1062.957	8012.000
1063.097	8192.000
1063.237	8193.000
1063.377	8329.000
1063.517	8227.000
1063.658	8372.000
1063.798	8301.000
1063.938	8503.000
1064.078	8481.000
1064.218	8637.000
1064.358	8488.000
1064.498	8601.000
1064.638	8523.000
1064.778	8777.000
1064.918	8770.000
1065.058	8980.000
1065.198	8777.000
1065.338	8666.000
1065.478	8395.000
1065.618	8341.000
1065.758	8159.000
1065.898	8227.000
1066.038	8163.000
1066.178	8338.000
1066.318	8187.000
1066.458	8283.000
1066.598	8150.000
1066.738	8395.000
1066.878	8158.000
1067.018	8320.000
1067.158	8134.000
1067.297	8297.000
1067.437	8036.000
1067.577	8278.000
1067.717	8097.000
1067.857	8307.000
1067.997	8058.000
1068.137	8304.000
1068.277	8169.000
1068.417	8297.000
1068.557	8160.000
1068.697	8291.000
1068.837	8107.000
1068.977	8350.000
1069.116	8206.000
1069.256	8231.000
1069.396	8158.000
1069.536	8327.000
1069.676	8179.000
1069.816	8283.000
1069.956	8164.000
1070.096	8271.000
1070.235	8227.000
1070.375	8267.000
1070.515	8236.000
1070.655	8335.000
1070.795	8189.000
1070.935	8369.000
1071.074	8177.000
1071.214	8330.000
1071.354	8121.000
1071.494	8293.000
1071.634	8260.000
1071.774	8429.000
1071.913	8191.000
1072.053	8295.000
1072.193	8252.000
1072.333	8394.000
1072.473	8235.000
1072.612	8415.000
1072.752	8256.000
1072.892	8423.000
1073.032	8238.000
1073.172	8325.000
1073.311	8270.000
1073.451	8378.000
1073.591	8248.000
1073.731	8261.000
1073.870	8270.000
1074.010	8448.000
1074.150	8316.000
1074.290	8368.000
1074.429	8295.000
1074.569	8320.000
1074.709	8330.000
1074.848	8424.000
