1029.870	8865.000
1030.015	8859.000
1030.160	8857.000
1030.305	8928.000
1030.449	8827.000
1030.594	8900.000
1030.739	8822.000
1030.884	8903.000
1031.029	8798.000
1031.173	8869.000
1031.318	8763.000
1031.463	8873.000
1031.608	8796.000
1031.752	8788.000
1031.897	8796.000
1032.042	8944.000
1032.187	8695.000
1032.331	8916.000
1032.476	8770.000
1032.621	8900.000
1032.765	8761.000
1032.910	8801.000
1033.055	8924.000
1033.200	8847.000
1033.344	8827.000
1033.489	8835.000
1033.634	8829.000
1033.778	8786.000
1033.923	8775.000
1034.068	8810.000
1034.212	8777.000
1034.357	8842.000
1034.502	8819.000
1034.646	8813.000
1034.791	8729.000
1034.935	8825.000
1035.080	8838.000
1035.225	8779.000
1035.369	8810.000
1035.514	8853.000
1035.658	8770.000
1035.803	8825.000
1035.947	8732.000
1036.092	8873.000
1036.237	8713.000
1036.381	8786.000
1036.526	8837.000
1036.670	8770.000
1036.815	8751.000
1036.959	8787.000
1037.104	8723.000
1037.248	8750.000
1037.393	8806.000
1037.537	8809.000
1037.682	8741.000
1037.826	8776.000
1037.971	8715.000
1038.115	8778.000
1038.260	8667.000
1038.404	8708.000
1038.549	8734.000
1038.693	8701.000
1038.838	8691.000
1038.982	8699.000
1039.126	8622.000
1039.271	8770.000
1039.415	8693.000
1039.560	8653.000
1039.704	8624.000
1039.848	8720.000
1039.993	8643.000
1040.137	8642.000
1040.282	8666.000
1040.426	8700.000
1040.570	8602.000
1040.715	8650.000
1040.859	8586.000
1041.003	8600.000
1041.148	8594.000
1041.292	8716.000
1041.436	8563.000
1041.581	8656.000
1041.725	8619.000
1041.869	8612.000
1042.014	8500.000
1042.158	8570.000
1042.302	8515.000
1042.447	8568.000
1042.591	8531.000
1042.735	8574.000
1042.879	8520.000
1043.024	8587.000
1043.168	8551.000
1043.312	8553.000
1043.456	8556.000
1043.601	8554.000
1043.745	8497.000
1043.889	8553.000
1044.033	8539.000
1044.178	8578.000
1044.322	8528.000
1044.466	8484.000
1044.610	8456.000
1044.754	8433.000
1044.899	8494.000
1045.043	8607.000
1045.187	8458.000
1045.331	8523.000
1045.475	8479.000
1045.619	8510.000
1045.763	8479.000
1045.908	8532.000
1046.052	8340.000
1046.196	8597.000
1046.340	8423.000
1046.484	8467.000
1046.628	8538.000
1046.772	8554.000
1046.916	8488.000
1047.060	8502.000
1047.205	8419.000
1047.349	8502.000
1047.493	8475.000
1047.637	8569.000
1047.781	8418.000
1047.925	8546.000
1048.069	8352.000
1048.213	8430.000
1048.357	8557.000
1048.501	8569.000
1048.645	8452.000
1048.789	8546.000
1048.933	8450.000
1049.077	8497.000
1049.221	8445.000
1049.365	8509.000
1049.509	8490.000
1049.653	8555.000
1049.797	8455.000
1049.941	8537.000
1050.085	8491.000
1050.229	8547.000
1050.373	8456.000
1050.517	8428.000
1050.660	8486.000
1050.804	8547.000
1050.948	8531.000
1051.092	8506.000
1051.236	8431.000
1051.380	8558.000
1051.524	8494.000
1051.668	8457.000
1051.812	8370.000
1051.956	8483.000
1052.099	8390.000
1052.243	8556.000
1052.387	8485.000
1052.531	8524.000
1052.675	8478.000
1052.819	8536.000
1052.962	8448.000
1053.106	8455.000
1053.250	8431.000
1053.394	8526.000
1053.538	8381.000
1053.681	8502.000
1053.825	8477.000
1053.969	8478.000
1054.113	8425.000
1054.257	8546.000
1054.400	8362.000
1054.544	8502.000
1054.688	8399.000
1054.832	8441.000
1054.975	8466.000
1055.119	8496.000
1055.263	8380.000
1055.407	8497.000
1055.550	8275.000
1055.694	8421.000
1055.838	8367.000
1055.981	8477.000
1056.125	8389.000
1056.269	8467.000
1056.412	8282.000
1056.556	8381.000
1056.700	8363.000
1056.843	8400.000
1056.987	8383.000
1057.131	8497.000
1057.274	8308.000
1057.418	8392.000
1057.562	8289.000
1057.705	8395.000
1057.849	8313.000
1057.992	8476.000
1058.136	8288.000
1058.280	8403.000
1058.423	8246.000
1058.567	8469.000
1058.710	8433.000
1058.854	8346.000
1058.997	8355.000
1059.141	8372.000
1059.285	8271.000
1059.428	8375.000
1059.572	8287.000
1059.715	8418.000
1059.859	8271.000
1060.002	8422.000
1060.146	8297.000
1060.289	8365.000
1060.433	8223.000
1060.576	8459.000
1060.720	8307.000
1060.863	8382.000
1061.007	8237.000
1061.150	8346.000
1061.294	8224.000
1061.437	8397.000
1061.580	8300.000
1061.724	8426.000
1061.867	8305.000
1062.011	8419.000
1062.154	8173.000
1062.298	8430.000
1062.441	8219.000
1062.584	8408.000
1062.728	8259.000
1062.871	8480.000
1063.015	8393.000
1063.158	8624.000
1063.301	8653.000
1063.445	8928.000
1063.588	8788.000
1063.731	8963.000
1063.875	8851.000
1064.018	9032.000
1064.161	8931.000
1064.305	9103.000
1064.448	9089.000
1064.591	9216.000
1064.735	8998.000
1064.878	8742.000
1065.021	8410.000
1065.165	8454.000
1065.308	8309.000
1065.451	8432.000
1065.594	8370.000
1065.738	8441.000
1065.881	8311.000
1066.024	8293.000
1066.167	8251.000
1066.311	8392.000
1066.454	8238.000
1066.597	8401.000
1066.740	8421.000
1066.884	8449.000
1067.027	8309.000
1067.170	8470.000
1067.313	8387.000
1067.456	8348.000
1067.599	8260.000
1067.743	8422.000
1067.886	8306.000
1068.029	8404.000
1068.172	8290.000
1068.315	8474.000
1068.458	8285.000
1068.602	8404.000
1068.745	8313.000
1068.888	8443.000
1069.031	8312.000
1069.174	8414.000
1069.317	8333.000
1069.460	8403.000
1069.603	8314.000
1069.746	8506.000
1069.890	8320.000
1070.033	8347.000
1070.176	8357.000
1070.319	8449.000
1070.462	8248.000
1070.605	8431.000
1070.748	8438.000
1070.891	8466.000
1071.034	8340.000
1071.177	8376.000
1071.320	8352.000
1071.463	8406.000
1071.606	8315.000
1071.749	8401.000
1071.892	8363.000
1072.035	8451.000
1072.178	8310.000
1072.321	8386.000
1072.464	8170.000
1072.607	8483.000
1072.750	8303.000
1072.893	8422.000
1073.036	8285.000
1073.179	8434.000
1073.322	8272.000
1073.465	8361.000
1073.607	8365.000
1073.750	8320.000
1073.893	8231.000
1074.036	8420.000
1074.179	8283.000
1074.322	8365.000
1074.465	8262.000
1074.608	8445.000
1074.751	8369.000
1074.893	8422.000
1075.036	8247.000
1075.179	8368.000
1075.322	8284.000
1075.465	8421.000
1075.608	8227.000
1075.750	8439.000
1075.893	8245.000
1076.036	8312.000
1076.179	8272.000
1076.322	8380.000
1076.464	8276.000
1076.607	8464.000
1076.750	8193.000
1076.893	8228.000
1077.036	8257.000
1077.178	8439.000
1077.321	8317.000
1077.464	8294.000
1077.607	8155.000
1077.749	8399.000
1077.892	8187.000
1078.035	8353.000
1078.177	8233.000
1078.320	8383.000
1078.463	8243.000
1078.606	8354.000
1078.748	8287.000
1078.891	8397.000
1079.034	8231.000
1079.176	8419.000
1079.319	8202.000
1079.462	8289.000
1079.604	8269.000
1079.747	8338.000
1079.890	8146.000
1080.032	8411.000
1080.175	8166.000
1080.317	8266.000
1080.460	8231.000
1080.603	8376.000
1080.745	8230.000
1080.888	8333.000
1081.030	8239.000
1081.173	8289.000
1081.316	8180.000
1081.458	8277.000
1081.601	8280.000
1081.743	8245.000
1081.886	8221.000
1082.028	8246.000
1082.171	8221.000
1082.313	8331.000
1082.456	8185.000
1082.598	8267.000
1082.741	8198.000
1082.883	8315.000
1083.026	8206.000
1083.168	8294.000
1083.311	8150.000
1083.453	8336.000
1083.596	8165.000
1083.738	8334.000
1083.881	8167.000
1084.023	8394.000
1084.166	8181.000
1084.308	8417.000
1084.451	8129.000
1084.593	8435.000
1084.736	8216.000
1084.878	8333.000
1085.020	8214.000
1085.163	8344.000
1085.305	8216.000
1085.448	8292.000
1085.590	8232.000
1085.732	8376.000
1085.875	8219.000
1086.017	8299.000
1086.159	8228.000
1086.302	8323.000
1086.444	8276.000
1086.586	8359.000
1086.729	8251.000
1086.871	8322.000
1087.013	8166.000
1087.156	8363.000
1087.298	7906.000
1087.440	8382.000
1087.583	8265.000
1087.725	8309.000
1087.867	8302.000
1088.010	8265.000
1088.152	8135.000
1088.294	8244.000
1088.436	8254.000
1088.579	8412.000
1088.721	8194.000
1088.863	8309.000
1089.005	8163.000
1089.148	8364.000
1089.290	8232.000
1089.432	8308.000
1089.574	8152.000
1089.716	8372.000
1089.859	8268.000
1090.001	8332.000
1090.143	8196.000
1090.285	8362.000
1090.427	8209.000
1090.569	8357.000
1090.712	8262.000
1090.854	8283.000
1090.996	8120.000
1091.138	8307.000
1091.280	8207.000
1091.422	8499.000
1091.564	8216.000
1091.707	8363.000
1091.849	8255.000
1091.991	8375.000
1092.133	8252.000
1092.275	8395.000
1092.417	8239.000
1092.559	8365.000
1092.701	8257.000
1092.843	8359.000
1092.985	8272.000
1093.127	8401.000
1093.269	8266.000
1093.411	8367.000
1093.554	8215.000
1093.696	8284.000
1093.838	8186.000
1093.980	8391.000
1094.122	8171.000
1094.264	8257.000
1094.406	8185.000
1094.548	8296.000
1094.690	8171.000
1094.832	8352.000
1094.973	8226.000
1095.115	8349.000
1095.257	8199.000
1095.399	8378.000
1095.541	8273.000
1095.683	8311.000
1095.825	8165.000
1095.967	8370.000
1096.109	8267.000
1096.251	8369.000
1096.393	8183.000
1096.535	8376.000
1096.677	8227.000
1096.819	8317.000
1096.960	8175.000
1097.102	8333.000
1097.244	8205.000
1097.386	8305.000
1097.528	8215.000
1097.670	8345.000
1097.812	8200.000
1097.953	8305.000
1098.095	8280.000
1098.237	8292.000
1098.379	8192.000
1098.521	8283.000
1098.662	8147.000
1098.804	8386.000
1098.946	8273.000
1099.088	8282.000
1099.230	8186.000
1099.371	8227.000
1099.513	8259.000
1099.655	8315.000
1099.797	8273.000
1099.938	8356.000
1100.080	8207.000
1100.222	8339.000
1100.364	8223.000
1100.505	8363.000
1100.647	8218.000
1100.789	8363.000
1100.931	8293.000
1101.072	8387.000
1101.214	8260.000
1101.356	8226.000
1101.497	8163.000
1101.639	8344.000
1101.781	8123.000
1101.922	8278.000
1102.064	8165.000
1102.206	8291.000
1102.347	8197.000
1102.489	8284.000
1102.631	8186.000
1102.772	8390.000
1102.914	8116.000
1103.055	8361.000
1103.197	8194.000
1103.339	8329.000
1103.480	8179.000
1103.622	8307.000
1103.763	8189.000
1103.905	8330.000
1104.046	8144.000
1104.188	8293.000
1104.330	8200.000
1104.471	8350.000
1104.613	8123.000
1104.754	8288.000
1104.896	8309.000
1105.037	8362.000
1105.179	8199.000
1105.320	8326.000
1105.462	8179.000
1105.603	8341.000
1105.745	8152.000
1105.886	8323.000
1106.028	8104.000
1106.169	8457.000
1106.311	8231.000
1106.452	8390.000
1106.594	8158.000
1106.735	8327.000
1106.876	8240.000
1107.018	8334.000
1107.159	8171.000
1107.301	8300.000
1107.442	8182.000
1107.584	8334.000
1107.725	8205.000
1107.866	8324.000
1108.008	8122.000
1108.149	8302.000
1108.291	8189.000
1108.432	8283.000
1108.573	8208.000
1108.715	8309.000
1108.856	8116.000
1108.997	8335.000
1109.139	8103.000
1109.280	8342.000
1109.421	8193.000
1109.563	8422.000
1109.704	8189.000
1109.845	8313.000
1109.987	8175.000
1110.128	8249.000
1110.269	8223.000
1110.410	8378.000
1110.552	8122.000
1110.693	8351.000
1110.834	8065.000
1110.975	8285.000
1111.117	8189.000
1111.258	8310.000
1111.399	8105.000
1111.540	8274.000
1111.682	8261.000
1111.823	8280.000
1111.964	8182.000
1112.105	8340.000
1112.247	8151.000
1112.388	8311.000
1112.529	8106.000
1112.670	8339.000
1112.811	8129.000
1112.952	8232.000
1113.094	8125.000
1113.235	8263.000
1113.376	8145.000
1113.517	8207.000
1113.658	8038.000
1113.799	8272.000
1113.940	8227.000
1114.082	8299.000
1114.223	8171.000
1114.364	8323.000
1114.505	8105.000
1114.646	8254.000
1114.787	8124.000
1114.928	8253.000
1115.069	8011.000
1115.210	8248.000
1115.351	8178.000
1115.492	8280.000
1115.633	8104.000
1115.774	8268.000
1115.916	8058.000
1116.057	8219.000
1116.198	8038.000
1116.339	8235.000
1116.480	8059.000
1116.621	8133.000
1116.762	7997.000
1116.903	8175.000
1117.044	8133.000
1117.185	8172.000
1117.326	8067.000
1117.466	8210.000
1117.607	8079.000
1117.748	8221.000
1117.889	8053.000
1118.030	8247.000
1118.171	8023.000
1118.312	8182.000
1118.453	8029.000
1118.594	8263.000
1118.735	8032.000
1118.876	8135.000
1119.017	8051.000
1119.158	8161.000
1119.298	8001.000
1119.439	8091.000
1119.580	8000.000
1119.721	8207.000
1119.862	8020.000
1120.003	8139.000
1120.144	8022.000
1120.284	8166.000
1120.425	8020.000
1120.566	8092.000
1120.707	7963.000
1120.848	8134.000
1120.989	7941.000
1121.129	8119.000
1121.270	7985.000
1121.411	8143.000
1121.552	8000.000
1121.693	8081.000
1121.833	7935.000
1121.974	8144.000
1122.115	7997.000
1122.256	8141.000
1122.396	7994.000
1122.537	8171.000
1122.678	7954.000
1122.819	8102.000
1122.959	8072.000
1123.100	8188.000
1123.241	8034.000
1123.381	8082.000
1123.522	8033.000
1123.663	8101.000
1123.803	7947.000
1123.944	8118.000
1124.085	7985.000
1124.225	8130.000
1124.366	7984.000
1124.507	8090.000
1124.647	7931.000
1124.788	8196.000
1124.929	8026.000
1125.069	8173.000
1125.210	7953.000
1125.351	8221.000
1125.491	7983.000
1125.632	8174.000
1125.772	8010.000
1125.913	8224.000
1126.054	7971.000
1126.194	8133.000
1126.335	8011.000
1126.475	8188.000
1126.616	7947.000
1126.756	8221.000
1126.897	8014.000
1127.037	8147.000
1127.178	8092.000
1127.318	8129.000
1127.459	8084.000
1127.600	8230.000
1127.740	8053.000
1127.881	8116.000
1128.021	7973.000
1128.162	8180.000
1128.302	8105.000
1128.442	8123.000
1128.583	8068.000
1128.723	8173.000
1128.864	8123.000
1129.004	8242.000
1129.145	8058.000
1129.285	8207.000
1129.426	8146.000
1129.566	8222.000
1129.706	8125.000
1129.847	8275.000
1129.987	8128.000
1130.128	8235.000
1130.268	8152.000
1130.408	8225.000
1130.549	8086.000
1130.689	8201.000
1130.830	8091.000
1130.970	8275.000
1131.110	8098.000
1131.251	8165.000
1131.391	8181.000
1131.531	8238.000
1131.672	8088.000
1131.812	8154.000
1131.952	8076.000
1132.093	8297.000
1132.233	8070.000
1132.373	8206.000
1132.513	8127.000
1132.654	8298.000
1132.794	8672.000
1132.934	8208.000
1133.075	8095.000
1133.215	8223.000
1133.355	8045.000
1133.495	8263.000
1133.636	8045.000
1133.776	8281.000
1133.916	8075.000
1134.056	8143.000
1134.196	8164.000
1134.337	8205.000
1134.477	8076.000
1134.617	8194.000
1134.757	8121.000
1134.897	8259.000
1135.038	8065.000
1135.178	8144.000
1135.318	8056.000
1135.458	8147.000
1135.598	8066.000
1135.738	8196.000
1135.879	8085.000
1136.019	8129.000
1136.159	8129.000
1136.299	8127.000
1136.439	8042.000
1136.579	8257.000
1136.719	8079.000
1136.859	8138.000
1136.999	8041.000
1137.140	8087.000
1137.280	8050.000
1137.420	8118.000
1137.560	8048.000
1137.700	8042.000
1137.840	8055.000
1137.980	8072.000
1138.120	8043.000
1138.260	8131.000
1138.400	8015.000
1138.540	8150.000
1138.680	8039.000
1138.820	8231.000
1138.960	8041.000
1139.100	8098.000
1139.240	8091.000
1139.380	8137.000
1139.520	8119.000
1139.660	8118.000
1139.800	8073.000
1139.940	8093.000
1140.080	8087.000
1140.220	8149.000
1140.360	8110.000
1140.500	8131.000
1140.640	8042.000
1140.780	8090.000
1140.919	8051.000
1141.059	8147.000
1141.199	8046.000
1141.339	8205.000
1141.479	8078.000
1141.619	8203.000
1141.759	8066.000
1141.899	8138.000
1142.039	8062.000
1142.178	8143.000
1142.318	8014.000
1142.458	8247.000
1142.598	8093.000
1142.738	8242.000
1142.878	8099.000
1143.017	8265.000
1143.157	8069.000
1143.297	8256.000
1143.437	8051.000
1143.577	8205.000
1143.716	8082.000
1143.856	8258.000
1143.996	8082.000
1144.136	8275.000
1144.275	8095.000
1144.415	8272.000
1144.555	8073.000
1144.695	8214.000
1144.834	8126.000
1144.974	8285.000
1145.114	8172.000
1145.254	8235.000
1145.393	8209.000
1145.533	8332.000
1145.673	8216.000
1145.812	8242.000
1145.952	8200.000
1146.092	8340.000
1146.231	8164.000
1146.371	8282.000
1146.511	8176.000
1146.650	8344.000
1146.790	8114.000
1146.930	8321.000
1147.069	8154.000
1147.209	8379.000
1147.349	8289.000
1147.488	8333.000
1147.628	8134.000
1147.767	8303.000
1147.907	8197.000
1148.047	8260.000
1148.186	8192.000
1148.326	8320.000
1148.465	8216.000
1148.605	8306.000
1148.744	8212.000
1148.884	8310.000
1149.024	8228.000
1149.163	8295.000
1149.303	8190.000
1149.442	8363.000
1149.582	8156.000
1149.721	8293.000
1149.861	8177.000
1150.000	8308.000
1150.140	8100.000
1150.279	8324.000
1150.419	8215.000
1150.558	8221.000
1150.698	8215.000
1150.837	8343.000
1150.977	8151.000
1151.116	8321.000
1151.255	8213.000
1151.395	8279.000
1151.534	8137.000
1151.674	8284.000
1151.813	8121.000
1151.953	8239.000
1152.092	8195.000
1152.231	8296.000
1152.371	8194.000
1152.510	8265.000
1152.650	8145.000
1152.789	8342.000
1152.928	8270.000
1153.068	8290.000
1153.207	8263.000
1153.346	8288.000
1153.486	8196.000
1153.625	8328.000
1153.764	7008.000
1153.904	8306.000
1154.043	8191.000
1154.182	8211.000
1154.322	8090.000
1154.461	8314.000
1154.600	8115.000
1154.740	8277.000
1154.879	8237.000
1155.018	8321.000
1155.157	8165.000
1155.297	8270.000
1155.436	8126.000
1155.575	8323.000
1155.714	8198.000
1155.854	8298.000
1155.993	8103.000
1156.132	8286.000
1156.271	8073.000
1156.411	8200.000
1156.550	8171.000
1156.689	8202.000
1156.828	8123.000
1156.967	8248.000
1157.107	8068.000
1157.246	8261.000
1157.385	8060.000
1157.524	8314.000
1157.663	8151.000
1157.802	8178.000
1157.941	8160.000
1158.081	8174.000
1158.220	8033.000
1158.359	8150.000
1158.498	8001.000
1158.637	8105.000
1158.776	8059.000
1158.915	8215.000
1159.054	8039.000
1159.193	8207.000
1159.333	8006.000
1159.472	8113.000
1159.611	7995.000
1159.750	8111.000
1159.889	7949.000
1160.028	8131.000
1160.167	7961.000
1160.306	8085.000
1160.445	7966.000
1160.584	8113.000
1160.723	8076.000
1160.862	8134.000
1161.001	8014.000
1161.140	8214.000
1161.279	7968.000
1161.418	8106.000
1161.557	8051.000
1161.696	8216.000
1161.835	7997.000
1161.974	8234.000
1162.113	12530.000
1162.252	8220.000
1162.391	8063.000
1162.530	8142.000
1162.669	8095.000
1162.808	8167.000
1162.946	7959.000
1163.085	8129.000
1163.224	8147.000
1163.363	8258.000
1163.502	8133.000
1163.641	8196.000
1163.780	8082.000
1163.919	8202.000
1164.058	8175.000
1164.196	8258.000
1164.335	8122.000
1164.474	8237.000
1164.613	8089.000
1164.752	8262.000
1164.891	8147.000
1165.029	8283.000
1165.168	8124.000
1165.307	8255.000
1165.446	8146.000
1165.585	8245.000
1165.723	8104.000
1165.862	8198.000
1166.001	8097.000
1166.140	8287.000
1166.279	8113.000
1166.417	8235.000
1166.556	8087.000
1166.695	8303.000
1166.834	8124.000
1166.972	8290.000
1167.111	8087.000
1167.250	8283.000
1167.388	8017.000
1167.527	8247.000
1167.666	8055.000
1167.805	8264.000
1167.943	8069.000
1168.082	8285.000
1168.221	8129.000
1168.359	8259.000
1168.498	8128.000
1168.637	8287.000
1168.775	8042.000
1168.914	8290.000
1169.052	8178.000
1169.191	8161.000
1169.330	8135.000
1169.468	8297.000
1169.607	8116.000
1169.746	8224.000
1169.884	8172.000
1170.023	8254.000
1170.161	8199.000
1170.300	8228.000
1170.439	8197.000
1170.577	8270.000
1170.716	8188.000
1170.854	8355.000
1170.993	8095.000
1171.131	8296.000
1171.270	8073.000
1171.408	8276.000
1171.547	8238.000
1171.685	8389.000
1171.824	8164.000
1171.962	8279.000
1172.101	8235.000
1172.239	8355.000
1172.378	8219.000
1172.516	8340.000
1172.655	8216.000
1172.793	8398.000
1172.932	8211.000
1173.070	8291.000
1173.209	8229.000
1173.347	8362.000
1173.486	8201.000
1173.624	8213.000
1173.762	8236.000
1173.901	8443.000
1174.039	8297.000
1174.178	8312.000
1174.316	8224.000
1174.454	8268.000
1174.593	8334.000
1174.731	8412.000
