1229.956	10584.000
1230.103	10390.000
1230.250	10571.000
1230.397	10468.000
1230.544	10508.000
1230.691	10494.000
1230.838	10547.000
1230.985	10468.000
1231.132	10551.000
1231.278	10444.000
1231.425	10528.000
1231.572	10502.000
1231.719	10554.000
1231.866	10412.000
1232.013	10577.000
1232.159	10580.000
1232.306	10494.000
1232.453	10520.000
1232.600	10529.000
1232.746	10556.000
1232.893	10541.000
1233.040	10437.000
1233.186	10708.000
1233.333	10499.000
1233.480	10608.000
1233.627	10490.000
1233.773	10629.000
1233.920	10438.000
1234.066	10576.000
1234.213	10479.000
1234.360	10615.000
1234.506	10528.000
1234.653	10653.000
1234.800	10499.000
1234.946	10558.000
1235.093	10511.000
1235.239	10680.000
1235.386	10471.000
1235.532	10652.000
1235.679	10549.000
1235.825	10644.000
1235.972	10557.000
1236.118	10584.000
1236.265	10552.000
1236.411	10563.000
1236.558	10545.000
1236.704	10684.000
1236.851	10488.000
1236.997	10618.000
1237.143	10563.000
1237.290	10648.000
1237.436	10480.000
1237.583	10711.000
1237.729	10555.000
1237.875	10623.000
1238.022	10551.000
1238.168	10615.000
1238.314	10530.000
1238.461	10621.000
1238.607	10493.000
1238.753	10663.000
1238.900	10511.000
1239.046	10619.000
1239.192	10447.000
1239.338	10539.000
1239.485	10555.000
1239.631	10689.000
1239.777	10441.000
1239.923	10615.000
1240.070	10512.000
1240.216	10611.000
1240.362	10472.000
1240.508	10637.000
1240.654	10523.000
1240.800	10549.000
1240.947	10492.000
1241.093	10539.000
1241.239	10501.000
1241.385	10600.000
1241.531	10597.000
1241.677	10559.000
1241.823	10545.000
1241.969	10627.000
1242.115	10499.000
1242.261	10570.000
1242.407	10485.000
1242.553	10550.000
1242.699	10468.000
1242.845	10608.000
1242.991	10487.000
1243.137	10595.000
1243.283	10520.000
1243.429	10638.000
1243.575	10503.000
1243.721	10665.000
1243.867	10492.000
1244.013	10591.000
1244.159	10515.000
1244.305	10638.000
1244.451	10551.000
1244.596	10592.000
1244.742	10499.000
1244.888	10579.000
1245.034	10436.000
1245.180	10610.000
1245.326	10574.000
1245.471	10611.000
1245.617	10520.000
1245.763	10619.000
1245.909	10531.000
1246.055	10644.000
1246.200	10583.000
1246.346	10517.000
1246.492	10613.000
1246.638	10619.000
1246.783	10531.000
1246.929	10679.000
1247.075	10555.000
1247.220	10670.000
1247.366	10572.000
1247.512	10625.000
1247.657	10610.000
1247.803	10664.000
1247.949	10621.000
1248.094	10652.000
1248.240	10631.000
1248.385	10551.000
1248.531	10526.000
1248.676	10786.000
1248.822	10662.000
1248.968	10668.000
1249.113	10684.000
1249.259	10759.000
1249.404	10630.000
1249.550	10705.000
1249.695	10682.000
1249.841	10778.000
1249.986	10728.000
1250.132	10775.000
1250.277	10696.000
1250.422	10766.000
1250.568	10719.000
1250.713	10767.000
1250.859	10656.000
1251.004	10791.000
1251.150	10768.000
1251.295	10816.000
1251.440	10703.000
1251.586	10781.000
1251.731	10747.000
1251.876	10824.000
1252.022	10724.000
1252.167	10727.000
1252.312	10704.000
1252.458	10757.000
1252.603	10770.000
1252.748	10851.000
1252.893	10806.000
1253.039	10816.000
1253.184	10749.000
1253.329	10836.000
1253.474	10733.000
1253.619	10794.000
1253.765	10812.000
1253.910	10779.000
1254.055	10782.000
1254.200	10867.000
1254.345	10752.000
1254.490	10834.000
1254.636	10819.000
1254.781	10762.000
1254.926	10819.000
1255.071	10831.000
1255.216	10750.000
1255.361	10896.000
1255.506	10848.000
1255.651	10810.000
1255.796	10782.000
1255.941	10704.000
1256.086	10721.000
1256.231	10815.000
1256.376	10830.000
1256.521	10807.000
1256.666	10802.000
1256.811	10727.000
1256.956	10698.000
1257.101	10762.000
1257.246	10744.000
1257.391	10862.000
1257.536	10853.000
1257.681	10771.000
1257.826	10743.000
1257.971	10716.000
1258.116	10785.000
1258.260	10779.000
1258.405	10816.000
1258.550	10747.000
1258.695	10742.000
1258.840	10695.000
1258.985	10813.000
1259.129	10872.000
1259.274	10717.000
1259.419	10807.000
1259.564	10716.000
1259.708	10725.000
1259.853	10741.000
1259.998	10741.000
1260.143	10821.000
1260.287	10698.000
1260.432	10761.000
1260.577	10742.000
1260.721	10754.000
1260.866	10663.000
1261.011	10806.000
1261.155	10737.000
1261.300	10717.000
1261.445	10648.000
1261.589	10680.000
1261.734	10606.000
1261.878	10713.000
1262.023	10688.000
1262.168	10786.000
1262.312	10702.000
1262.457	10721.000
1262.601	10550.000
1262.746	10736.000
1262.890	10636.000
1263.035	10681.000
1263.179	10609.000
1263.324	10776.000
1263.468	10702.000
1263.613	10630.000
1263.757	10619.000
1263.902	10725.000
1264.046	10611.000
1264.191	10640.000
1264.335	10617.000
1264.479	10699.000
1264.624	10566.000
1264.768	10560.000
1264.912	10582.000
1265.057	10595.000
1265.201	10570.000
1265.346	10612.000
1265.490	10550.000
1265.634	10653.000
1265.778	10594.000
1265.923	10632.000
1266.067	10669.000
1266.211	10713.000
1266.356	10589.000
1266.500	10536.000
1266.644	10519.000
1266.788	10555.000
1266.933	10515.000
1267.077	10604.000
1267.221	10671.000
1267.365	10631.000
1267.509	10536.000
1267.653	10628.000
1267.798	10613.000
1267.942	10536.000
1268.086	10510.000
1268.230	10600.000
1268.374	10534.000
1268.518	10548.000
1268.662	10495.000
1268.806	10600.000
1268.950	10470.000
1269.095	10518.000
1269.239	10516.000
1269.383	10558.000
1269.527	10507.000
1269.671	10538.000
1269.815	10488.000
1269.959	10535.000
1270.103	10442.000
1270.247	10631.000
1270.391	10500.000
1270.535	10433.000
1270.679	10490.000
1270.822	10531.000
1270.966	10419.000
1271.110	10536.000
1271.254	10514.000
1271.398	10533.000
1271.542	10425.000
1271.686	10486.000
1271.830	10414.000
1271.973	10489.000
1272.117	10367.000
1272.261	10472.000
1272.405	10396.000
1272.549	10535.000
1272.693	10390.000
1272.836	10440.000
1272.980	10248.000
1273.124	10489.000
1273.268	10340.000
1273.411	10377.000
1273.555	10342.000
1273.699	10435.000
1273.843	10309.000
1273.986	10409.000
1274.130	10428.000
1274.274	10308.000
1274.417	10279.000
1274.561	10407.000
1274.705	10322.000
1274.848	10349.000
1274.992	10268.000
1275.135	10466.000
1275.279	10378.000
1275.423	10375.000
1275.566	10291.000
1275.710	10377.000
1275.853	10306.000
1275.997	10373.000
1276.140	10221.000
1276.284	10382.000
1276.427	10214.000
1276.571	10197.000
1276.714	10301.000
1276.858	10317.000
1277.001	10190.000
1277.145	10409.000
1277.288	10209.000
1277.432	10159.000
1277.575	10184.000
1277.719	10364.000
1277.862	10225.000
1278.005	10222.000
1278.149	10115.000
1278.292	10320.000
1278.435	10152.000
1278.579	10288.000
1278.722	10167.000
1278.865	10301.000
1279.009	10168.000
1279.152	10258.000
1279.295	10225.000
1279.439	10283.000
1279.582	10161.000
1279.725	10287.000
1279.868	10101.000
1280.012	10191.000
1280.155	10186.000
1280.298	10202.000
1280.441	10043.000
1280.585	10304.000
1280.728	10051.000
1280.871	10147.000
1281.014	10129.000
1281.157	10228.000
1281.300	10143.000
1281.444	10211.000
1281.587	10115.000
1281.730	10129.000
1281.873	10082.000
1282.016	10183.000
1282.159	10172.000
1282.302	10094.000
1282.445	10061.000
1282.588	10122.000
1282.731	10127.000
1282.874	10144.000
1283.017	10071.000
1283.160	10096.000
1283.303	10083.000
1283.446	10146.000
1283.589	10081.000
1283.732	10142.000
1283.875	10006.000
1284.018	10170.000
1284.161	9998.000
1284.304	10141.000
1284.447	9999.000
1284.590	10201.000
1284.733	10057.000
1284.876	10245.000
1285.019	9974.000
1285.161	10257.000
1285.304	10044.000
1285.447	10147.000
1285.590	10037.000
1285.733	10164.000
1285.876	10080.000
1286.018	10088.000
1286.161	10026.000
1286.304	10153.000
1286.447	10004.000
1286.589	10109.000
1286.732	10030.000
1286.875	10128.000
1287.018	10081.000
1287.160	10134.000
1287.303	10067.000
1287.446	10119.000
1287.588	9990.000
1287.731	10131.000
1287.874	9672.000
1288.016	10165.000
1288.159	10042.000
1288.302	10042.000
1288.444	10091.000
1288.587	10059.000
1288.729	9928.000
1288.872	10040.000
1289.015	10046.000
1289.157	10199.000
1289.300	9952.000
1289.442	10078.000
1289.585	9938.000
1289.727	10115.000
1289.870	10002.000
1290.012	10058.000
1290.155	9915.000
1290.297	10081.000
1290.440	10042.000
1290.582	10079.000
1290.725	9950.000
1290.867	10137.000
1291.009	9968.000
1291.152	10089.000
1291.294	10027.000
1291.437	10016.000
1291.579	9881.000
1291.721	10018.000
1291.864	9983.000
1292.006	10193.000
1292.148	9944.000
1292.291	10063.000
1292.433	9974.000
1292.575	10089.000
1292.718	9966.000
1292.860	10098.000
1293.002	9956.000
1293.145	10095.000
1293.287	9976.000
1293.429	10063.000
1293.571	9970.000
1293.713	10070.000
1293.856	9995.000
1293.998	10088.000
1294.140	9929.000
1294.282	10005.000
1294.424	9910.000
1294.567	10098.000
1294.709	9918.000
1294.851	9995.000
1294.993	9889.000
1295.135	10014.000
1295.277	9914.000
1295.419	10001.000
1295.561	9951.000
1295.703	10041.000
1295.845	9911.000
1295.987	10035.000
1296.129	9944.000
1296.272	9994.000
1296.414	9891.000
1296.556	10011.000
1296.698	9942.000
1296.840	10015.000
1296.981	9848.000
1297.123	10040.000
1297.265	9919.000
1297.407	9955.000
1297.549	9834.000
1297.691	9982.000
1297.833	9898.000
1297.975	9946.000
1298.117	9851.000
1298.259	9997.000
1298.401	9845.000
1298.542	9936.000
1298.684	9935.000
1298.826	9936.000
1298.968	9861.000
1299.110	9890.000
1299.252	9807.000
1299.393	10009.000
1299.535	9931.000
1299.677	9882.000
1299.819	9867.000
1299.960	9876.000
1300.102	9860.000
1300.244	9916.000
1300.386	9930.000
1300.527	10016.000
1300.669	9815.000
1300.811	9972.000
1300.952	9827.000
1301.094	9962.000
1301.236	9818.000
1301.377	9952.000
1301.519	9884.000
1301.661	9976.000
1301.802	9846.000
1301.944	9795.000
1302.085	9741.000
1302.227	9943.000
1302.368	9696.000
1302.510	9850.000
1302.652	9737.000
1302.793	9851.000
1302.935	9735.000
1303.076	9833.000
1303.218	9731.000
1303.359	9933.000
1303.501	9669.000
1303.642	9927.000
1303.783	9708.000
1303.925	9849.000
1304.066	9754.000
1304.208	9861.000
1304.349	9717.000
1304.491	9830.000
1304.632	9708.000
1304.773	9795.000
1304.915	9710.000
1305.056	9863.000
1305.197	9654.000
1305.339	9789.000
1305.480	9856.000
1305.621	9845.000
1305.763	9746.000
1305.904	9809.000
1306.045	9696.000
1306.187	9813.000
1306.328	9695.000
1306.469	9837.000
1306.610	9624.000
1306.752	9937.000
1306.893	9760.000
1307.034	9869.000
1307.175	9664.000
1307.316	9833.000
1307.458	9728.000
1307.599	9810.000
1307.740	9646.000
1307.881	9741.000
1308.022	9646.000
1308.163	9805.000
1308.304	9707.000
1308.446	9793.000
1308.587	9587.000
1308.728	9743.000
1308.869	9655.000
1309.010	9713.000
1309.151	9649.000
1309.292	9748.000
1309.433	9565.000
1309.574	9764.000
1309.715	9529.000
1309.856	9750.000
1309.997	9640.000
1310.138	9832.000
1310.279	9628.000
1310.420	9692.000
1310.561	9571.000
1310.702	9660.000
1310.843	9617.000
1310.984	9785.000
1311.124	9561.000
1311.265	9741.000
1311.406	9468.000
1311.547	9706.000
1311.688	9583.000
1311.829	9715.000
1311.970	9522.000
1312.110	9690.000
1312.251	9698.000
1312.392	9621.000
1312.533	9580.000
1312.674	9702.000
1312.814	9505.000
1312.955	9708.000
1313.096	9492.000
1313.237	9726.000
1313.377	9528.000
1313.518	9607.000
1313.659	9498.000
1313.800	9620.000
1313.940	9528.000
1314.081	9562.000
1314.222	9385.000
1314.362	9590.000
1314.503	9567.000
1314.644	9660.000
1314.784	9491.000
1314.925	9645.000
1315.065	9439.000
1315.206	9583.000
1315.347	9420.000
1315.487	9578.000
1315.628	9373.000
1315.768	9524.000
1315.909	9514.000
1316.049	9574.000
1316.190	9433.000
1316.330	9563.000
1316.471	9406.000
1316.611	9563.000
1316.752	9320.000
1316.892	9539.000
1317.033	9368.000
1317.173	9402.000
1317.313	9271.000
1317.454	9451.000
1317.594	9435.000
1317.735	9415.000
1317.875	9339.000
1318.015	9472.000
1318.156	9364.000
1318.296	9459.000
1318.437	9306.000
1318.577	9521.000
1318.717	9294.000
1318.857	9404.000
1318.998	9264.000
1319.138	9459.000
1319.278	9294.000
1319.419	9343.000
1319.559	9320.000
1319.699	9362.000
1319.839	9236.000
1319.980	9295.000
1320.120	9223.000
1320.260	9430.000
1320.400	9293.000
1320.540	9336.000
1320.681	9246.000
1320.821	9357.000
1320.961	9254.000
1321.101	9286.000
1321.241	9190.000
1321.381	9322.000
1321.521	9142.000
1321.661	9291.000
1321.802	9199.000
1321.942	9296.000
1322.082	9164.000
1322.222	9253.000
1322.362	9134.000
1322.502	9358.000
1322.642	9226.000
1322.782	9295.000
1322.922	9191.000
1323.062	9325.000
1323.202	9098.000
1323.342	9260.000
1323.482	9225.000
1323.622	9342.000
1323.762	9210.000
1323.902	9234.000
1324.041	9195.000
1324.181	9243.000
1324.321	9121.000
1324.461	9267.000
1324.601	9152.000
1324.741	9258.000
1324.881	9124.000
1325.021	9225.000
1325.160	9120.000
1325.300	9331.000
1325.440	9146.000
1325.580	9286.000
1325.720	9086.000
1325.859	9272.000
1325.999	9123.000
1326.139	9283.000
1326.279	9110.000
1326.418	9316.000
1326.558	9084.000
1326.698	9238.000
1326.838	9105.000
1326.977	9239.000
1327.117	9103.000
1327.257	9254.000
1327.396	9133.000
1327.536	9199.000
1327.675	9175.000
1327.815	9187.000
1327.955	9182.000
1328.094	9289.000
1328.234	9118.000
1328.374	9193.000
1328.513	9068.000
1328.653	9240.000
1328.792	9111.000
1328.932	9164.000
1329.071	9111.000
1329.211	9190.000
1329.350	9114.000
1329.490	9249.000
1329.629	9079.000
1329.769	9190.000
1329.908	9140.000
1330.048	9195.000
1330.187	9091.000
1330.327	9269.000
1330.466	9131.000
1330.605	9211.000
1330.745	9155.000
1330.884	9248.000
1331.024	9119.000
1331.163	9182.000
1331.302	9089.000
1331.442	9219.000
1331.581	9070.000
1331.720	9150.000
1331.860	9154.000
1331.999	9203.000
1332.138	9058.000
1332.277	9106.000
1332.417	9057.000
1332.556	9263.000
1332.695	9048.000
1332.834	9158.000
1332.974	9087.000
1333.113	9251.000
1333.252	9613.000
1333.391	9157.000
1333.531	9067.000
1333.670	9168.000
1333.809	9000.000
1333.948	9187.000
1334.087	8993.000
1334.226	9244.000
1334.365	9001.000
1334.505	9067.000
1334.644	9083.000
1334.783	9096.000
1334.922	9008.000
1335.061	9091.000
1335.200	9024.000
1335.339	9205.000
1335.478	9000.000
1335.617	9062.000
1335.756	8969.000
1335.895	9059.000
1336.034	8957.000
1336.173	9100.000
1336.312	8988.000
1336.451	9060.000
1336.590	9045.000
1336.729	9057.000
1336.868	8912.000
1337.007	9141.000
1337.146	8965.000
1337.285	9022.000
1337.423	8914.000
1337.562	8966.000
1337.701	8943.000
1337.840	8998.000
1337.979	8917.000
1338.118	8912.000
1338.256	8883.000
1338.395	8944.000
1338.534	8900.000
1338.673	9031.000
1338.812	8874.000
1338.950	8980.000
1339.089	8909.000
1339.228	9056.000
1339.367	8912.000
1339.505	8947.000
1339.644	8934.000
1339.783	8960.000
1339.922	8898.000
1340.060	8940.000
1340.199	8877.000
1340.338	8925.000
1340.476	8904.000
1340.615	8987.000
1340.753	8977.000
1340.892	8944.000
1341.031	8865.000
1341.169	8917.000
1341.308	8877.000
1341.446	8941.000
1341.585	8848.000
1341.724	8996.000
1341.862	8884.000
1342.001	8967.000
1342.139	8850.000
1342.278	8914.000
1342.416	8877.000
1342.555	8951.000
1342.693	8781.000
1342.832	8988.000
1342.970	8865.000
1343.109	9004.000
1343.247	8916.000
1343.385	9029.000
1343.524	8830.000
1343.662	8978.000
1343.801	8851.000
1343.939	8940.000
1344.077	8803.000
1344.216	9026.000
1344.354	8822.000
1344.492	8992.000
1344.631	8839.000
1344.769	8968.000
1344.907	8801.000
1345.046	8909.000
1345.184	8839.000
1345.322	9005.000
1345.460	8872.000
1345.599	8995.000
1345.737	8929.000
1345.875	9050.000
1346.013	8916.000
1346.152	8917.000
1346.290	8900.000
1346.428	9052.000
1346.566	8868.000
1346.704	8976.000
1346.843	8874.000
1346.981	9041.000
1347.119	8801.000
1347.257	9008.000
1347.395	8834.000
1347.533	9072.000
1347.671	8957.000
1347.809	8995.000
1347.947	8841.000
1348.085	8951.000
1348.224	8853.000
1348.362	8917.000
1348.500	8829.000
1348.638	8964.000
1348.776	8840.000
1348.914	8884.000
1349.052	8825.000
1349.190	8947.000
1349.328	8888.000
1349.466	8938.000
1349.603	8809.000
1349.741	9009.000
1349.879	8797.000
1350.017	8912.000
1350.155	8805.000
1350.293	8954.000
1350.431	8709.000
1350.569	8988.000
1350.707	8882.000
1350.844	8824.000
1350.982	8814.000
1351.120	8964.000
1351.258	8742.000
1351.396	8917.000
1351.534	8803.000
1351.671	8873.000
1351.809	8749.000
1351.947	8862.000
1352.085	8768.000
1352.222	8811.000
1352.360	8782.000
1352.498	8858.000
1352.636	8745.000
1352.773	8819.000
1352.911	8692.000
1353.049	8943.000
1353.186	8839.000
1353.324	8829.000
1353.462	8808.000
1353.599	8843.000
1353.737	8753.000
1353.874	8821.000
1354.012	7659.000
1354.150	8810.000
1354.287	8689.000
1354.425	8760.000
1354.562	8617.000
1354.700	8842.000
1354.837	8667.000
1354.975	8809.000
1355.112	8725.000
1355.250	8811.000
1355.387	8695.000
1355.525	8729.000
1355.662	8629.000
1355.800	8768.000
1355.937	8691.000
1356.075	8761.000
1356.212	8596.000
1356.350	8774.000
1356.487	8537.000
1356.624	8657.000
1356.762	8605.000
1356.899	8666.000
1357.037	8585.000
1357.174	8713.000
1357.311	8585.000
1357.449	8794.000
1357.586	8548.000
1357.723	8787.000
1357.860	8590.000
1357.998	8655.000
1358.135	8599.000
1358.272	8620.000
1358.410	8539.000
1358.547	8603.000
1358.684	8508.000
1358.821	8579.000
1358.959	8553.000
1359.096	8701.000
1359.233	8501.000
1359.370	8681.000
1359.507	8475.000
1359.644	8603.000
1359.782	8472.000
1359.919	8591.000
1360.056	8401.000
1360.193	8541.000
1360.330	8357.000
1360.467	8489.000
1360.604	8367.000
1360.741	8576.000
1360.878	8511.000
1361.015	8587.000
1361.152	8443.000
1361.290	8677.000
1361.427	8402.000
1361.564	8505.000
1361.701	8440.000
1361.838	8578.000
1361.975	8351.000
1362.112	8650.000
1362.248	12915.000
1362.385	8612.000
1362.522	8424.000
1362.659	8509.000
1362.796	8429.000
1362.933	8494.000
1363.070	8285.000
1363.207	8490.000
1363.344	8498.000
1363.481	8646.000
1363.617	8516.000
1363.754	8563.000
1363.891	8517.000
1364.028	8660.000
1364.165	8633.000
1364.302	8694.000
1364.438	8547.000
1364.575	8681.000
1364.712	8475.000
1364.849	8662.000
1364.985	8562.000
1365.122	8654.000
1365.259	8498.000
1365.396	8624.000
1365.532	8480.000
1365.669	8559.000
1365.806	8474.000
1365.942	8525.000
1366.079	8481.000
1366.216	8658.000
1366.352	8474.000
1366.489	8608.000
1366.625	8494.000
1366.762	8748.000
1366.899	8567.000
1367.035	8715.000
1367.172	8513.000
1367.308	8653.000
1367.445	8394.000
1367.581	8635.000
1367.718	8449.000
1367.855	8629.000
1367.991	8405.000
1368.128	8673.000
1368.264	8486.000
1368.401	8588.000
1368.537	8422.000
1368.673	8639.000
1368.810	8393.000
1368.946	8657.000
1369.083	8501.000
1369.219	8491.000
1369.356	8425.000
1369.492	8624.000
1369.628	8432.000
1369.765	8589.000
1369.901	8522.000
1370.037	8638.000
1370.174	8563.000
1370.310	8626.000
1370.446	8544.000
1370.583	8631.000
1370.719	8519.000
1370.855	8675.000
1370.992	8453.000
1371.128	8651.000
1371.264	8471.000
1371.400	8568.000
1371.537	8558.000
1371.673	8688.000
1371.809	8488.000
1371.945	8570.000
1372.081	8570.000
1372.218	8723.000
1372.354	8573.000
1372.490	8715.000
1372.626	8545.000
1372.762	8706.000
1372.898	8523.000
1373.034	8628.000
1373.170	8561.000
1373.307	8704.000
1373.443	8561.000
1373.579	8572.000
1373.715	8591.000
1373.851	8772.000
1373.987	8635.000
1374.123	8648.000
1374.259	8584.000
1374.395	8624.000
1374.531	8633.000
1374.667	8754.000
