829.593	3546.000
829.736	3698.000
829.879	3540.000
830.022	3765.000
830.166	3519.000
830.309	3797.000
830.452	3527.000
830.595	3733.000
830.738	3536.000
830.881	3740.000
831.024	3489.000
831.167	3784.000
831.310	3536.000
831.453	3684.000
831.597	3516.000
831.740	3806.000
831.883	3483.000
832.026	3794.000
832.169	3487.000
832.312	3807.000
832.455	3521.000
832.598	3814.000
832.741	3796.000
832.884	3807.000
833.027	3630.000
833.170	3736.000
833.314	3560.000
833.457	3710.000
833.600	3516.000
833.743	3721.000
833.886	3560.000
834.029	3768.000
834.172	3598.000
834.315	3732.000
834.458	3510.000
834.601	3734.000
834.744	3572.000
834.887	3729.000
835.030	3577.000
835.173	3769.000
835.316	3526.000
835.459	3763.000
835.602	3497.000
835.745	3778.000
835.889	3492.000
836.032	3723.000
836.175	3576.000
836.318	3675.000
836.461	3533.000
836.604	3719.000
836.747	3484.000
836.890	3709.000
837.033	3561.000
837.176	3754.000
837.319	3500.000
837.462	3738.000
837.605	3494.000
837.748	3742.000
837.891	3458.000
838.034	3670.000
838.177	3562.000
838.320	3685.000
838.463	3490.000
838.606	3636.000
838.749	3455.000
838.892	3761.000
839.035	3544.000
839.178	3673.000
839.321	3487.000
839.464	3689.000
839.607	3499.000
839.750	3660.000
839.893	3495.000
840.036	3697.000
840.179	3403.000
840.322	3686.000
840.465	3482.000
840.608	3649.000
840.751	3491.000
840.894	3732.000
841.037	3457.000
841.180	3675.000
841.323	3489.000
841.465	3688.000
841.608	3440.000
841.751	3647.000
841.894	3454.000
842.037	3651.000
842.180	3468.000
842.323	3634.000
842.466	3447.000
842.609	3679.000
842.752	3505.000
842.895	3670.000
843.038	3491.000
843.181	3640.000
843.324	3420.000
843.467	3640.000
843.610	3462.000
843.753	3678.000
843.896	3429.000
844.039	3563.000
844.181	3411.000
844.324	3572.000
844.467	3442.000
844.610	3669.000
844.753	3413.000
844.896	3620.000
845.039	3453.000
845.182	3589.000
845.325	3464.000
845.468	3647.000
845.611	3327.000
845.753	3653.000
845.896	3421.000
846.039	3604.000
846.182	3454.000
846.325	3661.000
846.468	3456.000
846.611	3621.000
846.754	3427.000
846.897	3594.000
847.040	3435.000
847.182	3696.000
847.325	3403.000
847.468	3644.000
847.611	3416.000
847.754	3549.000
847.897	3501.000
848.040	3626.000
848.183	3417.000
848.325	3626.000
848.468	3427.000
848.611	3587.000
848.754	3426.000
848.897	3597.000
849.040	3475.000
849.183	3629.000
849.326	3398.000
849.468	3632.000
849.611	3454.000
849.754	3648.000
849.897	3411.000
850.040	3572.000
850.183	3449.000
850.325	3682.000
850.468	3485.000
850.611	3597.000
850.754	3429.000
850.897	3637.000
851.040	3459.000
851.183	3592.000
851.325	3417.000
851.468	3574.000
851.611	3403.000
851.754	3651.000
851.897	3435.000
852.039	3645.000
852.182	3440.000
852.325	3654.000
852.468	3475.000
852.611	3589.000
852.754	3439.000
852.896	3629.000
853.039	3359.000
853.182	3596.000
853.325	3455.000
853.468	3613.000
853.610	3458.000
853.753	3632.000
853.896	3376.000
854.039	3629.000
854.182	3423.000
854.324	3559.000
854.467	3452.000
854.610	3636.000
854.753	3391.000
854.895	3631.000
855.038	3358.000
855.181	3552.000
855.324	3414.000
855.467	3624.000
855.609	3441.000
855.752	3631.000
855.895	3330.000
856.038	3511.000
856.180	3403.000
856.323	3581.000
856.466	3425.000
856.609	3658.000
856.752	3371.000
856.894	3574.000
857.037	3339.000
857.180	3621.000
857.323	3426.000
857.465	3648.000
857.608	3372.000
857.751	3559.000
857.894	3324.000
858.036	3640.000
858.179	3524.000
858.322	3556.000
858.464	3426.000
858.607	3556.000
858.750	3344.000
858.893	3603.000
859.035	3416.000
859.178	3639.000
859.321	3355.000
859.464	3627.000
859.606	3405.000
859.749	3565.000
859.892	3371.000
860.034	3630.000
860.177	3399.000
860.320	3579.000
860.463	3351.000
860.605	3570.000
860.748	3331.000
860.891	3551.000
861.033	3406.000
861.176	3595.000
861.319	3395.000
861.461	3613.000
861.604	3280.000
861.747	3612.000
861.890	3338.000
862.032	3576.000
862.175	3367.000
862.318	3639.000
862.460	3416.000
862.603	3581.000
862.746	3395.000
862.888	3613.000
863.031	3374.000
863.174	3553.000
863.316	3407.000
863.459	3648.000
863.602	3331.000
863.744	3557.000
863.887	3375.000
864.030	3597.000
864.172	3398.000
864.315	3582.000
864.458	3340.000
864.600	3607.000
864.743	3412.000
864.886	3624.000
865.028	3485.000
865.171	3635.000
865.314	3432.000
865.456	3573.000
865.599	3380.000
865.741	3561.000
865.884	3376.000
866.027	3647.000
866.169	3478.000
866.312	3657.000
866.455	3363.000
866.597	3628.000
866.740	3482.000
866.882	3581.000
867.025	3376.000
867.168	3626.000
867.310	3402.000
867.453	3610.000
867.596	3372.000
867.738	3640.000
867.881	3381.000
868.023	3584.000
868.166	3392.000
868.309	3620.000
868.451	3394.000
868.594	3589.000
868.736	3400.000
868.879	3632.000
869.022	3398.000
869.164	3692.000
869.307	3412.000
869.449	3562.000
869.592	3438.000
869.735	3670.000
869.877	3355.000
870.020	3602.000
870.162	3471.000
870.305	3629.000
870.447	3387.000
870.590	3568.000
870.733	3367.000
870.875	3595.000
871.018	3424.000
871.160	3587.000
871.303	3463.000
871.445	3626.000
871.588	3413.000
871.731	3594.000
871.873	3266.000
872.016	3614.000
872.158	3392.000
872.301	3590.000
872.443	3389.000
872.586	3637.000
872.728	3382.000
872.871	3591.000
873.013	3485.000
873.156	3507.000
873.299	3337.000
873.441	3616.000
873.584	3390.000
873.726	3572.000
873.869	3353.000
874.011	3619.000
874.154	3454.000
874.296	3631.000
874.439	3374.000
874.581	3613.000
874.724	3455.000
874.866	3612.000
875.009	3349.000
875.151	3655.000
875.294	3387.000
875.436	3538.000
875.579	3437.000
875.721	3573.000
875.864	3400.000
876.006	3661.000
876.149	3391.000
876.291	3495.000
876.434	3393.000
876.576	3624.000
876.719	3462.000
876.861	3552.000
877.004	3333.000
877.146	3644.000
877.289	3403.000
877.431	3557.000
877.574	3374.000
877.716	3623.000
877.859	3407.000
878.001	3591.000
878.144	3440.000
878.286	3629.000
878.429	3368.000
878.571	3636.000
878.714	3383.000
878.856	3549.000
878.998	3436.000
879.141	3598.000
879.283	3311.000
879.426	3631.000
879.568	3314.000
879.711	3533.000
879.853	3389.000
879.996	3623.000
880.138	3406.000
880.281	3550.000
880.423	3395.000
880.565	3503.000
880.708	3371.000
880.850	3586.000
880.993	3465.000
881.135	3512.000
881.278	3380.000
881.420	3546.000
881.562	3405.000
881.705	3595.000
881.847	3347.000
881.990	3499.000
882.132	3398.000
882.275	3582.000
882.417	3410.000
882.559	3579.000
882.702	3301.000
882.844	3601.000
882.987	3311.000
883.129	3589.000
883.271	3326.000
883.414	3622.000
883.556	3385.000
883.699	3662.000
883.841	3323.000
883.983	3693.000
884.126	3403.000
884.268	3574.000
884.411	3410.000
884.553	3575.000
884.695	3384.000
884.838	3520.000
884.980	3375.000
885.122	3612.000
885.265	3321.000
885.407	3572.000
885.550	3377.000
885.692	3575.000
885.834	3454.000
885.977	3606.000
886.119	3450.000
886.261	3567.000
886.404	3335.000
886.546	3623.000
886.689	3280.000
886.831	3620.000
886.973	3403.000
887.116	3569.000
887.258	3446.000
887.400	3545.000
887.543	3291.000
887.685	3518.000
887.827	3426.000
887.970	3640.000
888.112	3382.000
888.254	3571.000
888.397	3320.000
888.539	3581.000
888.681	3401.000
888.824	3560.000
888.966	3317.000
889.108	3600.000
889.251	3432.000
889.393	3566.000
889.535	3363.000
889.678	3586.000
889.820	3330.000
889.962	3602.000
890.105	3424.000
890.247	3539.000
890.389	3291.000
890.531	3565.000
890.674	3376.000
890.816	3680.000
890.958	3357.000
891.101	3606.000
891.243	3380.000
891.385	3576.000
891.528	3393.000
891.670	3600.000
891.812	3395.000
891.954	3611.000
892.097	3404.000
892.239	3572.000
892.381	3415.000
892.524	3632.000
892.666	3411.000
892.808	3621.000
892.950	3375.000
893.093	3520.000
893.235	3341.000
893.377	3645.000
893.519	3356.000
893.662	3563.000
893.804	3356.000
893.946	3550.000
894.088	3329.000
894.231	3558.000
894.373	3398.000
894.515	3568.000
894.657	3374.000
894.800	3613.000
894.942	3422.000
895.084	3577.000
895.226	3376.000
895.369	3616.000
895.511	3446.000
895.653	3591.000
895.795	3360.000
895.938	3630.000
896.080	3361.000
896.222	3576.000
896.364	3353.000
896.507	3566.000
896.649	3402.000
896.791	3582.000
896.933	3358.000
897.075	3572.000
897.218	3329.000
897.360	3528.000
897.502	3446.000
897.644	3549.000
897.787	3337.000
897.929	3548.000
898.071	3310.000
898.213	3625.000
898.355	3458.000
898.498	3543.000
898.640	3340.000
898.782	3527.000
898.924	3403.000
899.066	3586.000
899.208	3422.000
899.351	3628.000
899.493	3369.000
899.635	3584.000
899.777	3399.000
899.919	3590.000
900.062	3389.000
900.204	3619.000
900.346	3438.000
900.488	3629.000
900.630	3385.000
900.772	3458.000
900.915	3331.000
901.057	3612.000
901.199	3325.000
901.341	3553.000
901.483	3392.000
901.625	3581.000
901.768	3368.000
901.910	3569.000
902.052	3358.000
902.194	3629.000
902.336	3244.000
902.478	3631.000
902.620	3387.000
902.763	3574.000
902.905	3402.000
903.047	3617.000
903.189	3359.000
903.331	3537.000
903.473	3348.000
903.615	3539.000
903.758	3390.000
903.900	3562.000
904.042	3316.000
904.184	3566.000
904.326	3504.000
904.468	3616.000
904.610	3389.000
904.752	3614.000
904.895	3327.000
905.037	3538.000
905.179	3347.000
905.321	3587.000
905.463	3327.000
905.605	3669.000
905.747	3405.000
905.889	3623.000
906.031	3365.000
906.173	3569.000
906.316	3403.000
906.458	3599.000
906.600	3306.000
906.742	3547.000
906.884	3369.000
907.026	3582.000
907.168	3414.000
907.310	3558.000
907.452	3281.000
907.594	3579.000
907.736	3374.000
907.878	3535.000
908.021	3353.000
908.163	3576.000
908.305	3309.000
908.447	3571.000
908.589	3305.000
908.731	3625.000
908.873	3355.000
909.015	3638.000
909.157	3367.000
909.299	3546.000
909.441	3334.000
909.583	3515.000
909.725	3398.000
909.867	3668.000
910.009	3350.000
910.151	3580.000
910.293	3256.000
910.435	3547.000
910.577	3371.000
910.719	3588.000
910.862	3343.000
911.004	3552.000
911.146	3453.000
911.288	3535.000
911.430	3365.000
911.572	3593.000
911.714	3338.000
911.856	3575.000
911.998	3325.000
912.140	3622.000
912.282	3414.000
912.424	3493.000
912.566	3344.000
912.708	3566.000
912.850	3370.000
912.992	3470.000
913.134	3250.000
913.276	3544.000
913.418	3428.000
913.560	3577.000
913.702	3374.000
913.844	3634.000
913.986	3364.000
914.128	3557.000
914.270	3350.000
914.412	3569.000
914.554	3309.000
914.696	3543.000
914.838	3415.000
914.980	3576.000
915.122	3307.000
915.264	3550.000
915.406	3339.000
915.548	3593.000
915.690	3268.000
915.831	3555.000
915.973	3312.000
916.115	3500.000
916.257	3278.000
916.399	3479.000
916.541	3401.000
916.683	3502.000
916.825	3318.000
916.967	3532.000
917.109	3381.000
917.251	3548.000
917.393	3328.000
917.535	3553.000
917.677	3340.000
917.819	3526.000
917.961	3300.000
918.103	3563.000
918.245	3339.000
918.387	3517.000
918.528	3339.000
918.670	3510.000
918.812	3299.000
918.954	3480.000
919.096	3273.000
919.238	3577.000
919.380	3403.000
919.522	3485.000
919.664	3315.000
919.806	3526.000
919.948	3313.000
920.090	3498.000
920.231	3292.000
920.373	3524.000
920.515	3267.000
920.657	3487.000
920.799	3331.000
920.941	3528.000
921.083	3291.000
921.225	3488.000
921.367	3264.000
921.509	3543.000
921.650	3286.000
921.792	3477.000
921.934	3343.000
922.076	3517.000
922.218	3236.000
922.360	3501.000
922.502	3382.000
922.644	3574.000
922.785	3320.000
922.927	3474.000
923.069	3344.000
923.211	3459.000
923.353	3271.000
923.495	3498.000
923.637	3327.000
923.779	3494.000
923.920	3294.000
924.062	3466.000
924.204	3254.000
924.346	3514.000
924.488	3336.000
924.630	3550.000
924.771	3239.000
924.913	3530.000
925.055	3309.000
925.197	3525.000
925.339	3280.000
925.481	3532.000
925.623	3263.000
925.764	3510.000
925.906	3306.000
926.048	3488.000
926.190	3286.000
926.332	3582.000
926.473	3293.000
926.615	3487.000
926.757	3316.000
926.899	3473.000
927.041	3319.000
927.183	3538.000
927.324	3336.000
927.466	3433.000
927.608	3297.000
927.750	3530.000
927.892	3342.000
928.033	3484.000
928.175	3338.000
928.317	3484.000
928.459	3346.000
928.601	3579.000
928.742	3328.000
928.884	3487.000
929.026	3364.000
929.168	3505.000
929.310	3322.000
929.451	3592.000
929.593	3353.000
929.735	3543.000
929.877	3371.000
930.018	3538.000
930.160	3367.000
930.302	3499.000
930.444	3287.000
930.585	3542.000
930.727	3353.000
930.869	3478.000
931.011	3379.000
931.153	3544.000
931.294	3329.000
931.436	3478.000
931.578	3307.000
931.720	3589.000
931.861	3311.000
932.003	3510.000
932.145	3355.000
932.287	3606.000
932.428	3524.000
932.570	3538.000
932.712	3328.000
932.854	3520.000
932.995	3295.000
933.137	3587.000
933.279	3296.000
933.420	3564.000
933.562	3302.000
933.704	3463.000
933.846	3391.000
933.987	3506.000
934.129	3302.000
934.271	3506.000
934.412	3358.000
934.554	3575.000
934.696	3315.000
934.838	3473.000
934.979	3303.000
935.121	3470.000
935.263	3303.000
935.404	3522.000
935.546	3332.000
935.688	3508.000
935.830	3397.000
935.971	3509.000
936.113	3287.000
936.255	3621.000
936.396	3331.000
936.538	3510.000
936.680	3321.000
936.821	3473.000
936.963	3341.000
937.105	3474.000
937.246	3325.000
937.388	3449.000
937.530	3342.000
937.671	3414.000
937.813	3340.000
937.955	3494.000
938.096	3331.000
938.238	3523.000
938.380	3331.000
938.521	3527.000
938.663	3302.000
938.805	3516.000
938.946	3332.000
939.088	3501.000
939.230	3349.000
939.371	3477.000
939.513	3365.000
939.655	3447.000
939.796	3358.000
939.938	3529.000
940.080	3397.000
940.221	3502.000
940.363	3305.000
940.504	3446.000
940.646	3322.000
940.788	3490.000
940.929	3310.000
941.071	3539.000
941.213	3327.000
941.354	3515.000
941.496	3289.000
941.637	3481.000
941.779	3297.000
941.921	3470.000
942.062	3261.000
942.204	3537.000
942.346	3312.000
942.487	3556.000
942.629	3340.000
942.770	3563.000
942.912	3299.000
943.054	3547.000
943.195	3320.000
943.337	3498.000
943.478	3299.000
943.620	3558.000
943.761	3287.000
943.903	3555.000
944.045	3365.000
944.186	3530.000
944.328	3293.000
944.469	3521.000
944.611	3310.000
944.753	3537.000
944.894	3332.000
945.036	3538.000
945.177	3379.000
945.319	3562.000
945.460	3382.000
945.602	3513.000
945.744	3355.000
945.885	3586.000
946.027	3316.000
946.168	3578.000
946.310	3321.000
946.451	3589.000
946.593	3320.000
946.734	3575.000
946.876	3322.000
947.018	3589.000
947.159	3405.000
947.301	3580.000
947.442	3314.000
947.584	3528.000
947.725	3339.000
947.867	3496.000
948.008	3370.000
948.150	3534.000
948.291	3383.000
948.433	3556.000
948.574	3373.000
948.716	3575.000
948.857	3392.000
948.999	3552.000
949.140	3340.000
949.282	3579.000
949.424	3364.000
949.565	3554.000
949.707	3330.000
949.848	3525.000
949.990	3298.000
950.131	3570.000
950.273	3403.000
950.414	3506.000
950.556	3411.000
950.697	3644.000
950.839	3324.000
950.980	3558.000
951.122	3389.000
951.263	3538.000
951.404	3329.000
951.546	3489.000
951.687	3347.000
951.829	3495.000
951.970	3346.000
952.112	3550.000
952.253	3361.000
952.395	3534.000
952.536	3352.000
952.678	3609.000
952.819	3385.000
952.961	3541.000
953.102	3442.000
953.244	3553.000
953.385	3376.000
953.527	3570.000
953.668	2981.000
953.809	3528.000
953.951	3366.000
954.092	3524.000
954.234	3261.000
954.375	3508.000
954.517	3319.000
954.658	3543.000
954.800	3420.000
954.941	3546.000
955.082	3369.000
955.224	3525.000
955.365	3371.000
955.507	3579.000
955.648	3387.000
955.790	3554.000
955.931	3263.000
956.072	3575.000
956.214	3349.000
956.355	3488.000
956.497	3368.000
956.638	3486.000
956.780	3326.000
956.921	3563.000
957.062	3341.000
957.204	3579.000
957.345	3281.000
957.487	3622.000
957.628	3367.000
957.769	3481.000
957.911	3389.000
958.052	3495.000
958.194	3331.000
958.335	3443.000
958.476	3277.000
958.618	3465.000
958.759	3308.000
958.901	3577.000
959.042	3317.000
959.183	3536.000
959.325	3286.000
959.466	3473.000
959.607	3285.000
959.749	3494.000
959.890	3234.000
960.032	3497.000
960.173	3230.000
960.314	3466.000
960.456	3227.000
960.597	3491.000
960.738	3369.000
960.880	3470.000
961.021	3303.000
961.162	3555.000
961.304	3256.000
961.445	3467.000
961.586	3310.000
961.728	3538.000
961.869	3295.000
962.011	3583.000
962.152	4907.000
962.293	3556.000
962.435	3309.000
962.576	3517.000
962.717	3323.000
962.859	3479.000
963.000	3231.000
963.141	3472.000
963.283	3420.000
963.424	3583.000
963.565	3376.000
963.706	3490.000
963.848	3295.000
963.989	3516.000
964.130	3398.000
964.272	3569.000
964.413	3328.000
964.554	3519.000
964.696	3300.000
964.837	3523.000
964.978	3360.000
965.120	3562.000
965.261	3369.000
965.402	3544.000
965.543	3357.000
965.685	3512.000
965.826	3300.000
965.967	3486.000
966.109	3312.000
966.250	3601.000
966.391	3317.000
966.532	3552.000
966.674	3329.000
966.815	3580.000
966.956	3349.000
967.098	3566.000
967.239	3316.000
967.380	3551.000
967.521	3247.000
967.663	3527.000
967.804	3290.000
967.945	3548.000
968.086	3273.000
968.228	3558.000
968.369	3341.000
968.510	3550.000
968.651	3336.000
968.793	3595.000
968.934	3262.000
969.075	3528.000
969.216	3375.000
969.358	3487.000
969.499	3304.000
969.640	3551.000
969.781	3314.000
969.923	3515.000
970.064	3325.000
970.205	3495.000
970.346	3348.000
970.488	3499.000
970.629	3386.000
970.770	3499.000
970.911	3369.000
971.053	3570.000
971.194	3281.000
971.335	3519.000
971.476	3284.000
971.617	3503.000
971.759	3395.000
971.900	3569.000
972.041	3344.000
972.182	3525.000
972.323	3388.000
972.465	3583.000
972.606	3354.000
972.747	3600.000
972.888	3391.000
973.029	3596.000
973.171	3373.000
973.312	3534.000
973.453	3348.000
973.594	3568.000
973.735	3345.000
973.877	3454.000
974.018	3401.000
974.159	3579.000
974.300	3423.000
974.441	3530.000
974.582	3345.000
974.724	3464.000
974.865	3439.000
975.006	3592.000
