1029.870	8824.000
1030.015	8811.000
1030.160	8820.000
1030.305	8875.000
1030.449	8800.000
1030.594	8922.000
1030.739	8774.000
1030.884	8872.000
1031.029	8784.000
1031.173	8860.000
1031.318	8759.000
1031.463	8889.000
1031.608	8803.000
1031.752	8759.000
1031.897	8789.000
1032.042	8930.000
1032.187	8717.000
1032.331	8884.000
1032.476	8749.000
1032.621	8875.000
1032.765	8709.000
1032.910	8784.000
1033.055	8884.000
1033.200	8833.000
1033.344	8825.000
1033.489	8836.000
1033.634	8800.000
1033.778	8777.000
1033.923	8751.000
1034.068	8817.000
1034.212	8806.000
1034.357	8856.000
1034.502	8799.000
1034.646	8845.000
1034.791	8727.000
1034.935	8810.000
1035.080	8814.000
1035.225	8714.000
1035.369	8813.000
1035.514	8820.000
1035.658	8762.000
1035.803	8831.000
1035.947	8738.000
1036.092	8844.000
1036.237	8715.000
1036.381	8822.000
1036.526	8797.000
1036.670	8757.000
1036.815	8758.000
1036.959	8775.000
1037.104	8728.000
1037.248	8748.000
1037.393	8797.000
1037.537	8819.000
1037.682	8731.000
1037.826	8775.000
1037.971	8672.000
1038.115	8733.000
1038.260	8670.000
1038.404	8713.000
1038.549	8725.000
1038.693	8724.000
1038.838	8668.000
1038.982	8702.000
1039.126	8649.000
1039.271	8732.000
1039.415	8687.000
1039.560	8635.000
1039.704	8644.000
1039.848	8722.000
1039.993	8656.000
1040.137	8655.000
1040.282	8673.000
1040.426	8706.000
1040.570	8617.000
1040.715	8656.000
1040.859	8608.000
1041.003	8613.000
1041.148	8638.000
1041.292	8729.000
1041.436	8570.000
1041.581	8669.000
1041.725	8655.000
1041.869	8627.000
1042.014	8562.000
1042.158	8574.000
1042.302	8515.000
1042.447	8585.000
1042.591	8530.000
1042.735	8569.000
1042.879	8535.000
1043.024	8586.000
1043.168	8581.000
1043.312	8573.000
1043.456	8571.000
1043.601	8557.000
1043.745	8481.000
1043.889	8564.000
1044.033	8541.000
1044.178	8586.000
1044.322	8497.000
1044.466	8492.000
1044.610	8466.000
1044.754	8431.000
1044.899	8470.000
1045.043	8573.000
1045.187	8465.000
1045.331	8533.000
1045.475	8446.000
1045.619	8476.000
1045.763	8496.000
1045.908	8555.000
1046.052	8369.000
1046.196	8587.000
1046.340	8442.000
1046.484	8483.000
1046.628	8515.000
1046.772	8557.000
1046.916	8517.000
1047.060	8543.000
1047.205	8485.000
1047.349	8503.000
1047.493	8504.000
1047.637	8610.000
1047.781	8468.000
1047.925	8554.000
1048.069	8419.000
1048.213	8495.000
1048.357	8586.000
1048.501	8556.000
1048.645	8482.000
1048.789	8546.000
1048.933	8510.000
1049.077	8523.000
1049.221	8440.000
1049.365	8500.000
1049.509	8534.000
1049.653	8576.000
1049.797	8492.000
1049.941	8555.000
1050.085	8500.000
1050.229	8583.000
1050.373	8508.000
1050.517	8466.000
1050.660	8491.000
1050.804	8603.000
1050.948	8570.000
1051.092	8539.000
1051.236	8481.000
1051.380	8582.000
1051.524	8516.000
1051.668	8497.000
1051.812	8399.000
1051.956	8519.000
1052.099	8429.000
1052.243	8565.000
1052.387	8511.000
1052.531	8584.000
1052.675	8507.000
1052.819	8521.000
1052.962	8460.000
1053.106	8485.000
1053.250	8452.000
1053.394	8544.000
1053.538	8422.000
1053.681	8525.000
1053.825	8490.000
1053.969	8485.000
1054.113	8456.000
1054.257	8547.000
1054.400	8393.000
1054.544	8511.000
1054.688	8476.000
1054.832	8484.000
1054.975	8516.000
1055.119	8540.000
1055.263	8371.000
1055.407	8520.000
1055.550	8309.000
1055.694	8452.000
1055.838	8428.000
1055.981	8551.000
1056.125	8428.000
1056.269	8502.000
1056.412	8332.000
1056.556	8375.000
1056.700	8420.000
1056.843	8443.000
1056.987	8418.000
1057.131	8519.000
1057.274	8371.000
1057.418	8426.000
1057.562	8328.000
1057.705	8453.000
1057.849	8370.000
1057.992	8496.000
1058.136	8306.000
1058.280	8410.000
1058.423	8281.000
1058.567	8479.000
1058.710	8431.000
1058.854	8427.000
1058.997	8427.000
1059.141	8392.000
1059.285	8307.000
1059.428	8427.000
1059.572	8384.000
1059.715	8470.000
1059.859	8303.000
1060.002	8428.000
1060.146	8316.000
1060.289	8423.000
1060.433	8266.000
1060.576	8499.000
1060.720	8317.000
1060.863	8413.000
1061.007	8304.000
1061.150	8395.000
1061.294	8276.000
1061.437	8390.000
1061.580	8355.000
1061.724	8464.000
1061.867	8350.000
1062.011	8422.000
1062.154	8193.000
1062.298	8463.000
1062.441	8296.000
1062.584	8443.000
1062.728	8315.000
1062.871	8507.000
1063.015	8446.000
1063.158	8640.000
1063.301	8679.000
1063.445	8930.000
1063.588	8808.000
1063.731	8972.000
1063.875	8915.000
1064.018	9097.000
1064.161	8956.000
1064.305	9156.000
1064.448	9115.000
1064.591	9247.000
1064.735	9045.000
1064.878	8803.000
1065.021	8460.000
1065.165	8521.000
1065.308	8326.000
1065.451	8452.000
1065.594	8446.000
1065.738	8499.000
1065.881	8391.000
1066.024	8380.000
1066.167	8289.000
1066.311	8435.000
1066.454	8272.000
1066.597	8463.000
1066.740	8471.000
1066.884	8472.000
1067.027	8331.000
1067.170	8535.000
1067.313	8459.000
1067.456	8404.000
1067.599	8299.000
1067.743	8455.000
1067.886	8333.000
1068.029	8433.000
1068.172	8331.000
1068.315	8468.000
1068.458	8324.000
1068.602	8418.000
1068.745	8379.000
1068.888	8433.000
1069.031	8342.000
1069.174	8428.000
1069.317	8388.000
1069.460	8458.000
1069.603	8322.000
1069.746	8581.000
1069.890	8407.000
1070.033	8392.000
1070.176	8419.000
1070.319	8497.000
1070.462	8297.000
1070.605	8467.000
1070.748	8462.000
1070.891	8491.000
1071.034	8324.000
1071.177	8409.000
1071.320	8395.000
1071.463	8458.000
1071.606	8384.000
1071.749	8439.000
1071.892	8384.000
1072.035	8494.000
1072.178	8377.000
1072.321	8459.000
1072.464	8212.000
1072.607	8523.000
1072.750	8340.000
1072.893	8426.000
1073.036	8322.000
1073.179	8501.000
1073.322	8339.000
1073.465	8427.000
1073.607	8421.000
1073.750	8356.000
1073.893	8225.000
1074.036	8465.000
1074.179	8314.000
1074.322	8387.000
1074.465	8271.000
1074.608	8516.000
1074.751	8384.000
1074.893	8425.000
1075.036	8277.000
1075.179	8435.000
1075.322	8369.000
1075.465	8448.000
1075.608	8246.000
1075.750	8451.000
1075.893	8298.000
1076.036	8283.000
1076.179	8310.000
1076.322	8370.000
1076.464	8287.000
1076.607	8520.000
1076.750	8263.000
1076.893	8320.000
1077.036	8345.000
1077.178	8547.000
1077.321	8415.000
1077.464	8443.000
1077.607	8311.000
1077.749	8534.000
1077.892	8335.000
1078.035	8460.000
1078.177	8329.000
1078.320	8457.000
1078.463	8357.000
1078.606	8412.000
1078.748	8382.000
1078.891	8442.000
1079.034	8305.000
1079.176	8460.000
1079.319	8235.000
1079.462	8341.000
1079.604	8321.000
1079.747	8409.000
1079.890	8228.000
1080.032	8473.000
1080.175	8217.000
1080.317	8366.000
1080.460	8280.000
1080.603	8418.000
1080.745	8338.000
1080.888	8397.000
1081.030	8302.000
1081.173	8309.000
1081.316	8251.000
1081.458	8336.000
1081.601	8364.000
1081.743	8329.000
1081.886	8283.000
1082.028	8338.000
1082.171	8333.000
1082.313	8400.000
1082.456	8324.000
1082.598	8332.000
1082.741	8284.000
1082.883	8412.000
1083.026	8318.000
1083.168	8411.000
1083.311	8258.000
1083.453	8454.000
1083.596	8252.000
1083.738	8452.000
1083.881	8271.000
1084.023	8526.000
1084.166	8327.000
1084.308	8555.000
1084.451	8267.000
1084.593	8585.000
1084.736	8332.000
1084.878	8507.000
1085.020	8379.000
1085.163	8493.000
1085.305	8418.000
1085.448	8418.000
1085.590	8403.000
1085.732	8544.000
1085.875	8373.000
1086.017	8499.000
1086.159	8421.000
1086.302	8545.000
1086.444	8484.000
1086.586	8570.000
1086.729	8510.000
1086.871	8610.000
1087.013	8459.000
1087.156	8608.000
1087.298	8129.000
1087.440	8680.000
1087.583	8586.000
1087.725	8611.000
1087.867	8616.000
1088.010	8595.000
1088.152	8473.000
1088.294	8636.000
1088.436	8619.000
1088.579	8789.000
1088.721	8572.000
1088.863	8687.000
1089.005	8598.000
1089.148	8770.000
1089.290	8645.000
1089.432	8717.000
1089.574	8612.000
1089.716	8795.000
1089.859	8712.000
1090.001	8767.000
1090.143	8611.000
1090.285	8806.000
1090.427	8633.000
1090.569	8800.000
1090.712	8648.000
1090.854	8652.000
1090.996	8462.000
1091.138	8607.000
1091.280	8519.000
1091.422	8725.000
1091.564	8411.000
1091.707	8516.000
1091.849	8383.000
1091.991	8454.000
1092.133	8322.000
1092.275	8442.000
1092.417	8316.000
1092.559	8391.000
1092.701	8255.000
1092.843	8382.000
1092.985	8271.000
1093.127	8437.000
1093.269	8301.000
1093.411	8411.000
1093.554	8241.000
1093.696	8346.000
1093.838	8213.000
1093.980	8416.000
1094.122	8202.000
1094.264	8323.000
1094.406	8242.000
1094.548	8331.000
1094.690	8243.000
1094.832	8446.000
1094.973	8391.000
1095.115	8571.000
1095.257	8491.000
1095.399	8761.000
1095.541	8655.000
1095.683	8688.000
1095.825	8569.000
1095.967	8677.000
1096.109	8536.000
1096.251	8570.000
1096.393	8365.000
1096.535	8514.000
1096.677	8374.000
1096.819	8420.000
1096.960	8265.000
1097.102	8389.000
1097.244	8287.000
1097.386	8373.000
1097.528	8260.000
1097.670	8388.000
1097.812	8243.000
1097.953	8342.000
1098.095	8331.000
1098.237	8381.000
1098.379	8229.000
1098.521	8321.000
1098.662	8184.000
1098.804	8428.000
1098.946	8326.000
1099.088	8319.000
1099.230	8229.000
1099.371	8274.000
1099.513	8257.000
1099.655	8364.000
1099.797	8314.000
1099.938	8437.000
1100.080	8248.000
1100.222	8359.000
1100.364	8238.000
1100.505	8367.000
1100.647	8227.000
1100.789	8397.000
1100.931	8302.000
1101.072	8417.000
1101.214	8294.000
1101.356	8238.000
1101.497	8208.000
1101.639	8395.000
1101.781	8146.000
1101.922	8295.000
1102.064	8210.000
1102.206	8290.000
1102.347	8189.000
1102.489	8326.000
1102.631	8219.000
1102.772	8383.000
1102.914	8116.000
1103.055	8369.000
1103.197	8208.000
1103.339	8339.000
1103.480	8210.000
1103.622	8347.000
1103.763	8232.000
1103.905	8324.000
1104.046	8190.000
1104.188	8326.000
1104.330	8200.000
1104.471	8331.000
1104.613	8171.000
1104.754	8319.000
1104.896	8350.000
1105.037	8352.000
1105.179	8218.000
1105.320	8368.000
1105.462	8196.000
1105.603	8331.000
1105.745	8189.000
1105.886	8366.000
1106.028	8113.000
1106.169	8455.000
1106.311	8279.000
1106.452	8403.000
1106.594	8216.000
1106.735	8363.000
1106.876	8240.000
1107.018	8385.000
1107.159	8192.000
1107.301	8329.000
1107.442	8214.000
1107.584	8373.000
1107.725	8283.000
1107.866	8371.000
1108.008	8155.000
1108.149	8343.000
1108.291	8253.000
1108.432	8348.000
1108.573	8253.000
1108.715	8382.000
1108.856	8156.000
1108.997	8400.000
1109.139	8138.000
1109.280	8381.000
1109.421	8262.000
1109.563	8496.000
1109.704	8260.000
1109.845	8386.000
1109.987	8235.000
1110.128	8311.000
1110.269	8275.000
1110.410	8435.000
1110.552	8247.000
1110.693	8411.000
1110.834	8131.000
1110.975	8388.000
1111.117	8269.000
1111.258	8447.000
1111.399	8271.000
1111.540	8401.000
1111.682	8385.000
1111.823	8369.000
1111.964	8309.000
1112.105	8464.000
1112.247	8277.000
1112.388	8437.000
1112.529	8296.000
1112.670	8516.000
1112.811	8343.000
1112.952	8426.000
1113.094	8272.000
1113.235	8466.000
1113.376	8353.000
1113.517	8404.000
1113.658	8270.000
1113.799	8497.000
1113.940	8455.000
1114.082	8559.000
1114.223	8420.000
1114.364	8569.000
1114.505	8423.000
1114.646	8575.000
1114.787	8401.000
1114.928	8551.000
1115.069	8334.000
1115.210	8565.000
1115.351	8508.000
1115.492	8673.000
1115.633	8517.000
1115.774	8681.000
1115.916	8521.000
1116.057	8670.000
1116.198	8476.000
1116.339	8703.000
1116.480	8545.000
1116.621	8634.000
1116.762	8530.000
1116.903	8711.000
1117.044	8720.000
1117.185	8738.000
1117.326	8662.000
1117.466	8835.000
1117.607	8755.000
1117.748	8927.000
1117.889	8789.000
1118.030	8979.000
1118.171	8860.000
1118.312	8971.000
1118.453	8851.000
1118.594	9093.000
1118.735	8963.000
1118.876	9042.000
1119.017	9047.000
1119.158	9153.000
1119.298	9075.000
1119.439	9158.000
1119.580	9171.000
1119.721	9408.000
1119.862	9304.000
1120.003	9435.000
1120.144	9375.000
1120.284	9579.000
1120.425	9491.000
1120.566	9567.000
1120.707	9559.000
1120.848	9804.000
1120.989	9687.000
1121.129	9907.000
1121.270	9860.000
1121.411	10060.000
1121.552	10006.000
1121.693	10173.000
1121.833	10128.000
1121.974	10373.000
1122.115	10363.000
1122.256	10532.000
1122.396	10560.000
1122.537	10758.000
1122.678	10634.000
1122.819	10890.000
1122.959	11052.000
1123.100	11261.000
1123.241	11267.000
1123.381	11444.000
1123.522	11589.000
1123.663	11665.000
1123.803	11711.000
1123.944	11951.000
1124.085	12012.000
1124.225	12291.000
1124.366	12385.000
1124.507	12667.000
1124.647	12750.000
1124.788	13124.000
1124.929	13181.000
1125.069	13460.000
1125.210	13522.000
1125.351	13796.000
1125.491	13831.000
1125.632	14080.000
1125.772	14109.000
1125.913	14574.000
1126.054	14725.000
1126.194	15033.000
1126.335	15224.000
1126.475	15533.000
1126.616	15723.000
1126.756	16084.000
1126.897	16362.000
1127.037	16579.000
1127.178	16863.000
1127.318	16995.000
1127.459	17317.000
1127.600	17568.000
1127.740	17720.000
1127.881	17801.000
1128.021	18014.000
1128.162	18287.000
1128.302	18518.000
1128.442	18724.000
1128.583	18892.000
1128.723	18972.000
1128.864	19057.000
1129.004	19087.000
1129.145	18975.000
1129.285	18962.000
1129.426	18949.000
1129.566	18830.000
1129.706	18591.000
1129.847	18382.000
1129.987	18059.000
1130.128	17705.000
1130.268	17287.000
1130.408	16780.000
1130.549	16040.000
1130.689	15255.000
1130.830	14437.000
1130.970	13646.000
1131.110	12641.000
1131.251	11859.000
1131.391	11156.000
1131.531	10612.000
1131.672	10075.000
1131.812	9785.000
1131.952	9531.000
1132.093	9614.000
1132.233	9327.000
1132.373	9381.000
1132.513	9309.000
1132.654	9478.000
1132.794	9853.000
1132.934	9422.000
1133.075	9298.000
1133.215	9463.000
1133.355	9254.000
1133.495	9437.000
1133.636	9250.000
1133.776	9380.000
1133.916	9259.000
1134.056	9339.000
1134.196	9539.000
1134.337	9857.000
1134.477	10177.000
1134.617	10760.000
1134.757	11302.000
1134.897	12013.000
1135.038	12338.000
1135.178	12734.000
1135.318	12762.000
1135.458	12479.000
1135.598	11862.000
1135.738	11263.000
1135.879	10539.000
1136.019	10035.000
1136.159	9592.000
1136.299	9352.000
1136.439	9067.000
1136.579	9159.000
1136.719	8871.000
1136.859	8880.000
1136.999	8715.000
1137.140	8699.000
1137.280	8667.000
1137.420	8669.000
1137.560	8526.000
1137.700	8514.000
1137.840	8490.000
1137.980	8509.000
1138.120	8395.000
1138.260	8507.000
1138.400	8357.000
1138.540	8436.000
1138.680	8302.000
1138.820	8467.000
1138.960	8297.000
1139.100	8345.000
1139.240	8323.000
1139.380	8357.000
1139.520	8267.000
1139.660	8346.000
1139.800	8252.000
1139.940	8291.000
1140.080	8282.000
1140.220	8322.000
1140.360	8299.000
1140.500	8344.000
1140.640	8216.000
1140.780	8266.000
1140.919	8215.000
1141.059	8303.000
1141.199	8200.000
1141.339	8342.000
1141.479	8233.000
1141.619	8355.000
1141.759	8188.000
1141.899	8258.000
1142.039	8168.000
1142.178	8312.000
1142.318	8152.000
1142.458	8349.000
1142.598	8187.000
1142.738	8377.000
1142.878	8249.000
1143.017	8378.000
1143.157	8184.000
1143.297	8340.000
1143.437	8198.000
1143.577	8318.000
1143.716	8179.000
1143.856	8369.000
1143.996	8161.000
1144.136	8368.000
1144.275	8216.000
1144.415	8373.000
1144.555	8183.000
1144.695	8317.000
1144.834	8210.000
1144.974	8369.000
1145.114	8227.000
1145.254	8340.000
1145.393	8309.000
1145.533	8414.000
1145.673	8289.000
1145.812	8328.000
1145.952	8282.000
1146.092	8442.000
1146.231	8249.000
1146.371	8380.000
1146.511	8281.000
1146.650	8457.000
1146.790	8220.000
1146.930	8424.000
1147.069	8228.000
1147.209	8506.000
1147.349	8378.000
1147.488	8429.000
1147.628	8248.000
1147.767	8371.000
1147.907	8296.000
1148.047	8378.000
1148.186	8318.000
1148.326	8427.000
1148.465	8315.000
1148.605	8379.000
1148.744	8320.000
1148.884	8435.000
1149.024	8347.000
1149.163	8382.000
1149.303	8317.000
1149.442	8487.000
1149.582	8277.000
1149.721	8412.000
1149.861	8275.000
1150.000	8409.000
1150.140	8207.000
1150.279	8455.000
1150.419	8360.000
1150.558	8343.000
1150.698	8351.000
1150.837	8494.000
1150.977	8273.000
1151.116	8419.000
1151.255	8337.000
1151.395	8392.000
1151.534	8253.000
1151.674	8380.000
1151.813	8281.000
1151.953	8325.000
1152.092	8315.000
1152.231	8413.000
1152.371	8307.000
1152.510	8385.000
1152.650	8258.000
1152.789	8469.000
1152.928	8398.000
1153.068	8426.000
1153.207	8407.000
1153.346	8455.000
1153.486	8315.000
1153.625	8437.000
1153.764	7139.000
1153.904	8408.000
1154.043	8315.000
1154.182	8383.000
1154.322	8211.000
1154.461	8420.000
1154.600	8291.000
1154.740	8466.000
1154.879	8364.000
1155.018	8419.000
1155.157	8338.000
1155.297	8394.000
1155.436	8290.000
1155.575	8482.000
1155.714	8348.000
1155.854	8409.000
1155.993	8241.000
1156.132	8401.000
1156.271	8208.000
1156.411	8310.000
1156.550	8300.000
1156.689	8339.000
1156.828	8257.000
1156.967	8374.000
1157.107	8206.000
1157.246	8418.000
1157.385	8184.000
1157.524	8432.000
1157.663	8271.000
1157.802	8331.000
1157.941	8277.000
1158.081	8299.000
1158.220	8222.000
1158.359	8283.000
1158.498	8142.000
1158.637	8207.000
1158.776	8172.000
1158.915	8319.000
1159.054	8181.000
1159.193	8338.000
1159.333	8115.000
1159.472	8257.000
1159.611	8116.000
1159.750	8243.000
1159.889	8074.000
1160.028	8242.000
1160.167	8081.000
1160.306	8206.000
1160.445	8077.000
1160.584	8256.000
1160.723	8199.000
1160.862	8264.000
1161.001	8109.000
1161.140	8358.000
1161.279	8103.000
1161.418	8212.000
1161.557	8149.000
1161.696	8317.000
1161.835	8123.000
1161.974	8377.000
1162.113	12599.000
1162.252	8357.000
1162.391	8178.000
1162.530	8286.000
1162.669	8205.000
1162.808	8291.000
1162.946	8090.000
1163.085	8274.000
1163.224	8239.000
1163.363	8387.000
1163.502	8239.000
1163.641	8291.000
1163.780	8173.000
1163.919	8288.000
1164.058	8275.000
1164.196	8375.000
1164.335	8206.000
1164.474	8324.000
1164.613	8148.000
1164.752	8342.000
1164.891	8225.000
1165.029	8362.000
1165.168	8225.000
1165.307	8336.000
1165.446	8240.000
1165.585	8347.000
1165.723	8204.000
1165.862	8273.000
1166.001	8187.000
1166.140	8348.000
1166.279	8150.000
1166.417	8337.000
1166.556	8187.000
1166.695	8418.000
1166.834	8251.000
1166.972	8371.000
1167.111	8200.000
1167.250	8359.000
1167.388	8087.000
1167.527	8354.000
1167.666	8181.000
1167.805	8367.000
1167.943	8168.000
1168.082	8437.000
1168.221	8230.000
1168.359	8361.000
1168.498	8226.000
1168.637	8395.000
1168.775	8202.000
1168.914	8449.000
1169.052	8310.000
1169.191	8340.000
1169.330	8227.000
1169.468	8460.000
1169.607	8310.000
1169.746	8416.000
1169.884	8279.000
1170.023	8427.000
1170.161	8320.000
1170.300	8398.000
1170.439	8330.000
1170.577	8420.000
1170.716	8297.000
1170.854	8468.000
1170.993	8225.000
1171.131	8417.000
1171.270	8194.000
1171.408	8378.000
1171.547	8341.000
1171.685	8464.000
1171.824	8308.000
1171.962	8386.000
1172.101	8298.000
1172.239	8453.000
1172.378	8299.000
1172.516	8502.000
1172.655	8278.000
1172.793	8483.000
1172.932	8315.000
1173.070	8382.000
1173.209	8334.000
1173.347	8446.000
1173.486	8318.000
1173.624	8334.000
1173.762	8334.000
1173.901	8545.000
1174.039	8402.000
1174.178	8381.000
1174.316	8348.000
1174.454	8360.000
1174.593	8400.000
1174.731	8496.000
