829.593	2216.000
829.736	2369.000
829.879	2188.000
830.022	2479.000
830.166	2177.000
830.309	2461.000
830.452	2168.000
830.595	2429.000
830.738	2190.000
830.881	2441.000
831.024	2135.000
831.167	2489.000
831.310	2189.000
831.453	2392.000
831.597	2165.000
831.740	2452.000
831.883	2150.000
832.026	2480.000
832.169	2130.000
832.312	2474.000
832.455	2130.000
832.598	2383.000
832.741	2274.000
832.884	2421.000
833.027	2237.000
833.170	2419.000
833.314	2188.000
833.457	2407.000
833.600	2200.000
833.743	2413.000
833.886	2185.000
834.029	2454.000
834.172	2237.000
834.315	2423.000
834.458	2167.000
834.601	2414.000
834.744	2254.000
834.887	2403.000
835.030	2242.000
835.173	2472.000
835.316	2174.000
835.459	2456.000
835.602	2157.000
835.745	2460.000
835.889	2144.000
836.032	2441.000
836.175	2222.000
836.318	2395.000
836.461	2204.000
836.604	2449.000
836.747	2162.000
836.890	2386.000
837.033	2220.000
837.176	2455.000
837.319	2151.000
837.462	2427.000
837.605	2159.000
837.748	2429.000
837.891	2162.000
838.034	2381.000
838.177	2231.000
838.320	2403.000
838.463	2163.000
838.606	2330.000
838.749	2121.000
838.892	2481.000
839.035	2206.000
839.178	2401.000
839.321	2150.000
839.464	2417.000
839.607	2159.000
839.750	2421.000
839.893	2192.000
840.036	2433.000
840.179	2131.000
840.322	2403.000
840.465	2149.000
840.608	2375.000
840.751	2216.000
840.894	2466.000
841.037	2147.000
841.180	2376.000
841.323	2196.000
841.465	2425.000
841.608	2160.000
841.751	2375.000
841.894	2150.000
842.037	2400.000
842.180	2212.000
842.323	2362.000
842.466	2154.000
842.609	2431.000
842.752	2217.000
842.895	2422.000
843.038	2195.000
843.181	2401.000
843.324	2115.000
843.467	2383.000
843.610	2158.000
843.753	2430.000
843.896	2144.000
844.039	2325.000
844.181	2126.000
844.324	2326.000
844.467	2163.000
844.610	2439.000
844.753	2144.000
844.896	2366.000
845.039	2168.000
845.182	2345.000
845.325	2173.000
845.468	2360.000
845.611	2043.000
845.753	2389.000
845.896	2124.000
846.039	2342.000
846.182	2146.000
846.325	2423.000
846.468	2178.000
846.611	2354.000
846.754	2171.000
846.897	2337.000
847.040	2164.000
847.182	2428.000
847.325	2129.000
847.468	2403.000
847.611	2107.000
847.754	2306.000
847.897	2227.000
848.040	2392.000
848.183	2179.000
848.325	2357.000
848.468	2136.000
848.611	2334.000
848.754	2138.000
848.897	2361.000
849.040	2189.000
849.183	2386.000
849.326	2114.000
849.468	2354.000
849.611	2176.000
849.754	2377.000
849.897	2116.000
850.040	2314.000
850.183	2163.000
850.325	2398.000
850.468	2190.000
850.611	2333.000
850.754	2147.000
850.897	2397.000
851.040	2171.000
851.183	2374.000
851.325	2144.000
851.468	2336.000
851.611	2129.000
851.754	2399.000
851.897	2170.000
852.039	2401.000
852.182	2157.000
852.325	2424.000
852.468	2176.000
852.611	2380.000
852.754	2172.000
852.896	2389.000
853.039	2114.000
853.182	2376.000
853.325	2170.000
853.468	2365.000
853.610	2169.000
853.753	2415.000
853.896	2083.000
854.039	2390.000
854.182	2157.000
854.324	2315.000
854.467	2181.000
854.610	2402.000
854.753	2100.000
854.895	2387.000
855.038	2080.000
855.181	2294.000
855.324	2171.000
855.467	2383.000
855.609	2175.000
855.752	2429.000
855.895	2064.000
856.038	2276.000
856.180	2166.000
856.323	2342.000
856.466	2173.000
856.609	2402.000
856.752	2130.000
856.894	2345.000
857.037	2115.000
857.180	2389.000
857.323	2165.000
857.465	2414.000
857.608	2094.000
857.751	2336.000
857.894	2086.000
858.036	2430.000
858.179	2255.000
858.322	2352.000
858.464	2199.000
858.607	2370.000
858.750	2157.000
858.893	2373.000
859.035	2157.000
859.178	2424.000
859.321	2089.000
859.464	2382.000
859.606	2134.000
859.749	2373.000
859.892	2102.000
860.034	2413.000
860.177	2149.000
860.320	2352.000
860.463	2084.000
860.605	2341.000
860.748	2093.000
860.891	2330.000
861.033	2135.000
861.176	2386.000
861.319	2133.000
861.461	2378.000
861.604	2037.000
861.747	2377.000
861.890	2104.000
862.032	2354.000
862.175	2108.000
862.318	2406.000
862.460	2153.000
862.603	2382.000
862.746	2122.000
862.888	2385.000
863.031	2116.000
863.174	2329.000
863.316	2163.000
863.459	2384.000
863.602	2086.000
863.744	2321.000
863.887	2101.000
864.030	2365.000
864.172	2139.000
864.315	2347.000
864.458	2085.000
864.600	2402.000
864.743	2160.000
864.886	2365.000
865.028	2190.000
865.171	2425.000
865.314	2167.000
865.456	2336.000
865.599	2140.000
865.741	2360.000
865.884	2119.000
866.027	2395.000
866.169	2226.000
866.312	2427.000
866.455	2117.000
866.597	2421.000
866.740	2219.000
866.882	2337.000
867.025	2114.000
867.168	2393.000
867.310	2142.000
867.453	2354.000
867.596	2138.000
867.738	2382.000
867.881	2133.000
868.023	2335.000
868.166	2146.000
868.309	2349.000
868.451	2148.000
868.594	2347.000
868.736	2142.000
868.879	2375.000
869.022	2144.000
869.164	2439.000
869.307	2153.000
869.449	2328.000
869.592	2152.000
869.735	2400.000
869.877	2106.000
870.020	2375.000
870.162	2234.000
870.305	2361.000
870.447	2163.000
870.590	2344.000
870.733	2121.000
870.875	2357.000
871.018	2175.000
871.160	2365.000
871.303	2173.000
871.445	2370.000
871.588	2143.000
871.731	2381.000
871.873	2008.000
872.016	2416.000
872.158	2151.000
872.301	2345.000
872.443	2147.000
872.586	2408.000
872.728	2155.000
872.871	2346.000
873.013	2226.000
873.156	2289.000
873.299	2083.000
873.441	2370.000
873.584	2130.000
873.726	2337.000
873.869	2103.000
874.011	2392.000
874.154	2212.000
874.296	2388.000
874.439	2120.000
874.581	2375.000
874.724	2187.000
874.866	2346.000
875.009	2119.000
875.151	2398.000
875.294	2107.000
875.436	2296.000
875.579	2180.000
875.721	2341.000
875.864	2129.000
876.006	2460.000
876.149	2133.000
876.291	2252.000
876.434	2154.000
876.576	2373.000
876.719	2171.000
876.861	2315.000
877.004	2064.000
877.146	2400.000
877.289	2139.000
877.431	2352.000
877.574	2101.000
877.716	2386.000
877.859	2189.000
878.001	2347.000
878.144	2185.000
878.286	2385.000
878.429	2131.000
878.571	2411.000
878.714	2123.000
878.856	2315.000
878.998	2180.000
879.141	2339.000
879.283	2069.000
879.426	2391.000
879.568	2079.000
879.711	2335.000
879.853	2121.000
879.996	2368.000
880.138	2135.000
880.281	2351.000
880.423	2133.000
880.565	2260.000
880.708	2110.000
880.850	2354.000
880.993	2221.000
881.135	2292.000
881.278	2138.000
881.420	2306.000
881.562	2158.000
881.705	2349.000
881.847	2088.000
881.990	2298.000
882.132	2121.000
882.275	2341.000
882.417	2127.000
882.559	2340.000
882.702	2048.000
882.844	2388.000
882.987	2073.000
883.129	2335.000
883.271	2089.000
883.414	2363.000
883.556	2120.000
883.699	2430.000
883.841	2081.000
883.983	2440.000
884.126	2111.000
884.268	2338.000
884.411	2149.000
884.553	2331.000
884.695	2127.000
884.838	2293.000
884.980	2142.000
885.122	2386.000
885.265	2087.000
885.407	2344.000
885.550	2109.000
885.692	2370.000
885.834	2207.000
885.977	2397.000
886.119	2205.000
886.261	2335.000
886.404	2087.000
886.546	2401.000
886.689	2076.000
886.831	2375.000
886.973	2179.000
887.116	2354.000
887.258	2203.000
887.400	2293.000
887.543	2028.000
887.685	2309.000
887.827	2152.000
887.970	2422.000
888.112	2118.000
888.254	2350.000
888.397	2081.000
888.539	2360.000
888.681	2166.000
888.824	2337.000
888.966	2057.000
889.108	2406.000
889.251	2164.000
889.393	2339.000
889.535	2100.000
889.678	2355.000
889.820	2072.000
889.962	2380.000
890.105	2184.000
890.247	2285.000
890.389	2068.000
890.531	2348.000
890.674	2137.000
890.816	2425.000
890.958	2125.000
891.101	2389.000
891.243	2144.000
891.385	2343.000
891.528	2142.000
891.670	2366.000
891.812	2125.000
891.954	2358.000
892.097	2144.000
892.239	2353.000
892.381	2139.000
892.524	2411.000
892.666	2150.000
892.808	2391.000
892.950	2142.000
893.093	2302.000
893.235	2091.000
893.377	2400.000
893.519	2105.000
893.662	2331.000
893.804	2102.000
893.946	2293.000
894.088	2089.000
894.231	2311.000
894.373	2129.000
894.515	2349.000
894.657	2129.000
894.800	2388.000
894.942	2172.000
895.084	2356.000
895.226	2120.000
895.369	2396.000
895.511	2183.000
895.653	2334.000
895.795	2108.000
895.938	2413.000
896.080	2108.000
896.222	2351.000
896.364	2118.000
896.507	2351.000
896.649	2170.000
896.791	2376.000
896.933	2101.000
897.075	2352.000
897.218	2104.000
897.360	2318.000
897.502	2213.000
897.644	2300.000
897.787	2068.000
897.929	2377.000
898.071	2046.000
898.213	2395.000
898.355	2181.000
898.498	2305.000
898.640	2123.000
898.782	2303.000
898.924	2176.000
899.066	2367.000
899.208	2136.000
899.351	2405.000
899.493	2136.000
899.635	2400.000
899.777	2176.000
899.919	2391.000
900.062	2139.000
900.204	2405.000
900.346	2175.000
900.488	2379.000
900.630	2148.000
900.772	2263.000
900.915	2088.000
901.057	2401.000
901.199	2078.000
901.341	2327.000
901.483	2137.000
901.625	2363.000
901.768	2130.000
901.910	2362.000
902.052	2130.000
902.194	2407.000
902.336	2038.000
902.478	2445.000
902.620	2161.000
902.763	2363.000
902.905	2174.000
903.047	2406.000
903.189	2164.000
903.331	2361.000
903.473	2120.000
903.615	2365.000
903.758	2177.000
903.900	2375.000
904.042	2107.000
904.184	2364.000
904.326	2302.000
904.468	2423.000
904.610	2190.000
904.752	2424.000
904.895	2114.000
905.037	2393.000
905.179	2123.000
905.321	2409.000
905.463	2120.000
905.605	2506.000
905.747	2174.000
905.889	2453.000
906.031	2186.000
906.173	2414.000
906.316	2199.000
906.458	2404.000
906.600	2078.000
906.742	2373.000
906.884	2142.000
907.026	2407.000
907.168	2198.000
907.310	2382.000
907.452	2078.000
907.594	2422.000
907.736	2167.000
907.878	2364.000
908.021	2153.000
908.163	2391.000
908.305	2115.000
908.447	2367.000
908.589	2095.000
908.731	2414.000
908.873	2169.000
909.015	2452.000
909.157	2170.000
909.299	2353.000
909.441	2117.000
909.583	2345.000
909.725	2182.000
909.867	2486.000
910.009	2127.000
910.151	2386.000
910.293	2075.000
910.435	2385.000
910.577	2170.000
910.719	2397.000
910.862	2149.000
911.004	2353.000
911.146	2234.000
911.288	2319.000
911.430	2155.000
911.572	2425.000
911.714	2099.000
911.856	2347.000
911.998	2098.000
912.140	2444.000
912.282	2186.000
912.424	2318.000
912.566	2144.000
912.708	2363.000
912.850	2139.000
912.992	2314.000
913.134	2054.000
913.276	2362.000
913.418	2203.000
913.560	2374.000
913.702	2197.000
913.844	2455.000
913.986	2141.000
914.128	2371.000
914.270	2145.000
914.412	2350.000
914.554	2062.000
914.696	2349.000
914.838	2211.000
914.980	2407.000
915.122	2104.000
915.264	2394.000
915.406	2156.000
915.548	2416.000
915.690	2059.000
915.831	2348.000
915.973	2116.000
916.115	2321.000
916.257	2081.000
916.399	2327.000
916.541	2221.000
916.683	2363.000
916.825	2109.000
916.967	2369.000
917.109	2205.000
917.251	2365.000
917.393	2136.000
917.535	2395.000
917.677	2135.000
917.819	2342.000
917.961	2137.000
918.103	2395.000
918.245	2164.000
918.387	2349.000
918.528	2144.000
918.670	2342.000
918.812	2107.000
918.954	2309.000
919.096	2082.000
919.238	2411.000
919.380	2192.000
919.522	2334.000
919.664	2129.000
919.806	2382.000
919.948	2142.000
920.090	2317.000
920.231	2098.000
920.373	2357.000
920.515	2093.000
920.657	2336.000
920.799	2152.000
920.941	2380.000
921.083	2116.000
921.225	2318.000
921.367	2113.000
921.509	2376.000
921.650	2137.000
921.792	2354.000
921.934	2163.000
922.076	2352.000
922.218	2069.000
922.360	2344.000
922.502	2202.000
922.644	2422.000
922.785	2156.000
922.927	2344.000
923.069	2175.000
923.211	2323.000
923.353	2122.000
923.495	2377.000
923.637	2185.000
923.779	2352.000
923.920	2114.000
924.062	2326.000
924.204	2089.000
924.346	2384.000
924.488	2160.000
924.630	2373.000
924.771	2074.000
924.913	2400.000
925.055	2125.000
925.197	2378.000
925.339	2131.000
925.481	2409.000
925.623	2114.000
925.764	2380.000
925.906	2130.000
926.048	2328.000
926.190	2140.000
926.332	2424.000
926.473	2152.000
926.615	2323.000
926.757	2176.000
926.899	2349.000
927.041	2158.000
927.183	2399.000
927.324	2175.000
927.466	2319.000
927.608	2159.000
927.750	2373.000
927.892	2182.000
928.033	2350.000
928.175	2188.000
928.317	2378.000
928.459	2208.000
928.601	2446.000
928.742	2175.000
928.884	2373.000
929.026	2230.000
929.168	2410.000
929.310	2208.000
929.451	2484.000
929.593	2242.000
929.735	2439.000
929.877	2235.000
930.018	2453.000
930.160	2241.000
930.302	2411.000
930.444	2199.000
930.585	2497.000
930.727	2278.000
930.869	2391.000
931.011	2277.000
931.153	2487.000
931.294	2231.000
931.436	2424.000
931.578	2218.000
931.720	2506.000
931.861	2241.000
932.003	2444.000
932.145	2269.000
932.287	2520.000
932.428	2356.000
932.570	2472.000
932.712	2250.000
932.854	2443.000
932.995	2227.000
933.137	2523.000
933.279	2236.000
933.420	2547.000
933.562	2239.000
933.704	2433.000
933.846	2307.000
933.987	2461.000
934.129	2257.000
934.271	2463.000
934.412	2273.000
934.554	2505.000
934.696	2251.000
934.838	2465.000
934.979	2258.000
935.121	2421.000
935.263	2235.000
935.404	2527.000
935.546	2309.000
935.688	2493.000
935.830	2363.000
935.971	2480.000
936.113	2290.000
936.255	2588.000
936.396	2290.000
936.538	2518.000
936.680	2309.000
936.821	2478.000
936.963	2321.000
937.105	2494.000
937.246	2351.000
937.388	2459.000
937.530	2319.000
937.671	2456.000
937.813	2348.000
937.955	2514.000
938.096	2336.000
938.238	2538.000
938.380	2350.000
938.521	2554.000
938.663	2320.000
938.805	2503.000
938.946	2329.000
939.088	2495.000
939.230	2339.000
939.371	2469.000
939.513	2316.000
939.655	2478.000
939.796	2345.000
939.938	2562.000
940.080	2378.000
940.221	2519.000
940.363	2328.000
940.504	2462.000
940.646	2320.000
940.788	2501.000
940.929	2342.000
941.071	2590.000
941.213	2351.000
941.354	2561.000
941.496	2331.000
941.637	2519.000
941.779	2341.000
941.921	2505.000
942.062	2295.000
942.204	2590.000
942.346	2331.000
942.487	2625.000
942.629	2397.000
942.770	2606.000
942.912	2328.000
943.054	2610.000
943.195	2385.000
943.337	2542.000
943.478	2383.000
943.620	2613.000
943.761	2358.000
943.903	2663.000
944.045	2418.000
944.186	2667.000
944.328	2408.000
944.469	2629.000
944.611	2435.000
944.753	2684.000
944.894	2433.000
945.036	2692.000
945.177	2506.000
945.319	2730.000
945.460	2534.000
945.602	2667.000
945.744	2505.000
945.885	2749.000
946.027	2505.000
946.168	2781.000
946.310	2506.000
946.451	2776.000
946.593	2539.000
946.734	2802.000
946.876	2526.000
947.018	2823.000
947.159	2666.000
947.301	2867.000
947.442	2590.000
947.584	2829.000
947.725	2621.000
947.867	2804.000
948.008	2655.000
948.150	2884.000
948.291	2719.000
948.433	2900.000
948.574	2740.000
948.716	2933.000
948.857	2766.000
948.999	2947.000
949.140	2743.000
949.282	3055.000
949.424	2821.000
949.565	3044.000
949.707	2863.000
949.848	3091.000
949.990	2857.000
950.131	3177.000
950.273	3019.000
950.414	3149.000
950.556	3028.000
950.697	3268.000
950.839	2930.000
950.980	3194.000
951.122	2966.000
951.263	3090.000
951.404	2877.000
951.546	3024.000
951.687	2848.000
951.829	3013.000
951.970	2806.000
952.112	3010.000
952.253	2769.000
952.395	2934.000
952.536	2720.000
952.678	2985.000
952.819	2779.000
952.961	2914.000
953.102	2771.000
953.244	2889.000
953.385	2680.000
953.527	2878.000
953.668	2444.000
953.809	2827.000
953.951	2612.000
954.092	2773.000
954.234	2511.000
954.375	2785.000
954.517	2560.000
954.658	2796.000
954.800	2631.000
954.941	2760.000
955.082	2592.000
955.224	2704.000
955.365	2552.000
955.507	2752.000
955.648	2561.000
955.790	2751.000
955.931	2484.000
956.072	2763.000
956.214	2487.000
956.355	2706.000
956.497	2524.000
956.638	2673.000
956.780	2518.000
956.921	2750.000
957.062	2496.000
957.204	2752.000
957.345	2447.000
957.487	2831.000
957.628	2556.000
957.769	2686.000
957.911	2579.000
958.052	2686.000
958.194	2517.000
958.335	2658.000
958.476	2477.000
958.618	2679.000
958.759	2524.000
958.901	2802.000
959.042	2534.000
959.183	2787.000
959.325	2528.000
959.466	2702.000
959.607	2517.000
959.749	2718.000
959.890	2449.000
960.032	2752.000
960.173	2469.000
960.314	2747.000
960.456	2540.000
960.597	2766.000
960.738	2649.000
960.880	2822.000
961.021	2575.000
961.162	2925.000
961.304	2561.000
961.445	2832.000
961.586	2664.000
961.728	2943.000
961.869	2686.000
962.011	3041.000
962.152	3546.000
962.293	3073.000
962.435	2910.000
962.576	3247.000
962.717	3203.000
962.859	3573.000
963.000	3387.000
963.141	3703.000
963.283	3535.000
963.424	3644.000
963.565	3251.000
963.706	3263.000
963.848	3001.000
963.989	3221.000
964.130	3103.000
964.272	3416.000
964.413	3258.000
964.554	3639.000
964.696	3537.000
964.837	3903.000
964.978	3595.000
965.120	3788.000
965.261	3340.000
965.402	3490.000
965.543	3124.000
965.685	3308.000
965.826	3012.000
965.967	3277.000
966.109	3054.000
966.250	3529.000
966.391	3243.000
966.532	3589.000
966.674	3285.000
966.815	3671.000
966.956	3244.000
967.098	3523.000
967.239	3169.000
967.380	3376.000
967.521	2991.000
967.663	3379.000
967.804	3070.000
967.945	3522.000
968.086	3219.000
968.228	3641.000
968.369	3354.000
968.510	3660.000
968.651	3319.000
968.793	3648.000
968.934	3208.000
969.075	3606.000
969.216	3371.000
969.358	3707.000
969.499	3596.000
969.640	4353.000
969.781	4203.000
969.923	4939.000
970.064	4736.000
970.205	5308.000
970.346	4730.000
970.488	4967.000
970.629	4421.000
970.770	4770.000
970.911	4379.000
971.053	4999.000
971.194	4537.000
971.335	5196.000
971.476	4569.000
971.617	4954.000
971.759	4411.000
971.900	4764.000
972.041	4064.000
972.182	4409.000
972.323	3978.000
972.465	4507.000
972.606	4056.000
972.747	4680.000
972.888	4300.000
973.029	5151.000
973.171	4709.000
973.312	5697.000
973.453	5453.000
973.594	6770.000
973.735	6133.000
973.877	7103.000
974.018	6398.000
974.159	7421.000
974.300	6341.000
974.441	7231.000
974.582	6375.000
974.724	7546.000
974.865	6628.000
975.006	7854.000
