1389.877	2204.000
1390.026	2372.000
1390.174	2166.000
1390.323	2464.000
1390.472	2157.000
1390.621	2449.000
1390.770	2146.000
1390.919	2419.000
1391.067	2187.000
1391.216	2426.000
1391.365	2133.000
1391.514	2480.000
1391.662	2191.000
1391.811	2389.000
1391.960	2182.000
1392.109	2479.000
1392.257	2136.000
1392.406	2458.000
1392.555	2126.000
1392.703	2462.000
1392.852	2140.000
1393.000	2393.000
1393.149	2281.000
1393.298	2421.000
1393.446	2226.000
1393.595	2430.000
1393.743	2200.000
1393.892	2397.000
1394.040	2183.000
1394.189	2402.000
1394.337	2185.000
1394.486	2475.000
1394.634	2248.000
1394.783	2402.000
1394.931	2137.000
1395.079	2401.000
1395.228	2251.000
1395.376	2423.000
1395.525	2216.000
1395.673	2490.000
1395.821	2145.000
1395.970	2448.000
1396.118	2165.000
1396.266	2473.000
1396.414	2172.000
1396.563	2450.000
1396.711	2211.000
1396.859	2386.000
1397.007	2215.000
1397.156	2455.000
1397.304	2184.000
1397.452	2393.000
1397.600	2217.000
1397.748	2471.000
1397.896	2145.000
1398.045	2447.000
1398.193	2167.000
1398.341	2435.000
1398.489	2151.000
1398.637	2398.000
1398.785	2217.000
1398.933	2399.000
1399.081	2151.000
1399.229	2375.000
1399.377	2104.000
1399.525	2473.000
1399.673	2200.000
1399.821	2385.000
1399.969	2157.000
1400.117	2404.000
1400.265	2188.000
1400.413	2424.000
1400.561	2179.000
1400.708	2391.000
1400.856	2131.000
1401.004	2387.000
1401.152	2149.000
1401.300	2385.000
1401.448	2207.000
1401.595	2469.000
1401.743	2180.000
1401.891	2384.000
1402.039	2176.000
1402.186	2402.000
1402.334	2140.000
1402.482	2387.000
1402.629	2167.000
1402.777	2376.000
1402.925	2226.000
1403.072	2377.000
1403.220	2154.000
1403.368	2410.000
1403.515	2193.000
1403.663	2401.000
1403.810	2175.000
1403.958	2392.000
1404.105	2116.000
1404.253	2398.000
1404.400	2163.000
1404.548	2400.000
1404.695	2136.000
1404.843	2327.000
1404.990	2122.000
1405.138	2326.000
1405.285	2166.000
1405.433	2413.000
1405.580	2149.000
1405.727	2355.000
1405.875	2124.000
1406.022	2331.000
1406.170	2159.000
1406.317	2390.000
1406.464	2021.000
1406.611	2375.000
1406.759	2135.000
1406.906	2338.000
1407.053	2163.000
1407.201	2404.000
1407.348	2164.000
1407.495	2354.000
1407.642	2148.000
1407.789	2335.000
1407.937	2165.000
1408.084	2427.000
1408.231	2114.000
1408.378	2400.000
1408.525	2095.000
1408.672	2282.000
1408.819	2222.000
1408.966	2369.000
1409.113	2159.000
1409.260	2376.000
1409.407	2126.000
1409.554	2307.000
1409.701	2122.000
1409.848	2339.000
1409.995	2180.000
1410.142	2378.000
1410.289	2107.000
1410.436	2380.000
1410.583	2169.000
1410.730	2381.000
1410.877	2114.000
1411.024	2317.000
1411.171	2153.000
1411.318	2411.000
1411.464	2173.000
1411.611	2337.000
1411.758	2143.000
1411.905	2388.000
1412.052	2175.000
1412.198	2359.000
1412.345	2135.000
1412.492	2345.000
1412.638	2109.000
1412.785	2392.000
1412.932	2172.000
1413.079	2376.000
1413.225	2156.000
1413.372	2405.000
1413.518	2171.000
1413.665	2329.000
1413.812	2152.000
1413.958	2385.000
1414.105	2103.000
1414.251	2358.000
1414.398	2157.000
1414.544	2360.000
1414.691	2177.000
1414.838	2405.000
1414.984	2103.000
1415.130	2366.000
1415.277	2140.000
1415.423	2319.000
1415.570	2182.000
1415.716	2381.000
1415.863	2098.000
1416.009	2383.000
1416.155	2087.000
1416.302	2291.000
1416.448	2154.000
1416.594	2400.000
1416.741	2141.000
1416.887	2405.000
1417.033	2066.000
1417.180	2260.000
1417.326	2134.000
1417.472	2340.000
1417.618	2164.000
1417.765	2382.000
1417.911	2110.000
1418.057	2314.000
1418.203	2102.000
1418.349	2372.000
1418.495	2160.000
1418.642	2423.000
1418.788	2090.000
1418.934	2326.000
1419.080	2070.000
1419.226	2388.000
1419.372	2242.000
1419.518	2324.000
1419.664	2192.000
1419.810	2332.000
1419.956	2103.000
1420.102	2361.000
1420.248	2149.000
1420.394	2411.000
1420.540	2087.000
1420.686	2383.000
1420.832	2113.000
1420.978	2344.000
1421.124	2095.000
1421.270	2443.000
1421.415	2144.000
1421.561	2380.000
1421.707	2067.000
1421.853	2348.000
1421.999	2072.000
1422.144	2323.000
1422.290	2132.000
1422.436	2373.000
1422.582	2144.000
1422.727	2362.000
1422.873	2022.000
1423.019	2367.000
1423.165	2100.000
1423.310	2353.000
1423.456	2095.000
1423.602	2416.000
1423.747	2148.000
1423.893	2345.000
1424.038	2106.000
1424.184	2379.000
1424.330	2116.000
1424.475	2312.000
1424.621	2138.000
1424.766	2368.000
1424.912	2095.000
1425.057	2305.000
1425.203	2113.000
1425.348	2352.000
1425.494	2123.000
1425.639	2341.000
1425.785	2068.000
1425.930	2374.000
1426.075	2161.000
1426.221	2357.000
1426.366	2162.000
1426.512	2408.000
1426.657	2149.000
1426.802	2310.000
1426.948	2110.000
1427.093	2321.000
1427.238	2103.000
1427.383	2422.000
1427.529	2208.000
1427.674	2377.000
1427.819	2115.000
1427.964	2430.000
1428.110	2219.000
1428.255	2330.000
1428.400	2112.000
1428.545	2392.000
1428.690	2137.000
1428.835	2347.000
1428.981	2138.000
1429.126	2395.000
1429.271	2139.000
1429.416	2338.000
1429.561	2121.000
1429.706	2334.000
1429.851	2165.000
1429.996	2353.000
1430.141	2132.000
1430.286	2373.000
1430.431	2133.000
1430.576	2448.000
1430.721	2144.000
1430.866	2348.000
1431.011	2140.000
1431.156	2403.000
1431.301	2115.000
1431.445	2350.000
1431.590	2212.000
1431.735	2346.000
1431.880	2119.000
1432.025	2312.000
1432.170	2132.000
1432.314	2343.000
1432.459	2140.000
1432.604	2370.000
1432.749	2157.000
1432.893	2346.000
1433.038	2151.000
1433.183	2356.000
1433.328	2025.000
1433.472	2389.000
1433.617	2132.000
1433.762	2329.000
1433.906	2103.000
1434.051	2402.000
1434.195	2124.000
1434.340	2330.000
1434.485	2193.000
1434.629	2277.000
1434.774	2066.000
1434.918	2367.000
1435.063	2133.000
1435.207	2342.000
1435.352	2087.000
1435.496	2386.000
1435.641	2202.000
1435.785	2389.000
1435.930	2119.000
1436.074	2373.000
1436.219	2174.000
1436.363	2375.000
1436.507	2077.000
1436.652	2400.000
1436.796	2128.000
1436.940	2292.000
1437.085	2170.000
1437.229	2335.000
1437.373	2121.000
1437.518	2455.000
1437.662	2122.000
1437.806	2262.000
1437.950	2130.000
1438.095	2375.000
1438.239	2181.000
1438.383	2310.000
1438.527	2051.000
1438.671	2390.000
1438.815	2121.000
1438.960	2337.000
1439.104	2110.000
1439.248	2373.000
1439.392	2153.000
1439.536	2358.000
1439.680	2180.000
1439.824	2391.000
1439.968	2119.000
1440.112	2403.000
1440.256	2116.000
1440.400	2297.000
1440.544	2164.000
1440.688	2355.000
1440.832	2056.000
1440.976	2379.000
1441.120	2065.000
1441.264	2308.000
1441.408	2125.000
1441.552	2358.000
1441.696	2124.000
1441.839	2306.000
1441.983	2130.000
1442.127	2235.000
1442.271	2097.000
1442.415	2353.000
1442.559	2212.000
1442.702	2278.000
1442.846	2136.000
1442.990	2341.000
1443.133	2166.000
1443.277	2342.000
1443.421	2117.000
1443.565	2294.000
1443.708	2110.000
1443.852	2338.000
1443.996	2117.000
1444.139	2368.000
1444.283	2089.000
1444.426	2382.000
1444.570	2056.000
1444.714	2359.000
1444.857	2053.000
1445.001	2409.000
1445.144	2117.000
1445.288	2426.000
1445.431	2075.000
1445.575	2429.000
1445.718	2125.000
1445.862	2352.000
1446.005	2136.000
1446.148	2354.000
1446.292	2129.000
1446.435	2303.000
1446.579	2141.000
1446.722	2373.000
1446.865	2109.000
1447.009	2340.000
1447.152	2128.000
1447.295	2346.000
1447.439	2194.000
1447.582	2413.000
1447.725	2188.000
1447.869	2331.000
1448.012	2081.000
1448.155	2408.000
1448.298	2081.000
1448.441	2349.000
1448.585	2178.000
1448.728	2348.000
1448.871	2183.000
1449.014	2308.000
1449.157	2026.000
1449.300	2305.000
1449.443	2167.000
1449.586	2460.000
1449.730	2136.000
1449.873	2354.000
1450.016	2088.000
1450.159	2365.000
1450.302	2168.000
1450.445	2338.000
1450.588	2067.000
1450.731	2373.000
1450.874	2203.000
1451.017	2341.000
1451.160	2125.000
1451.302	2346.000
1451.445	2117.000
1451.588	2392.000
1451.731	2176.000
1451.874	2300.000
1452.017	2064.000
1452.160	2361.000
1452.302	2141.000
1452.445	2423.000
1452.588	2099.000
1452.731	2396.000
1452.874	2160.000
1453.016	2353.000
1453.159	2131.000
1453.302	2352.000
1453.444	2119.000
1453.587	2391.000
1453.730	2155.000
1453.872	2365.000
1454.015	2150.000
1454.158	2395.000
1454.300	2161.000
1454.443	2411.000
1454.586	2129.000
1454.728	2337.000
1454.871	2093.000
1455.013	2408.000
1455.156	2126.000
1455.298	2343.000
1455.441	2124.000
1455.583	2316.000
1455.726	2131.000
1455.868	2334.000
1456.011	2172.000
1456.153	2370.000
1456.296	2158.000
1456.438	2399.000
1456.580	2223.000
1456.723	2395.000
1456.865	2152.000
1457.007	2431.000
1457.150	2239.000
1457.292	2410.000
1457.434	2183.000
1457.577	2475.000
1457.719	2178.000
1457.861	2417.000
1458.003	2153.000
1458.146	2403.000
1458.288	2201.000
1458.430	2441.000
1458.572	2157.000
1458.714	2380.000
1458.857	2142.000
1458.999	2347.000
1459.141	2233.000
1459.283	2355.000
1459.425	2096.000
1459.567	2372.000
1459.709	2059.000
1459.851	2403.000
1459.993	2191.000
1460.135	2317.000
1460.277	2122.000
1460.419	2298.000
1460.561	2187.000
1460.703	2380.000
1460.845	2191.000
1460.987	2403.000
1461.129	2148.000
1461.271	2375.000
1461.413	2186.000
1461.555	2410.000
1461.697	2180.000
1461.839	2442.000
1461.981	2229.000
1462.122	2451.000
1462.264	2207.000
1462.406	2301.000
1462.548	2120.000
1462.690	2425.000
1462.831	2149.000
1462.973	2428.000
1463.115	2212.000
1463.257	2465.000
1463.398	2255.000
1463.540	2447.000
1463.682	2242.000
1463.823	2511.000
1463.965	2111.000
1464.107	2507.000
1464.248	2211.000
1464.390	2410.000
1464.531	2245.000
1464.673	2451.000
1464.815	2183.000
1464.956	2386.000
1465.098	2156.000
1465.239	2387.000
1465.381	2215.000
1465.522	2371.000
1465.664	2111.000
1465.805	2391.000
1465.947	2321.000
1466.088	2426.000
1466.229	2189.000
1466.371	2435.000
1466.512	2123.000
1466.654	2394.000
1466.795	2135.000
1466.936	2398.000
1467.078	2114.000
1467.219	2464.000
1467.360	2154.000
1467.502	2420.000
1467.643	2149.000
1467.784	2381.000
1467.925	2194.000
1468.067	2419.000
1468.208	2075.000
1468.349	2334.000
1468.490	2107.000
1468.631	2366.000
1468.773	2195.000
1468.914	2352.000
1469.055	2037.000
1469.196	2379.000
1469.337	2149.000
1469.478	2340.000
1469.619	2156.000
1469.760	2349.000
1469.901	2116.000
1470.042	2360.000
1470.183	2097.000
1470.324	2415.000
1470.465	2190.000
1470.606	2489.000
1470.747	2158.000
1470.888	2359.000
1471.029	2122.000
1471.170	2374.000
1471.311	2213.000
1471.452	2516.000
1471.593	2161.000
1471.734	2437.000
1471.875	2125.000
1472.015	2423.000
1472.156	2196.000
1472.297	2451.000
1472.438	2187.000
1472.579	2372.000
1472.719	2304.000
1472.860	2376.000
1473.001	2206.000
1473.142	2444.000
1473.282	2144.000
1473.423	2422.000
1473.564	2172.000
1473.704	2487.000
1473.845	2279.000
1473.986	2339.000
1474.126	2212.000
1474.267	2457.000
1474.408	2210.000
1474.548	2347.000
1474.689	2119.000
1474.829	2407.000
1474.970	2248.000
1475.110	2422.000
1475.251	2235.000
1475.391	2486.000
1475.532	2187.000
1475.672	2393.000
1475.813	2171.000
1475.953	2413.000
1476.094	2104.000
1476.234	2365.000
1476.374	2222.000
1476.515	2436.000
1476.655	2126.000
1476.796	2432.000
1476.936	2192.000
1477.076	2444.000
1477.217	2112.000
1477.357	2390.000
1477.497	2165.000
1477.637	2364.000
1477.778	2144.000
1477.918	2365.000
1478.058	2246.000
1478.198	2381.000
1478.338	2174.000
1478.479	2410.000
1478.619	2210.000
1478.759	2410.000
1478.899	2192.000
1479.039	2448.000
1479.179	2219.000
1479.319	2426.000
1479.460	2206.000
1479.600	2490.000
1479.740	2268.000
1479.880	2473.000
1480.020	2259.000
1480.160	2427.000
1480.300	2210.000
1480.440	2406.000
1480.580	2198.000
1480.720	2471.000
1480.860	2290.000
1481.000	2393.000
1481.139	2193.000
1481.279	2394.000
1481.419	2192.000
1481.559	2389.000
1481.699	2167.000
1481.839	2387.000
1481.979	2140.000
1482.118	2368.000
1482.258	2198.000
1482.398	2441.000
1482.538	2161.000
1482.678	2386.000
1482.817	2160.000
1482.957	2425.000
1483.097	2191.000
1483.236	2353.000
1483.376	2204.000
1483.516	2372.000
1483.655	2109.000
1483.795	2343.000
1483.935	2219.000
1484.074	2419.000
1484.214	2154.000
1484.354	2352.000
1484.493	2168.000
1484.633	2317.000
1484.772	2080.000
1484.912	2369.000
1485.051	2136.000
1485.191	2321.000
1485.330	2099.000
1485.470	2328.000
1485.609	2063.000
1485.749	2370.000
1485.888	2144.000
1486.027	2380.000
1486.167	2063.000
1486.306	2367.000
1486.446	2093.000
1486.585	2345.000
1486.724	2115.000
1486.864	2394.000
1487.003	2074.000
1487.142	2327.000
1487.282	2115.000
1487.421	2305.000
1487.560	2072.000
1487.699	2398.000
1487.839	2092.000
1487.978	2329.000
1488.117	2133.000
1488.256	2318.000
1488.395	2128.000
1488.535	2346.000
1488.674	2130.000
1488.813	2269.000
1488.952	2108.000
1489.091	2315.000
1489.230	2171.000
1489.369	2296.000
1489.508	2134.000
1489.647	2296.000
1489.786	2162.000
1489.925	2379.000
1490.064	2099.000
1490.203	2302.000
1490.342	2165.000
1490.481	2337.000
1490.620	2113.000
1490.759	2408.000
1490.898	2179.000
1491.037	2365.000
1491.176	2172.000
1491.315	2354.000
1491.454	2153.000
1491.592	2331.000
1491.731	2114.000
1491.870	2398.000
1492.009	2160.000
1492.148	2281.000
1492.286	2194.000
1492.425	2386.000
1492.564	2117.000
1492.703	2300.000
1492.841	2087.000
1492.980	2395.000
1493.119	2132.000
1493.257	2346.000
1493.396	2176.000
1493.535	2410.000
1493.673	2240.000
1493.812	2374.000
1493.951	2159.000
1494.089	2358.000
1494.228	2127.000
1494.366	2412.000
1494.505	2139.000
1494.643	2405.000
1494.782	2122.000
1494.920	2310.000
1495.059	2191.000
1495.197	2353.000
1495.336	2140.000
1495.474	2356.000
1495.613	2170.000
1495.751	2417.000
1495.890	2177.000
1496.028	2361.000
1496.166	2158.000
1496.305	2331.000
1496.443	2171.000
1496.581	2412.000
1496.720	2203.000
1496.858	2406.000
1496.996	2280.000
1497.135	2418.000
1497.273	2193.000
1497.411	2508.000
1497.549	2208.000
1497.688	2405.000
1497.826	2227.000
1497.964	2372.000
1498.102	2231.000
1498.240	2382.000
1498.378	2216.000
1498.517	2343.000
1498.655	2196.000
1498.793	2356.000
1498.931	2237.000
1499.069	2423.000
1499.207	2191.000
1499.345	2403.000
1499.483	2189.000
1499.621	2396.000
1499.759	2171.000
1499.897	2342.000
1500.035	2194.000
1500.173	2365.000
1500.311	2197.000
1500.449	2345.000
1500.587	2159.000
1500.725	2309.000
1500.863	2195.000
1501.001	2377.000
1501.138	2194.000
1501.276	2378.000
1501.414	2135.000
1501.552	2307.000
1501.690	2118.000
1501.828	2295.000
1501.965	2120.000
1502.103	2404.000
1502.241	2160.000
1502.379	2384.000
1502.516	2118.000
1502.654	2307.000
1502.792	2144.000
1502.929	2309.000
1503.067	2061.000
1503.205	2371.000
1503.342	2119.000
1503.480	2392.000
1503.618	2188.000
1503.755	2404.000
1503.893	2113.000
1504.030	2410.000
1504.168	2158.000
1504.305	2339.000
1504.443	2143.000
1504.580	2409.000
1504.718	2123.000
1504.855	2434.000
1504.993	2184.000
1505.130	2416.000
1505.268	2127.000
1505.405	2394.000
1505.543	2174.000
1505.680	2428.000
1505.817	2183.000
1505.955	2431.000
1506.092	2250.000
1506.229	2463.000
1506.367	2243.000
1506.504	2367.000
1506.641	2199.000
1506.779	2463.000
1506.916	2157.000
1507.053	2422.000
1507.190	2143.000
1507.328	2428.000
1507.465	2150.000
1507.602	2425.000
1507.739	2138.000
1507.876	2434.000
1508.014	2208.000
1508.151	2411.000
1508.288	2140.000
1508.425	2352.000
1508.562	2138.000
1508.699	2309.000
1508.836	2165.000
1508.973	2365.000
1509.110	2166.000
1509.247	2355.000
1509.384	2179.000
1509.521	2398.000
1509.658	2162.000
1509.795	2345.000
1509.932	2140.000
1510.069	2399.000
1510.206	2135.000
1510.343	2328.000
1510.480	2112.000
1510.617	2346.000
1510.754	2078.000
1510.890	2390.000
1511.027	2187.000
1511.164	2305.000
1511.301	2203.000
1511.438	2475.000
1511.575	2113.000
1511.711	2378.000
1511.848	2197.000
1511.985	2363.000
1512.121	2144.000
1512.258	2319.000
1512.395	2116.000
1512.532	2333.000
1512.668	2166.000
1512.805	2360.000
1512.942	2157.000
1513.078	2355.000
1513.215	2145.000
1513.351	2440.000
1513.488	2191.000
1513.625	2397.000
1513.761	2237.000
1513.898	2387.000
1514.034	2194.000
1514.171	2401.000
1514.307	1930.000
1514.444	2357.000
1514.580	2161.000
1514.717	2343.000
1514.853	2096.000
1514.989	2382.000
1515.126	2155.000
1515.262	2399.000
1515.399	2230.000
1515.535	2395.000
1515.671	2209.000
1515.808	2349.000
1515.944	2183.000
1516.080	2437.000
1516.217	2205.000
1516.353	2423.000
1516.489	2120.000
1516.625	2448.000
1516.762	2179.000
1516.898	2432.000
1517.034	2216.000
1517.170	2423.000
1517.307	2219.000
1517.443	2503.000
1517.579	2191.000
1517.715	2473.000
1517.851	2163.000
1517.987	2551.000
1518.123	2227.000
1518.259	2408.000
1518.396	2245.000
1518.532	2409.000
1518.668	2201.000
1518.804	2377.000
1518.940	2132.000
1519.076	2410.000
1519.212	2156.000
1519.348	2481.000
1519.484	2211.000
1519.620	2465.000
1519.755	2183.000
1519.891	2371.000
1520.027	2140.000
1520.163	2373.000
1520.299	2075.000
1520.435	2360.000
1520.571	2058.000
1520.707	2328.000
1520.842	2098.000
1520.978	2339.000
1521.114	2203.000
1521.250	2353.000
1521.385	2120.000
1521.521	2437.000
1521.657	2081.000
1521.793	2334.000
1521.928	2145.000
1522.064	2376.000
1522.200	2092.000
1522.335	2416.000
1522.471	2832.000
1522.607	2359.000
1522.742	2133.000
1522.878	2332.000
1523.013	2159.000
1523.149	2305.000
1523.285	2045.000
1523.420	2292.000
1523.556	2216.000
1523.691	2416.000
1523.827	2172.000
1523.962	2339.000
1524.098	2098.000
1524.233	2347.000
1524.369	2201.000
1524.504	2415.000
1524.639	2127.000
1524.775	2314.000
1524.910	2091.000
1525.046	2384.000
1525.181	2166.000
1525.316	2383.000
1525.452	2142.000
1525.587	2349.000
1525.722	2149.000
1525.858	2356.000
1525.993	2108.000
1526.128	2307.000
1526.263	2100.000
1526.399	2448.000
1526.534	2135.000
1526.669	2413.000
1526.804	2123.000
1526.939	2455.000
1527.074	2191.000
1527.210	2468.000
1527.345	2170.000
1527.480	2458.000
1527.615	2114.000
1527.750	2467.000
1527.885	2158.000
1528.020	2534.000
1528.155	2202.000
1528.290	2533.000
1528.425	2229.000
1528.560	2495.000
1528.695	2209.000
1528.830	2572.000
1528.965	2176.000
1529.100	2488.000
1529.235	2244.000
1529.370	2460.000
1529.505	2191.000
1529.640	2533.000
1529.775	2196.000
1529.910	2491.000
1530.044	2204.000
1530.179	2447.000
1530.314	2209.000
1530.449	2428.000
1530.584	2217.000
1530.718	2409.000
1530.853	2222.000
1530.988	2507.000
1531.123	2128.000
1531.257	2429.000
1531.392	2144.000
1531.527	2411.000
1531.661	2253.000
1531.796	2491.000
1531.931	2205.000
1532.065	2456.000
1532.200	2232.000
1532.335	2538.000
1532.469	2243.000
1532.604	2541.000
1532.738	2240.000
1532.873	2514.000
1533.007	2181.000
1533.142	2411.000
1533.276	2175.000
1533.411	2475.000
1533.545	2177.000
1533.680	2342.000
1533.814	2247.000
1533.949	2473.000
1534.083	2280.000
1534.218	2441.000
1534.352	2218.000
1534.486	2391.000
1534.621	2250.000
1534.755	2514.000
