1229.956	9087.000
1230.103	9014.000
1230.250	9066.000
1230.397	9059.000
1230.544	9044.000
1230.691	9134.000
1230.838	9061.000
1230.985	9086.000
1231.132	9048.000
1231.278	9062.000
1231.425	9017.000
1231.572	9101.000
1231.719	9061.000
1231.866	9005.000
1232.013	9008.000
1232.159	9137.000
1232.306	8963.000
1232.453	9116.000
1232.600	8985.000
1232.746	9127.000
1232.893	9015.000
1233.040	9034.000
1233.186	9208.000
1233.333	9102.000
1233.480	9083.000
1233.627	9090.000
1233.773	9086.000
1233.920	9026.000
1234.066	9028.000
1234.213	9008.000
1234.360	9075.000
1234.506	9130.000
1234.653	9094.000
1234.800	9072.000
1234.946	9000.000
1235.093	9042.000
1235.239	9115.000
1235.386	9044.000
1235.532	9107.000
1235.679	9086.000
1235.825	9068.000
1235.972	9084.000
1236.118	9050.000
1236.265	9114.000
1236.411	9001.000
1236.558	9098.000
1236.704	9111.000
1236.851	8988.000
1236.997	9069.000
1237.143	9061.000
1237.290	9020.000
1237.436	9020.000
1237.583	9092.000
1237.729	9089.000
1237.875	9073.000
1238.022	9029.000
1238.168	9037.000
1238.314	9049.000
1238.461	8992.000
1238.607	8974.000
1238.753	9059.000
1238.900	9005.000
1239.046	8992.000
1239.192	8978.000
1239.338	8981.000
1239.485	9056.000
1239.631	9023.000
1239.777	8928.000
1239.923	8956.000
1240.070	8995.000
1240.216	8975.000
1240.362	8952.000
1240.508	8983.000
1240.654	9013.000
1240.800	8902.000
1240.947	8937.000
1241.093	8915.000
1241.239	8919.000
1241.385	8939.000
1241.531	8998.000
1241.677	8902.000
1241.823	8950.000
1241.969	8940.000
1242.115	8916.000
1242.261	8880.000
1242.407	8879.000
1242.553	8858.000
1242.699	8815.000
1242.845	8910.000
1242.991	8884.000
1243.137	8866.000
1243.283	8894.000
1243.429	8891.000
1243.575	8856.000
1243.721	8888.000
1243.867	8843.000
1244.013	8808.000
1244.159	8849.000
1244.305	8895.000
1244.451	8859.000
1244.596	8800.000
1244.742	8796.000
1244.888	8795.000
1245.034	8782.000
1245.180	8788.000
1245.326	8898.000
1245.471	8787.000
1245.617	8804.000
1245.763	8772.000
1245.909	8780.000
1246.055	8831.000
1246.200	8811.000
1246.346	8674.000
1246.492	8853.000
1246.638	8736.000
1246.783	8743.000
1246.929	8834.000
1247.075	8799.000
1247.220	8766.000
1247.366	8794.000
1247.512	8747.000
1247.657	8742.000
1247.803	8733.000
1247.949	8849.000
1248.094	8715.000
1248.240	8821.000
1248.385	8644.000
1248.531	8696.000
1248.676	8840.000
1248.822	8804.000
1248.968	8788.000
1249.113	8804.000
1249.259	8775.000
1249.404	8729.000
1249.550	8716.000
1249.695	8739.000
1249.841	8771.000
1249.986	8829.000
1250.132	8751.000
1250.277	8767.000
1250.422	8755.000
1250.568	8807.000
1250.713	8745.000
1250.859	8684.000
1251.004	8707.000
1251.150	8785.000
1251.295	8804.000
1251.440	8738.000
1251.586	8694.000
1251.731	8773.000
1251.876	8717.000
1252.022	8711.000
1252.167	8640.000
1252.312	8720.000
1252.458	8636.000
1252.603	8763.000
1252.748	8737.000
1252.893	8803.000
1253.039	8686.000
1253.184	8727.000
1253.329	8739.000
1253.474	8658.000
1253.619	8659.000
1253.765	8753.000
1253.910	8630.000
1254.055	8716.000
1254.200	8682.000
1254.345	8675.000
1254.490	8692.000
1254.636	8731.000
1254.781	8595.000
1254.926	8710.000
1255.071	8658.000
1255.216	8648.000
1255.361	8721.000
1255.506	8739.000
1255.651	8594.000
1255.796	8725.000
1255.941	8487.000
1256.086	8626.000
1256.231	8600.000
1256.376	8728.000
1256.521	8621.000
1256.666	8665.000
1256.811	8491.000
1256.956	8582.000
1257.101	8603.000
1257.246	8623.000
1257.391	8654.000
1257.536	8692.000
1257.681	8566.000
1257.826	8602.000
1257.971	8512.000
1258.116	8659.000
1258.260	8557.000
1258.405	8693.000
1258.550	8514.000
1258.695	8610.000
1258.840	8471.000
1258.985	8667.000
1259.129	8680.000
1259.274	8584.000
1259.419	8623.000
1259.564	8596.000
1259.708	8510.000
1259.853	8591.000
1259.998	8554.000
1260.143	8665.000
1260.287	8523.000
1260.432	8625.000
1260.577	8551.000
1260.721	8625.000
1260.866	8463.000
1261.011	8673.000
1261.155	8531.000
1261.300	8572.000
1261.445	8489.000
1261.589	8602.000
1261.734	8466.000
1261.878	8598.000
1262.023	8575.000
1262.168	8668.000
1262.312	8555.000
1262.457	8639.000
1262.601	8419.000
1262.746	8645.000
1262.890	8494.000
1263.035	8626.000
1263.179	8460.000
1263.324	8688.000
1263.468	8564.000
1263.613	8594.000
1263.757	8552.000
1263.902	8678.000
1264.046	8506.000
1264.191	8614.000
1264.335	8542.000
1264.479	8675.000
1264.624	8470.000
1264.768	8594.000
1264.912	8524.000
1265.057	8597.000
1265.201	8527.000
1265.346	8627.000
1265.490	8495.000
1265.634	8648.000
1265.778	8533.000
1265.923	8680.000
1266.067	8613.000
1266.211	8698.000
1266.356	8592.000
1266.500	8578.000
1266.644	8528.000
1266.788	8622.000
1266.933	8523.000
1267.077	8648.000
1267.221	8681.000
1267.365	8691.000
1267.509	8532.000
1267.653	8695.000
1267.798	8678.000
1267.942	8608.000
1268.086	8544.000
1268.230	8675.000
1268.374	8535.000
1268.518	8666.000
1268.662	8552.000
1268.806	8689.000
1268.950	8539.000
1269.095	8627.000
1269.239	8575.000
1269.383	8672.000
1269.527	8568.000
1269.671	8649.000
1269.815	8577.000
1269.959	8653.000
1270.103	8567.000
1270.247	8767.000
1270.391	8567.000
1270.535	8600.000
1270.679	8598.000
1270.822	8692.000
1270.966	8498.000
1271.110	8677.000
1271.254	8645.000
1271.398	8703.000
1271.542	8571.000
1271.686	8602.000
1271.830	8596.000
1271.973	8622.000
1272.117	8557.000
1272.261	8626.000
1272.405	8573.000
1272.549	8667.000
1272.693	8584.000
1272.836	8636.000
1272.980	8386.000
1273.124	8707.000
1273.268	8503.000
1273.411	8578.000
1273.555	8519.000
1273.699	8642.000
1273.843	8496.000
1273.986	8589.000
1274.130	8595.000
1274.274	8505.000
1274.417	8495.000
1274.561	8614.000
1274.705	8491.000
1274.848	8586.000
1274.992	8450.000
1275.135	8660.000
1275.279	8563.000
1275.423	8590.000
1275.566	8471.000
1275.710	8594.000
1275.853	8536.000
1275.997	8638.000
1276.140	8461.000
1276.284	8634.000
1276.427	8469.000
1276.571	8472.000
1276.714	8500.000
1276.858	8541.000
1277.001	8426.000
1277.145	8669.000
1277.288	8409.000
1277.432	8459.000
1277.575	8427.000
1277.719	8614.000
1277.862	8486.000
1278.005	8484.000
1278.149	8388.000
1278.292	8614.000
1278.435	8395.000
1278.579	8585.000
1278.722	8445.000
1278.865	8569.000
1279.009	8468.000
1279.152	8546.000
1279.295	8506.000
1279.439	8584.000
1279.582	8432.000
1279.725	8602.000
1279.868	8352.000
1280.012	8506.000
1280.155	8467.000
1280.298	8561.000
1280.441	8342.000
1280.585	8610.000
1280.728	8351.000
1280.871	8474.000
1281.014	8428.000
1281.157	8553.000
1281.300	8473.000
1281.444	8559.000
1281.587	8463.000
1281.730	8462.000
1281.873	8391.000
1282.016	8513.000
1282.159	8526.000
1282.302	8462.000
1282.445	8461.000
1282.588	8481.000
1282.731	8424.000
1282.874	8538.000
1283.017	8415.000
1283.160	8465.000
1283.303	8412.000
1283.446	8499.000
1283.589	8421.000
1283.732	8527.000
1283.875	8366.000
1284.018	8591.000
1284.161	8384.000
1284.304	8541.000
1284.447	8392.000
1284.590	8612.000
1284.733	8398.000
1284.876	8665.000
1285.019	8366.000
1285.161	8639.000
1285.304	8413.000
1285.447	8575.000
1285.590	8438.000
1285.733	8602.000
1285.876	8445.000
1286.018	8507.000
1286.161	8463.000
1286.304	8593.000
1286.447	8410.000
1286.589	8560.000
1286.732	8468.000
1286.875	8549.000
1287.018	8528.000
1287.160	8579.000
1287.303	8508.000
1287.446	8552.000
1287.588	8415.000
1287.731	8612.000
1287.874	8118.000
1288.016	8636.000
1288.159	8511.000
1288.302	8567.000
1288.444	8548.000
1288.587	8526.000
1288.729	8357.000
1288.872	8510.000
1289.015	8537.000
1289.157	8660.000
1289.300	8413.000
1289.442	8567.000
1289.585	8419.000
1289.727	8617.000
1289.870	8487.000
1290.012	8564.000
1290.155	8431.000
1290.297	8652.000
1290.440	8553.000
1290.582	8605.000
1290.725	8448.000
1290.867	8652.000
1291.009	8518.000
1291.152	8641.000
1291.294	8538.000
1291.437	8566.000
1291.579	8427.000
1291.721	8596.000
1291.864	8522.000
1292.006	8769.000
1292.148	8487.000
1292.291	8632.000
1292.433	8519.000
1292.575	8647.000
1292.718	8529.000
1292.860	8684.000
1293.002	8504.000
1293.145	8669.000
1293.287	8527.000
1293.429	8655.000
1293.571	8557.000
1293.713	8691.000
1293.856	8592.000
1293.998	8719.000
1294.140	8538.000
1294.282	8632.000
1294.424	8513.000
1294.567	8736.000
1294.709	8495.000
1294.851	8647.000
1294.993	8535.000
1295.135	8616.000
1295.277	8527.000
1295.419	8675.000
1295.561	8581.000
1295.703	8674.000
1295.845	8543.000
1295.987	8719.000
1296.129	8612.000
1296.272	8630.000
1296.414	8542.000
1296.556	8684.000
1296.698	8625.000
1296.840	8736.000
1296.981	8544.000
1297.123	8756.000
1297.265	8618.000
1297.407	8681.000
1297.549	8558.000
1297.691	8686.000
1297.833	8566.000
1297.975	8670.000
1298.117	8533.000
1298.259	8721.000
1298.401	8564.000
1298.542	8647.000
1298.684	8674.000
1298.826	8697.000
1298.968	8563.000
1299.110	8657.000
1299.252	8559.000
1299.393	8771.000
1299.535	8658.000
1299.677	8687.000
1299.819	8577.000
1299.960	8643.000
1300.102	8648.000
1300.244	8722.000
1300.386	8649.000
1300.527	8797.000
1300.669	8593.000
1300.811	8745.000
1300.952	8606.000
1301.094	8745.000
1301.236	8610.000
1301.377	8762.000
1301.519	8691.000
1301.661	8795.000
1301.802	8675.000
1301.944	8621.000
1302.085	8565.000
1302.227	8782.000
1302.368	8570.000
1302.510	8710.000
1302.652	8592.000
1302.793	8684.000
1302.935	8591.000
1303.076	8690.000
1303.218	8638.000
1303.359	8795.000
1303.501	8542.000
1303.642	8777.000
1303.783	8619.000
1303.925	8748.000
1304.066	8629.000
1304.208	8759.000
1304.349	8642.000
1304.491	8746.000
1304.632	8582.000
1304.773	8740.000
1304.915	8626.000
1305.056	8781.000
1305.197	8595.000
1305.339	8778.000
1305.480	8794.000
1305.621	8753.000
1305.763	8660.000
1305.904	8800.000
1306.045	8589.000
1306.187	8778.000
1306.328	8622.000
1306.469	8795.000
1306.610	8587.000
1306.752	8899.000
1306.893	8711.000
1307.034	8884.000
1307.175	8649.000
1307.316	8827.000
1307.458	8709.000
1307.599	8813.000
1307.740	8641.000
1307.881	8782.000
1308.022	8644.000
1308.163	8824.000
1308.304	8721.000
1308.446	8816.000
1308.587	8615.000
1308.728	8800.000
1308.869	8711.000
1309.010	8808.000
1309.151	8706.000
1309.292	8815.000
1309.433	8632.000
1309.574	8830.000
1309.715	8629.000
1309.856	8856.000
1309.997	8746.000
1310.138	8907.000
1310.279	8732.000
1310.420	8818.000
1310.561	8673.000
1310.702	8752.000
1310.843	8743.000
1310.984	8908.000
1311.124	8679.000
1311.265	8863.000
1311.406	8570.000
1311.547	8849.000
1311.688	8731.000
1311.829	8843.000
1311.970	8679.000
1312.110	8800.000
1312.251	8815.000
1312.392	8802.000
1312.533	8699.000
1312.674	8885.000
1312.814	8688.000
1312.955	8898.000
1313.096	8665.000
1313.237	8890.000
1313.377	8705.000
1313.518	8784.000
1313.659	8674.000
1313.800	8860.000
1313.940	8714.000
1314.081	8775.000
1314.222	8587.000
1314.362	8831.000
1314.503	8804.000
1314.644	8907.000
1314.784	8771.000
1314.925	8889.000
1315.065	8669.000
1315.206	8855.000
1315.347	8667.000
1315.487	8807.000
1315.628	8621.000
1315.768	8799.000
1315.909	8732.000
1316.049	8860.000
1316.190	8740.000
1316.330	8842.000
1316.471	8692.000
1316.611	8789.000
1316.752	8605.000
1316.892	8818.000
1317.033	8654.000
1317.173	8727.000
1317.313	8586.000
1317.454	8756.000
1317.594	8706.000
1317.735	8733.000
1317.875	8629.000
1318.015	8786.000
1318.156	8697.000
1318.296	8776.000
1318.437	8631.000
1318.577	8842.000
1318.717	8592.000
1318.857	8754.000
1318.998	8586.000
1319.138	8816.000
1319.278	8616.000
1319.419	8688.000
1319.559	8599.000
1319.699	8722.000
1319.839	8577.000
1319.980	8626.000
1320.120	8558.000
1320.260	8792.000
1320.400	8652.000
1320.540	8668.000
1320.681	8580.000
1320.821	8707.000
1320.961	8604.000
1321.101	8632.000
1321.241	8516.000
1321.381	8713.000
1321.521	8506.000
1321.661	8655.000
1321.802	8513.000
1321.942	8675.000
1322.082	8570.000
1322.222	8606.000
1322.362	8498.000
1322.502	8721.000
1322.642	8549.000
1322.782	8644.000
1322.922	8556.000
1323.062	8683.000
1323.202	8442.000
1323.342	8623.000
1323.482	8583.000
1323.622	8699.000
1323.762	8525.000
1323.902	8620.000
1324.041	8549.000
1324.181	8643.000
1324.321	8441.000
1324.461	8620.000
1324.601	8463.000
1324.741	8601.000
1324.881	8443.000
1325.021	8565.000
1325.160	8441.000
1325.300	8694.000
1325.440	8489.000
1325.580	8643.000
1325.720	8415.000
1325.859	8629.000
1325.999	8478.000
1326.139	8608.000
1326.279	8438.000
1326.418	8668.000
1326.558	8405.000
1326.698	8541.000
1326.838	8434.000
1326.977	8579.000
1327.117	8372.000
1327.257	8588.000
1327.396	8437.000
1327.536	8528.000
1327.675	8440.000
1327.815	8508.000
1327.955	8445.000
1328.094	8598.000
1328.234	8402.000
1328.374	8488.000
1328.513	8389.000
1328.653	8524.000
1328.792	8402.000
1328.932	8465.000
1329.071	8413.000
1329.211	8477.000
1329.350	8426.000
1329.490	8585.000
1329.629	8364.000
1329.769	8486.000
1329.908	8430.000
1330.048	8495.000
1330.187	8358.000
1330.327	8576.000
1330.466	8414.000
1330.605	8531.000
1330.745	8397.000
1330.884	8508.000
1331.024	8403.000
1331.163	8469.000
1331.302	8374.000
1331.442	8511.000
1331.581	8359.000
1331.720	8448.000
1331.860	8469.000
1331.999	8485.000
1332.138	8360.000
1332.277	8413.000
1332.417	8305.000
1332.556	8559.000
1332.695	8352.000
1332.834	8455.000
1332.974	8364.000
1333.113	8548.000
1333.252	8875.000
1333.391	8446.000
1333.531	8322.000
1333.670	8450.000
1333.809	8266.000
1333.948	8485.000
1334.087	8270.000
1334.226	8517.000
1334.365	8277.000
1334.505	8317.000
1334.644	8376.000
1334.783	8422.000
1334.922	8315.000
1335.061	8407.000
1335.200	8292.000
1335.339	8498.000
1335.478	8264.000
1335.617	8367.000
1335.756	8271.000
1335.895	8348.000
1336.034	8261.000
1336.173	8366.000
1336.312	8267.000
1336.451	8343.000
1336.590	8317.000
1336.729	8321.000
1336.868	8213.000
1337.007	8472.000
1337.146	8246.000
1337.285	8343.000
1337.423	8210.000
1337.562	8292.000
1337.701	8238.000
1337.840	8277.000
1337.979	8228.000
1338.118	8232.000
1338.256	8214.000
1338.395	8246.000
1338.534	8191.000
1338.673	8324.000
1338.812	8189.000
1338.950	8309.000
1339.089	8198.000
1339.228	8394.000
1339.367	8232.000
1339.505	8283.000
1339.644	8206.000
1339.783	8268.000
1339.922	8196.000
1340.060	8276.000
1340.199	8215.000
1340.338	8279.000
1340.476	8263.000
1340.615	8345.000
1340.753	8271.000
1340.892	8303.000
1341.031	8210.000
1341.169	8230.000
1341.308	8186.000
1341.446	8266.000
1341.585	8183.000
1341.724	8343.000
1341.862	8222.000
1342.001	8334.000
1342.139	8204.000
1342.278	8281.000
1342.416	8190.000
1342.555	8296.000
1342.693	8138.000
1342.832	8350.000
1342.970	8204.000
1343.109	8366.000
1343.247	8262.000
1343.385	8399.000
1343.524	8207.000
1343.662	8368.000
1343.801	8232.000
1343.939	8318.000
1344.077	8174.000
1344.216	8384.000
1344.354	8190.000
1344.492	8379.000
1344.631	8250.000
1344.769	8362.000
1344.907	8175.000
1345.046	8324.000
1345.184	8216.000
1345.322	8412.000
1345.460	8254.000
1345.599	8364.000
1345.737	8323.000
1345.875	8449.000
1346.013	8329.000
1346.152	8345.000
1346.290	8299.000
1346.428	8445.000
1346.566	8285.000
1346.704	8387.000
1346.843	8312.000
1346.981	8445.000
1347.119	8241.000
1347.257	8463.000
1347.395	8265.000
1347.533	8519.000
1347.671	8374.000
1347.809	8437.000
1347.947	8267.000
1348.085	8416.000
1348.224	8289.000
1348.362	8414.000
1348.500	8297.000
1348.638	8440.000
1348.776	8331.000
1348.914	8363.000
1349.052	8313.000
1349.190	8448.000
1349.328	8346.000
1349.466	8439.000
1349.603	8281.000
1349.741	8479.000
1349.879	8269.000
1350.017	8420.000
1350.155	8309.000
1350.293	8409.000
1350.431	8216.000
1350.569	8427.000
1350.707	8344.000
1350.844	8337.000
1350.982	8323.000
1351.120	8449.000
1351.258	8248.000
1351.396	8429.000
1351.534	8323.000
1351.671	8390.000
1351.809	8237.000
1351.947	8373.000
1352.085	8273.000
1352.222	8349.000
1352.360	8273.000
1352.498	8410.000
1352.636	8288.000
1352.773	8375.000
1352.911	8264.000
1353.049	8460.000
1353.186	8343.000
1353.324	8385.000
1353.462	8347.000
1353.599	8425.000
1353.737	8287.000
1353.874	8385.000
1354.012	7088.000
1354.150	8353.000
1354.287	8252.000
1354.425	8292.000
1354.562	8208.000
1354.700	8384.000
1354.837	8231.000
1354.975	8375.000
1355.112	8302.000
1355.250	8392.000
1355.387	8244.000
1355.525	8335.000
1355.662	8210.000
1355.800	8387.000
1355.937	8264.000
1356.075	8374.000
1356.212	8147.000
1356.350	8380.000
1356.487	8190.000
1356.624	8302.000
1356.762	8216.000
1356.899	8255.000
1357.037	8210.000
1357.174	8305.000
1357.311	8151.000
1357.449	8376.000
1357.586	8157.000
1357.723	8369.000
1357.860	8183.000
1357.998	8270.000
1358.135	8221.000
1358.272	8241.000
1358.410	8166.000
1358.547	8187.000
1358.684	8101.000
1358.821	8176.000
1358.959	8148.000
1359.096	8303.000
1359.233	8124.000
1359.370	8297.000
1359.507	8094.000
1359.644	8227.000
1359.782	8065.000
1359.919	8208.000
1360.056	8027.000
1360.193	8188.000
1360.330	8023.000
1360.467	8156.000
1360.604	8008.000
1360.741	8191.000
1360.878	8158.000
1361.015	8204.000
1361.152	8093.000
1361.290	8299.000
1361.427	8020.000
1361.564	8182.000
1361.701	8084.000
1361.838	8245.000
1361.975	8048.000
1362.112	8321.000
1362.248	12719.000
1362.385	8277.000
1362.522	8131.000
1362.659	8215.000
1362.796	8135.000
1362.933	8232.000
1363.070	8048.000
1363.207	8192.000
1363.344	8207.000
1363.481	8328.000
1363.617	8200.000
1363.754	8239.000
1363.891	8145.000
1364.028	8289.000
1364.165	8227.000
1364.302	8348.000
1364.438	8196.000
1364.575	8296.000
1364.712	8173.000
1364.849	8322.000
1364.985	8217.000
1365.122	8360.000
1365.259	8196.000
1365.396	8325.000
1365.532	8222.000
1365.669	8299.000
1365.806	8168.000
1365.942	8250.000
1366.079	8191.000
1366.216	8373.000
1366.352	8142.000
1366.489	8288.000
1366.625	8147.000
1366.762	8397.000
1366.899	8223.000
1367.035	8337.000
1367.172	8179.000
1367.308	8311.000
1367.445	8061.000
1367.581	8305.000
1367.718	8139.000
1367.855	8331.000
1367.991	8148.000
1368.128	8336.000
1368.264	8185.000
1368.401	8297.000
1368.537	8146.000
1368.673	8362.000
1368.810	8108.000
1368.946	8381.000
1369.083	8241.000
1369.219	8244.000
1369.356	8190.000
1369.492	8382.000
1369.628	8202.000
1369.765	8301.000
1369.901	8205.000
1370.037	8320.000
1370.174	8245.000
1370.310	8317.000
1370.446	8271.000
1370.583	8357.000
1370.719	8217.000
1370.855	8380.000
1370.992	8179.000
1371.128	8379.000
1371.264	8154.000
1371.400	8319.000
1371.537	8305.000
1371.673	8410.000
1371.809	8195.000
1371.945	8308.000
1372.081	8304.000
1372.218	8422.000
1372.354	8285.000
1372.490	8447.000
1372.626	8236.000
1372.762	8460.000
1372.898	8257.000
1373.034	8348.000
1373.170	8293.000
1373.307	8455.000
1373.443	8300.000
1373.579	8294.000
1373.715	8307.000
1373.851	8494.000
1373.987	8326.000
1374.123	8367.000
1374.259	8313.000
1374.395	8323.000
1374.531	8381.000
1374.667	8467.000
