929.762	8931.000
929.906	8911.000
930.049	8916.000
930.193	8980.000
930.337	8849.000
930.481	8993.000
930.625	8884.000
930.769	8939.000
930.913	8885.000
931.057	8930.000
931.201	8834.000
931.345	8987.000
931.488	8876.000
931.632	8886.000
931.776	8886.000
931.920	9021.000
932.064	8799.000
932.208	8991.000
932.352	8858.000
932.495	8966.000
932.639	8852.000
932.783	8855.000
932.927	8983.000
933.071	8939.000
933.215	8895.000
933.359	8902.000
933.502	8880.000
933.646	8869.000
933.790	8843.000
933.934	8897.000
934.078	8918.000
934.221	8932.000
934.365	8895.000
934.509	8918.000
934.653	8799.000
934.797	8900.000
934.940	8919.000
935.084	8815.000
935.228	8899.000
935.372	8924.000
935.515	8863.000
935.659	8928.000
935.803	8858.000
935.947	8971.000
936.090	8793.000
936.234	8880.000
936.378	8876.000
936.522	8858.000
936.665	8833.000
936.809	8875.000
936.953	8805.000
937.097	8818.000
937.240	8879.000
937.384	8925.000
937.528	8818.000
937.671	8862.000
937.815	8751.000
937.959	8855.000
938.102	8755.000
938.246	8780.000
938.390	8818.000
938.534	8776.000
938.677	8773.000
938.821	8766.000
938.965	8721.000
939.108	8827.000
939.252	8771.000
939.396	8727.000
939.539	8731.000
939.683	8802.000
939.826	8742.000
939.970	8722.000
940.114	8749.000
940.257	8771.000
940.401	8668.000
940.545	8715.000
940.688	8659.000
940.832	8706.000
940.975	8682.000
941.119	8815.000
941.263	8626.000
941.406	8735.000
941.550	8686.000
941.693	8680.000
941.837	8598.000
941.981	8707.000
942.124	8622.000
942.268	8637.000
942.411	8656.000
942.555	8680.000
942.698	8593.000
942.842	8661.000
942.986	8633.000
943.129	8649.000
943.273	8654.000
943.416	8642.000
943.560	8574.000
943.703	8632.000
943.847	8655.000
943.990	8652.000
944.134	8595.000
944.277	8588.000
944.421	8539.000
944.564	8535.000
944.708	8548.000
944.851	8678.000
944.995	8539.000
945.138	8618.000
945.282	8552.000
945.425	8569.000
945.569	8571.000
945.712	8623.000
945.856	8435.000
945.999	8662.000
946.143	8514.000
946.286	8524.000
946.430	8602.000
946.573	8609.000
946.716	8564.000
946.860	8573.000
947.003	8568.000
947.147	8608.000
947.290	8562.000
947.434	8690.000
947.577	8519.000
947.720	8624.000
947.864	8436.000
948.007	8518.000
948.151	8613.000
948.294	8644.000
948.437	8523.000
948.581	8614.000
948.724	8593.000
948.868	8614.000
949.011	8530.000
949.154	8574.000
949.298	8587.000
949.441	8668.000
949.584	8529.000
949.728	8618.000
949.871	8600.000
950.015	8626.000
950.158	8564.000
950.301	8502.000
950.445	8542.000
950.588	8646.000
950.731	8602.000
950.875	8578.000
951.018	8535.000
951.161	8628.000
951.304	8535.000
951.448	8562.000
951.591	8457.000
951.734	8581.000
951.878	8497.000
952.021	8614.000
952.164	8586.000
952.308	8595.000
952.451	8550.000
952.594	8598.000
952.737	8533.000
952.881	8512.000
953.024	8474.000
953.167	8625.000
953.310	8425.000
953.454	8535.000
953.597	8517.000
953.740	8547.000
953.883	8480.000
954.027	8574.000
954.170	8426.000
954.313	8578.000
954.456	8475.000
954.600	8513.000
954.743	8541.000
954.886	8587.000
955.029	8435.000
955.172	8563.000
955.316	8365.000
955.459	8463.000
955.602	8449.000
955.745	8593.000
955.888	8491.000
956.032	8539.000
956.175	8374.000
956.318	8435.000
956.461	8414.000
956.604	8462.000
956.747	8481.000
956.890	8554.000
957.034	8406.000
957.177	8455.000
957.320	8354.000
957.463	8494.000
957.606	8414.000
957.749	8534.000
957.892	8358.000
958.036	8471.000
958.179	8291.000
958.322	8538.000
958.465	8516.000
958.608	8406.000
958.751	8435.000
958.894	8426.000
959.037	8351.000
959.180	8455.000
959.323	8379.000
959.467	8507.000
959.610	8317.000
959.753	8492.000
959.896	8375.000
960.039	8473.000
960.182	8294.000
960.325	8525.000
960.468	8354.000
960.611	8457.000
960.754	8317.000
960.897	8447.000
961.040	8283.000
961.183	8394.000
961.326	8384.000
961.469	8505.000
961.612	8358.000
961.755	8462.000
961.898	8245.000
962.041	8490.000
962.184	8316.000
962.327	8451.000
962.470	8346.000
962.613	8532.000
962.756	8407.000
962.899	8437.000
963.042	8365.000
963.185	8509.000
963.328	8317.000
963.471	8413.000
963.614	8349.000
963.757	8499.000
963.900	8306.000
964.043	8400.000
964.186	8333.000
964.329	8418.000
964.472	8330.000
964.615	8447.000
964.758	8308.000
964.900	8477.000
965.043	8327.000
965.186	8500.000
965.329	8452.000
965.472	8534.000
965.615	8413.000
965.758	8417.000
965.901	8330.000
966.044	8453.000
966.187	8342.000
966.329	8492.000
966.472	8506.000
966.615	8507.000
966.758	8349.000
966.901	8547.000
967.044	8464.000
967.187	8415.000
967.330	8335.000
967.472	8491.000
967.615	8391.000
967.758	8476.000
967.901	8355.000
968.044	8499.000
968.187	8381.000
968.329	8457.000
968.472	8401.000
968.615	8497.000
968.758	8389.000
968.901	8500.000
969.043	8435.000
969.186	8474.000
969.329	8362.000
969.472	8610.000
969.615	8430.000
969.757	8461.000
969.900	8448.000
970.043	8542.000
970.186	8323.000
970.328	8482.000
970.471	8498.000
970.614	8536.000
970.757	8395.000
970.899	8469.000
971.042	8402.000
971.185	8471.000
971.328	8394.000
971.470	8472.000
971.613	8428.000
971.756	8494.000
971.899	8406.000
972.041	8494.000
972.184	8245.000
972.327	8559.000
972.469	8343.000
972.612	8455.000
972.755	8371.000
972.898	8519.000
973.040	8383.000
973.183	8468.000
973.326	8455.000
973.468	8409.000
973.611	8337.000
973.754	8460.000
973.896	8333.000
974.039	8459.000
974.182	8295.000
974.324	8519.000
974.467	8431.000
974.610	8464.000
974.752	8352.000
974.895	8480.000
975.037	8395.000
975.180	8497.000
975.323	8319.000
975.465	8498.000
975.608	8349.000
975.751	8334.000
975.893	8356.000
976.036	8426.000
976.178	8343.000
976.321	8576.000
976.464	8257.000
976.606	8326.000
976.749	8311.000
976.891	8538.000
977.034	8355.000
977.176	8336.000
977.319	8236.000
977.462	8474.000
977.604	8311.000
977.747	8434.000
977.889	8296.000
978.032	8437.000
978.174	8331.000
978.317	8394.000
978.459	8371.000
978.602	8492.000
978.744	8342.000
978.887	8464.000
979.029	8280.000
979.172	8363.000
979.314	8362.000
979.457	8415.000
979.599	8220.000
979.742	8470.000
979.884	8253.000
980.027	8343.000
980.169	8298.000
980.312	8444.000
980.454	8307.000
980.597	8436.000
980.739	8323.000
980.882	8323.000
981.024	8256.000
981.167	8387.000
981.309	8393.000
981.452	8352.000
981.594	8301.000
981.736	8336.000
981.879	8283.000
982.021	8399.000
982.164	8276.000
982.306	8369.000
982.449	8281.000
982.591	8383.000
982.733	8321.000
982.876	8370.000
983.018	8199.000
983.161	8430.000
983.303	8250.000
983.445	8387.000
983.588	8268.000
983.730	8461.000
983.873	8286.000
984.015	8494.000
984.157	8219.000
984.300	8492.000
984.442	8286.000
984.584	8424.000
984.727	8246.000
984.869	8450.000
985.011	8315.000
985.154	8359.000
985.296	8259.000
985.438	8427.000
985.581	8273.000
985.723	8351.000
985.865	8267.000
986.008	8390.000
986.150	8343.000
986.292	8419.000
986.435	8320.000
986.577	8411.000
986.719	8199.000
986.861	8427.000
987.004	7947.000
987.146	8467.000
987.288	8350.000
987.431	8424.000
987.573	8330.000
987.715	8326.000
987.857	8217.000
988.000	8337.000
988.142	8327.000
988.284	8463.000
988.426	8272.000
988.569	8364.000
988.711	8199.000
988.853	8437.000
988.995	8302.000
989.138	8361.000
989.280	8215.000
989.422	8405.000
989.564	8315.000
989.706	8391.000
989.849	8255.000
989.991	8414.000
990.133	8279.000
990.275	8453.000
990.417	8319.000
990.560	8339.000
990.702	8155.000
990.844	8388.000
990.986	8290.000
991.128	8533.000
991.270	8266.000
991.413	8430.000
991.555	8299.000
991.697	8403.000
991.839	8296.000
991.981	8426.000
992.123	8300.000
992.265	8440.000
992.408	8306.000
992.550	8409.000
992.692	8316.000
992.834	8472.000
992.976	8342.000
993.118	8482.000
993.260	8303.000
993.402	8364.000
993.544	8232.000
993.687	8444.000
993.829	8245.000
993.971	8381.000
994.113	8235.000
994.255	8344.000
994.397	8265.000
994.539	8418.000
994.681	8339.000
994.823	8426.000
994.965	8291.000
995.107	8423.000
995.249	8328.000
995.391	8370.000
995.533	8269.000
995.675	8434.000
995.817	8342.000
995.959	8412.000
996.101	8226.000
996.243	8454.000
996.385	8323.000
996.527	8354.000
996.669	8279.000
996.811	8423.000
996.953	8257.000
997.095	8380.000
997.237	8242.000
997.379	8427.000
997.521	8263.000
997.663	8382.000
997.805	8351.000
997.947	8405.000
998.089	8244.000
998.231	8367.000
998.373	8237.000
998.515	8475.000
998.657	8365.000
998.799	8343.000
998.941	8299.000
999.083	8342.000
999.225	8321.000
999.367	8420.000
999.509	8375.000
999.651	8466.000
999.793	8285.000
999.934	8425.000
1000.076	8271.000
1000.218	8442.000
1000.360	8295.000
1000.502	8419.000
1000.644	8341.000
1000.786	8475.000
1000.928	8332.000
1001.070	8288.000
1001.212	8239.000
1001.353	8457.000
1001.495	8210.000
1001.637	8352.000
1001.779	8262.000
1001.921	8354.000
1002.063	8267.000
1002.205	8345.000
1002.346	8263.000
1002.488	8431.000
1002.630	8160.000
1002.772	8442.000
1002.914	8296.000
1003.055	8393.000
1003.197	8312.000
1003.339	8380.000
1003.481	8272.000
1003.623	8404.000
1003.765	8222.000
1003.906	8355.000
1004.048	8283.000
1004.190	8402.000
1004.332	8196.000
1004.473	8343.000
1004.615	8399.000
1004.757	8425.000
1004.899	8267.000
1005.041	8422.000
1005.182	8258.000
1005.324	8391.000
1005.466	8210.000
1005.608	8401.000
1005.749	8197.000
1005.891	8506.000
1006.033	8314.000
1006.175	8437.000
1006.316	8270.000
1006.458	8408.000
1006.600	8295.000
1006.741	8411.000
1006.883	8238.000
1007.025	8405.000
1007.167	8254.000
1007.308	8448.000
1007.450	8305.000
1007.592	8382.000
1007.733	8183.000
1007.875	8395.000
1008.017	8262.000
1008.158	8351.000
1008.300	8286.000
1008.442	8382.000
1008.583	8212.000
1008.725	8416.000
1008.867	8190.000
1009.008	8423.000
1009.150	8274.000
1009.292	8498.000
1009.433	8258.000
1009.575	8366.000
1009.716	8217.000
1009.858	8336.000
1010.000	8293.000
1010.141	8446.000
1010.283	8232.000
1010.425	8428.000
1010.566	8109.000
1010.708	8376.000
1010.849	8250.000
1010.991	8404.000
1011.132	8204.000
1011.274	8344.000
1011.416	8356.000
1011.557	8298.000
1011.699	8285.000
1011.840	8433.000
1011.982	8248.000
1012.123	8376.000
1012.265	8176.000
1012.407	8423.000
1012.548	8236.000
1012.690	8333.000
1012.831	8193.000
1012.973	8355.000
1013.114	8262.000
1013.256	8385.000
1013.397	8342.000
1013.539	8601.000
1013.680	8579.000
1013.822	8735.000
1013.963	8624.000
1014.105	8804.000
1014.246	8682.000
1014.388	9015.000
1014.529	8991.000
1014.671	9192.000
1014.812	8677.000
1014.954	8586.000
1015.095	8398.000
1015.237	8451.000
1015.378	8217.000
1015.520	8381.000
1015.661	8203.000
1015.803	8323.000
1015.944	8114.000
1016.085	8318.000
1016.227	8134.000
1016.368	8198.000
1016.510	8069.000
1016.651	8271.000
1016.793	8212.000
1016.934	8223.000
1017.075	8143.000
1017.217	8260.000
1017.358	8163.000
1017.500	8286.000
1017.641	8083.000
1017.782	8319.000
1017.924	8126.000
1018.065	8224.000
1018.207	8105.000
1018.348	8307.000
1018.489	8111.000
1018.631	8192.000
1018.772	8117.000
1018.913	8234.000
1019.055	8059.000
1019.196	8155.000
1019.337	8061.000
1019.479	8261.000
1019.620	8167.000
1019.761	8199.000
1019.903	8096.000
1020.044	8234.000
1020.185	8109.000
1020.327	8163.000
1020.468	8025.000
1020.609	8208.000
1020.751	8004.000
1020.892	8202.000
1021.033	8063.000
1021.175	8236.000
1021.316	8055.000
1021.457	8128.000
1021.598	8025.000
1021.740	8239.000
1021.881	8090.000
1022.022	8175.000
1022.164	8087.000
1022.305	8250.000
1022.446	8023.000
1022.587	8179.000
1022.729	8129.000
1022.870	8274.000
1023.011	8106.000
1023.152	8190.000
1023.294	8109.000
1023.435	8160.000
1023.576	8017.000
1023.717	8209.000
1023.858	8079.000
1024.000	8217.000
1024.141	8044.000
1024.282	8183.000
1024.423	8026.000
1024.564	8267.000
1024.706	8116.000
1024.847	8253.000
1024.988	8009.000
1025.129	8239.000
1025.270	8091.000
1025.412	8282.000
1025.553	8076.000
1025.694	8276.000
1025.835	8073.000
1025.976	8215.000
1026.117	8082.000
1026.258	8240.000
1026.400	8056.000
1026.541	8257.000
1026.682	8102.000
1026.823	8202.000
1026.964	8124.000
1027.105	8193.000
1027.246	8152.000
1027.388	8288.000
1027.529	8116.000
1027.670	8168.000
1027.811	8051.000
1027.952	8222.000
1028.093	8129.000
1028.234	8167.000
1028.375	8160.000
1028.516	8224.000
1028.657	8174.000
1028.798	8281.000
1028.939	8119.000
1029.081	8243.000
1029.222	8169.000
1029.363	8229.000
1029.504	8110.000
1029.645	8290.000
1029.786	8186.000
1029.927	8280.000
1030.068	8222.000
1030.209	8289.000
1030.350	8181.000
1030.491	8237.000
1030.632	8154.000
1030.773	8318.000
1030.914	8150.000
1031.055	8239.000
1031.196	8206.000
1031.337	8316.000
1031.478	8138.000
1031.619	8234.000
1031.760	8160.000
1031.901	8356.000
1032.042	8117.000
1032.183	8274.000
1032.324	8183.000
1032.465	8384.000
1032.606	8731.000
1032.747	8254.000
1032.888	8165.000
1033.029	8298.000
1033.170	8117.000
1033.311	8350.000
1033.452	8128.000
1033.592	8303.000
1033.733	8147.000
1033.874	8166.000
1034.015	8222.000
1034.156	8263.000
1034.297	8155.000
1034.438	8283.000
1034.579	8153.000
1034.720	8343.000
1034.861	8154.000
1035.002	8200.000
1035.142	8085.000
1035.283	8242.000
1035.424	8094.000
1035.565	8271.000
1035.706	8166.000
1035.847	8240.000
1035.988	8224.000
1036.129	8225.000
1036.269	8101.000
1036.410	8352.000
1036.551	8131.000
1036.692	8240.000
1036.833	8104.000
1036.974	8181.000
1037.114	8157.000
1037.255	8173.000
1037.396	8126.000
1037.537	8139.000
1037.678	8131.000
1037.819	8170.000
1037.959	8115.000
1038.100	8223.000
1038.241	8085.000
1038.382	8236.000
1038.523	8134.000
1038.663	8280.000
1038.804	8131.000
1038.945	8166.000
1039.086	8182.000
1039.226	8207.000
1039.367	8146.000
1039.508	8206.000
1039.649	8139.000
1039.789	8175.000
1039.930	8145.000
1040.071	8237.000
1040.212	8232.000
1040.352	8231.000
1040.493	8143.000
1040.634	8199.000
1040.775	8157.000
1040.915	8207.000
1041.056	8094.000
1041.197	8262.000
1041.337	8121.000
1041.478	8288.000
1041.619	8145.000
1041.760	8203.000
1041.900	8146.000
1042.041	8228.000
1042.182	8123.000
1042.322	8304.000
1042.463	8150.000
1042.604	8325.000
1042.744	8209.000
1042.885	8347.000
1043.026	8158.000
1043.166	8326.000
1043.307	8139.000
1043.448	8279.000
1043.588	8114.000
1043.729	8343.000
1043.869	8143.000
1044.010	8317.000
1044.151	8162.000
1044.291	8359.000
1044.432	8129.000
1044.573	8305.000
1044.713	8207.000
1044.854	8376.000
1044.994	8230.000
1045.135	8326.000
1045.276	8265.000
1045.416	8413.000
1045.557	8284.000
1045.697	8300.000
1045.838	8254.000
1045.978	8426.000
1046.119	8231.000
1046.260	8333.000
1046.400	8282.000
1046.541	8434.000
1046.681	8189.000
1046.822	8421.000
1046.962	8239.000
1047.103	8501.000
1047.243	8379.000
1047.384	8386.000
1047.524	8234.000
1047.665	8413.000
1047.805	8258.000
1047.946	8359.000
1048.087	8291.000
1048.227	8406.000
1048.368	8279.000
1048.508	8391.000
1048.649	8292.000
1048.789	8421.000
1048.929	8317.000
1049.070	8370.000
1049.210	8271.000
1049.351	8439.000
1049.491	8216.000
1049.632	8382.000
1049.772	8247.000
1049.913	8411.000
1050.053	8180.000
1050.194	8428.000
1050.334	8342.000
1050.475	8345.000
1050.615	8336.000
1050.755	8436.000
1050.896	8239.000
1051.036	8425.000
1051.177	8300.000
1051.317	8391.000
1051.458	8242.000
1051.598	8330.000
1051.738	8268.000
1051.879	8312.000
1052.019	8267.000
1052.160	8371.000
1052.300	8343.000
1052.440	8389.000
1052.581	8245.000
1052.721	8437.000
1052.861	8370.000
1053.002	8372.000
1053.142	8342.000
1053.282	8392.000
1053.423	8273.000
1053.563	8390.000
1053.704	7137.000
1053.844	8370.000
1053.984	8261.000
1054.125	8321.000
1054.265	8186.000
1054.405	8382.000
1054.546	8252.000
1054.686	8386.000
1054.826	8331.000
1054.966	8397.000
1055.107	8244.000
1055.247	8345.000
1055.387	8246.000
1055.528	8423.000
1055.668	8290.000
1055.808	8364.000
1055.948	8190.000
1056.089	8388.000
1056.229	8199.000
1056.369	8296.000
1056.510	8251.000
1056.650	8295.000
1056.790	8208.000
1056.930	8335.000
1057.071	8166.000
1057.211	8375.000
1057.351	8166.000
1057.491	8419.000
1057.632	8224.000
1057.772	8278.000
1057.912	8263.000
1058.052	8249.000
1058.192	8140.000
1058.333	8241.000
1058.473	8121.000
1058.613	8201.000
1058.753	8152.000
1058.893	8315.000
1059.034	8122.000
1059.174	8303.000
1059.314	8097.000
1059.454	8226.000
1059.594	8103.000
1059.734	8188.000
1059.875	8062.000
1060.015	8226.000
1060.155	8044.000
1060.295	8179.000
1060.435	8048.000
1060.575	8223.000
1060.716	8179.000
1060.856	8214.000
1060.996	8094.000
1061.136	8340.000
1061.276	8073.000
1061.416	8194.000
1061.556	8152.000
1061.696	8294.000
1061.837	8099.000
1061.977	8356.000
1062.117	12718.000
1062.257	8354.000
1062.397	8163.000
1062.537	8250.000
1062.677	8205.000
1062.817	8256.000
1062.957	8099.000
1063.097	8227.000
1063.237	8286.000
1063.377	8394.000
1063.517	8320.000
1063.658	8456.000
1063.798	8392.000
1063.938	8575.000
1064.078	8568.000
1064.218	8733.000
1064.358	8596.000
1064.498	8756.000
1064.638	8598.000
1064.778	8858.000
1064.918	8857.000
1065.058	9079.000
1065.198	8873.000
1065.338	8734.000
1065.478	8427.000
1065.618	8389.000
1065.758	8234.000
1065.898	8317.000
1066.038	8237.000
1066.178	8408.000
1066.318	8238.000
1066.458	8335.000
1066.598	8204.000
1066.738	8429.000
1066.878	8258.000
1067.018	8393.000
1067.158	8205.000
1067.297	8367.000
1067.437	8103.000
1067.577	8333.000
1067.717	8170.000
1067.857	8390.000
1067.997	8178.000
1068.137	8399.000
1068.277	8238.000
1068.417	8354.000
1068.557	8207.000
1068.697	8386.000
1068.837	8147.000
1068.977	8409.000
1069.116	8297.000
1069.256	8261.000
1069.396	8218.000
1069.536	8409.000
1069.676	8244.000
1069.816	8338.000
1069.956	8239.000
1070.096	8345.000
1070.235	8284.000
1070.375	8342.000
1070.515	8314.000
1070.655	8387.000
1070.795	8273.000
1070.935	8441.000
1071.074	8236.000
1071.214	8422.000
1071.354	8199.000
1071.494	8376.000
1071.634	8353.000
1071.774	8499.000
1071.913	8281.000
1072.053	8373.000
1072.193	8333.000
1072.333	8488.000
1072.473	8320.000
1072.612	8493.000
1072.752	8325.000
1072.892	8499.000
1073.032	8306.000
1073.172	8390.000
1073.311	8341.000
1073.451	8476.000
1073.591	8327.000
1073.731	8346.000
1073.870	8337.000
1074.010	8540.000
1074.150	8368.000
1074.290	8387.000
1074.429	8345.000
1074.569	8385.000
1074.709	8389.000
1074.848	8515.000
