1229.956	9360.000
1230.103	9274.000
1230.250	9333.000
1230.397	9345.000
1230.544	9324.000
1230.691	9382.000
1230.838	9325.000
1230.985	9369.000
1231.132	9312.000
1231.278	9337.000
1231.425	9265.000
1231.572	9396.000
1231.719	9310.000
1231.866	9287.000
1232.013	9317.000
1232.159	9396.000
1232.306	9230.000
1232.453	9371.000
1232.600	9288.000
1232.746	9379.000
1232.893	9315.000
1233.040	9273.000
1233.186	9422.000
1233.333	9359.000
1233.480	9335.000
1233.627	9321.000
1233.773	9353.000
1233.920	9289.000
1234.066	9301.000
1234.213	9286.000
1234.360	9336.000
1234.506	9392.000
1234.653	9320.000
1234.800	9317.000
1234.946	9263.000
1235.093	9312.000
1235.239	9369.000
1235.386	9276.000
1235.532	9336.000
1235.679	9312.000
1235.825	9292.000
1235.972	9339.000
1236.118	9273.000
1236.265	9359.000
1236.411	9260.000
1236.558	9320.000
1236.704	9319.000
1236.851	9278.000
1236.997	9275.000
1237.143	9305.000
1237.290	9275.000
1237.436	9251.000
1237.583	9334.000
1237.729	9327.000
1237.875	9292.000
1238.022	9276.000
1238.168	9241.000
1238.314	9279.000
1238.461	9230.000
1238.607	9227.000
1238.753	9303.000
1238.900	9235.000
1239.046	9224.000
1239.192	9213.000
1239.338	9223.000
1239.485	9270.000
1239.631	9259.000
1239.777	9187.000
1239.923	9205.000
1240.070	9238.000
1240.216	9217.000
1240.362	9157.000
1240.508	9211.000
1240.654	9230.000
1240.800	9143.000
1240.947	9153.000
1241.093	9154.000
1241.239	9149.000
1241.385	9163.000
1241.531	9258.000
1241.677	9115.000
1241.823	9191.000
1241.969	9159.000
1242.115	9156.000
1242.261	9079.000
1242.407	9127.000
1242.553	9090.000
1242.699	9095.000
1242.845	9149.000
1242.991	9148.000
1243.137	9109.000
1243.283	9144.000
1243.429	9098.000
1243.575	9114.000
1243.721	9169.000
1243.867	9086.000
1244.013	9102.000
1244.159	9121.000
1244.305	9130.000
1244.451	9135.000
1244.596	9071.000
1244.742	9053.000
1244.888	9060.000
1245.034	9008.000
1245.180	9055.000
1245.326	9146.000
1245.471	9050.000
1245.617	9079.000
1245.763	9050.000
1245.909	9060.000
1246.055	9089.000
1246.200	9083.000
1246.346	8954.000
1246.492	9144.000
1246.638	9033.000
1246.783	9006.000
1246.929	9096.000
1247.075	9067.000
1247.220	9088.000
1247.366	9080.000
1247.512	9066.000
1247.657	9089.000
1247.803	9061.000
1247.949	9137.000
1248.094	9035.000
1248.240	9131.000
1248.385	8966.000
1248.531	9008.000
1248.676	9167.000
1248.822	9098.000
1248.968	9059.000
1249.113	9146.000
1249.259	9080.000
1249.404	9072.000
1249.550	9063.000
1249.695	9066.000
1249.841	9091.000
1249.986	9144.000
1250.132	9050.000
1250.277	9099.000
1250.422	9085.000
1250.568	9131.000
1250.713	9081.000
1250.859	9027.000
1251.004	9085.000
1251.150	9136.000
1251.295	9136.000
1251.440	9123.000
1251.586	9062.000
1251.731	9130.000
1251.876	9106.000
1252.022	9072.000
1252.167	9032.000
1252.312	9095.000
1252.458	9004.000
1252.603	9150.000
1252.748	9097.000
1252.893	9144.000
1253.039	9077.000
1253.184	9105.000
1253.329	9090.000
1253.474	9062.000
1253.619	9054.000
1253.765	9128.000
1253.910	8999.000
1254.055	9097.000
1254.200	9080.000
1254.345	9065.000
1254.490	9072.000
1254.636	9122.000
1254.781	9003.000
1254.926	9165.000
1255.071	9058.000
1255.216	9064.000
1255.361	9089.000
1255.506	9133.000
1255.651	9010.000
1255.796	9130.000
1255.941	8923.000
1256.086	9047.000
1256.231	9016.000
1256.376	9121.000
1256.521	9053.000
1256.666	9115.000
1256.811	8953.000
1256.956	9001.000
1257.101	9005.000
1257.246	9044.000
1257.391	9043.000
1257.536	9129.000
1257.681	8980.000
1257.826	9060.000
1257.971	8969.000
1258.116	9070.000
1258.260	9057.000
1258.405	9115.000
1258.550	8963.000
1258.695	9063.000
1258.840	8929.000
1258.985	9098.000
1259.129	9066.000
1259.274	9014.000
1259.419	9035.000
1259.564	9029.000
1259.708	8953.000
1259.853	9025.000
1259.998	9031.000
1260.143	9078.000
1260.287	8947.000
1260.432	9064.000
1260.577	8973.000
1260.721	9023.000
1260.866	8926.000
1261.011	9078.000
1261.155	8988.000
1261.300	9070.000
1261.445	8916.000
1261.589	9017.000
1261.734	8883.000
1261.878	9060.000
1262.023	8993.000
1262.168	9083.000
1262.312	8982.000
1262.457	9064.000
1262.601	8848.000
1262.746	9097.000
1262.890	8893.000
1263.035	9061.000
1263.179	8937.000
1263.324	9136.000
1263.468	8982.000
1263.613	9052.000
1263.757	8968.000
1263.902	9076.000
1264.046	8903.000
1264.191	9010.000
1264.335	8919.000
1264.479	9072.000
1264.624	8913.000
1264.768	8962.000
1264.912	8943.000
1265.057	9008.000
1265.201	8930.000
1265.346	9044.000
1265.490	8934.000
1265.634	9095.000
1265.778	8947.000
1265.923	9082.000
1266.067	9067.000
1266.211	9104.000
1266.356	9011.000
1266.500	8982.000
1266.644	8921.000
1266.788	8979.000
1266.933	8904.000
1267.077	9032.000
1267.221	9075.000
1267.365	9083.000
1267.509	8920.000
1267.653	9104.000
1267.798	9037.000
1267.942	8994.000
1268.086	8910.000
1268.230	9045.000
1268.374	8922.000
1268.518	8996.000
1268.662	8937.000
1268.806	9063.000
1268.950	8919.000
1269.095	9029.000
1269.239	8940.000
1269.383	9016.000
1269.527	8962.000
1269.671	9014.000
1269.815	8991.000
1269.959	9011.000
1270.103	8926.000
1270.247	9122.000
1270.391	8940.000
1270.535	8954.000
1270.679	8972.000
1270.822	9033.000
1270.966	8898.000
1271.110	9028.000
1271.254	9016.000
1271.398	9043.000
1271.542	8925.000
1271.686	8974.000
1271.830	8915.000
1271.973	8990.000
1272.117	8880.000
1272.261	8952.000
1272.405	8921.000
1272.549	9015.000
1272.693	8893.000
1272.836	8991.000
1272.980	8731.000
1273.124	9061.000
1273.268	8854.000
1273.411	8912.000
1273.555	8848.000
1273.699	8995.000
1273.843	8841.000
1273.986	8914.000
1274.130	8946.000
1274.274	8862.000
1274.417	8779.000
1274.561	8967.000
1274.705	8845.000
1274.848	8906.000
1274.992	8785.000
1275.135	8984.000
1275.279	8895.000
1275.423	8924.000
1275.566	8789.000
1275.710	8928.000
1275.853	8842.000
1275.997	8929.000
1276.140	8715.000
1276.284	8933.000
1276.427	8817.000
1276.571	8794.000
1276.714	8791.000
1276.858	8827.000
1277.001	8787.000
1277.145	8995.000
1277.288	8705.000
1277.432	8764.000
1277.575	8775.000
1277.719	8932.000
1277.862	8783.000
1278.005	8803.000
1278.149	8675.000
1278.292	8897.000
1278.435	8706.000
1278.579	8837.000
1278.722	8739.000
1278.865	8875.000
1279.009	8727.000
1279.152	8836.000
1279.295	8836.000
1279.439	8870.000
1279.582	8747.000
1279.725	8921.000
1279.868	8650.000
1280.012	8772.000
1280.155	8763.000
1280.298	8838.000
1280.441	8645.000
1280.585	8908.000
1280.728	8617.000
1280.871	8782.000
1281.014	8724.000
1281.157	8851.000
1281.300	8712.000
1281.444	8821.000
1281.587	8752.000
1281.730	8743.000
1281.873	8690.000
1282.016	8779.000
1282.159	8803.000
1282.302	8765.000
1282.445	8703.000
1282.588	8762.000
1282.731	8732.000
1282.874	8802.000
1283.017	8676.000
1283.160	8769.000
1283.303	8685.000
1283.446	8772.000
1283.589	8698.000
1283.732	8787.000
1283.875	8635.000
1284.018	8820.000
1284.161	8635.000
1284.304	8777.000
1284.447	8646.000
1284.590	8857.000
1284.733	8659.000
1284.876	8920.000
1285.019	8604.000
1285.161	8903.000
1285.304	8668.000
1285.447	8809.000
1285.590	8690.000
1285.733	8822.000
1285.876	8725.000
1286.018	8721.000
1286.161	8666.000
1286.304	8830.000
1286.447	8676.000
1286.589	8768.000
1286.732	8692.000
1286.875	8796.000
1287.018	8739.000
1287.160	8824.000
1287.303	8740.000
1287.446	8813.000
1287.588	8631.000
1287.731	8821.000
1287.874	8356.000
1288.016	8857.000
1288.159	8738.000
1288.302	8797.000
1288.444	8758.000
1288.587	8765.000
1288.729	8661.000
1288.872	8750.000
1289.015	8722.000
1289.157	8874.000
1289.300	8676.000
1289.442	8757.000
1289.585	8665.000
1289.727	8846.000
1289.870	8705.000
1290.012	8778.000
1290.155	8647.000
1290.297	8866.000
1290.440	8742.000
1290.582	8806.000
1290.725	8678.000
1290.867	8844.000
1291.009	8689.000
1291.152	8847.000
1291.294	8754.000
1291.437	8767.000
1291.579	8611.000
1291.721	8762.000
1291.864	8712.000
1292.006	8951.000
1292.148	8681.000
1292.291	8823.000
1292.433	8689.000
1292.575	8826.000
1292.718	8697.000
1292.860	8839.000
1293.002	8679.000
1293.145	8827.000
1293.287	8731.000
1293.429	8817.000
1293.571	8733.000
1293.713	8877.000
1293.856	8753.000
1293.998	8824.000
1294.140	8702.000
1294.282	8757.000
1294.424	8659.000
1294.567	8871.000
1294.709	8665.000
1294.851	8773.000
1294.993	8689.000
1295.135	8774.000
1295.277	8656.000
1295.419	8792.000
1295.561	8739.000
1295.703	8832.000
1295.845	8696.000
1295.987	8895.000
1296.129	8720.000
1296.272	8778.000
1296.414	8691.000
1296.556	8845.000
1296.698	8755.000
1296.840	8839.000
1296.981	8653.000
1297.123	8850.000
1297.265	8706.000
1297.407	8740.000
1297.549	8665.000
1297.691	8802.000
1297.833	8662.000
1297.975	8776.000
1298.117	8664.000
1298.259	8812.000
1298.401	8682.000
1298.542	8782.000
1298.684	8741.000
1298.826	8800.000
1298.968	8678.000
1299.110	8761.000
1299.252	8661.000
1299.393	8864.000
1299.535	8757.000
1299.677	8773.000
1299.819	8698.000
1299.960	8698.000
1300.102	8716.000
1300.244	8759.000
1300.386	8750.000
1300.527	8872.000
1300.669	8645.000
1300.811	8788.000
1300.952	8678.000
1301.094	8819.000
1301.236	8690.000
1301.377	8823.000
1301.519	8744.000
1301.661	8844.000
1301.802	8723.000
1301.944	8674.000
1302.085	8611.000
1302.227	8836.000
1302.368	8593.000
1302.510	8753.000
1302.652	8639.000
1302.793	8729.000
1302.935	8653.000
1303.076	8762.000
1303.218	8607.000
1303.359	8819.000
1303.501	8535.000
1303.642	8800.000
1303.783	8629.000
1303.925	8777.000
1304.066	8625.000
1304.208	8746.000
1304.349	8635.000
1304.491	8760.000
1304.632	8600.000
1304.773	8718.000
1304.915	8635.000
1305.056	8776.000
1305.197	8576.000
1305.339	8733.000
1305.480	8748.000
1305.621	8752.000
1305.763	8607.000
1305.904	8764.000
1306.045	8591.000
1306.187	8761.000
1306.328	8629.000
1306.469	8774.000
1306.610	8554.000
1306.752	8876.000
1306.893	8693.000
1307.034	8824.000
1307.175	8633.000
1307.316	8789.000
1307.458	8668.000
1307.599	8782.000
1307.740	8575.000
1307.881	8732.000
1308.022	8620.000
1308.163	8759.000
1308.304	8650.000
1308.446	8767.000
1308.587	8571.000
1308.728	8706.000
1308.869	8610.000
1309.010	8722.000
1309.151	8613.000
1309.292	8726.000
1309.433	8532.000
1309.574	8739.000
1309.715	8527.000
1309.856	8769.000
1309.997	8601.000
1310.138	8843.000
1310.279	8606.000
1310.420	8710.000
1310.561	8584.000
1310.702	8653.000
1310.843	8616.000
1310.984	8782.000
1311.124	8582.000
1311.265	8743.000
1311.406	8454.000
1311.547	8708.000
1311.688	8604.000
1311.829	8727.000
1311.970	8551.000
1312.110	8696.000
1312.251	8649.000
1312.392	8662.000
1312.533	8589.000
1312.674	8753.000
1312.814	8542.000
1312.955	8713.000
1313.096	8518.000
1313.237	8731.000
1313.377	8549.000
1313.518	8617.000
1313.659	8505.000
1313.800	8663.000
1313.940	8551.000
1314.081	8609.000
1314.222	8427.000
1314.362	8664.000
1314.503	8618.000
1314.644	8672.000
1314.784	8553.000
1314.925	8715.000
1315.065	8512.000
1315.206	8642.000
1315.347	8481.000
1315.487	8630.000
1315.628	8415.000
1315.768	8629.000
1315.909	8561.000
1316.049	8675.000
1316.190	8523.000
1316.330	8642.000
1316.471	8492.000
1316.611	8628.000
1316.752	8403.000
1316.892	8620.000
1317.033	8449.000
1317.173	8492.000
1317.313	8390.000
1317.454	8588.000
1317.594	8514.000
1317.735	8500.000
1317.875	8411.000
1318.015	8564.000
1318.156	8449.000
1318.296	8555.000
1318.437	8392.000
1318.577	8611.000
1318.717	8406.000
1318.857	8521.000
1318.998	8397.000
1319.138	8611.000
1319.278	8395.000
1319.419	8455.000
1319.559	8439.000
1319.699	8497.000
1319.839	8359.000
1319.980	8409.000
1320.120	8366.000
1320.260	8588.000
1320.400	8425.000
1320.540	8494.000
1320.681	8370.000
1320.821	8515.000
1320.961	8362.000
1321.101	8436.000
1321.241	8347.000
1321.381	8511.000
1321.521	8312.000
1321.661	8448.000
1321.802	8338.000
1321.942	8462.000
1322.082	8360.000
1322.222	8431.000
1322.362	8283.000
1322.502	8478.000
1322.642	8324.000
1322.782	8483.000
1322.922	8360.000
1323.062	8517.000
1323.202	8264.000
1323.342	8437.000
1323.482	8402.000
1323.622	8539.000
1323.762	8354.000
1323.902	8447.000
1324.041	8369.000
1324.181	8425.000
1324.321	8287.000
1324.461	8462.000
1324.601	8358.000
1324.741	8472.000
1324.881	8315.000
1325.021	8424.000
1325.160	8289.000
1325.300	8526.000
1325.440	8353.000
1325.580	8512.000
1325.720	8292.000
1325.859	8508.000
1325.999	8309.000
1326.139	8488.000
1326.279	8308.000
1326.418	8522.000
1326.558	8280.000
1326.698	8471.000
1326.838	8298.000
1326.977	8475.000
1327.117	8310.000
1327.257	8505.000
1327.396	8384.000
1327.536	8457.000
1327.675	8403.000
1327.815	8430.000
1327.955	8373.000
1328.094	8537.000
1328.234	8335.000
1328.374	8412.000
1328.513	8310.000
1328.653	8463.000
1328.792	8376.000
1328.932	8424.000
1329.071	8349.000
1329.211	8418.000
1329.350	8376.000
1329.490	8512.000
1329.629	8318.000
1329.769	8476.000
1329.908	8414.000
1330.048	8466.000
1330.187	8313.000
1330.327	8556.000
1330.466	8399.000
1330.605	8491.000
1330.745	8432.000
1330.884	8499.000
1331.024	8397.000
1331.163	8451.000
1331.302	8381.000
1331.442	8530.000
1331.581	8355.000
1331.720	8439.000
1331.860	8441.000
1331.999	8517.000
1332.138	8344.000
1332.277	8414.000
1332.417	8366.000
1332.556	8578.000
1332.695	8357.000
1332.834	8467.000
1332.974	8392.000
1333.113	8572.000
1333.252	8928.000
1333.391	8496.000
1333.531	8381.000
1333.670	8489.000
1333.809	8296.000
1333.948	8529.000
1334.087	8325.000
1334.226	8536.000
1334.365	8347.000
1334.505	8389.000
1334.644	8385.000
1334.783	8504.000
1334.922	8358.000
1335.061	8467.000
1335.200	8339.000
1335.339	8551.000
1335.478	8332.000
1335.617	8388.000
1335.756	8323.000
1335.895	8419.000
1336.034	8320.000
1336.173	8435.000
1336.312	8323.000
1336.451	8385.000
1336.590	8387.000
1336.729	8408.000
1336.868	8305.000
1337.007	8536.000
1337.146	8363.000
1337.285	8391.000
1337.423	8279.000
1337.562	8344.000
1337.701	8314.000
1337.840	8394.000
1337.979	8293.000
1338.118	8305.000
1338.256	8332.000
1338.395	8328.000
1338.534	8325.000
1338.673	8433.000
1338.812	8281.000
1338.950	8388.000
1339.089	8297.000
1339.228	8478.000
1339.367	8268.000
1339.505	8379.000
1339.644	8359.000
1339.783	8397.000
1339.922	8312.000
1340.060	8390.000
1340.199	8314.000
1340.338	8392.000
1340.476	8321.000
1340.615	8417.000
1340.753	8379.000
1340.892	8369.000
1341.031	8296.000
1341.169	8344.000
1341.308	8297.000
1341.446	8389.000
1341.585	8279.000
1341.724	8456.000
1341.862	8306.000
1342.001	8452.000
1342.139	8306.000
1342.278	8392.000
1342.416	8316.000
1342.555	8410.000
1342.693	8258.000
1342.832	8469.000
1342.970	8339.000
1343.109	8471.000
1343.247	8358.000
1343.385	8480.000
1343.524	8303.000
1343.662	8479.000
1343.801	8281.000
1343.939	8423.000
1344.077	8313.000
1344.216	8508.000
1344.354	8282.000
1344.492	8500.000
1344.631	8323.000
1344.769	8480.000
1344.907	8307.000
1345.046	8440.000
1345.184	8365.000
1345.322	8538.000
1345.460	8393.000
1345.599	8481.000
1345.737	8423.000
1345.875	8572.000
1346.013	8440.000
1346.152	8501.000
1346.290	8403.000
1346.428	8577.000
1346.566	8411.000
1346.704	8496.000
1346.843	8411.000
1346.981	8591.000
1347.119	8355.000
1347.257	8535.000
1347.395	8377.000
1347.533	8613.000
1347.671	8490.000
1347.809	8551.000
1347.947	8398.000
1348.085	8507.000
1348.224	8411.000
1348.362	8511.000
1348.500	8422.000
1348.638	8565.000
1348.776	8419.000
1348.914	8516.000
1349.052	8415.000
1349.190	8562.000
1349.328	8453.000
1349.466	8527.000
1349.603	8411.000
1349.741	8584.000
1349.879	8396.000
1350.017	8517.000
1350.155	8388.000
1350.293	8549.000
1350.431	8298.000
1350.569	8548.000
1350.707	8479.000
1350.844	8413.000
1350.982	8430.000
1351.120	8577.000
1351.258	8366.000
1351.396	8547.000
1351.534	8420.000
1351.671	8477.000
1351.809	8348.000
1351.947	8476.000
1352.085	8367.000
1352.222	8446.000
1352.360	8379.000
1352.498	8504.000
1352.636	8405.000
1352.773	8475.000
1352.911	8334.000
1353.049	8542.000
1353.186	8436.000
1353.324	8478.000
1353.462	8447.000
1353.599	8496.000
1353.737	8410.000
1353.874	8467.000
1354.012	7279.000
1354.150	8490.000
1354.287	8360.000
1354.425	8448.000
1354.562	8298.000
1354.700	8480.000
1354.837	8325.000
1354.975	8488.000
1355.112	8383.000
1355.250	8455.000
1355.387	8364.000
1355.525	8436.000
1355.662	8332.000
1355.800	8497.000
1355.937	8344.000
1356.075	8456.000
1356.212	8279.000
1356.350	8475.000
1356.487	8283.000
1356.624	8378.000
1356.762	8307.000
1356.899	8365.000
1357.037	8294.000
1357.174	8393.000
1357.311	8268.000
1357.449	8465.000
1357.586	8244.000
1357.723	8498.000
1357.860	8317.000
1357.998	8362.000
1358.135	8335.000
1358.272	8344.000
1358.410	8238.000
1358.547	8331.000
1358.684	8186.000
1358.821	8293.000
1358.959	8228.000
1359.096	8399.000
1359.233	8250.000
1359.370	8382.000
1359.507	8158.000
1359.644	8306.000
1359.782	8186.000
1359.919	8324.000
1360.056	8088.000
1360.193	8285.000
1360.330	8120.000
1360.467	8239.000
1360.604	8127.000
1360.741	8295.000
1360.878	8266.000
1361.015	8280.000
1361.152	8154.000
1361.290	8404.000
1361.427	8122.000
1361.564	8266.000
1361.701	8198.000
1361.838	8333.000
1361.975	8150.000
1362.112	8425.000
1362.248	12839.000
1362.385	8399.000
1362.522	8235.000
1362.659	8301.000
1362.796	8220.000
1362.933	8295.000
1363.070	8114.000
1363.207	8278.000
1363.344	8294.000
1363.481	8456.000
1363.617	8290.000
1363.754	8368.000
1363.891	8239.000
1364.028	8391.000
1364.165	8347.000
1364.302	8442.000
1364.438	8279.000
1364.575	8416.000
1364.712	8232.000
1364.849	8403.000
1364.985	8314.000
1365.122	8455.000
1365.259	8301.000
1365.396	8426.000
1365.532	8312.000
1365.669	8382.000
1365.806	8256.000
1365.942	8355.000
1366.079	8250.000
1366.216	8436.000
1366.352	8291.000
1366.489	8406.000
1366.625	8267.000
1366.762	8508.000
1366.899	8295.000
1367.035	8488.000
1367.172	8260.000
1367.308	8445.000
1367.445	8190.000
1367.581	8427.000
1367.718	8231.000
1367.855	8426.000
1367.991	8224.000
1368.128	8439.000
1368.264	8258.000
1368.401	8379.000
1368.537	8243.000
1368.673	8419.000
1368.810	8188.000
1368.946	8472.000
1369.083	8342.000
1369.219	8307.000
1369.356	8248.000
1369.492	8442.000
1369.628	8328.000
1369.765	8361.000
1369.901	8265.000
1370.037	8438.000
1370.174	8353.000
1370.310	8399.000
1370.446	8355.000
1370.583	8452.000
1370.719	8317.000
1370.855	8507.000
1370.992	8267.000
1371.128	8438.000
1371.264	8247.000
1371.400	8404.000
1371.537	8373.000
1371.673	8547.000
1371.809	8299.000
1371.945	8404.000
1372.081	8392.000
1372.218	8542.000
1372.354	8354.000
1372.490	8520.000
1372.626	8329.000
1372.762	8553.000
1372.898	8366.000
1373.034	8437.000
1373.170	8370.000
1373.307	8536.000
1373.443	8355.000
1373.579	8383.000
1373.715	8392.000
1373.851	8569.000
1373.987	8437.000
1374.123	8440.000
1374.259	8408.000
1374.395	8436.000
1374.531	8436.000
1374.667	8551.000
