1129.938	28720.000
1130.084	25402.000
1130.229	27257.000
1130.375	24167.000
1130.521	25858.000
1130.667	23100.000
1130.813	24510.000
1130.958	22050.000
1131.104	23578.000
1131.250	21379.000
1131.396	22760.000
1131.542	20869.000
1131.687	22304.000
1131.833	20312.000
1131.979	21964.000
1132.124	20391.000
1132.270	21873.000
1132.416	20393.000
1132.561	22039.000
1132.707	20643.000
1132.853	22319.000
1132.998	20954.000
1133.144	23062.000
1133.290	21876.000
1133.435	24718.000
1133.581	23952.000
1133.727	27057.000
1133.872	25599.000
1134.018	28168.000
1134.163	25957.000
1134.309	27585.000
1134.455	24733.000
1134.600	25989.000
1134.746	23383.000
1134.891	24674.000
1135.037	22370.000
1135.182	23430.000
1135.328	21066.000
1135.473	22028.000
1135.619	20051.000
1135.764	20872.000
1135.910	19125.000
1136.055	19837.000
1136.201	18386.000
1136.346	19003.000
1136.492	17633.000
1136.637	18383.000
1136.783	16999.000
1136.928	17653.000
1137.074	16423.000
1137.219	17008.000
1137.364	15939.000
1137.510	16681.000
1137.655	15651.000
1137.801	16158.000
1137.946	15210.000
1138.091	15705.000
1138.237	14865.000
1138.382	15335.000
1138.527	14511.000
1138.673	15085.000
1138.818	14321.000
1138.963	14811.000
1139.109	14123.000
1139.254	14527.000
1139.399	13925.000
1139.544	14390.000
1139.690	13643.000
1139.835	14178.000
1139.980	13671.000
1140.125	14057.000
1140.271	13493.000
1140.416	13960.000
1140.561	13472.000
1140.706	13838.000
1140.851	13335.000
1140.997	13722.000
1141.142	13249.000
1141.287	13690.000
1141.432	13335.000
1141.577	13613.000
1141.723	13280.000
1141.868	13675.000
1142.013	13244.000
1142.158	13569.000
1142.303	13235.000
1142.448	13605.000
1142.593	13240.000
1142.738	13657.000
1142.883	13152.000
1143.028	13436.000
1143.174	13034.000
1143.319	13354.000
1143.464	13013.000
1143.609	13353.000
1143.754	12816.000
1143.899	13108.000
1144.044	12743.000
1144.189	13031.000
1144.334	12656.000
1144.479	12834.000
1144.624	12440.000
1144.769	12648.000
1144.914	12263.000
1145.059	12578.000
1145.204	12298.000
1145.348	12412.000
1145.493	12106.000
1145.638	12293.000
1145.783	12038.000
1145.928	12312.000
1146.073	12062.000
1146.218	12100.000
1146.363	12063.000
1146.508	12160.000
1146.653	11890.000
1146.797	12207.000
1146.942	11972.000
1147.087	12239.000
1147.232	11973.000
1147.377	12193.000
1147.522	11999.000
1147.666	12138.000
1147.811	12038.000
1147.956	12150.000
1148.101	12015.000
1148.245	12084.000
1148.390	11921.000
1148.535	12286.000
1148.680	11998.000
1148.824	12154.000
1148.969	12035.000
1149.114	12266.000
1149.259	12065.000
1149.403	12271.000
1149.548	12064.000
1149.693	12324.000
1149.837	12144.000
1149.982	12284.000
1150.127	12107.000
1150.271	12262.000
1150.416	12142.000
1150.561	12261.000
1150.705	11997.000
1150.850	12252.000
1150.994	12078.000
1151.139	12247.000
1151.284	12026.000
1151.428	12148.000
1151.573	12000.000
1151.717	12181.000
1151.862	11943.000
1152.006	12094.000
1152.151	12002.000
1152.295	12129.000
1152.440	12097.000
1152.584	12232.000
1152.729	12074.000
1152.873	12171.000
1153.018	12031.000
1153.162	12164.000
1153.307	11996.000
1153.451	12125.000
1153.596	12070.000
1153.740	12140.000
1153.885	12044.000
1154.029	12268.000
1154.174	12084.000
1154.318	12265.000
1154.462	12143.000
1154.607	12168.000
1154.751	12120.000
1154.896	12249.000
1155.040	12114.000
1155.184	12295.000
1155.329	12232.000
1155.473	12279.000
1155.617	12221.000
1155.762	12209.000
1155.906	12175.000
1156.050	12371.000
1156.194	12324.000
1156.339	12425.000
1156.483	12305.000
1156.627	12289.000
1156.772	12219.000
1156.916	12399.000
1157.060	12264.000
1157.204	12480.000
1157.349	12404.000
1157.493	12418.000
1157.637	12342.000
1157.781	12462.000
1157.925	12404.000
1158.070	12537.000
1158.214	12461.000
1158.358	12489.000
1158.502	12439.000
1158.646	12492.000
1158.790	12541.000
1158.935	12701.000
1159.079	12458.000
1159.223	12652.000
1159.367	12498.000
1159.511	12614.000
1159.655	12550.000
1159.799	12658.000
1159.943	12610.000
1160.087	12693.000
1160.231	12605.000
1160.375	12711.000
1160.519	12584.000
1160.664	12635.000
1160.808	12668.000
1160.952	12699.000
1161.096	12589.000
1161.240	12689.000
1161.384	12563.000
1161.528	12611.000
1161.672	12580.000
1161.815	12708.000
1161.959	12640.000
1162.103	12660.000
1162.247	12597.000
1162.391	12500.000
1162.535	12576.000
1162.679	12566.000
1162.823	12544.000
1162.967	12508.000
1163.111	12558.000
1163.255	12559.000
1163.399	12431.000
1163.542	12479.000
1163.686	12456.000
1163.830	12439.000
1163.974	12391.000
1164.118	12465.000
1164.262	12465.000
1164.405	12366.000
1164.549	12340.000
1164.693	12391.000
1164.837	12354.000
1164.981	12412.000
1165.124	12358.000
1165.268	12382.000
1165.412	12417.000
1165.556	12432.000
1165.699	12438.000
1165.843	12541.000
1165.987	12448.000
1166.131	12508.000
1166.274	12346.000
1166.418	12356.000
1166.562	12342.000
1166.705	12316.000
1166.849	12407.000
1166.993	12559.000
1167.136	12449.000
1167.280	12431.000
1167.424	12521.000
1167.567	12603.000
1167.711	12460.000
1167.854	12482.000
1167.998	12520.000
1168.142	12536.000
1168.285	12504.000
1168.429	12537.000
1168.572	12595.000
1168.716	12593.000
1168.859	12603.000
1169.003	12686.000
1169.147	12682.000
1169.290	12741.000
1169.434	12739.000
1169.577	12835.000
1169.721	12728.000
1169.864	12770.000
1170.008	12859.000
1170.151	12785.000
1170.294	12690.000
1170.438	12819.000
1170.581	12780.000
1170.725	12720.000
1170.868	12789.000
1171.012	12863.000
1171.155	12795.000
1171.298	12751.000
1171.442	12730.000
1171.585	12755.000
1171.729	12759.000
1171.872	12726.000
1172.015	12722.000
1172.159	12799.000
1172.302	12822.000
1172.445	12827.000
1172.589	12803.000
1172.732	12693.000
1172.875	12879.000
1173.019	12787.000
1173.162	12784.000
1173.305	12841.000
1173.449	12885.000
1173.592	12859.000
1173.735	12850.000
1173.878	12969.000
1174.022	12808.000
1174.165	12852.000
1174.308	12973.000
1174.451	12962.000
1174.594	12947.000
1174.738	12884.000
1174.881	13044.000
1175.024	13067.000
1175.167	13028.000
1175.310	13001.000
1175.454	13031.000
1175.597	13073.000
1175.740	13080.000
1175.883	13007.000
1176.026	13145.000
1176.169	13070.000
1176.312	13071.000
1176.455	13163.000
1176.598	13142.000
1176.742	13139.000
1176.885	13306.000
1177.028	13141.000
1177.171	13108.000
1177.314	13209.000
1177.457	13333.000
1177.600	13292.000
1177.743	13237.000
1177.886	13176.000
1178.029	13396.000
1178.172	13279.000
1178.315	13336.000
1178.458	13334.000
1178.601	13428.000
1178.744	13388.000
1178.887	13426.000
1179.030	13467.000
1179.173	13530.000
1179.316	13438.000
1179.458	13516.000
1179.601	13420.000
1179.744	13455.000
1179.887	13521.000
1180.030	13547.000
1180.173	13447.000
1180.316	13626.000
1180.459	13477.000
1180.602	13557.000
1180.744	13589.000
1180.887	13654.000
1181.030	13640.000
1181.173	13667.000
1181.316	13644.000
1181.458	13611.000
1181.601	13604.000
1181.744	13650.000
1181.887	13746.000
1182.030	13679.000
1182.172	13704.000
1182.315	13686.000
1182.458	13771.000
1182.601	13776.000
1182.743	13760.000
1182.886	13723.000
1183.029	13807.000
1183.171	13810.000
1183.314	13821.000
1183.457	13859.000
1183.599	13750.000
1183.742	13886.000
1183.885	13776.000
1184.027	13875.000
1184.170	13782.000
1184.313	13942.000
1184.455	13810.000
1184.598	14031.000
1184.741	13780.000
1184.883	14043.000
1185.026	13896.000
1185.168	13974.000
1185.311	13879.000
1185.453	13985.000
1185.596	13949.000
1185.739	13919.000
1185.881	13891.000
1186.024	14023.000
1186.166	13906.000
1186.309	13962.000
1186.451	13970.000
1186.594	14011.000
1186.736	13997.000
1186.879	14019.000
1187.021	14007.000
1187.164	14009.000
1187.306	13969.000
1187.448	14056.000
1187.591	13618.000
1187.733	14094.000
1187.876	14068.000
1188.018	14009.000
1188.160	14043.000
1188.303	13998.000
1188.445	13893.000
1188.588	13982.000
1188.730	14040.000
1188.872	14119.000
1189.015	13942.000
1189.157	13990.000
1189.299	13892.000
1189.442	14024.000
1189.584	13946.000
1189.726	13929.000
1189.869	13890.000
1190.011	14054.000
1190.153	13961.000
1190.295	13987.000
1190.438	13935.000
1190.580	14029.000
1190.722	13899.000
1190.864	13970.000
1191.007	13992.000
1191.149	13910.000
1191.291	13818.000
1191.433	13933.000
1191.576	13903.000
1191.718	14051.000
1191.860	13856.000
1192.002	13939.000
1192.144	13917.000
1192.286	13910.000
1192.429	13878.000
1192.571	13911.000
1192.713	13839.000
1192.855	13928.000
1192.997	13812.000
1193.139	13872.000
1193.281	13810.000
1193.423	13877.000
1193.565	13815.000
1193.707	13832.000
1193.850	13712.000
1193.992	13713.000
1194.134	13663.000
1194.276	13796.000
1194.418	13587.000
1194.560	13661.000
1194.702	13603.000
1194.844	13624.000
1194.986	13543.000
1195.128	13630.000
1195.270	13556.000
1195.412	13572.000
1195.554	13451.000
1195.696	13559.000
1195.837	13513.000
1195.979	13441.000
1196.121	13339.000
1196.263	13435.000
1196.405	13346.000
1196.547	13339.000
1196.689	13220.000
1196.831	13334.000
1196.973	13240.000
1197.115	13181.000
1197.256	13122.000
1197.398	13168.000
1197.540	13038.000
1197.682	13078.000
1197.824	12936.000
1197.966	13019.000
1198.107	12847.000
1198.249	12911.000
1198.391	12905.000
1198.533	12799.000
1198.675	12712.000
1198.816	12700.000
1198.958	12593.000
1199.100	12742.000
1199.242	12653.000
1199.383	12606.000
1199.525	12500.000
1199.667	12412.000
1199.808	12414.000
1199.950	12454.000
1200.092	12382.000
1200.233	12410.000
1200.375	12242.000
1200.517	12296.000
1200.658	12134.000
1200.800	12204.000
1200.942	12056.000
1201.083	12112.000
1201.225	11987.000
1201.367	12040.000
1201.508	11900.000
1201.650	11748.000
1201.791	11678.000
1201.933	11785.000
1202.074	11570.000
1202.216	11596.000
1202.358	11497.000
1202.499	11515.000
1202.641	11428.000
1202.782	11438.000
1202.924	11268.000
1203.065	11413.000
1203.207	11139.000
1203.348	11303.000
1203.490	11137.000
1203.631	11181.000
1203.773	11073.000
1203.914	11134.000
1204.056	10979.000
1204.197	11093.000
1204.338	10887.000
1204.480	11020.000
1204.621	10868.000
1204.763	10972.000
1204.904	10773.000
1205.045	10928.000
1205.187	10960.000
1205.328	10933.000
1205.470	10810.000
1205.611	10922.000
1205.752	10752.000
1205.894	10890.000
1206.035	10766.000
1206.176	10855.000
1206.318	10704.000
1206.459	10984.000
1206.600	10814.000
1206.741	10913.000
1206.883	10723.000
1207.024	10886.000
1207.165	10754.000
1207.306	10820.000
1207.448	10651.000
1207.589	10756.000
1207.730	10628.000
1207.871	10756.000
1208.013	10620.000
1208.154	10697.000
1208.295	10453.000
1208.436	10601.000
1208.577	10494.000
1208.719	10577.000
1208.860	10484.000
1209.001	10530.000
1209.142	10343.000
1209.283	10497.000
1209.424	10286.000
1209.565	10478.000
1209.706	10353.000
1209.848	10531.000
1209.989	10345.000
1210.130	10366.000
1210.271	10254.000
1210.412	10301.000
1210.553	10292.000
1210.694	10445.000
1210.835	10216.000
1210.976	10353.000
1211.117	10085.000
1211.258	10325.000
1211.399	10203.000
1211.540	10311.000
1211.681	10119.000
1211.822	10270.000
1211.963	10264.000
1212.104	10216.000
1212.245	10169.000
1212.386	10301.000
1212.527	10129.000
1212.668	10261.000
1212.809	10085.000
1212.950	10280.000
1213.090	10097.000
1213.231	10188.000
1213.372	10056.000
1213.513	10213.000
1213.654	10102.000
1213.795	10142.000
1213.936	10008.000
1214.077	10199.000
1214.217	10136.000
1214.358	10236.000
1214.499	10106.000
1214.640	10251.000
1214.781	10046.000
1214.921	10220.000
1215.062	10021.000
1215.203	10164.000
1215.344	9959.000
1215.485	10202.000
1215.625	10085.000
1215.766	10240.000
1215.907	10055.000
1216.047	10216.000
1216.188	10024.000
1216.329	10169.000
1216.470	9943.000
1216.610	10136.000
1216.751	9993.000
1216.892	10062.000
1217.032	9902.000
1217.173	10108.000
1217.314	10047.000
1217.454	10086.000
1217.595	9969.000
1217.735	10128.000
1217.876	9991.000
1218.017	10121.000
1218.157	9926.000
1218.298	10134.000
1218.438	9968.000
1218.579	10074.000
1218.720	9935.000
1218.860	10166.000
1219.001	9975.000
1219.141	10056.000
1219.282	9969.000
1219.422	10018.000
1219.563	9909.000
1219.703	9988.000
1219.844	9902.000
1219.984	10093.000
1220.125	9978.000
1220.265	10061.000
1220.406	9925.000
1220.546	10110.000
1220.687	9945.000
1220.827	9999.000
1220.967	9894.000
1221.108	10050.000
1221.248	9856.000
1221.389	10044.000
1221.529	9923.000
1221.669	10080.000
1221.810	9907.000
1221.950	10010.000
1222.091	9893.000
1222.231	10071.000
1222.371	9936.000
1222.512	10023.000
1222.652	9981.000
1222.792	10087.000
1222.933	9856.000
1223.073	10039.000
1223.213	10037.000
1223.353	10151.000
1223.494	9977.000
1223.634	10045.000
1223.774	10008.000
1223.914	10048.000
1224.055	9911.000
1224.195	10067.000
1224.335	9952.000
1224.475	10068.000
1224.616	9927.000
1224.756	10017.000
1224.896	9946.000
1225.036	10164.000
1225.176	9991.000
1225.316	10121.000
1225.457	9910.000
1225.597	10117.000
1225.737	10003.000
1225.877	10136.000
1226.017	9938.000
1226.157	10154.000
1226.297	9954.000
1226.437	10109.000
1226.578	9973.000
1226.718	10099.000
1226.858	9989.000
1226.998	10164.000
1227.138	10035.000
1227.278	10087.000
1227.418	10025.000
1227.558	10065.000
1227.698	10063.000
1227.838	10198.000
1227.978	10065.000
1228.118	10095.000
1228.258	9992.000
1228.398	10147.000
1228.538	10040.000
1228.678	10117.000
1228.818	10067.000
1228.958	10175.000
1229.098	10043.000
1229.238	10207.000
1229.377	10050.000
1229.517	10126.000
1229.657	10110.000
1229.797	10211.000
1229.937	10074.000
1230.077	10252.000
1230.217	10144.000
1230.357	10219.000
1230.496	10178.000
1230.636	10236.000
1230.776	10099.000
1230.916	10200.000
1231.056	10113.000
1231.196	10264.000
1231.335	10111.000
1231.475	10171.000
1231.615	10179.000
1231.755	10238.000
1231.894	10118.000
1232.034	10171.000
1232.174	10108.000
1232.314	10318.000
1232.453	10103.000
1232.593	10218.000
1232.733	10135.000
1232.873	10313.000
1233.012	10686.000
1233.152	10227.000
1233.292	10164.000
1233.431	10273.000
1233.571	10079.000
1233.711	10324.000
1233.850	10092.000
1233.990	10306.000
1234.129	10136.000
1234.269	10152.000
1234.409	10215.000
1234.548	10270.000
1234.688	10151.000
1234.828	10215.000
1234.967	10179.000
1235.107	10341.000
1235.246	10147.000
1235.386	10205.000
1235.525	10146.000
1235.665	10242.000
1235.804	10102.000
1235.944	10255.000
1236.083	10144.000
1236.223	10200.000
1236.362	10227.000
1236.502	10263.000
1236.641	10117.000
1236.781	10351.000
1236.920	10184.000
1237.060	10237.000
1237.199	10141.000
1237.339	10205.000
1237.478	10165.000
1237.617	10210.000
1237.757	10180.000
1237.896	10159.000
1238.036	10176.000
1238.175	10193.000
1238.314	10167.000
1238.454	10241.000
1238.593	10131.000
1238.732	10298.000
1238.872	10198.000
1239.011	10337.000
1239.150	10162.000
1239.290	10246.000
1239.429	10219.000
1239.568	10237.000
1239.708	10228.000
1239.847	10264.000
1239.986	10187.000
1240.125	10225.000
1240.265	10225.000
1240.404	10282.000
1240.543	10286.000
1240.682	10277.000
1240.822	10233.000
1240.961	10254.000
1241.100	10225.000
1241.239	10290.000
1241.378	10212.000
1241.518	10363.000
1241.657	10258.000
1241.796	10356.000
1241.935	10231.000
1242.074	10315.000
1242.213	10262.000
1242.352	10339.000
1242.492	10190.000
1242.631	10404.000
1242.770	10292.000
1242.909	10432.000
1243.048	10308.000
1243.187	10439.000
1243.326	10252.000
1243.465	10471.000
1243.604	10259.000
1243.743	10371.000
1243.882	10282.000
1244.021	10467.000
1244.160	10286.000
1244.299	10468.000
1244.438	10321.000
1244.577	10506.000
1244.716	10319.000
1244.855	10434.000
1244.994	10369.000
1245.133	10538.000
1245.272	10432.000
1245.411	10495.000
1245.550	10481.000
1245.689	10587.000
1245.828	10463.000
1245.967	10482.000
1246.106	10461.000
1246.244	10632.000
1246.383	10454.000
1246.522	10564.000
1246.661	10479.000
1246.800	10644.000
1246.939	10390.000
1247.078	10616.000
1247.216	10475.000
1247.355	10676.000
1247.494	10583.000
1247.633	10598.000
1247.772	10439.000
1247.910	10592.000
1248.049	10497.000
1248.188	10573.000
1248.327	10534.000
1248.465	10642.000
1248.604	10528.000
1248.743	10611.000
1248.882	10529.000
1249.020	10638.000
1249.159	10575.000
1249.298	10641.000
1249.436	10537.000
1249.575	10704.000
1249.714	10528.000
1249.852	10632.000
1249.991	10533.000
1250.130	10651.000
1250.268	10475.000
1250.407	10704.000
1250.546	10609.000
1250.684	10613.000
1250.823	10593.000
1250.961	10762.000
1251.100	10563.000
1251.239	10696.000
1251.377	10603.000
1251.516	10652.000
1251.654	10535.000
1251.793	10645.000
1251.931	10562.000
1252.070	10655.000
1252.208	10616.000
1252.347	10674.000
1252.485	10650.000
1252.624	10682.000
1252.762	10578.000
1252.901	10789.000
1253.039	10709.000
1253.178	10725.000
1253.316	10709.000
1253.455	10770.000
1253.593	10660.000
1253.732	10764.000
1253.870	9480.000
1254.008	10726.000
1254.147	10653.000
1254.285	10707.000
1254.424	10568.000
1254.562	10739.000
1254.700	10586.000
1254.839	10704.000
1254.977	10628.000
1255.115	10752.000
1255.254	10633.000
1255.392	10711.000
1255.530	10625.000
1255.669	10787.000
1255.807	10669.000
1255.945	10712.000
1256.084	10572.000
1256.222	10725.000
1256.360	10545.000
1256.498	10656.000
1256.637	10640.000
1256.775	10655.000
1256.913	10591.000
1257.051	10688.000
1257.189	10537.000
1257.328	10771.000
1257.466	10547.000
1257.604	10785.000
1257.742	10619.000
1257.880	10656.000
1258.019	10606.000
1258.157	10621.000
1258.295	10542.000
1258.433	10601.000
1258.571	10498.000
1258.709	10558.000
1258.847	10536.000
1258.986	10676.000
1259.124	10557.000
1259.262	10674.000
1259.400	10444.000
1259.538	10622.000
1259.676	10511.000
1259.814	10604.000
1259.952	10449.000
1260.090	10589.000
1260.228	10443.000
1260.366	10559.000
1260.504	10463.000
1260.642	10613.000
1260.780	10570.000
1260.918	10589.000
1261.056	10444.000
1261.194	10698.000
1261.332	10464.000
1261.470	10520.000
1261.608	10505.000
1261.746	10634.000
1261.884	10433.000
1262.022	10664.000
1262.160	15011.000
1262.297	10658.000
1262.435	10458.000
1262.573	10579.000
1262.711	10495.000
1262.849	10588.000
1262.987	10418.000
1263.125	10555.000
1263.262	10563.000
1263.400	10651.000
1263.538	10546.000
1263.676	10543.000
1263.814	10485.000
1263.952	10606.000
1264.089	10563.000
1264.227	10635.000
1264.365	10513.000
1264.503	10568.000
1264.640	10473.000
1264.778	10587.000
1264.916	10483.000
1265.054	10651.000
1265.191	10509.000
1265.329	10582.000
1265.467	10515.000
1265.604	10545.000
1265.742	10460.000
1265.880	10472.000
1266.017	10442.000
1266.155	10566.000
1266.293	10420.000
1266.430	10508.000
1266.568	10406.000
1266.706	10574.000
1266.843	10423.000
1266.981	10566.000
1267.119	10351.000
1267.256	10479.000
1267.394	10234.000
1267.531	10494.000
1267.669	10325.000
1267.806	10488.000
1267.944	10285.000
1268.081	10517.000
1268.219	10361.000
1268.357	10433.000
1268.494	10316.000
1268.632	10499.000
1268.769	10276.000
1268.907	10525.000
1269.044	10371.000
1269.182	10356.000
1269.319	10300.000
1269.456	10455.000
1269.594	10319.000
1269.731	10443.000
1269.869	10262.000
1270.006	10416.000
1270.144	10334.000
1270.281	10381.000
1270.418	10319.000
1270.556	10407.000
1270.693	10306.000
1270.831	10461.000
1270.968	10236.000
1271.105	10426.000
1271.243	10204.000
1271.380	10345.000
1271.517	10336.000
1271.655	10453.000
1271.792	10240.000
1271.929	10379.000
1272.066	10309.000
1272.204	10473.000
1272.341	10309.000
1272.478	10407.000
1272.616	10289.000
1272.753	10438.000
1272.890	10258.000
1273.027	10336.000
1273.165	10288.000
1273.302	10405.000
1273.439	10244.000
1273.576	10275.000
1273.713	10282.000
1273.851	10472.000
1273.988	10307.000
1274.125	10347.000
1274.262	10270.000
1274.399	10270.000
1274.536	10317.000
1274.673	10386.000
