929.762	8996.000
929.906	8945.000
930.049	8948.000
930.193	9022.000
930.337	8917.000
930.481	9008.000
930.625	8936.000
930.769	8960.000
930.913	8941.000
931.057	8949.000
931.201	8878.000
931.345	9001.000
931.488	8944.000
931.632	8912.000
931.776	8916.000
931.920	9023.000
932.064	8818.000
932.208	9030.000
932.352	8887.000
932.495	8987.000
932.639	8844.000
932.783	8907.000
932.927	8987.000
933.071	8975.000
933.215	8932.000
933.359	8934.000
933.502	8916.000
933.646	8902.000
933.790	8888.000
933.934	8915.000
934.078	8941.000
934.221	8960.000
934.365	8925.000
934.509	8930.000
934.653	8876.000
934.797	8905.000
934.940	8966.000
935.084	8868.000
935.228	8920.000
935.372	8964.000
935.515	8887.000
935.659	8921.000
935.803	8870.000
935.947	8963.000
936.090	8826.000
936.234	8895.000
936.378	8921.000
936.522	8831.000
936.665	8882.000
936.809	8888.000
936.953	8848.000
937.097	8823.000
937.240	8918.000
937.384	8926.000
937.528	8837.000
937.671	8882.000
937.815	8839.000
937.959	8903.000
938.102	8792.000
938.246	8820.000
938.390	8850.000
938.534	8812.000
938.677	8771.000
938.821	8780.000
938.965	8756.000
939.108	8870.000
939.252	8819.000
939.396	8762.000
939.539	8760.000
939.683	8808.000
939.826	8788.000
939.970	8756.000
940.114	8771.000
940.257	8806.000
940.401	8666.000
940.545	8724.000
940.688	8690.000
940.832	8751.000
940.975	8709.000
941.119	8815.000
941.263	8665.000
941.406	8773.000
941.550	8723.000
941.693	8730.000
941.837	8639.000
941.981	8683.000
942.124	8642.000
942.268	8646.000
942.411	8685.000
942.555	8692.000
942.698	8655.000
942.842	8691.000
942.986	8672.000
943.129	8675.000
943.273	8697.000
943.416	8637.000
943.560	8613.000
943.703	8658.000
943.847	8618.000
943.990	8676.000
944.134	8589.000
944.277	8625.000
944.421	8572.000
944.564	8551.000
944.708	8589.000
944.851	8704.000
944.995	8590.000
945.138	8640.000
945.282	8579.000
945.425	8585.000
945.569	8604.000
945.712	8649.000
945.856	8487.000
945.999	8668.000
946.143	8541.000
946.286	8564.000
946.430	8601.000
946.573	8621.000
946.716	8613.000
946.860	8583.000
947.003	8569.000
947.147	8604.000
947.290	8573.000
947.434	8649.000
947.577	8548.000
947.720	8640.000
947.864	8451.000
948.007	8560.000
948.151	8652.000
948.294	8648.000
948.437	8577.000
948.581	8647.000
948.724	8609.000
948.868	8631.000
949.011	8546.000
949.154	8612.000
949.298	8614.000
949.441	8680.000
949.584	8567.000
949.728	8630.000
949.871	8613.000
950.015	8693.000
950.158	8583.000
950.301	8541.000
950.445	8568.000
950.588	8656.000
950.731	8624.000
950.875	8612.000
951.018	8556.000
951.161	8653.000
951.304	8576.000
951.448	8562.000
951.591	8525.000
951.734	8582.000
951.878	8504.000
952.021	8645.000
952.164	8592.000
952.308	8657.000
952.451	8562.000
952.594	8591.000
952.737	8567.000
952.881	8546.000
953.024	8515.000
953.167	8626.000
953.310	8490.000
953.454	8560.000
953.597	8563.000
953.740	8526.000
953.883	8547.000
954.027	8601.000
954.170	8451.000
954.313	8595.000
954.456	8526.000
954.600	8541.000
954.743	8576.000
954.886	8581.000
955.029	8456.000
955.172	8585.000
955.316	8381.000
955.459	8493.000
955.602	8457.000
955.745	8596.000
955.888	8480.000
956.032	8579.000
956.175	8404.000
956.318	8475.000
956.461	8478.000
956.604	8512.000
956.747	8508.000
956.890	8585.000
957.034	8416.000
957.177	8505.000
957.320	8373.000
957.463	8507.000
957.606	8446.000
957.749	8565.000
957.892	8394.000
958.036	8474.000
958.179	8350.000
958.322	8548.000
958.465	8538.000
958.608	8461.000
958.751	8461.000
958.894	8472.000
959.037	8376.000
959.180	8492.000
959.323	8423.000
959.467	8543.000
959.610	8399.000
959.753	8508.000
959.896	8409.000
960.039	8466.000
960.182	8350.000
960.325	8549.000
960.468	8417.000
960.611	8448.000
960.754	8326.000
960.897	8421.000
961.040	8341.000
961.183	8436.000
961.326	8402.000
961.469	8516.000
961.612	8367.000
961.755	8516.000
961.898	8275.000
962.041	8539.000
962.184	8327.000
962.327	8457.000
962.470	8358.000
962.613	8552.000
962.756	8417.000
962.899	8483.000
963.042	8382.000
963.185	8543.000
963.328	8335.000
963.471	8452.000
963.614	8434.000
963.757	8502.000
963.900	8363.000
964.043	8429.000
964.186	8360.000
964.329	8443.000
964.472	8399.000
964.615	8481.000
964.758	8348.000
964.900	8534.000
965.043	8391.000
965.186	8513.000
965.329	8505.000
965.472	8547.000
965.615	8435.000
965.758	8437.000
965.901	8362.000
966.044	8475.000
966.187	8349.000
966.329	8495.000
966.472	8546.000
966.615	8551.000
966.758	8395.000
966.901	8559.000
967.044	8524.000
967.187	8460.000
967.330	8373.000
967.472	8541.000
967.615	8414.000
967.758	8520.000
967.901	8394.000
968.044	8547.000
968.187	8395.000
968.329	8526.000
968.472	8455.000
968.615	8514.000
968.758	8416.000
968.901	8490.000
969.043	8474.000
969.186	8499.000
969.329	8411.000
969.472	8617.000
969.615	8436.000
969.757	8466.000
969.900	8429.000
970.043	8554.000
970.186	8391.000
970.328	8569.000
970.471	8536.000
970.614	8570.000
970.757	8448.000
970.899	8503.000
971.042	8435.000
971.185	8502.000
971.328	8416.000
971.470	8495.000
971.613	8431.000
971.756	8539.000
971.899	8406.000
972.041	8526.000
972.184	8293.000
972.327	8571.000
972.469	8392.000
972.612	8434.000
972.755	8401.000
972.898	8552.000
973.040	8427.000
973.183	8460.000
973.326	8497.000
973.468	8428.000
973.611	8369.000
973.754	8515.000
973.896	8390.000
974.039	8484.000
974.182	8336.000
974.324	8568.000
974.467	8468.000
974.610	8499.000
974.752	8375.000
974.895	8484.000
975.037	8416.000
975.180	8509.000
975.323	8305.000
975.465	8510.000
975.608	8364.000
975.751	8377.000
975.893	8425.000
976.036	8450.000
976.178	8367.000
976.321	8588.000
976.464	8333.000
976.606	8322.000
976.749	8357.000
976.891	8554.000
977.034	8402.000
977.176	8395.000
977.319	8295.000
977.462	8511.000
977.604	8296.000
977.747	8467.000
977.889	8339.000
978.032	8483.000
978.174	8354.000
978.317	8453.000
978.459	8431.000
978.602	8511.000
978.744	8355.000
978.887	8469.000
979.029	8297.000
979.172	8394.000
979.314	8400.000
979.457	8444.000
979.599	8267.000
979.742	8494.000
979.884	8266.000
980.027	8381.000
980.169	8332.000
980.312	8503.000
980.454	8336.000
980.597	8441.000
980.739	8359.000
980.882	8404.000
981.024	8307.000
981.167	8385.000
981.309	8436.000
981.452	8364.000
981.594	8322.000
981.736	8346.000
981.879	8362.000
982.021	8423.000
982.164	8308.000
982.306	8328.000
982.449	8345.000
982.591	8433.000
982.733	8288.000
982.876	8407.000
983.018	8267.000
983.161	8443.000
983.303	8246.000
983.445	8428.000
983.588	8303.000
983.730	8493.000
983.873	8314.000
984.015	8538.000
984.157	8230.000
984.300	8530.000
984.442	8274.000
984.584	8435.000
984.727	8309.000
984.869	8432.000
985.011	8380.000
985.154	8361.000
985.296	8283.000
985.438	8464.000
985.581	8293.000
985.723	8378.000
985.865	8320.000
986.008	8425.000
986.150	8357.000
986.292	8448.000
986.435	8341.000
986.577	8427.000
986.719	8277.000
986.861	8460.000
987.004	8014.000
987.146	8504.000
987.288	8367.000
987.431	8419.000
987.573	8407.000
987.715	8404.000
987.857	8241.000
988.000	8378.000
988.142	8346.000
988.284	8513.000
988.426	8278.000
988.569	8391.000
988.711	8266.000
988.853	8452.000
988.995	8326.000
989.138	8402.000
989.280	8213.000
989.422	8457.000
989.564	8353.000
989.706	8411.000
989.849	8279.000
989.991	8449.000
990.133	8296.000
990.275	8490.000
990.417	8344.000
990.560	8382.000
990.702	8234.000
990.844	8405.000
990.986	8338.000
991.128	8583.000
991.270	8285.000
991.413	8450.000
991.555	8295.000
991.697	8429.000
991.839	8333.000
991.981	8464.000
992.123	8319.000
992.265	8452.000
992.408	8340.000
992.550	8444.000
992.692	8320.000
992.834	8469.000
992.976	8390.000
993.118	8464.000
993.260	8313.000
993.402	8377.000
993.544	8274.000
993.687	8485.000
993.829	8273.000
993.971	8369.000
994.113	8276.000
994.255	8390.000
994.397	8276.000
994.539	8438.000
994.681	8344.000
994.823	8461.000
994.965	8311.000
995.107	8483.000
995.249	8376.000
995.391	8391.000
995.533	8311.000
995.675	8423.000
995.817	8379.000
995.959	8451.000
996.101	8280.000
996.243	8459.000
996.385	8335.000
996.527	8389.000
996.669	8314.000
996.811	8419.000
996.953	8337.000
997.095	8416.000
997.237	8303.000
997.379	8453.000
997.521	8285.000
997.663	8401.000
997.805	8413.000
997.947	8377.000
998.089	8285.000
998.231	8392.000
998.373	8231.000
998.515	8492.000
998.657	8384.000
998.799	8408.000
998.941	8293.000
999.083	8335.000
999.225	8371.000
999.367	8452.000
999.509	8382.000
999.651	8472.000
999.793	8326.000
999.934	8393.000
1000.076	8295.000
1000.218	8436.000
1000.360	8352.000
1000.502	8478.000
1000.644	8401.000
1000.786	8500.000
1000.928	8362.000
1001.070	8305.000
1001.212	8276.000
1001.353	8455.000
1001.495	8256.000
1001.637	8419.000
1001.779	8260.000
1001.921	8372.000
1002.063	8294.000
1002.205	8375.000
1002.346	8290.000
1002.488	8444.000
1002.630	8162.000
1002.772	8455.000
1002.914	8293.000
1003.055	8391.000
1003.197	8306.000
1003.339	8405.000
1003.481	8279.000
1003.623	8408.000
1003.765	8259.000
1003.906	8356.000
1004.048	8284.000
1004.190	8432.000
1004.332	8231.000
1004.473	8389.000
1004.615	8425.000
1004.757	8446.000
1004.899	8309.000
1005.041	8406.000
1005.182	8253.000
1005.324	8411.000
1005.466	8229.000
1005.608	8440.000
1005.749	8200.000
1005.891	8530.000
1006.033	8343.000
1006.175	8485.000
1006.316	8284.000
1006.458	8453.000
1006.600	8358.000
1006.741	8462.000
1006.883	8268.000
1007.025	8402.000
1007.167	8263.000
1007.308	8443.000
1007.450	8350.000
1007.592	8416.000
1007.733	8212.000
1007.875	8404.000
1008.017	8315.000
1008.158	8363.000
1008.300	8306.000
1008.442	8447.000
1008.583	8193.000
1008.725	8424.000
1008.867	8194.000
1009.008	8459.000
1009.150	8298.000
1009.292	8494.000
1009.433	8296.000
1009.575	8403.000
1009.716	8235.000
1009.858	8358.000
1010.000	8314.000
1010.141	8453.000
1010.283	8251.000
1010.425	8435.000
1010.566	8144.000
1010.708	8386.000
1010.849	8315.000
1010.991	8437.000
1011.132	8256.000
1011.274	8342.000
1011.416	8345.000
1011.557	8323.000
1011.699	8290.000
1011.840	8433.000
1011.982	8228.000
1012.123	8431.000
1012.265	8201.000
1012.407	8443.000
1012.548	8256.000
1012.690	8330.000
1012.831	8210.000
1012.973	8377.000
1013.114	8279.000
1013.256	8429.000
1013.397	8347.000
1013.539	8642.000
1013.680	8601.000
1013.822	8769.000
1013.963	8641.000
1014.105	8862.000
1014.246	8690.000
1014.388	9039.000
1014.529	9039.000
1014.671	9207.000
1014.812	8666.000
1014.954	8626.000
1015.095	8448.000
1015.237	8467.000
1015.378	8259.000
1015.520	8388.000
1015.661	8169.000
1015.803	8346.000
1015.944	8146.000
1016.085	8329.000
1016.227	8192.000
1016.368	8224.000
1016.510	8128.000
1016.651	8272.000
1016.793	8222.000
1016.934	8262.000
1017.075	8143.000
1017.217	8252.000
1017.358	8213.000
1017.500	8294.000
1017.641	8150.000
1017.782	8344.000
1017.924	8131.000
1018.065	8283.000
1018.207	8124.000
1018.348	8326.000
1018.489	8161.000
1018.631	8221.000
1018.772	8146.000
1018.913	8241.000
1019.055	8114.000
1019.196	8202.000
1019.337	8092.000
1019.479	8320.000
1019.620	8162.000
1019.761	8258.000
1019.903	8122.000
1020.044	8276.000
1020.185	8128.000
1020.327	8189.000
1020.468	8061.000
1020.609	8222.000
1020.751	8045.000
1020.892	8213.000
1021.033	8095.000
1021.175	8204.000
1021.316	8139.000
1021.457	8160.000
1021.598	8079.000
1021.740	8250.000
1021.881	8110.000
1022.022	8215.000
1022.164	8129.000
1022.305	8253.000
1022.446	8034.000
1022.587	8212.000
1022.729	8174.000
1022.870	8274.000
1023.011	8134.000
1023.152	8185.000
1023.294	8130.000
1023.435	8206.000
1023.576	8079.000
1023.717	8245.000
1023.858	8103.000
1024.000	8227.000
1024.141	8088.000
1024.282	8199.000
1024.423	8082.000
1024.564	8325.000
1024.706	8127.000
1024.847	8279.000
1024.988	8062.000
1025.129	8291.000
1025.270	8117.000
1025.412	8252.000
1025.553	8095.000
1025.694	8283.000
1025.835	8082.000
1025.976	8211.000
1026.117	8124.000
1026.258	8256.000
1026.400	8089.000
1026.541	8290.000
1026.682	8148.000
1026.823	8236.000
1026.964	8148.000
1027.105	8227.000
1027.246	8167.000
1027.388	8315.000
1027.529	8150.000
1027.670	8235.000
1027.811	8082.000
1027.952	8263.000
1028.093	8168.000
1028.234	8217.000
1028.375	8169.000
1028.516	8276.000
1028.657	8171.000
1028.798	8314.000
1028.939	8137.000
1029.081	8250.000
1029.222	8242.000
1029.363	8251.000
1029.504	8130.000
1029.645	8328.000
1029.786	8198.000
1029.927	8331.000
1030.068	8236.000
1030.209	8342.000
1030.350	8206.000
1030.491	8304.000
1030.632	8215.000
1030.773	8345.000
1030.914	8171.000
1031.055	8285.000
1031.196	8270.000
1031.337	8316.000
1031.478	8197.000
1031.619	8227.000
1031.760	8165.000
1031.901	8404.000
1032.042	8199.000
1032.183	8293.000
1032.324	8221.000
1032.465	8395.000
1032.606	8775.000
1032.747	8319.000
1032.888	8227.000
1033.029	8298.000
1033.170	8178.000
1033.311	8388.000
1033.452	8156.000
1033.592	8395.000
1033.733	8191.000
1033.874	8256.000
1034.015	8255.000
1034.156	8320.000
1034.297	8199.000
1034.438	8295.000
1034.579	8209.000
1034.720	8406.000
1034.861	8191.000
1035.002	8268.000
1035.142	8175.000
1035.283	8240.000
1035.424	8185.000
1035.565	8314.000
1035.706	8216.000
1035.847	8241.000
1035.988	8250.000
1036.129	8260.000
1036.269	8112.000
1036.410	8383.000
1036.551	8193.000
1036.692	8292.000
1036.833	8168.000
1036.974	8227.000
1037.114	8175.000
1037.255	8229.000
1037.396	8154.000
1037.537	8180.000
1037.678	8170.000
1037.819	8205.000
1037.959	8157.000
1038.100	8267.000
1038.241	8176.000
1038.382	8254.000
1038.523	8151.000
1038.663	8363.000
1038.804	8191.000
1038.945	8240.000
1039.086	8204.000
1039.226	8264.000
1039.367	8209.000
1039.508	8251.000
1039.649	8183.000
1039.789	8251.000
1039.930	8198.000
1040.071	8311.000
1040.212	8262.000
1040.352	8277.000
1040.493	8192.000
1040.634	8226.000
1040.775	8236.000
1040.915	8286.000
1041.056	8180.000
1041.197	8334.000
1041.337	8207.000
1041.478	8342.000
1041.619	8181.000
1041.760	8279.000
1041.900	8204.000
1042.041	8312.000
1042.182	8137.000
1042.322	8347.000
1042.463	8240.000
1042.604	8402.000
1042.744	8274.000
1042.885	8382.000
1043.026	8200.000
1043.166	8378.000
1043.307	8218.000
1043.448	8347.000
1043.588	8175.000
1043.729	8418.000
1043.869	8194.000
1044.010	8407.000
1044.151	8242.000
1044.291	8400.000
1044.432	8187.000
1044.573	8371.000
1044.713	8265.000
1044.854	8412.000
1044.994	8312.000
1045.135	8411.000
1045.276	8350.000
1045.416	8496.000
1045.557	8337.000
1045.697	8409.000
1045.838	8352.000
1045.978	8519.000
1046.119	8335.000
1046.260	8470.000
1046.400	8337.000
1046.541	8502.000
1046.681	8280.000
1046.822	8506.000
1046.962	8348.000
1047.103	8575.000
1047.243	8446.000
1047.384	8520.000
1047.524	8334.000
1047.665	8486.000
1047.805	8349.000
1047.946	8460.000
1048.087	8375.000
1048.227	8490.000
1048.368	8419.000
1048.508	8482.000
1048.649	8399.000
1048.789	8532.000
1048.929	8443.000
1049.070	8506.000
1049.210	8390.000
1049.351	8566.000
1049.491	8379.000
1049.632	8512.000
1049.772	8367.000
1049.913	8522.000
1050.053	8310.000
1050.194	8589.000
1050.334	8472.000
1050.475	8468.000
1050.615	8434.000
1050.755	8580.000
1050.896	8407.000
1051.036	8564.000
1051.177	8440.000
1051.317	8520.000
1051.458	8408.000
1051.598	8492.000
1051.738	8389.000
1051.879	8477.000
1052.019	8420.000
1052.160	8545.000
1052.300	8460.000
1052.440	8502.000
1052.581	8410.000
1052.721	8596.000
1052.861	8538.000
1053.002	8563.000
1053.142	8534.000
1053.282	8609.000
1053.423	8482.000
1053.563	8567.000
1053.704	7316.000
1053.844	8541.000
1053.984	8441.000
1054.125	8486.000
1054.265	8377.000
1054.405	8587.000
1054.546	8420.000
1054.686	8565.000
1054.826	8514.000
1054.966	8579.000
1055.107	8476.000
1055.247	8542.000
1055.387	8444.000
1055.528	8653.000
1055.668	8501.000
1055.808	8574.000
1055.948	8415.000
1056.089	8599.000
1056.229	8407.000
1056.369	8498.000
1056.510	8468.000
1056.650	8534.000
1056.790	8454.000
1056.930	8553.000
1057.071	8380.000
1057.211	8610.000
1057.351	8367.000
1057.491	8619.000
1057.632	8461.000
1057.772	8504.000
1057.912	8473.000
1058.052	8444.000
1058.192	8406.000
1058.333	8466.000
1058.473	8354.000
1058.613	8432.000
1058.753	8363.000
1058.893	8551.000
1059.034	8396.000
1059.174	8543.000
1059.314	8348.000
1059.454	8462.000
1059.594	8346.000
1059.734	8451.000
1059.875	8260.000
1060.015	8440.000
1060.155	8314.000
1060.295	8445.000
1060.435	8316.000
1060.575	8468.000
1060.716	8432.000
1060.856	8488.000
1060.996	8343.000
1061.136	8555.000
1061.276	8296.000
1061.416	8452.000
1061.556	8382.000
1061.696	8539.000
1061.837	8377.000
1061.977	8579.000
1062.117	12878.000
1062.257	8587.000
1062.397	8411.000
1062.537	8517.000
1062.677	8431.000
1062.817	8550.000
1062.957	8322.000
1063.097	8500.000
1063.237	8501.000
1063.377	8654.000
1063.517	8586.000
1063.658	8708.000
1063.798	8664.000
1063.938	8803.000
1064.078	8829.000
1064.218	8988.000
1064.358	8822.000
1064.498	9028.000
1064.638	8851.000
1064.778	9121.000
1064.918	9116.000
1065.058	9298.000
1065.198	9127.000
1065.338	8997.000
1065.478	8720.000
1065.618	8669.000
1065.758	8503.000
1065.898	8573.000
1066.038	8507.000
1066.178	8691.000
1066.318	8514.000
1066.458	8643.000
1066.598	8493.000
1066.738	8714.000
1066.878	8530.000
1067.018	8667.000
1067.158	8480.000
1067.297	8671.000
1067.437	8403.000
1067.577	8671.000
1067.717	8499.000
1067.857	8686.000
1067.997	8488.000
1068.137	8711.000
1068.277	8541.000
1068.417	8683.000
1068.557	8544.000
1068.697	8707.000
1068.837	8488.000
1068.977	8755.000
1069.116	8638.000
1069.256	8623.000
1069.396	8532.000
1069.536	8731.000
1069.676	8587.000
1069.816	8699.000
1069.956	8627.000
1070.096	8686.000
1070.235	8659.000
1070.375	8739.000
1070.515	8694.000
1070.655	8783.000
1070.795	8689.000
1070.935	8848.000
1071.074	8610.000
1071.214	8828.000
1071.354	8624.000
1071.494	8781.000
1071.634	8783.000
1071.774	8920.000
1071.913	8727.000
1072.053	8798.000
1072.193	8772.000
1072.333	8908.000
1072.473	8770.000
1072.612	8957.000
1072.752	8805.000
1072.892	8924.000
1073.032	8760.000
1073.172	8853.000
1073.311	8817.000
1073.451	8945.000
1073.591	8776.000
1073.731	8828.000
1073.870	8827.000
1074.010	8992.000
1074.150	8841.000
1074.290	8890.000
1074.429	8845.000
1074.569	8907.000
1074.709	8881.000
1074.848	8983.000
