1029.870	8855.000
1030.015	8836.000
1030.160	8847.000
1030.305	8920.000
1030.449	8811.000
1030.594	8939.000
1030.739	8829.000
1030.884	8899.000
1031.029	8811.000
1031.173	8860.000
1031.318	8777.000
1031.463	8902.000
1031.608	8795.000
1031.752	8791.000
1031.897	8819.000
1032.042	8938.000
1032.187	8732.000
1032.331	8936.000
1032.476	8781.000
1032.621	8905.000
1032.765	8750.000
1032.910	8809.000
1033.055	8927.000
1033.200	8840.000
1033.344	8838.000
1033.489	8842.000
1033.634	8836.000
1033.778	8832.000
1033.923	8777.000
1034.068	8798.000
1034.212	8841.000
1034.357	8884.000
1034.502	8815.000
1034.646	8807.000
1034.791	8740.000
1034.935	8807.000
1035.080	8869.000
1035.225	8784.000
1035.369	8810.000
1035.514	8851.000
1035.658	8763.000
1035.803	8857.000
1035.947	8741.000
1036.092	8859.000
1036.237	8700.000
1036.381	8855.000
1036.526	8815.000
1036.670	8774.000
1036.815	8766.000
1036.959	8779.000
1037.104	8775.000
1037.248	8743.000
1037.393	8810.000
1037.537	8843.000
1037.682	8735.000
1037.826	8758.000
1037.971	8728.000
1038.115	8788.000
1038.260	8666.000
1038.404	8730.000
1038.549	8748.000
1038.693	8716.000
1038.838	8693.000
1038.982	8706.000
1039.126	8631.000
1039.271	8752.000
1039.415	8721.000
1039.560	8649.000
1039.704	8650.000
1039.848	8724.000
1039.993	8662.000
1040.137	8623.000
1040.282	8706.000
1040.426	8724.000
1040.570	8611.000
1040.715	8643.000
1040.859	8579.000
1041.003	8636.000
1041.148	8603.000
1041.292	8696.000
1041.436	8583.000
1041.581	8653.000
1041.725	8650.000
1041.869	8640.000
1042.014	8514.000
1042.158	8591.000
1042.302	8531.000
1042.447	8566.000
1042.591	8571.000
1042.735	8583.000
1042.879	8535.000
1043.024	8567.000
1043.168	8562.000
1043.312	8564.000
1043.456	8586.000
1043.601	8571.000
1043.745	8491.000
1043.889	8570.000
1044.033	8532.000
1044.178	8558.000
1044.322	8517.000
1044.466	8499.000
1044.610	8463.000
1044.754	8436.000
1044.899	8509.000
1045.043	8613.000
1045.187	8473.000
1045.331	8511.000
1045.475	8479.000
1045.619	8494.000
1045.763	8506.000
1045.908	8531.000
1046.052	8360.000
1046.196	8584.000
1046.340	8448.000
1046.484	8465.000
1046.628	8507.000
1046.772	8528.000
1046.916	8508.000
1047.060	8536.000
1047.205	8479.000
1047.349	8527.000
1047.493	8487.000
1047.637	8587.000
1047.781	8448.000
1047.925	8574.000
1048.069	8390.000
1048.213	8452.000
1048.357	8551.000
1048.501	8537.000
1048.645	8485.000
1048.789	8531.000
1048.933	8510.000
1049.077	8515.000
1049.221	8450.000
1049.365	8494.000
1049.509	8519.000
1049.653	8570.000
1049.797	8487.000
1049.941	8539.000
1050.085	8478.000
1050.229	8575.000
1050.373	8479.000
1050.517	8456.000
1050.660	8478.000
1050.804	8581.000
1050.948	8557.000
1051.092	8539.000
1051.236	8479.000
1051.380	8571.000
1051.524	8507.000
1051.668	8482.000
1051.812	8397.000
1051.956	8526.000
1052.099	8421.000
1052.243	8596.000
1052.387	8494.000
1052.531	8560.000
1052.675	8473.000
1052.819	8509.000
1052.962	8475.000
1053.106	8447.000
1053.250	8438.000
1053.394	8546.000
1053.538	8402.000
1053.681	8505.000
1053.825	8475.000
1053.969	8476.000
1054.113	8448.000
1054.257	8538.000
1054.400	8361.000
1054.544	8535.000
1054.688	8434.000
1054.832	8480.000
1054.975	8486.000
1055.119	8528.000
1055.263	8385.000
1055.407	8480.000
1055.550	8289.000
1055.694	8438.000
1055.838	8413.000
1055.981	8518.000
1056.125	8424.000
1056.269	8490.000
1056.412	8324.000
1056.556	8417.000
1056.700	8381.000
1056.843	8429.000
1056.987	8432.000
1057.131	8527.000
1057.274	8359.000
1057.418	8419.000
1057.562	8342.000
1057.705	8464.000
1057.849	8368.000
1057.992	8507.000
1058.136	8317.000
1058.280	8427.000
1058.423	8260.000
1058.567	8468.000
1058.710	8450.000
1058.854	8353.000
1058.997	8395.000
1059.141	8375.000
1059.285	8295.000
1059.428	8397.000
1059.572	8340.000
1059.715	8472.000
1059.859	8270.000
1060.002	8431.000
1060.146	8309.000
1060.289	8405.000
1060.433	8263.000
1060.576	8465.000
1060.720	8323.000
1060.863	8389.000
1061.007	8282.000
1061.150	8403.000
1061.294	8232.000
1061.437	8412.000
1061.580	8331.000
1061.724	8458.000
1061.867	8319.000
1062.011	8448.000
1062.154	8194.000
1062.298	8479.000
1062.441	8262.000
1062.584	8390.000
1062.728	8301.000
1062.871	8512.000
1063.015	8399.000
1063.158	8620.000
1063.301	8669.000
1063.445	8941.000
1063.588	8792.000
1063.731	8991.000
1063.875	8907.000
1064.018	9074.000
1064.161	8949.000
1064.305	9149.000
1064.448	9124.000
1064.591	9263.000
1064.735	9042.000
1064.878	8781.000
1065.021	8448.000
1065.165	8520.000
1065.308	8314.000
1065.451	8454.000
1065.594	8452.000
1065.738	8478.000
1065.881	8372.000
1066.024	8345.000
1066.167	8286.000
1066.311	8415.000
1066.454	8267.000
1066.597	8418.000
1066.740	8443.000
1066.884	8447.000
1067.027	8305.000
1067.170	8484.000
1067.313	8435.000
1067.456	8388.000
1067.599	8278.000
1067.743	8458.000
1067.886	8322.000
1068.029	8454.000
1068.172	8294.000
1068.315	8481.000
1068.458	8282.000
1068.602	8405.000
1068.745	8358.000
1068.888	8432.000
1069.031	8353.000
1069.174	8467.000
1069.317	8392.000
1069.460	8423.000
1069.603	8337.000
1069.746	8558.000
1069.890	8389.000
1070.033	8416.000
1070.176	8380.000
1070.319	8487.000
1070.462	8269.000
1070.605	8470.000
1070.748	8449.000
1070.891	8492.000
1071.034	8376.000
1071.177	8442.000
1071.320	8399.000
1071.463	8442.000
1071.606	8318.000
1071.749	8410.000
1071.892	8402.000
1072.035	8485.000
1072.178	8354.000
1072.321	8459.000
1072.464	8197.000
1072.607	8503.000
1072.750	8324.000
1072.893	8394.000
1073.036	8317.000
1073.179	8475.000
1073.322	8330.000
1073.465	8388.000
1073.607	8386.000
1073.750	8328.000
1073.893	8317.000
1074.036	8450.000
1074.179	8305.000
1074.322	8416.000
1074.465	8257.000
1074.608	8507.000
1074.751	8377.000
1074.893	8431.000
1075.036	8285.000
1075.179	8429.000
1075.322	8364.000
1075.465	8450.000
1075.608	8243.000
1075.750	8420.000
1075.893	8275.000
1076.036	8316.000
1076.179	8313.000
1076.322	8390.000
1076.464	8288.000
1076.607	8517.000
1076.750	8283.000
1076.893	8247.000
1077.036	8313.000
1077.178	8449.000
1077.321	8344.000
1077.464	8383.000
1077.607	8259.000
1077.749	8472.000
1077.892	8338.000
1078.035	8499.000
1078.177	8385.000
1078.320	8511.000
1078.463	8410.000
1078.606	8471.000
1078.748	8408.000
1078.891	8472.000
1079.034	8336.000
1079.176	8475.000
1079.319	8228.000
1079.462	8375.000
1079.604	8315.000
1079.747	8411.000
1079.890	8192.000
1080.032	8481.000
1080.175	8187.000
1080.317	8345.000
1080.460	8278.000
1080.603	8424.000
1080.745	8287.000
1080.888	8394.000
1081.030	8292.000
1081.173	8290.000
1081.316	8239.000
1081.458	8329.000
1081.601	8348.000
1081.743	8321.000
1081.886	8257.000
1082.028	8308.000
1082.171	8281.000
1082.313	8374.000
1082.456	8231.000
1082.598	8323.000
1082.741	8308.000
1082.883	8373.000
1083.026	8276.000
1083.168	8344.000
1083.311	8208.000
1083.453	8422.000
1083.596	8219.000
1083.738	8380.000
1083.881	8274.000
1084.023	8462.000
1084.166	8297.000
1084.308	8484.000
1084.451	8238.000
1084.593	8523.000
1084.736	8293.000
1084.878	8435.000
1085.020	8333.000
1085.163	8505.000
1085.305	8355.000
1085.448	8442.000
1085.590	8360.000
1085.732	8505.000
1085.875	8322.000
1086.017	8428.000
1086.159	8320.000
1086.302	8446.000
1086.444	8422.000
1086.586	8467.000
1086.729	8377.000
1086.871	8449.000
1087.013	8283.000
1087.156	8446.000
1087.298	8010.000
1087.440	8514.000
1087.583	8367.000
1087.725	8429.000
1087.867	8431.000
1088.010	8391.000
1088.152	8274.000
1088.294	8395.000
1088.436	8365.000
1088.579	8533.000
1088.721	8299.000
1088.863	8459.000
1089.005	8282.000
1089.148	8499.000
1089.290	8355.000
1089.432	8419.000
1089.574	8280.000
1089.716	8476.000
1089.859	8391.000
1090.001	8485.000
1090.143	8343.000
1090.285	8511.000
1090.427	8340.000
1090.569	8505.000
1090.712	8395.000
1090.854	8395.000
1090.996	8256.000
1091.138	8434.000
1091.280	8365.000
1091.422	8589.000
1091.564	8331.000
1091.707	8500.000
1091.849	8329.000
1091.991	8467.000
1092.133	8298.000
1092.275	8460.000
1092.417	8343.000
1092.559	8488.000
1092.701	8315.000
1092.843	8421.000
1092.985	8311.000
1093.127	8473.000
1093.269	8379.000
1093.411	8462.000
1093.554	8302.000
1093.696	8396.000
1093.838	8281.000
1093.980	8448.000
1094.122	8278.000
1094.264	8376.000
1094.406	8300.000
1094.548	8404.000
1094.690	8316.000
1094.832	8428.000
1094.973	8377.000
1095.115	8513.000
1095.257	8370.000
1095.399	8586.000
1095.541	8460.000
1095.683	8521.000
1095.825	8431.000
1095.967	8580.000
1096.109	8490.000
1096.251	8587.000
1096.393	8397.000
1096.535	8585.000
1096.677	8409.000
1096.819	8499.000
1096.960	8350.000
1097.102	8503.000
1097.244	8400.000
1097.386	8482.000
1097.528	8357.000
1097.670	8541.000
1097.812	8382.000
1097.953	8469.000
1098.095	8445.000
1098.237	8480.000
1098.379	8351.000
1098.521	8455.000
1098.662	8356.000
1098.804	8547.000
1098.946	8461.000
1099.088	8484.000
1099.230	8408.000
1099.371	8448.000
1099.513	8405.000
1099.655	8536.000
1099.797	8547.000
1099.938	8612.000
1100.080	8446.000
1100.222	8558.000
1100.364	8444.000
1100.505	8616.000
1100.647	8459.000
1100.789	8594.000
1100.931	8515.000
1101.072	8634.000
1101.214	8518.000
1101.356	8479.000
1101.497	8362.000
1101.639	8678.000
1101.781	8380.000
1101.922	8540.000
1102.064	8447.000
1102.206	8550.000
1102.347	8457.000
1102.489	8570.000
1102.631	8492.000
1102.772	8669.000
1102.914	8435.000
1103.055	8651.000
1103.197	8505.000
1103.339	8601.000
1103.480	8519.000
1103.622	8632.000
1103.763	8518.000
1103.905	8651.000
1104.046	8493.000
1104.188	8652.000
1104.330	8554.000
1104.471	8710.000
1104.613	8529.000
1104.754	8656.000
1104.896	8703.000
1105.037	8670.000
1105.179	8597.000
1105.320	8731.000
1105.462	8588.000
1105.603	8743.000
1105.745	8619.000
1105.886	8816.000
1106.028	8609.000
1106.169	8884.000
1106.311	8652.000
1106.452	8818.000
1106.594	8599.000
1106.735	8777.000
1106.876	8677.000
1107.018	8834.000
1107.159	8630.000
1107.301	8768.000
1107.442	8647.000
1107.584	8812.000
1107.725	8740.000
1107.866	8817.000
1108.008	8636.000
1108.149	8835.000
1108.291	8779.000
1108.432	8852.000
1108.573	8840.000
1108.715	8958.000
1108.856	8785.000
1108.997	8970.000
1109.139	8768.000
1109.280	8958.000
1109.421	8835.000
1109.563	9062.000
1109.704	8846.000
1109.845	8959.000
1109.987	8836.000
1110.128	8911.000
1110.269	8933.000
1110.410	9087.000
1110.552	8871.000
1110.693	9090.000
1110.834	8773.000
1110.975	9056.000
1111.117	8969.000
1111.258	9080.000
1111.399	8952.000
1111.540	9108.000
1111.682	9083.000
1111.823	9038.000
1111.964	9019.000
1112.105	9149.000
1112.247	9019.000
1112.388	9186.000
1112.529	9038.000
1112.670	9315.000
1112.811	9107.000
1112.952	9227.000
1113.094	9128.000
1113.235	9267.000
1113.376	9195.000
1113.517	9210.000
1113.658	9064.000
1113.799	9214.000
1113.940	9190.000
1114.082	9285.000
1114.223	9194.000
1114.364	9331.000
1114.505	9215.000
1114.646	9393.000
1114.787	9231.000
1114.928	9406.000
1115.069	9213.000
1115.210	9440.000
1115.351	9397.000
1115.492	9530.000
1115.633	9388.000
1115.774	9524.000
1115.916	9371.000
1116.057	9525.000
1116.198	9323.000
1116.339	9562.000
1116.480	9409.000
1116.621	9481.000
1116.762	9376.000
1116.903	9532.000
1117.044	9509.000
1117.185	9474.000
1117.326	9426.000
1117.466	9560.000
1117.607	9542.000
1117.748	9709.000
1117.889	9572.000
1118.030	9810.000
1118.171	9655.000
1118.312	9792.000
1118.453	9678.000
1118.594	9871.000
1118.735	9716.000
1118.876	9799.000
1119.017	9729.000
1119.158	9810.000
1119.298	9695.000
1119.439	9793.000
1119.580	9764.000
1119.721	9973.000
1119.862	9900.000
1120.003	9967.000
1120.144	9870.000
1120.284	10045.000
1120.425	9967.000
1120.566	10029.000
1120.707	9948.000
1120.848	10183.000
1120.989	10027.000
1121.129	10205.000
1121.270	10128.000
1121.411	10221.000
1121.552	10124.000
1121.693	10168.000
1121.833	10135.000
1121.974	10309.000
1122.115	10255.000
1122.256	10380.000
1122.396	10368.000
1122.537	10448.000
1122.678	10306.000
1122.819	10440.000
1122.959	10536.000
1123.100	10650.000
1123.241	10546.000
1123.381	10619.000
1123.522	10606.000
1123.663	10673.000
1123.803	10594.000
1123.944	10787.000
1124.085	10710.000
1124.225	10867.000
1124.366	10818.000
1124.507	10984.000
1124.647	10931.000
1124.788	11169.000
1124.929	11051.000
1125.069	11161.000
1125.210	11029.000
1125.351	11248.000
1125.491	11138.000
1125.632	11310.000
1125.772	11156.000
1125.913	11416.000
1126.054	11300.000
1126.194	11476.000
1126.335	11438.000
1126.475	11598.000
1126.616	11525.000
1126.756	11724.000
1126.897	11692.000
1127.037	11789.000
1127.178	11829.000
1127.318	11859.000
1127.459	11888.000
1127.600	12028.000
1127.740	11914.000
1127.881	11957.000
1128.021	11879.000
1128.162	12083.000
1128.302	12041.000
1128.442	12140.000
1128.583	12125.000
1128.723	12234.000
1128.864	12175.000
1129.004	12289.000
1129.145	12124.000
1129.285	12231.000
1129.426	12217.000
1129.566	12235.000
1129.706	12115.000
1129.847	12190.000
1129.987	11989.000
1130.128	11988.000
1130.268	11865.000
1130.408	11881.000
1130.549	11660.000
1130.689	11604.000
1130.830	11488.000
1130.970	11496.000
1131.110	11268.000
1131.251	11281.000
1131.391	11180.000
1131.531	11100.000
1131.672	10949.000
1131.812	10880.000
1131.952	10711.000
1132.093	10845.000
1132.233	10529.000
1132.373	10575.000
1132.513	10490.000
1132.654	10588.000
1132.794	10908.000
1132.934	10425.000
1133.075	10322.000
1133.215	10425.000
1133.355	10228.000
1133.495	10419.000
1133.636	10242.000
1133.776	10449.000
1133.916	10274.000
1134.056	10303.000
1134.196	10405.000
1134.337	10479.000
1134.477	10478.000
1134.617	10634.000
1134.757	10679.000
1134.897	11037.000
1135.038	11082.000
1135.178	11307.000
1135.318	11394.000
1135.458	11542.000
1135.598	11470.000
1135.738	11451.000
1135.879	11285.000
1136.019	11114.000
1136.159	10918.000
1136.299	10702.000
1136.439	10511.000
1136.579	10617.000
1136.719	10376.000
1136.859	10304.000
1136.999	10153.000
1137.140	10147.000
1137.280	10106.000
1137.420	10075.000
1137.560	9987.000
1137.700	9927.000
1137.840	9922.000
1137.980	9875.000
1138.120	9864.000
1138.260	9915.000
1138.400	9807.000
1138.540	9874.000
1138.680	9747.000
1138.820	9884.000
1138.960	9744.000
1139.100	9733.000
1139.240	9753.000
1139.380	9750.000
1139.520	9686.000
1139.660	9752.000
1139.800	9669.000
1139.940	9739.000
1140.080	9708.000
1140.220	9728.000
1140.360	9724.000
1140.500	9745.000
1140.640	9687.000
1140.780	9692.000
1140.919	9635.000
1141.059	9706.000
1141.199	9608.000
1141.339	9794.000
1141.479	9664.000
1141.619	9804.000
1141.759	9656.000
1141.899	9788.000
1142.039	9718.000
1142.178	9822.000
1142.318	9630.000
1142.458	9827.000
1142.598	9757.000
1142.738	9899.000
1142.878	9803.000
1143.017	9937.000
1143.157	9747.000
1143.297	9923.000
1143.437	9784.000
1143.577	9867.000
1143.716	9805.000
1143.856	9997.000
1143.996	9831.000
1144.136	9963.000
1144.275	9811.000
1144.415	9951.000
1144.555	9749.000
1144.695	9927.000
1144.834	9803.000
1144.974	10005.000
1145.114	9898.000
1145.254	9960.000
1145.393	9933.000
1145.533	10031.000
1145.673	9910.000
1145.812	9911.000
1145.952	9924.000
1146.092	10031.000
1146.231	9912.000
1146.371	9971.000
1146.511	9911.000
1146.650	10046.000
1146.790	9847.000
1146.930	10031.000
1147.069	9854.000
1147.209	10103.000
1147.349	10016.000
1147.488	10019.000
1147.628	9883.000
1147.767	9997.000
1147.907	9906.000
1148.047	9974.000
1148.186	9947.000
1148.326	10056.000
1148.465	9992.000
1148.605	10027.000
1148.744	9975.000
1148.884	10063.000
1149.024	9985.000
1149.163	10057.000
1149.303	9924.000
1149.442	10130.000
1149.582	9950.000
1149.721	10023.000
1149.861	9895.000
1150.000	10032.000
1150.140	9818.000
1150.279	10023.000
1150.419	9980.000
1150.558	9973.000
1150.698	9945.000
1150.837	10074.000
1150.977	9874.000
1151.116	10013.000
1151.255	9891.000
1151.395	9958.000
1151.534	9844.000
1151.674	9911.000
1151.813	9841.000
1151.953	9849.000
1152.092	9823.000
1152.231	9866.000
1152.371	9839.000
1152.510	9844.000
1152.650	9733.000
1152.789	9920.000
1152.928	9824.000
1153.068	9829.000
1153.207	9805.000
1153.346	9845.000
1153.486	9734.000
1153.625	9806.000
1153.764	8519.000
1153.904	9758.000
1154.043	9661.000
1154.182	9659.000
1154.322	9522.000
1154.461	9675.000
1154.600	9541.000
1154.740	9701.000
1154.879	9594.000
1155.018	9702.000
1155.157	9542.000
1155.297	9619.000
1155.436	9509.000
1155.575	9652.000
1155.714	9471.000
1155.854	9547.000
1155.993	9365.000
1156.132	9530.000
1156.271	9345.000
1156.411	9439.000
1156.550	9377.000
1156.689	9435.000
1156.828	9354.000
1156.967	9417.000
1157.107	9281.000
1157.246	9475.000
1157.385	9231.000
1157.524	9451.000
1157.663	9287.000
1157.802	9317.000
1157.941	9265.000
1158.081	9266.000
1158.220	9170.000
1158.359	9220.000
1158.498	9129.000
1158.637	9199.000
1158.776	9150.000
1158.915	9285.000
1159.054	9165.000
1159.193	9289.000
1159.333	9072.000
1159.472	9224.000
1159.611	9111.000
1159.750	9188.000
1159.889	9048.000
1160.028	9207.000
1160.167	9026.000
1160.306	9187.000
1160.445	9057.000
1160.584	9190.000
1160.723	9168.000
1160.862	9200.000
1161.001	9083.000
1161.140	9296.000
1161.279	9038.000
1161.418	9186.000
1161.557	9172.000
1161.696	9271.000
1161.835	9118.000
1161.974	9376.000
1162.113	13628.000
1162.252	9350.000
1162.391	9175.000
1162.530	9267.000
1162.669	9202.000
1162.808	9287.000
1162.946	9169.000
1163.085	9277.000
1163.224	9267.000
1163.363	9406.000
1163.502	9312.000
1163.641	9291.000
1163.780	9217.000
1163.919	9328.000
1164.058	9283.000
1164.196	9404.000
1164.335	9256.000
1164.474	9400.000
1164.613	9276.000
1164.752	9442.000
1164.891	9366.000
1165.029	9508.000
1165.168	9359.000
1165.307	9502.000
1165.446	9405.000
1165.585	9429.000
1165.723	9396.000
1165.862	9477.000
1166.001	9410.000
1166.140	9630.000
1166.279	9445.000
1166.417	9604.000
1166.556	9444.000
1166.695	9670.000
1166.834	9510.000
1166.972	9639.000
1167.111	9457.000
1167.250	9661.000
1167.388	9391.000
1167.527	9640.000
1167.666	9501.000
1167.805	9694.000
1167.943	9530.000
1168.082	9768.000
1168.221	9620.000
1168.359	9755.000
1168.498	9640.000
1168.637	9839.000
1168.775	9615.000
1168.914	9919.000
1169.052	9784.000
1169.191	9815.000
1169.330	9767.000
1169.468	9963.000
1169.607	9883.000
1169.746	9965.000
1169.884	9881.000
1170.023	9990.000
1170.161	9946.000
1170.300	9984.000
1170.439	9987.000
1170.577	10102.000
1170.716	10027.000
1170.854	10210.000
1170.993	10022.000
1171.131	10221.000
1171.270	10026.000
1171.408	10185.000
1171.547	10214.000
1171.685	10337.000
1171.824	10137.000
1171.962	10267.000
1172.101	10293.000
1172.239	10409.000
1172.378	10287.000
1172.516	10462.000
1172.655	10311.000
1172.793	10485.000
1172.932	10341.000
1173.070	10465.000
1173.209	10452.000
1173.347	10574.000
1173.486	10449.000
1173.624	10483.000
1173.762	10543.000
1173.901	10767.000
1174.039	10674.000
1174.178	10657.000
1174.316	10675.000
1174.454	10689.000
1174.593	10759.000
1174.731	10867.000
