1129.938	11617.000
1130.084	10837.000
1130.229	11561.000
1130.375	10878.000
1130.521	11473.000
1130.667	10810.000
1130.813	11381.000
1130.958	10725.000
1131.104	11332.000
1131.250	10664.000
1131.396	11156.000
1131.542	10624.000
1131.687	11094.000
1131.833	10420.000
1131.979	10948.000
1132.124	10472.000
1132.270	10758.000
1132.416	10306.000
1132.561	10621.000
1132.707	10145.000
1132.853	10363.000
1132.998	9824.000
1133.144	10265.000
1133.290	9703.000
1133.435	10103.000
1133.581	9645.000
1133.727	10070.000
1133.872	9525.000
1134.018	9846.000
1134.163	9391.000
1134.309	9650.000
1134.455	9191.000
1134.600	9389.000
1134.746	9050.000
1134.891	9222.000
1135.037	8901.000
1135.182	9147.000
1135.328	8721.000
1135.473	8971.000
1135.619	8671.000
1135.764	8764.000
1135.910	8537.000
1136.055	8596.000
1136.201	8444.000
1136.346	8462.000
1136.492	8300.000
1136.637	8435.000
1136.783	8113.000
1136.928	8285.000
1137.074	8080.000
1137.219	8189.000
1137.364	8024.000
1137.510	8177.000
1137.655	8041.000
1137.801	8061.000
1137.946	7948.000
1138.091	7981.000
1138.237	7882.000
1138.382	7883.000
1138.527	7785.000
1138.673	7923.000
1138.818	7763.000
1138.963	7824.000
1139.109	7702.000
1139.254	7720.000
1139.399	7724.000
1139.544	7712.000
1139.690	7609.000
1139.835	7633.000
1139.980	7622.000
1140.125	7603.000
1140.271	7526.000
1140.416	7574.000
1140.561	7517.000
1140.706	7454.000
1140.851	7453.000
1140.997	7424.000
1141.142	7379.000
1141.287	7409.000
1141.432	7473.000
1141.577	7362.000
1141.723	7343.000
1141.868	7365.000
1142.013	7308.000
1142.158	7259.000
1142.303	7255.000
1142.448	7217.000
1142.593	7222.000
1142.738	7201.000
1142.883	7189.000
1143.028	7127.000
1143.174	7177.000
1143.319	7203.000
1143.464	7133.000
1143.609	7161.000
1143.754	7168.000
1143.899	7109.000
1144.044	7141.000
1144.189	7119.000
1144.334	7149.000
1144.479	7100.000
1144.624	7064.000
1144.769	7044.000
1144.914	7006.000
1145.059	7052.000
1145.204	7133.000
1145.348	7023.000
1145.493	7081.000
1145.638	7028.000
1145.783	7022.000
1145.928	7036.000
1146.073	7068.000
1146.218	6902.000
1146.363	7079.000
1146.508	7004.000
1146.653	7014.000
1146.797	7056.000
1146.942	7069.000
1147.087	7033.000
1147.232	7055.000
1147.377	7016.000
1147.522	7043.000
1147.666	6998.000
1147.811	7061.000
1147.956	6976.000
1148.101	7041.000
1148.245	6924.000
1148.390	6971.000
1148.535	7064.000
1148.680	7045.000
1148.824	6951.000
1148.969	7032.000
1149.114	6990.000
1149.259	6987.000
1149.403	6979.000
1149.548	7005.000
1149.693	7016.000
1149.837	7059.000
1149.982	6956.000
1150.127	7028.000
1150.271	6989.000
1150.416	7076.000
1150.561	6998.000
1150.705	6956.000
1150.850	6987.000
1150.994	7029.000
1151.139	7003.000
1151.284	6981.000
1151.428	6946.000
1151.573	7013.000
1151.717	6949.000
1151.862	6979.000
1152.006	6937.000
1152.151	7004.000
1152.295	6917.000
1152.440	7036.000
1152.584	7000.000
1152.729	7044.000
1152.873	6947.000
1153.018	7024.000
1153.162	6944.000
1153.307	6980.000
1153.451	6954.000
1153.596	7047.000
1153.740	6883.000
1153.885	7003.000
1154.029	6983.000
1154.174	6985.000
1154.318	6948.000
1154.462	7038.000
1154.607	6856.000
1154.751	6996.000
1154.896	6929.000
1155.040	6940.000
1155.184	6952.000
1155.329	7030.000
1155.473	6872.000
1155.617	7000.000
1155.762	6839.000
1155.906	6929.000
1156.050	6925.000
1156.194	7008.000
1156.339	6914.000
1156.483	7003.000
1156.627	6831.000
1156.772	6895.000
1156.916	6886.000
1157.060	6952.000
1157.204	6914.000
1157.349	7023.000
1157.493	6814.000
1157.637	6932.000
1157.781	6824.000
1157.925	6958.000
1158.070	6851.000
1158.214	7031.000
1158.358	6837.000
1158.502	6929.000
1158.646	6745.000
1158.790	6971.000
1158.935	6974.000
1159.079	6890.000
1159.223	6898.000
1159.367	6923.000
1159.511	6790.000
1159.655	6921.000
1159.799	6838.000
1159.943	6983.000
1160.087	6766.000
1160.231	6956.000
1160.375	6793.000
1160.519	6899.000
1160.664	6755.000
1160.808	6961.000
1160.952	6824.000
1161.096	6902.000
1161.240	6740.000
1161.384	6862.000
1161.528	6714.000
1161.672	6847.000
1161.815	6783.000
1161.959	6866.000
1162.103	6773.000
1162.247	6913.000
1162.391	6662.000
1162.535	6886.000
1162.679	6694.000
1162.823	6844.000
1162.967	6682.000
1163.111	6940.000
1163.255	6743.000
1163.399	6846.000
1163.542	6691.000
1163.686	6822.000
1163.830	6681.000
1163.974	6809.000
1164.118	6702.000
1164.262	6829.000
1164.405	6649.000
1164.549	6753.000
1164.693	6647.000
1164.837	6761.000
1164.981	6666.000
1165.124	6769.000
1165.268	6603.000
1165.412	6777.000
1165.556	6648.000
1165.699	6789.000
1165.843	6682.000
1165.987	6785.000
1166.131	6646.000
1166.274	6681.000
1166.418	6575.000
1166.562	6698.000
1166.705	6547.000
1166.849	6729.000
1166.993	6677.000
1167.136	6755.000
1167.280	6550.000
1167.424	6760.000
1167.567	6673.000
1167.711	6675.000
1167.854	6518.000
1167.998	6729.000
1168.142	6557.000
1168.285	6652.000
1168.429	6525.000
1168.572	6721.000
1168.716	6500.000
1168.859	6609.000
1169.003	6532.000
1169.147	6634.000
1169.290	6502.000
1169.434	6616.000
1169.577	6542.000
1169.721	6639.000
1169.864	6486.000
1170.008	6735.000
1170.151	6512.000
1170.294	6577.000
1170.438	6536.000
1170.581	6632.000
1170.725	6427.000
1170.868	6617.000
1171.012	6549.000
1171.155	6631.000
1171.298	6470.000
1171.442	6578.000
1171.585	6457.000
1171.729	6596.000
1171.872	6456.000
1172.015	6576.000
1172.159	6486.000
1172.302	6600.000
1172.445	6482.000
1172.589	6555.000
1172.732	6300.000
1172.875	6637.000
1173.019	6398.000
1173.162	6531.000
1173.305	6412.000
1173.449	6609.000
1173.592	6425.000
1173.735	6541.000
1173.878	6507.000
1174.022	6454.000
1174.165	6400.000
1174.308	6572.000
1174.451	6446.000
1174.594	6528.000
1174.738	6357.000
1174.881	6614.000
1175.024	6485.000
1175.167	6545.000
1175.310	6407.000
1175.454	6548.000
1175.597	6442.000
1175.740	6568.000
1175.883	6344.000
1176.026	6591.000
1176.169	6408.000
1176.312	6461.000
1176.455	6434.000
1176.598	6519.000
1176.742	6410.000
1176.885	6635.000
1177.028	6359.000
1177.171	6410.000
1177.314	6387.000
1177.457	6572.000
1177.600	6452.000
1177.743	6481.000
1177.886	6322.000
1178.029	6572.000
1178.172	6391.000
1178.315	6539.000
1178.458	6377.000
1178.601	6558.000
1178.744	6402.000
1178.887	6535.000
1179.030	6454.000
1179.173	6544.000
1179.316	6379.000
1179.458	6583.000
1179.601	6361.000
1179.744	6498.000
1179.887	6434.000
1180.030	6536.000
1180.173	6313.000
1180.316	6585.000
1180.459	6330.000
1180.602	6474.000
1180.744	6379.000
1180.887	6552.000
1181.030	6422.000
1181.173	6516.000
1181.316	6408.000
1181.458	6438.000
1181.601	6350.000
1181.744	6517.000
1181.887	6497.000
1182.030	6459.000
1182.172	6413.000
1182.315	6475.000
1182.458	6431.000
1182.601	6552.000
1182.743	6384.000
1182.886	6466.000
1183.029	6365.000
1183.171	6506.000
1183.314	6387.000
1183.457	6511.000
1183.599	6334.000
1183.742	6574.000
1183.885	6346.000
1184.027	6540.000
1184.170	6355.000
1184.313	6575.000
1184.455	6404.000
1184.598	6611.000
1184.741	6337.000
1184.883	6663.000
1185.026	6384.000
1185.168	6555.000
1185.311	6391.000
1185.453	6587.000
1185.596	6423.000
1185.739	6519.000
1185.881	6413.000
1186.024	6568.000
1186.166	6371.000
1186.309	6532.000
1186.451	6408.000
1186.594	6588.000
1186.736	6469.000
1186.879	6587.000
1187.021	6459.000
1187.164	6553.000
1187.306	6364.000
1187.448	6599.000
1187.591	6182.000
1187.733	6631.000
1187.876	6446.000
1188.018	6539.000
1188.160	6509.000
1188.303	6515.000
1188.445	6328.000
1188.588	6510.000
1188.730	6466.000
1188.872	6650.000
1189.015	6404.000
1189.157	6546.000
1189.299	6371.000
1189.442	6598.000
1189.584	6447.000
1189.726	6517.000
1189.869	6362.000
1190.011	6593.000
1190.153	6472.000
1190.295	6555.000
1190.438	6403.000
1190.580	6589.000
1190.722	6380.000
1190.864	6585.000
1191.007	6460.000
1191.149	6519.000
1191.291	6323.000
1191.433	6539.000
1191.576	6407.000
1191.718	6679.000
1191.860	6392.000
1192.002	6590.000
1192.144	6442.000
1192.286	6574.000
1192.429	6454.000
1192.571	6598.000
1192.713	6431.000
1192.855	6588.000
1192.997	6452.000
1193.139	6562.000
1193.281	6447.000
1193.423	6619.000
1193.565	6454.000
1193.707	6614.000
1193.850	6423.000
1193.992	6533.000
1194.134	6381.000
1194.276	6609.000
1194.418	6375.000
1194.560	6524.000
1194.702	6384.000
1194.844	6523.000
1194.986	6403.000
1195.128	6545.000
1195.270	6432.000
1195.412	6566.000
1195.554	6414.000
1195.696	6597.000
1195.837	6478.000
1195.979	6544.000
1196.121	6399.000
1196.263	6599.000
1196.405	6474.000
1196.547	6579.000
1196.689	6371.000
1196.831	6638.000
1196.973	6377.000
1197.115	6528.000
1197.256	6378.000
1197.398	6568.000
1197.540	6442.000
1197.682	6560.000
1197.824	6386.000
1197.966	6578.000
1198.107	6382.000
1198.249	6491.000
1198.391	6470.000
1198.533	6530.000
1198.675	6375.000
1198.816	6532.000
1198.958	6347.000
1199.100	6611.000
1199.242	6467.000
1199.383	6506.000
1199.525	6367.000
1199.667	6468.000
1199.808	6403.000
1199.950	6553.000
1200.092	6435.000
1200.233	6608.000
1200.375	6380.000
1200.517	6560.000
1200.658	6371.000
1200.800	6554.000
1200.942	6360.000
1201.083	6564.000
1201.225	6422.000
1201.367	6600.000
1201.508	6398.000
1201.650	6414.000
1201.791	6319.000
1201.933	6543.000
1202.074	6270.000
1202.216	6456.000
1202.358	6329.000
1202.499	6475.000
1202.641	6342.000
1202.782	6462.000
1202.924	6307.000
1203.065	6522.000
1203.207	6240.000
1203.348	6534.000
1203.490	6336.000
1203.631	6480.000
1203.773	6344.000
1203.914	6479.000
1204.056	6319.000
1204.197	6449.000
1204.338	6270.000
1204.480	6404.000
1204.621	6287.000
1204.763	6467.000
1204.904	6243.000
1205.045	6426.000
1205.187	6412.000
1205.328	6441.000
1205.470	6317.000
1205.611	6455.000
1205.752	6236.000
1205.894	6413.000
1206.035	6260.000
1206.176	6427.000
1206.318	6182.000
1206.459	6535.000
1206.600	6302.000
1206.741	6451.000
1206.883	6256.000
1207.024	6429.000
1207.165	6282.000
1207.306	6422.000
1207.448	6218.000
1207.589	6391.000
1207.730	6205.000
1207.871	6422.000
1208.013	6281.000
1208.154	6370.000
1208.295	6141.000
1208.436	6360.000
1208.577	6227.000
1208.719	6285.000
1208.860	6222.000
1209.001	6373.000
1209.142	6138.000
1209.283	6356.000
1209.424	6136.000
1209.565	6389.000
1209.706	6194.000
1209.848	6443.000
1209.989	6191.000
1210.130	6322.000
1210.271	6183.000
1210.412	6316.000
1210.553	6210.000
1210.694	6417.000
1210.835	6159.000
1210.976	6359.000
1211.117	6069.000
1211.258	6349.000
1211.399	6199.000
1211.540	6372.000
1211.681	6157.000
1211.822	6319.000
1211.963	6284.000
1212.104	6337.000
1212.245	6187.000
1212.386	6348.000
1212.527	6152.000
1212.668	6339.000
1212.809	6092.000
1212.950	6393.000
1213.090	6155.000
1213.231	6277.000
1213.372	6143.000
1213.513	6309.000
1213.654	6176.000
1213.795	6243.000
1213.936	6045.000
1214.077	6286.000
1214.217	6217.000
1214.358	6355.000
1214.499	6191.000
1214.640	6373.000
1214.781	6147.000
1214.921	6323.000
1215.062	6127.000
1215.203	6294.000
1215.344	6048.000
1215.485	6267.000
1215.625	6200.000
1215.766	6330.000
1215.907	6112.000
1216.047	6330.000
1216.188	6105.000
1216.329	6325.000
1216.470	6037.000
1216.610	6298.000
1216.751	6119.000
1216.892	6215.000
1217.032	6053.000
1217.173	6231.000
1217.314	6201.000
1217.454	6247.000
1217.595	6117.000
1217.735	6242.000
1217.876	6125.000
1218.017	6265.000
1218.157	6087.000
1218.298	6295.000
1218.438	6120.000
1218.579	6235.000
1218.720	6094.000
1218.860	6320.000
1219.001	6122.000
1219.141	6223.000
1219.282	6089.000
1219.422	6209.000
1219.563	6059.000
1219.703	6186.000
1219.844	6066.000
1219.984	6290.000
1220.125	6156.000
1220.265	6242.000
1220.406	6086.000
1220.546	6275.000
1220.687	6093.000
1220.827	6197.000
1220.967	6042.000
1221.108	6235.000
1221.248	6038.000
1221.389	6214.000
1221.529	6092.000
1221.669	6256.000
1221.810	6079.000
1221.950	6219.000
1222.091	6029.000
1222.231	6269.000
1222.371	6090.000
1222.512	6223.000
1222.652	6128.000
1222.792	6259.000
1222.933	6017.000
1223.073	6215.000
1223.213	6128.000
1223.353	6306.000
1223.494	6111.000
1223.634	6223.000
1223.774	6099.000
1223.914	6212.000
1224.055	6036.000
1224.195	6244.000
1224.335	6115.000
1224.475	6244.000
1224.616	6083.000
1224.756	6235.000
1224.896	6048.000
1225.036	6310.000
1225.176	6118.000
1225.316	6299.000
1225.457	6058.000
1225.597	6314.000
1225.737	6069.000
1225.877	6292.000
1226.017	6076.000
1226.157	6334.000
1226.297	6075.000
1226.437	6277.000
1226.578	6087.000
1226.718	6246.000
1226.858	6079.000
1226.998	6326.000
1227.138	6127.000
1227.278	6248.000
1227.418	6137.000
1227.558	6217.000
1227.698	6172.000
1227.838	6337.000
1227.978	6127.000
1228.118	6226.000
1228.258	6098.000
1228.398	6290.000
1228.538	6158.000
1228.678	6245.000
1228.818	6141.000
1228.958	6247.000
1229.098	6168.000
1229.238	6351.000
1229.377	6096.000
1229.517	6276.000
1229.657	6179.000
1229.797	6298.000
1229.937	6156.000
1230.077	6371.000
1230.217	6205.000
1230.357	6315.000
1230.496	6200.000
1230.636	6320.000
1230.776	6196.000
1230.916	6298.000
1231.056	6154.000
1231.196	6334.000
1231.335	6183.000
1231.475	6284.000
1231.615	6255.000
1231.755	6346.000
1231.894	6169.000
1232.034	6267.000
1232.174	6167.000
1232.314	6400.000
1232.453	6142.000
1232.593	6319.000
1232.733	6194.000
1232.873	6421.000
1233.012	6592.000
1233.152	6309.000
1233.292	6168.000
1233.431	6310.000
1233.571	6136.000
1233.711	6396.000
1233.850	6112.000
1233.990	6394.000
1234.129	6172.000
1234.269	6219.000
1234.409	6244.000
1234.548	6301.000
1234.688	6173.000
1234.828	6308.000
1234.967	6201.000
1235.107	6378.000
1235.246	6184.000
1235.386	6294.000
1235.525	6126.000
1235.665	6260.000
1235.804	6124.000
1235.944	6329.000
1236.083	6168.000
1236.223	6301.000
1236.362	6222.000
1236.502	6289.000
1236.641	6144.000
1236.781	6409.000
1236.920	6192.000
1237.060	6288.000
1237.199	6136.000
1237.339	6251.000
1237.478	6180.000
1237.617	6272.000
1237.757	6168.000
1237.896	6192.000
1238.036	6162.000
1238.175	6241.000
1238.314	6154.000
1238.454	6294.000
1238.593	6156.000
1238.732	6295.000
1238.872	6149.000
1239.011	6358.000
1239.150	6147.000
1239.290	6264.000
1239.429	6183.000
1239.568	6275.000
1239.708	6190.000
1239.847	6262.000
1239.986	6166.000
1240.125	6256.000
1240.265	6183.000
1240.404	6299.000
1240.543	6258.000
1240.682	6298.000
1240.822	6159.000
1240.961	6226.000
1241.100	6163.000
1241.239	6286.000
1241.378	6132.000
1241.518	6358.000
1241.657	6155.000
1241.796	6324.000
1241.935	6145.000
1242.074	6256.000
1242.213	6163.000
1242.352	6275.000
1242.492	6105.000
1242.631	6353.000
1242.770	6171.000
1242.909	6360.000
1243.048	6206.000
1243.187	6400.000
1243.326	6140.000
1243.465	6366.000
1243.604	6165.000
1243.743	6295.000
1243.882	6149.000
1244.021	6375.000
1244.160	6147.000
1244.299	6370.000
1244.438	6191.000
1244.577	6376.000
1244.716	6140.000
1244.855	6343.000
1244.994	6201.000
1245.133	6396.000
1245.272	6230.000
1245.411	6353.000
1245.550	6279.000
1245.689	6412.000
1245.828	6250.000
1245.967	6327.000
1246.106	6269.000
1246.244	6436.000
1246.383	6230.000
1246.522	6368.000
1246.661	6223.000
1246.800	6440.000
1246.939	6187.000
1247.078	6419.000
1247.216	6204.000
1247.355	6466.000
1247.494	6314.000
1247.633	6408.000
1247.772	6229.000
1247.910	6405.000
1248.049	6250.000
1248.188	6335.000
1248.327	6256.000
1248.465	6396.000
1248.604	6301.000
1248.743	6379.000
1248.882	6260.000
1249.020	6398.000
1249.159	6299.000
1249.298	6407.000
1249.436	6229.000
1249.575	6449.000
1249.714	6231.000
1249.852	6418.000
1249.991	6242.000
1250.130	6402.000
1250.268	6144.000
1250.407	6464.000
1250.546	6323.000
1250.684	6352.000
1250.823	6269.000
1250.961	6472.000
1251.100	6238.000
1251.239	6438.000
1251.377	6282.000
1251.516	6396.000
1251.654	6220.000
1251.793	6343.000
1251.931	6223.000
1252.070	6336.000
1252.208	6244.000
1252.347	6407.000
1252.485	6291.000
1252.624	6389.000
1252.762	6225.000
1252.901	6450.000
1253.039	6318.000
1253.178	6375.000
1253.316	6311.000
1253.455	6400.000
1253.593	6251.000
1253.732	6397.000
1253.870	5425.000
1254.008	6371.000
1254.147	6237.000
1254.285	6334.000
1254.424	6157.000
1254.562	6399.000
1254.700	6197.000
1254.839	6386.000
1254.977	6310.000
1255.115	6389.000
1255.254	6246.000
1255.392	6366.000
1255.530	6215.000
1255.669	6387.000
1255.807	6271.000
1255.945	6376.000
1256.084	6161.000
1256.222	6397.000
1256.360	6184.000
1256.498	6342.000
1256.637	6234.000
1256.775	6314.000
1256.913	6218.000
1257.051	6358.000
1257.189	6158.000
1257.328	6422.000
1257.466	6138.000
1257.604	6437.000
1257.742	6243.000
1257.880	6325.000
1258.019	6215.000
1258.157	6314.000
1258.295	6201.000
1258.433	6270.000
1258.571	6122.000
1258.709	6270.000
1258.847	6157.000
1258.986	6344.000
1259.124	6172.000
1259.262	6348.000
1259.400	6110.000
1259.538	6286.000
1259.676	6121.000
1259.814	6284.000
1259.952	6083.000
1260.090	6271.000
1260.228	6057.000
1260.366	6264.000
1260.504	6087.000
1260.642	6266.000
1260.780	6207.000
1260.918	6281.000
1261.056	6152.000
1261.194	6386.000
1261.332	6080.000
1261.470	6242.000
1261.608	6170.000
1261.746	6336.000
1261.884	6114.000
1262.022	6393.000
1262.160	9062.000
1262.297	6365.000
1262.435	6179.000
1262.573	6323.000
1262.711	6215.000
1262.849	6320.000
1262.987	6072.000
1263.125	6276.000
1263.262	6257.000
1263.400	6409.000
1263.538	6267.000
1263.676	6306.000
1263.814	6192.000
1263.952	6340.000
1264.089	6258.000
1264.227	6415.000
1264.365	6200.000
1264.503	6329.000
1264.640	6169.000
1264.778	6376.000
1264.916	6229.000
1265.054	6407.000
1265.191	6232.000
1265.329	6396.000
1265.467	6241.000
1265.604	6373.000
1265.742	6197.000
1265.880	6323.000
1266.017	6173.000
1266.155	6408.000
1266.293	6203.000
1266.430	6356.000
1266.568	6190.000
1266.706	6444.000
1266.843	6219.000
1266.981	6402.000
1267.119	6197.000
1267.256	6390.000
1267.394	6095.000
1267.531	6366.000
1267.669	6167.000
1267.806	6379.000
1267.944	6132.000
1268.081	6418.000
1268.219	6218.000
1268.357	6350.000
1268.494	6183.000
1268.632	6414.000
1268.769	6132.000
1268.907	6408.000
1269.044	6245.000
1269.182	6289.000
1269.319	6162.000
1269.456	6387.000
1269.594	6176.000
1269.731	6376.000
1269.869	6207.000
1270.006	6327.000
1270.144	6231.000
1270.281	6361.000
1270.418	6231.000
1270.556	6357.000
1270.693	6227.000
1270.831	6421.000
1270.968	6181.000
1271.105	6375.000
1271.243	6152.000
1271.380	6355.000
1271.517	6295.000
1271.655	6430.000
1271.792	6228.000
1271.929	6353.000
1272.066	6277.000
1272.204	6443.000
1272.341	6230.000
1272.478	6464.000
1272.616	6230.000
1272.753	6445.000
1272.890	6225.000
1273.027	6360.000
1273.165	6259.000
1273.302	6416.000
1273.439	6222.000
1273.576	6289.000
1273.713	6252.000
1273.851	6425.000
1273.988	6314.000
1274.125	6378.000
1274.262	6249.000
1274.399	6342.000
1274.536	6308.000
1274.673	6443.000
