1059.898	6705.000
1060.043	6721.000
1060.188	6677.000
1060.333	6805.000
1060.479	6672.000
1060.624	6830.000
1060.769	6678.000
1060.914	6776.000
1061.059	6674.000
1061.204	6733.000
1061.349	6638.000
1061.494	6804.000
1061.639	6695.000
1061.784	6722.000
1061.929	6683.000
1062.074	6853.000
1062.219	6628.000
1062.364	6877.000
1062.509	6788.000
1062.654	7072.000
1062.799	6957.000
1062.944	7080.000
1063.089	7178.000
1063.234	7173.000
1063.379	7093.000
1063.524	7093.000
1063.669	7015.000
1063.814	6958.000
1063.959	6785.000
1064.104	6794.000
1064.249	6733.000
1064.394	6781.000
1064.538	6699.000
1064.683	6765.000
1064.828	6627.000
1064.973	6770.000
1065.118	6774.000
1065.263	6725.000
1065.408	6770.000
1065.553	6806.000
1065.697	6688.000
1065.842	6814.000
1065.987	6701.000
1066.132	6814.000
1066.277	6641.000
1066.422	6785.000
1066.566	6750.000
1066.711	6727.000
1066.856	6733.000
1067.001	6819.000
1067.146	6683.000
1067.290	6735.000
1067.435	6755.000
1067.580	6813.000
1067.725	6683.000
1067.869	6782.000
1068.014	6691.000
1068.159	6813.000
1068.303	6670.000
1068.448	6761.000
1068.593	6725.000
1068.738	6769.000
1068.882	6696.000
1069.027	6743.000
1069.172	6656.000
1069.316	6828.000
1069.461	6710.000
1069.606	6720.000
1069.750	6684.000
1069.895	6785.000
1070.040	6691.000
1070.184	6740.000
1070.329	6710.000
1070.473	6805.000
1070.618	6614.000
1070.763	6750.000
1070.907	6659.000
1071.052	6722.000
1071.196	6687.000
1071.341	6849.000
1071.486	6684.000
1071.630	6777.000
1071.775	6707.000
1071.919	6776.000
1072.064	6660.000
1072.208	6749.000
1072.353	6661.000
1072.497	6747.000
1072.642	6692.000
1072.786	6732.000
1072.931	6710.000
1073.075	6784.000
1073.220	6723.000
1073.364	6768.000
1073.509	6709.000
1073.653	6779.000
1073.798	6683.000
1073.942	6751.000
1074.087	6732.000
1074.231	6799.000
1074.376	6674.000
1074.520	6702.000
1074.664	6666.000
1074.809	6710.000
1074.953	6722.000
1075.098	6857.000
1075.242	6693.000
1075.386	6780.000
1075.531	6720.000
1075.675	6769.000
1075.819	6729.000
1075.964	6786.000
1076.108	6629.000
1076.252	6847.000
1076.397	6728.000
1076.541	6761.000
1076.685	6778.000
1076.830	6851.000
1076.974	6795.000
1077.118	6832.000
1077.263	6797.000
1077.407	6884.000
1077.551	6823.000
1077.695	6968.000
1077.840	6796.000
1077.984	6947.000
1078.128	6804.000
1078.272	6854.000
1078.417	7003.000
1078.561	6988.000
1078.705	6917.000
1078.849	6985.000
1078.994	6958.000
1079.138	6981.000
1079.282	6911.000
1079.426	7007.000
1079.570	6989.000
1079.714	7066.000
1079.859	6961.000
1080.003	7060.000
1080.147	6997.000
1080.291	7081.000
1080.435	6998.000
1080.579	6944.000
1080.723	6996.000
1080.868	7113.000
1081.012	7040.000
1081.156	7039.000
1081.300	7002.000
1081.444	7121.000
1081.588	7024.000
1081.732	7035.000
1081.876	6992.000
1082.020	7084.000
1082.164	7010.000
1082.308	7168.000
1082.452	7099.000
1082.596	7164.000
1082.740	7086.000
1082.884	7126.000
1083.028	7089.000
1083.172	7107.000
1083.316	7109.000
1083.460	7215.000
1083.604	7092.000
1083.748	7202.000
1083.892	7180.000
1084.036	7193.000
1084.180	7179.000
1084.324	7279.000
1084.468	7130.000
1084.612	7279.000
1084.756	7203.000
1084.900	7251.000
1085.044	7312.000
1085.188	7353.000
1085.332	7225.000
1085.476	7369.000
1085.619	7206.000
1085.763	7301.000
1085.907	7320.000
1086.051	7449.000
1086.195	7397.000
1086.339	7416.000
1086.483	7309.000
1086.626	7364.000
1086.770	7405.000
1086.914	7393.000
1087.058	7452.000
1087.202	7493.000
1087.346	7327.000
1087.489	7401.000
1087.633	7336.000
1087.777	7434.000
1087.921	7401.000
1088.064	7503.000
1088.208	7337.000
1088.352	7426.000
1088.496	7271.000
1088.639	7472.000
1088.783	7490.000
1088.927	7390.000
1089.071	7407.000
1089.214	7404.000
1089.358	7323.000
1089.502	7438.000
1089.645	7386.000
1089.789	7474.000
1089.933	7319.000
1090.076	7465.000
1090.220	7320.000
1090.364	7431.000
1090.507	7278.000
1090.651	7486.000
1090.795	7335.000
1090.938	7408.000
1091.082	7309.000
1091.226	7382.000
1091.369	7271.000
1091.513	7402.000
1091.656	7329.000
1091.800	7416.000
1091.944	7306.000
1092.087	7413.000
1092.231	7171.000
1092.374	7357.000
1092.518	7220.000
1092.661	7352.000
1092.805	7222.000
1092.948	7415.000
1093.092	7278.000
1093.235	7342.000
1093.379	7209.000
1093.522	7371.000
1093.666	7197.000
1093.809	7293.000
1093.953	7217.000
1094.096	7356.000
1094.240	7163.000
1094.383	7264.000
1094.527	7198.000
1094.670	7285.000
1094.814	7221.000
1094.957	7351.000
1095.101	7219.000
1095.244	7406.000
1095.387	7285.000
1095.531	7443.000
1095.674	7419.000
1095.818	7511.000
1095.961	7416.000
1096.104	7450.000
1096.248	7380.000
1096.391	7498.000
1096.534	7418.000
1096.678	7587.000
1096.821	7584.000
1096.964	7660.000
1097.108	7472.000
1097.251	7680.000
1097.394	7628.000
1097.538	7602.000
1097.681	7517.000
1097.824	7675.000
1097.968	7556.000
1098.111	7665.000
1098.254	7536.000
1098.397	7685.000
1098.541	7576.000
1098.684	7679.000
1098.827	7629.000
1098.970	7721.000
1099.114	7614.000
1099.257	7742.000
1099.400	7671.000
1099.543	7776.000
1099.686	7666.000
1099.830	7883.000
1099.973	7703.000
1100.116	7764.000
1100.259	7753.000
1100.402	7851.000
1100.545	7684.000
1100.689	7896.000
1100.832	7854.000
1100.975	7935.000
1101.118	7849.000
1101.261	7925.000
1101.404	7847.000
1101.547	7963.000
1101.691	7876.000
1101.834	8023.000
1101.977	7945.000
1102.120	8086.000
1102.263	8006.000
1102.406	8083.000
1102.549	7878.000
1102.692	8196.000
1102.835	8063.000
1102.978	8139.000
1103.121	8103.000
1103.264	8272.000
1103.407	8149.000
1103.550	8253.000
1103.693	8308.000
1103.836	8270.000
1103.979	8190.000
1104.122	8414.000
1104.265	8331.000
1104.408	8415.000
1104.551	8337.000
1104.694	8571.000
1104.837	8533.000
1104.980	8582.000
1105.123	8436.000
1105.266	8645.000
1105.409	8570.000
1105.552	8707.000
1105.695	8586.000
1105.838	8798.000
1105.980	8650.000
1106.123	8732.000
1106.266	8788.000
1106.409	8899.000
1106.552	8811.000
1106.695	9052.000
1106.838	8850.000
1106.980	8924.000
1107.123	8977.000
1107.266	9167.000
1107.409	9098.000
1107.552	9119.000
1107.695	9070.000
1107.837	9298.000
1107.980	9193.000
1108.123	9383.000
1108.266	9324.000
1108.409	9483.000
1108.551	9420.000
1108.694	9569.000
1108.837	9605.000
1108.980	9730.000
1109.122	9628.000
1109.265	9831.000
1109.408	9682.000
1109.551	9845.000
1109.693	9876.000
1109.836	9990.000
1109.979	9877.000
1110.121	10168.000
1110.264	9973.000
1110.407	10174.000
1110.549	10203.000
1110.692	10363.000
1110.835	10343.000
1110.977	10475.000
1111.120	10475.000
1111.263	10528.000
1111.405	10574.000
1111.548	10731.000
1111.691	10836.000
1111.833	10800.000
1111.976	10855.000
1112.118	10957.000
1112.261	11067.000
1112.404	11118.000
1112.546	11128.000
1112.689	11202.000
1112.831	11313.000
1112.974	11434.000
1113.116	11455.000
1113.259	11576.000
1113.401	11569.000
1113.544	11771.000
1113.686	11733.000
1113.829	11931.000
1113.971	11925.000
1114.114	12172.000
1114.256	12135.000
1114.399	12424.000
1114.541	12224.000
1114.684	12566.000
1114.826	12443.000
1114.969	12599.000
1115.111	12689.000
1115.254	12832.000
1115.396	12946.000
1115.539	12959.000
1115.681	13107.000
1115.823	13281.000
1115.966	13222.000
1116.108	13374.000
1116.251	13452.000
1116.393	13564.000
1116.535	13710.000
1116.678	13824.000
1116.820	13965.000
1116.962	14021.000
1117.105	14048.000
1117.247	14298.000
1117.389	14105.000
1117.532	14569.000
1117.674	14644.000
1117.816	14730.000
1117.959	14823.000
1118.101	14854.000
1118.243	14926.000
1118.386	15120.000
1118.528	15320.000
1118.670	15454.000
1118.812	15431.000
1118.955	15558.000
1119.097	15691.000
1119.239	15905.000
1119.381	16085.000
1119.524	16117.000
1119.666	16221.000
1119.808	16429.000
1119.950	16497.000
1120.093	16516.000
1120.235	16638.000
1120.377	16867.000
1120.519	17080.000
1120.661	17268.000
1120.803	17478.000
1120.946	17419.000
1121.088	17460.000
1121.230	17636.000
1121.372	17873.000
1121.514	18123.000
1121.656	18017.000
1121.798	18153.000
1121.941	18243.000
1122.083	18347.000
1122.225	18471.000
1122.367	18571.000
1122.509	18737.000
1122.651	19026.000
1122.793	19228.000
1122.935	19491.000
1123.077	19705.000
1123.219	19835.000
1123.361	19838.000
1123.503	19804.000
1123.645	19912.000
1123.787	20060.000
1123.929	20448.000
1124.071	20805.000
1124.213	20861.000
1124.355	21005.000
1124.497	21224.000
1124.639	21292.000
1124.781	21507.000
1124.923	21519.000
1125.065	21463.000
1125.207	21456.000
1125.349	21498.000
1125.491	21671.000
1125.633	22063.000
1125.775	22234.000
1125.917	22450.000
1126.059	22574.000
1126.201	22786.000
1126.343	22909.000
1126.485	23111.000
1126.626	23228.000
1126.768	23410.000
1126.910	23372.000
1127.052	23553.000
1127.194	23483.000
1127.336	23556.000
1127.478	23541.000
1127.619	23538.000
1127.761	23542.000
1127.903	23732.000
1128.045	23900.000
1128.187	24212.000
1128.329	23958.000
1128.470	24183.000
1128.612	24017.000
1128.754	24093.000
1128.896	24146.000
1129.037	24200.000
1129.179	24002.000
1129.321	24024.000
1129.463	23518.000
1129.604	23592.000
1129.746	23395.000
1129.888	23502.000
1130.030	23415.000
1130.171	23361.000
1130.313	23151.000
1130.455	23015.000
1130.596	22795.000
1130.738	22543.000
1130.880	22279.000
1131.021	22073.000
1131.163	21626.000
1131.305	21371.000
1131.446	20865.000
1131.588	20569.000
1131.730	20235.000
1131.871	19810.000
1132.013	19366.000
1132.155	18987.000
1132.296	18561.000
1132.438	18216.000
1132.579	17805.000
1132.721	17435.000
1132.863	17166.000
1133.004	16596.000
1133.146	16367.000
1133.287	15960.000
1133.429	15642.000
1133.570	15338.000
1133.712	15128.000
1133.853	14794.000
1133.995	14578.000
1134.136	14291.000
1134.278	14111.000
1134.419	13778.000
1134.561	13591.000
1134.702	13187.000
1134.844	13242.000
1134.985	13333.000
1135.127	13291.000
1135.268	13250.000
1135.410	13341.000
1135.551	13201.000
1135.693	13268.000
1135.834	13068.000
1135.975	13115.000
1136.117	12970.000
1136.258	13286.000
1136.400	13245.000
1136.541	13346.000
1136.682	13123.000
1136.824	13179.000
1136.965	13017.000
1137.107	12992.000
1137.248	12674.000
1137.389	12587.000
1137.531	12387.000
1137.672	12328.000
1137.813	12061.000
1137.955	11995.000
1138.096	11618.000
1138.237	11599.000
1138.379	11328.000
1138.520	11177.000
1138.661	11018.000
1138.802	10936.000
1138.944	10671.000
1139.085	10730.000
1139.226	10384.000
1139.368	10470.000
1139.509	10208.000
1139.650	10298.000
1139.791	9991.000
1139.933	9995.000
1140.074	9747.000
1140.215	9755.000
1140.356	9647.000
1140.497	9749.000
1140.639	9428.000
1140.780	9537.000
1140.921	9159.000
1141.062	9315.000
1141.203	9172.000
1141.344	9232.000
1141.486	9017.000
1141.627	9136.000
1141.768	9042.000
1141.909	8977.000
1142.050	8862.000
1142.191	9003.000
1142.332	8751.000
1142.473	8916.000
1142.615	8683.000
1142.756	8850.000
1142.897	8646.000
1143.038	8697.000
1143.179	8569.000
1143.320	8699.000
1143.461	8547.000
1143.602	8607.000
1143.743	8411.000
1143.884	8577.000
1144.025	8519.000
1144.166	8572.000
1144.307	8388.000
1144.448	8538.000
1144.589	8349.000
1144.730	8508.000
1144.871	8339.000
1145.012	8459.000
1145.153	8235.000
1145.294	8450.000
1145.435	8373.000
1145.576	8443.000
1145.717	8268.000
1145.858	8427.000
1145.999	8221.000
1146.140	8359.000
1146.281	8134.000
1146.422	8333.000
1146.562	8115.000
1146.703	8175.000
1146.844	8012.000
1146.985	8202.000
1147.126	8126.000
1147.267	8165.000
1147.408	8001.000
1147.549	8149.000
1147.689	8005.000
1147.830	8130.000
1147.971	7964.000
1148.112	8159.000
1148.253	7957.000
1148.394	8094.000
1148.534	7891.000
1148.675	8134.000
1148.816	7927.000
1148.957	8022.000
1149.097	7914.000
1149.238	8007.000
1149.379	7861.000
1149.520	7900.000
1149.661	7824.000
1149.801	8037.000
1149.942	7919.000
1150.083	7979.000
1150.223	7857.000
1150.364	8017.000
1150.505	7887.000
1150.646	7975.000
1150.786	7796.000
1150.927	7996.000
1151.068	7781.000
1151.208	7976.000
1151.349	7843.000
1151.490	8021.000
1151.630	7871.000
1151.771	7965.000
1151.912	7809.000
1152.052	8015.000
1152.193	7861.000
1152.333	7978.000
1152.474	7883.000
1152.615	8014.000
1152.755	7763.000
1152.896	7961.000
1153.036	7951.000
1153.177	8105.000
1153.318	7915.000
1153.458	8010.000
1153.599	7930.000
1153.739	7965.000
1153.880	7836.000
1154.020	8034.000
1154.161	7882.000
1154.301	8007.000
1154.442	7844.000
1154.582	8011.000
1154.723	7861.000
1154.863	8101.000
1155.004	7953.000
1155.144	8091.000
1155.285	7839.000
1155.425	8091.000
1155.566	7918.000
1155.706	8094.000
1155.847	7874.000
1155.987	8108.000
1156.127	7899.000
1156.268	8035.000
1156.408	7913.000
1156.549	8068.000
1156.689	7890.000
1156.829	8133.000
1156.970	7967.000
1157.110	8074.000
1157.251	8003.000
1157.391	8042.000
1157.531	7999.000
1157.672	8167.000
1157.812	7974.000
1157.952	8049.000
1158.093	7955.000
1158.233	8131.000
1158.373	8022.000
1158.514	8100.000
1158.654	7988.000
1158.794	8114.000
1158.935	8012.000
1159.075	8201.000
1159.215	7966.000
1159.355	8129.000
1159.496	8039.000
1159.636	8133.000
1159.776	7967.000
1159.916	8182.000
1160.057	8028.000
1160.197	8130.000
1160.337	8021.000
1160.477	8115.000
1160.617	8013.000
1160.758	8107.000
1160.898	7982.000
1161.038	8131.000
1161.178	7952.000
1161.318	8067.000
1161.459	8032.000
1161.599	8111.000
1161.739	7950.000
1161.879	8003.000
1162.019	7879.000
1162.159	8118.000
1162.299	7895.000
1162.439	8001.000
1162.580	7876.000
1162.720	8065.000
1162.860	8237.000
1163.000	7984.000
1163.140	7821.000
1163.280	7943.000
1163.420	7771.000
1163.560	7974.000
1163.700	7742.000
1163.840	7968.000
1163.980	7711.000
1164.120	7786.000
1164.260	7764.000
1164.400	7833.000
1164.540	7685.000
1164.680	7783.000
1164.820	7639.000
1164.960	7842.000
1165.100	7619.000
1165.240	7699.000
1165.380	7552.000
1165.520	7685.000
1165.660	7526.000
1165.800	7698.000
1165.940	7520.000
1166.080	7636.000
1166.220	7569.000
1166.360	7630.000
1166.500	7477.000
1166.640	7703.000
1166.780	7492.000
1166.919	7602.000
1167.059	7444.000
1167.199	7526.000
1167.339	7450.000
1167.479	7545.000
1167.619	7457.000
1167.759	7469.000
1167.898	7437.000
1168.038	7461.000
1168.178	7388.000
1168.318	7492.000
1168.458	7384.000
1168.598	7539.000
1168.737	7380.000
1168.877	7572.000
1169.017	7391.000
1169.157	7442.000
1169.297	7397.000
1169.436	7460.000
1169.576	7375.000
1169.716	7455.000
1169.856	7378.000
1169.995	7441.000
1170.135	7382.000
1170.275	7468.000
1170.414	7448.000
1170.554	7458.000
1170.694	7363.000
1170.834	7425.000
1170.973	7355.000
1171.113	7440.000
1171.253	7325.000
1171.392	7471.000
1171.532	7350.000
1171.672	7496.000
1171.811	7312.000
1171.951	7434.000
1172.091	7361.000
1172.230	7443.000
1172.370	7277.000
1172.509	7495.000
1172.649	7349.000
1172.789	7501.000
1172.928	7363.000
1173.068	7546.000
1173.207	7293.000
1173.347	7511.000
1173.486	7323.000
1173.626	7464.000
1173.766	7319.000
1173.905	7524.000
1174.045	7291.000
1174.184	7530.000
1174.324	7379.000
1174.463	7526.000
1174.603	7280.000
1174.742	7473.000
1174.882	7339.000
1175.021	7540.000
1175.161	7375.000
1175.300	7509.000
1175.440	7436.000
1175.579	7556.000
1175.719	7416.000
1175.858	7489.000
1175.997	7415.000
1176.137	7591.000
1176.276	7387.000
1176.416	7541.000
1176.555	7391.000
1176.695	7580.000
1176.834	7377.000
1176.973	7613.000
1177.113	7415.000
1177.252	7651.000
1177.391	7515.000
1177.531	7580.000
1177.670	7379.000
1177.809	7578.000
1177.949	7438.000
1178.088	7524.000
1178.227	7422.000
1178.367	7613.000
1178.506	7473.000
1178.645	7586.000
1178.785	7493.000
1178.924	7596.000
1179.063	7484.000
1179.203	7581.000
1179.342	7445.000
1179.481	7644.000
1179.620	7455.000
1179.760	7605.000
1179.899	7442.000
1180.038	7588.000
1180.177	7393.000
1180.317	7650.000
1180.456	7549.000
1180.595	7530.000
1180.734	7521.000
1180.873	7720.000
1181.013	7485.000
1181.152	7668.000
1181.291	7533.000
1181.430	7604.000
1181.569	7480.000
1181.708	7579.000
1181.848	7482.000
1181.987	7592.000
1182.126	7534.000
1182.265	7643.000
1182.404	7543.000
1182.543	7651.000
1182.682	7485.000
1182.821	7705.000
1182.960	7583.000
1183.100	7667.000
1183.239	7629.000
1183.378	7695.000
1183.517	7550.000
1183.656	7655.000
1183.795	6745.000
1183.934	7639.000
1184.073	7534.000
1184.212	7608.000
1184.351	7439.000
1184.490	7681.000
1184.629	7483.000
1184.768	7681.000
1184.907	7560.000
1185.046	7661.000
1185.185	7555.000
1185.324	7680.000
1185.463	7525.000
1185.602	7714.000
1185.741	7562.000
1185.880	7680.000
1186.019	7479.000
1186.158	7671.000
1186.296	7439.000
1186.435	7635.000
1186.574	7551.000
1186.713	7615.000
1186.852	7531.000
1186.991	7667.000
1187.130	7487.000
1187.269	7729.000
1187.408	7483.000
1187.546	7752.000
1187.685	7544.000
1187.824	7643.000
1187.963	7602.000
1188.102	7626.000
1188.241	7527.000
1188.379	7614.000
1188.518	7493.000
1188.657	7594.000
1188.796	7539.000
1188.935	7726.000
1189.073	7550.000
1189.212	7738.000
1189.351	7486.000
1189.490	7625.000
1189.629	7484.000
1189.767	7680.000
1189.906	7448.000
1190.045	7651.000
1190.183	7462.000
1190.322	7605.000
1190.461	7471.000
1190.600	7661.000
1190.738	7627.000
1190.877	7680.000
1191.016	7502.000
1191.154	7733.000
1191.293	7473.000
1191.432	7654.000
1191.570	7557.000
1191.709	7709.000
1191.848	7527.000
1191.986	7795.000
1192.125	10484.000
1192.264	7809.000
1192.402	7604.000
1192.541	7706.000
1192.679	7603.000
1192.818	7709.000
1192.957	7539.000
1193.095	7697.000
1193.234	7684.000
1193.372	7794.000
1193.511	7672.000
1193.649	7736.000
1193.788	7606.000
1193.926	7758.000
1194.065	7733.000
1194.204	7824.000
1194.342	7626.000
1194.481	7774.000
1194.619	7586.000
1194.758	7804.000
1194.896	7682.000
1195.035	7843.000
1195.173	7690.000
1195.311	7791.000
1195.450	7674.000
1195.588	7784.000
1195.727	7623.000
1195.865	7725.000
1196.004	7623.000
1196.142	7821.000
1196.281	7629.000
1196.419	7779.000
1196.557	7609.000
1196.696	7818.000
1196.834	7648.000
1196.973	7796.000
1197.111	7606.000
1197.249	7762.000
1197.388	7495.000
1197.526	7735.000
1197.664	7534.000
1197.803	7732.000
1197.941	7530.000
1198.079	7773.000
1198.218	7542.000
1198.356	7697.000
1198.494	7546.000
1198.633	7726.000
1198.771	7468.000
1198.909	7724.000
1199.048	7575.000
1199.186	7605.000
1199.324	7476.000
1199.462	7687.000
1199.601	7482.000
1199.739	7599.000
1199.877	7447.000
1200.015	7584.000
1200.154	7503.000
1200.292	7556.000
1200.430	7502.000
1200.568	7557.000
1200.706	7460.000
1200.845	7637.000
1200.983	7372.000
1201.121	7575.000
1201.259	7316.000
1201.397	7521.000
1201.535	7464.000
1201.674	7567.000
1201.812	7353.000
1201.950	7447.000
1202.088	7354.000
1202.226	7551.000
1202.364	7369.000
1202.502	7525.000
1202.640	7325.000
1202.778	7508.000
1202.917	7293.000
1203.055	7389.000
1203.193	7251.000
1203.331	7429.000
1203.469	7234.000
1203.607	7279.000
1203.745	7264.000
1203.883	7450.000
1204.021	7257.000
1204.159	7302.000
1204.297	7192.000
1204.435	7249.000
1204.573	7202.000
1204.711	7347.000
