1129.938	5565.000
1130.084	5650.000
1130.229	5511.000
1130.375	5712.000
1130.521	5520.000
1130.667	5729.000
1130.813	5504.000
1130.958	5671.000
1131.104	5527.000
1131.250	5692.000
1131.396	5479.000
1131.542	5727.000
1131.687	5549.000
1131.833	5636.000
1131.979	5504.000
1132.124	5755.000
1132.270	5471.000
1132.416	5712.000
1132.561	5485.000
1132.707	5721.000
1132.853	5481.000
1132.998	5621.000
1133.144	5626.000
1133.290	5703.000
1133.435	5556.000
1133.581	5629.000
1133.727	5539.000
1133.872	5637.000
1134.018	5494.000
1134.163	5654.000
1134.309	5530.000
1134.455	5724.000
1134.600	5581.000
1134.746	5669.000
1134.891	5468.000
1135.037	5657.000
1135.182	5578.000
1135.328	5637.000
1135.473	5546.000
1135.619	5710.000
1135.764	5515.000
1135.910	5707.000
1136.055	5482.000
1136.201	5714.000
1136.346	5487.000
1136.492	5668.000
1136.637	5535.000
1136.783	5628.000
1136.928	5499.000
1137.074	5637.000
1137.219	5489.000
1137.364	5615.000
1137.510	5538.000
1137.655	5703.000
1137.801	5468.000
1137.946	5635.000
1138.091	5478.000
1138.237	5636.000
1138.382	5438.000
1138.527	5593.000
1138.673	5496.000
1138.818	5609.000
1138.963	5430.000
1139.109	5564.000
1139.254	5394.000
1139.399	5627.000
1139.544	5485.000
1139.690	5564.000
1139.835	5427.000
1139.980	5595.000
1140.125	5461.000
1140.271	5548.000
1140.416	5440.000
1140.561	5575.000
1140.706	5405.000
1140.851	5553.000
1140.997	5396.000
1141.142	5552.000
1141.287	5426.000
1141.432	5612.000
1141.577	5372.000
1141.723	5555.000
1141.868	5436.000
1142.013	5543.000
1142.158	5366.000
1142.303	5516.000
1142.448	5356.000
1142.593	5500.000
1142.738	5410.000
1142.883	5543.000
1143.028	5384.000
1143.174	5543.000
1143.319	5416.000
1143.464	5526.000
1143.609	5413.000
1143.754	5481.000
1143.899	5329.000
1144.044	5503.000
1144.189	5376.000
1144.334	5542.000
1144.479	5343.000
1144.624	5457.000
1144.769	5337.000
1144.914	5432.000
1145.059	5333.000
1145.204	5545.000
1145.348	5323.000
1145.493	5479.000
1145.638	5353.000
1145.783	5453.000
1145.928	5348.000
1146.073	5492.000
1146.218	5205.000
1146.363	5499.000
1146.508	5303.000
1146.653	5441.000
1146.797	5380.000
1146.942	5508.000
1147.087	5368.000
1147.232	5456.000
1147.377	5328.000
1147.522	5448.000
1147.666	5353.000
1147.811	5539.000
1147.956	5272.000
1148.101	5504.000
1148.245	5248.000
1148.390	5405.000
1148.535	5401.000
1148.680	5496.000
1148.824	5310.000
1148.969	5486.000
1149.114	5327.000
1149.259	5435.000
1149.403	5330.000
1149.548	5433.000
1149.693	5377.000
1149.837	5499.000
1149.982	5304.000
1150.127	5480.000
1150.271	5354.000
1150.416	5505.000
1150.561	5312.000
1150.705	5395.000
1150.850	5328.000
1150.994	5553.000
1151.139	5364.000
1151.284	5447.000
1151.428	5327.000
1151.573	5498.000
1151.717	5345.000
1151.862	5455.000
1152.006	5275.000
1152.151	5459.000
1152.295	5277.000
1152.440	5497.000
1152.584	5363.000
1152.729	5516.000
1152.873	5302.000
1153.018	5483.000
1153.162	5330.000
1153.307	5430.000
1153.451	5277.000
1153.596	5475.000
1153.740	5257.000
1153.885	5455.000
1154.029	5323.000
1154.174	5445.000
1154.318	5323.000
1154.462	5490.000
1154.607	5239.000
1154.751	5476.000
1154.896	5289.000
1155.040	5403.000
1155.184	5345.000
1155.329	5476.000
1155.473	5242.000
1155.617	5472.000
1155.762	5174.000
1155.906	5395.000
1156.050	5263.000
1156.194	5478.000
1156.339	5285.000
1156.483	5460.000
1156.627	5203.000
1156.772	5361.000
1156.916	5268.000
1157.060	5400.000
1157.204	5307.000
1157.349	5466.000
1157.493	5247.000
1157.637	5405.000
1157.781	5227.000
1157.925	5432.000
1158.070	5250.000
1158.214	5475.000
1158.358	5223.000
1158.502	5389.000
1158.646	5159.000
1158.790	5442.000
1158.935	5339.000
1159.079	5378.000
1159.223	5284.000
1159.367	5406.000
1159.511	5189.000
1159.655	5377.000
1159.799	5261.000
1159.943	5456.000
1160.087	5197.000
1160.231	5433.000
1160.375	5203.000
1160.519	5390.000
1160.664	5201.000
1160.808	5464.000
1160.952	5251.000
1161.096	5380.000
1161.240	5174.000
1161.384	5367.000
1161.528	5154.000
1161.672	5378.000
1161.815	5257.000
1161.959	5424.000
1162.103	5222.000
1162.247	5399.000
1162.391	5125.000
1162.535	5425.000
1162.679	5176.000
1162.823	5393.000
1162.967	5221.000
1163.111	5480.000
1163.255	5237.000
1163.399	5371.000
1163.542	5189.000
1163.686	5436.000
1163.830	5215.000
1163.974	5374.000
1164.118	5227.000
1164.262	5427.000
1164.405	5152.000
1164.549	5327.000
1164.693	5213.000
1164.837	5379.000
1164.981	5229.000
1165.124	5369.000
1165.268	5153.000
1165.412	5433.000
1165.556	5231.000
1165.699	5396.000
1165.843	5301.000
1165.987	5461.000
1166.131	5278.000
1166.274	5352.000
1166.418	5210.000
1166.562	5359.000
1166.705	5159.000
1166.849	5434.000
1166.993	5356.000
1167.136	5444.000
1167.280	5188.000
1167.424	5453.000
1167.567	5322.000
1167.711	5371.000
1167.854	5220.000
1167.998	5433.000
1168.142	5242.000
1168.285	5385.000
1168.429	5232.000
1168.572	5435.000
1168.716	5235.000
1168.859	5383.000
1169.003	5257.000
1169.147	5405.000
1169.290	5232.000
1169.434	5377.000
1169.577	5266.000
1169.721	5416.000
1169.864	5232.000
1170.008	5496.000
1170.151	5268.000
1170.294	5387.000
1170.438	5283.000
1170.581	5430.000
1170.725	5194.000
1170.868	5411.000
1171.012	5334.000
1171.155	5438.000
1171.298	5249.000
1171.442	5413.000
1171.585	5235.000
1171.729	5405.000
1171.872	5256.000
1172.015	5376.000
1172.159	5277.000
1172.302	5407.000
1172.445	5256.000
1172.589	5385.000
1172.732	5110.000
1172.875	5462.000
1173.019	5209.000
1173.162	5369.000
1173.305	5218.000
1173.449	5438.000
1173.592	5206.000
1173.735	5364.000
1173.878	5309.000
1174.022	5314.000
1174.165	5179.000
1174.308	5411.000
1174.451	5226.000
1174.594	5382.000
1174.738	5186.000
1174.881	5453.000
1175.024	5318.000
1175.167	5399.000
1175.310	5183.000
1175.454	5397.000
1175.597	5251.000
1175.740	5420.000
1175.883	5162.000
1176.026	5397.000
1176.169	5183.000
1176.312	5299.000
1176.455	5270.000
1176.598	5379.000
1176.742	5196.000
1176.885	5477.000
1177.028	5205.000
1177.171	5289.000
1177.314	5228.000
1177.457	5435.000
1177.600	5254.000
1177.743	5320.000
1177.886	5128.000
1178.029	5419.000
1178.172	5180.000
1178.315	5369.000
1178.458	5173.000
1178.601	5403.000
1178.744	5211.000
1178.887	5369.000
1179.030	5263.000
1179.173	5398.000
1179.316	5195.000
1179.458	5440.000
1179.601	5158.000
1179.744	5317.000
1179.887	5236.000
1180.030	5369.000
1180.173	5111.000
1180.316	5416.000
1180.459	5123.000
1180.602	5306.000
1180.744	5186.000
1180.887	5392.000
1181.030	5195.000
1181.173	5366.000
1181.316	5213.000
1181.458	5289.000
1181.601	5137.000
1181.744	5358.000
1181.887	5282.000
1182.030	5289.000
1182.172	5199.000
1182.315	5307.000
1182.458	5207.000
1182.601	5354.000
1182.743	5160.000
1182.886	5290.000
1183.029	5191.000
1183.171	5315.000
1183.314	5166.000
1183.457	5331.000
1183.599	5098.000
1183.742	5388.000
1183.885	5113.000
1184.027	5332.000
1184.170	5161.000
1184.313	5396.000
1184.455	5177.000
1184.598	5429.000
1184.741	5100.000
1184.883	5446.000
1185.026	5168.000
1185.168	5367.000
1185.311	5185.000
1185.453	5357.000
1185.596	5207.000
1185.739	5303.000
1185.881	5173.000
1186.024	5378.000
1186.166	5142.000
1186.309	5351.000
1186.451	5168.000
1186.594	5389.000
1186.736	5252.000
1186.879	5378.000
1187.021	5211.000
1187.164	5319.000
1187.306	5140.000
1187.448	5398.000
1187.591	4962.000
1187.733	5374.000
1187.876	5219.000
1188.018	5357.000
1188.160	5269.000
1188.303	5310.000
1188.445	5092.000
1188.588	5284.000
1188.730	5207.000
1188.872	5434.000
1189.015	5168.000
1189.157	5345.000
1189.299	5127.000
1189.442	5380.000
1189.584	5178.000
1189.726	5335.000
1189.869	5104.000
1190.011	5364.000
1190.153	5219.000
1190.295	5342.000
1190.438	5153.000
1190.580	5394.000
1190.722	5151.000
1190.864	5402.000
1191.007	5241.000
1191.149	5311.000
1191.291	5082.000
1191.433	5335.000
1191.576	5182.000
1191.718	5467.000
1191.860	5154.000
1192.002	5399.000
1192.144	5196.000
1192.286	5364.000
1192.429	5168.000
1192.571	5387.000
1192.713	5185.000
1192.855	5353.000
1192.997	5202.000
1193.139	5337.000
1193.281	5193.000
1193.423	5426.000
1193.565	5244.000
1193.707	5390.000
1193.850	5195.000
1193.992	5293.000
1194.134	5148.000
1194.276	5405.000
1194.418	5152.000
1194.560	5312.000
1194.702	5148.000
1194.844	5302.000
1194.986	5173.000
1195.128	5352.000
1195.270	5204.000
1195.412	5409.000
1195.554	5181.000
1195.696	5407.000
1195.837	5223.000
1195.979	5332.000
1196.121	5161.000
1196.263	5375.000
1196.405	5266.000
1196.547	5351.000
1196.689	5149.000
1196.831	5399.000
1196.973	5172.000
1197.115	5331.000
1197.256	5162.000
1197.398	5349.000
1197.540	5206.000
1197.682	5355.000
1197.824	5165.000
1197.966	5344.000
1198.107	5158.000
1198.249	5324.000
1198.391	5245.000
1198.533	5359.000
1198.675	5136.000
1198.816	5339.000
1198.958	5098.000
1199.100	5391.000
1199.242	5264.000
1199.383	5304.000
1199.525	5144.000
1199.667	5290.000
1199.808	5201.000
1199.950	5372.000
1200.092	5233.000
1200.233	5419.000
1200.375	5149.000
1200.517	5383.000
1200.658	5189.000
1200.800	5381.000
1200.942	5182.000
1201.083	5397.000
1201.225	5239.000
1201.367	5427.000
1201.508	5190.000
1201.650	5234.000
1201.791	5141.000
1201.933	5385.000
1202.074	5087.000
1202.216	5322.000
1202.358	5166.000
1202.499	5339.000
1202.641	5188.000
1202.782	5314.000
1202.924	5201.000
1203.065	5375.000
1203.207	5066.000
1203.348	5377.000
1203.490	5185.000
1203.631	5338.000
1203.773	5188.000
1203.914	5370.000
1204.056	5157.000
1204.197	5343.000
1204.338	5138.000
1204.480	5306.000
1204.621	5179.000
1204.763	5340.000
1204.904	5116.000
1205.045	5345.000
1205.187	5280.000
1205.328	5353.000
1205.470	5178.000
1205.611	5371.000
1205.752	5124.000
1205.894	5349.000
1206.035	5131.000
1206.176	5368.000
1206.318	5109.000
1206.459	5441.000
1206.600	5187.000
1206.741	5407.000
1206.883	5159.000
1207.024	5374.000
1207.165	5212.000
1207.306	5399.000
1207.448	5116.000
1207.589	5316.000
1207.730	5148.000
1207.871	5365.000
1208.013	5217.000
1208.154	5345.000
1208.295	5072.000
1208.436	5357.000
1208.577	5161.000
1208.719	5301.000
1208.860	5174.000
1209.001	5346.000
1209.142	5120.000
1209.283	5321.000
1209.424	5090.000
1209.565	5361.000
1209.706	5169.000
1209.848	5426.000
1209.989	5144.000
1210.130	5321.000
1210.271	5148.000
1210.412	5288.000
1210.553	5183.000
1210.694	5415.000
1210.835	5097.000
1210.976	5369.000
1211.117	5068.000
1211.258	5328.000
1211.399	5174.000
1211.540	5324.000
1211.681	5108.000
1211.822	5319.000
1211.963	5253.000
1212.104	5279.000
1212.245	5154.000
1212.386	5374.000
1212.527	5144.000
1212.668	5371.000
1212.809	5094.000
1212.950	5398.000
1213.090	5140.000
1213.231	5252.000
1213.372	5124.000
1213.513	5313.000
1213.654	5157.000
1213.795	5280.000
1213.936	5056.000
1214.077	5318.000
1214.217	5217.000
1214.358	5357.000
1214.499	5166.000
1214.640	5371.000
1214.781	5132.000
1214.921	5352.000
1215.062	5106.000
1215.203	5314.000
1215.344	5037.000
1215.485	5277.000
1215.625	5180.000
1215.766	5358.000
1215.907	5110.000
1216.047	5324.000
1216.188	5087.000
1216.329	5300.000
1216.470	5046.000
1216.610	5293.000
1216.751	5090.000
1216.892	5202.000
1217.032	5015.000
1217.173	5225.000
1217.314	5173.000
1217.454	5249.000
1217.595	5098.000
1217.735	5255.000
1217.876	5130.000
1218.017	5297.000
1218.157	5090.000
1218.298	5279.000
1218.438	5072.000
1218.579	5242.000
1218.720	5051.000
1218.860	5313.000
1219.001	5113.000
1219.141	5237.000
1219.282	5084.000
1219.422	5248.000
1219.563	5020.000
1219.703	5207.000
1219.844	5049.000
1219.984	5285.000
1220.125	5134.000
1220.265	5261.000
1220.406	5053.000
1220.546	5276.000
1220.687	5084.000
1220.827	5196.000
1220.967	5028.000
1221.108	5237.000
1221.248	5008.000
1221.389	5216.000
1221.529	5066.000
1221.669	5247.000
1221.810	5078.000
1221.950	5200.000
1222.091	5022.000
1222.231	5249.000
1222.371	5063.000
1222.512	5221.000
1222.652	5113.000
1222.792	5243.000
1222.933	4987.000
1223.073	5217.000
1223.213	5114.000
1223.353	5330.000
1223.494	5070.000
1223.634	5211.000
1223.774	5094.000
1223.914	5182.000
1224.055	5025.000
1224.195	5246.000
1224.335	5058.000
1224.475	5209.000
1224.616	5027.000
1224.756	5213.000
1224.896	5030.000
1225.036	5288.000
1225.176	5087.000
1225.316	5289.000
1225.457	5009.000
1225.597	5259.000
1225.737	5028.000
1225.877	5274.000
1226.017	5068.000
1226.157	5320.000
1226.297	5024.000
1226.437	5223.000
1226.578	5045.000
1226.718	5211.000
1226.858	5024.000
1226.998	5296.000
1227.138	5059.000
1227.278	5190.000
1227.418	5084.000
1227.558	5191.000
1227.698	5078.000
1227.838	5252.000
1227.978	5099.000
1228.118	5210.000
1228.258	5093.000
1228.398	5247.000
1228.538	5097.000
1228.678	5201.000
1228.818	5104.000
1228.958	5227.000
1229.098	5098.000
1229.238	5302.000
1229.377	5065.000
1229.517	5253.000
1229.657	5131.000
1229.797	5286.000
1229.937	5093.000
1230.077	5352.000
1230.217	5110.000
1230.357	5311.000
1230.496	5127.000
1230.636	5314.000
1230.776	5139.000
1230.916	5277.000
1231.056	5116.000
1231.196	5313.000
1231.335	5124.000
1231.475	5228.000
1231.615	5176.000
1231.755	5291.000
1231.894	5117.000
1232.034	5234.000
1232.174	5076.000
1232.314	5377.000
1232.453	5093.000
1232.593	5253.000
1232.733	5125.000
1232.873	5369.000
1233.012	5511.000
1233.152	5279.000
1233.292	5108.000
1233.431	5277.000
1233.571	5064.000
1233.711	5353.000
1233.850	5073.000
1233.990	5329.000
1234.129	5094.000
1234.269	5226.000
1234.409	5148.000
1234.548	5247.000
1234.688	5146.000
1234.828	5267.000
1234.967	5120.000
1235.107	5348.000
1235.246	5080.000
1235.386	5220.000
1235.525	5069.000
1235.665	5221.000
1235.804	5073.000
1235.944	5251.000
1236.083	5101.000
1236.223	5227.000
1236.362	5162.000
1236.502	5234.000
1236.641	5054.000
1236.781	5345.000
1236.920	5116.000
1237.060	5234.000
1237.199	5107.000
1237.339	5221.000
1237.478	5116.000
1237.617	5227.000
1237.757	5114.000
1237.896	5145.000
1238.036	5102.000
1238.175	5170.000
1238.314	5084.000
1238.454	5245.000
1238.593	5072.000
1238.732	5263.000
1238.872	5116.000
1239.011	5285.000
1239.150	5096.000
1239.290	5230.000
1239.429	5105.000
1239.568	5217.000
1239.708	5109.000
1239.847	5248.000
1239.986	5110.000
1240.125	5226.000
1240.265	5142.000
1240.404	5259.000
1240.543	5177.000
1240.682	5244.000
1240.822	5096.000
1240.961	5194.000
1241.100	5091.000
1241.239	5196.000
1241.378	5057.000
1241.518	5315.000
1241.657	5105.000
1241.796	5269.000
1241.935	5091.000
1242.074	5231.000
1242.213	5097.000
1242.352	5228.000
1242.492	5030.000
1242.631	5283.000
1242.770	5074.000
1242.909	5311.000
1243.048	5140.000
1243.187	5330.000
1243.326	5088.000
1243.465	5302.000
1243.604	5112.000
1243.743	5253.000
1243.882	5078.000
1244.021	5305.000
1244.160	5051.000
1244.299	5308.000
1244.438	5105.000
1244.577	5345.000
1244.716	5087.000
1244.855	5293.000
1244.994	5116.000
1245.133	5303.000
1245.272	5151.000
1245.411	5308.000
1245.550	5198.000
1245.689	5369.000
1245.828	5184.000
1245.967	5302.000
1246.106	5156.000
1246.244	5379.000
1246.383	5143.000
1246.522	5326.000
1246.661	5157.000
1246.800	5394.000
1246.939	5115.000
1247.078	5336.000
1247.216	5152.000
1247.355	5414.000
1247.494	5221.000
1247.633	5349.000
1247.772	5111.000
1247.910	5309.000
1248.049	5153.000
1248.188	5295.000
1248.327	5192.000
1248.465	5365.000
1248.604	5190.000
1248.743	5327.000
1248.882	5184.000
1249.020	5359.000
1249.159	5217.000
1249.298	5341.000
1249.436	5160.000
1249.575	5385.000
1249.714	5149.000
1249.852	5339.000
1249.991	5153.000
1250.130	5344.000
1250.268	5093.000
1250.407	5368.000
1250.546	5193.000
1250.684	5272.000
1250.823	5212.000
1250.961	5428.000
1251.100	5147.000
1251.239	5357.000
1251.377	5191.000
1251.516	5300.000
1251.654	5112.000
1251.793	5298.000
1251.931	5139.000
1252.070	5282.000
1252.208	5176.000
1252.347	5306.000
1252.485	5163.000
1252.624	5299.000
1252.762	5116.000
1252.901	5383.000
1253.039	5264.000
1253.178	5312.000
1253.316	5272.000
1253.455	5357.000
1253.593	5204.000
1253.732	5348.000
1253.870	4455.000
1254.008	5316.000
1254.147	5162.000
1254.285	5272.000
1254.424	5060.000
1254.562	5307.000
1254.700	5132.000
1254.839	5325.000
1254.977	5224.000
1255.115	5324.000
1255.254	5185.000
1255.392	5294.000
1255.530	5147.000
1255.669	5369.000
1255.807	5195.000
1255.945	5332.000
1256.084	5083.000
1256.222	5345.000
1256.360	5107.000
1256.498	5278.000
1256.637	5163.000
1256.775	5287.000
1256.913	5131.000
1257.051	5339.000
1257.189	5092.000
1257.328	5336.000
1257.466	5063.000
1257.604	5414.000
1257.742	5154.000
1257.880	5253.000
1258.019	5166.000
1258.157	5234.000
1258.295	5110.000
1258.433	5224.000
1258.571	5061.000
1258.709	5173.000
1258.847	5079.000
1258.986	5319.000
1259.124	5121.000
1259.262	5277.000
1259.400	5088.000
1259.538	5212.000
1259.676	5039.000
1259.814	5227.000
1259.952	4983.000
1260.090	5227.000
1260.228	5007.000
1260.366	5188.000
1260.504	5007.000
1260.642	5209.000
1260.780	5150.000
1260.918	5232.000
1261.056	5036.000
1261.194	5318.000
1261.332	5019.000
1261.470	5207.000
1261.608	5086.000
1261.746	5255.000
1261.884	5064.000
1262.022	5333.000
1262.160	7880.000
1262.297	5321.000
1262.435	5089.000
1262.573	5245.000
1262.711	5113.000
1262.849	5228.000
1262.987	4991.000
1263.125	5227.000
1263.262	5181.000
1263.400	5341.000
1263.538	5165.000
1263.676	5286.000
1263.814	5105.000
1263.952	5266.000
1264.089	5178.000
1264.227	5357.000
1264.365	5106.000
1264.503	5271.000
1264.640	5113.000
1264.778	5327.000
1264.916	5163.000
1265.054	5366.000
1265.191	5170.000
1265.329	5335.000
1265.467	5157.000
1265.604	5303.000
1265.742	5119.000
1265.880	5276.000
1266.017	5114.000
1266.155	5355.000
1266.293	5148.000
1266.430	5308.000
1266.568	5101.000
1266.706	5374.000
1266.843	5131.000
1266.981	5342.000
1267.119	5133.000
1267.256	5315.000
1267.394	5034.000
1267.531	5312.000
1267.669	5078.000
1267.806	5329.000
1267.944	5076.000
1268.081	5331.000
1268.219	5169.000
1268.357	5307.000
1268.494	5117.000
1268.632	5366.000
1268.769	5067.000
1268.907	5318.000
1269.044	5187.000
1269.182	5253.000
1269.319	5114.000
1269.456	5326.000
1269.594	5143.000
1269.731	5307.000
1269.869	5121.000
1270.006	5294.000
1270.144	5150.000
1270.281	5271.000
1270.418	5183.000
1270.556	5307.000
1270.693	5189.000
1270.831	5395.000
1270.968	5086.000
1271.105	5348.000
1271.243	5086.000
1271.380	5313.000
1271.517	5207.000
1271.655	5411.000
1271.792	5159.000
1271.929	5320.000
1272.066	5213.000
1272.204	5363.000
1272.341	5183.000
1272.478	5393.000
1272.616	5180.000
1272.753	5407.000
1272.890	5195.000
1273.027	5304.000
1273.165	5176.000
1273.302	5360.000
1273.439	5190.000
1273.576	5238.000
1273.713	5220.000
1273.851	5412.000
1273.988	5250.000
1274.125	5331.000
1274.262	5179.000
1274.399	5292.000
1274.536	5241.000
1274.673	5414.000
