1129.938	22703.000
1130.084	20259.000
1130.229	22230.000
1130.375	19969.000
1130.521	21785.000
1130.667	19651.000
1130.813	21305.000
1130.958	19258.000
1131.104	21034.000
1131.250	19106.000
1131.396	20721.000
1131.542	18973.000
1131.687	20629.000
1131.833	18687.000
1131.979	20370.000
1132.124	18822.000
1132.270	20507.000
1132.416	18842.000
1132.561	20576.000
1132.707	19031.000
1132.853	20810.000
1132.998	19204.000
1133.144	21243.000
1133.290	19742.000
1133.435	22295.000
1133.581	21068.000
1133.727	23590.000
1133.872	21798.000
1134.018	23928.000
1134.163	21800.000
1134.309	23416.000
1134.455	21058.000
1134.600	22413.000
1134.746	20287.000
1134.891	21887.000
1135.037	20043.000
1135.182	21549.000
1135.328	19566.000
1135.473	20914.000
1135.619	19116.000
1135.764	20384.000
1135.910	18661.000
1136.055	19747.000
1136.201	18214.000
1136.346	19288.000
1136.492	17708.000
1136.637	18885.000
1136.783	17258.000
1136.928	18278.000
1137.074	16771.000
1137.219	17642.000
1137.364	16351.000
1137.510	17376.000
1137.655	16082.000
1137.801	16890.000
1137.946	15683.000
1138.091	16384.000
1138.237	15229.000
1138.382	15911.000
1138.527	14778.000
1138.673	15542.000
1138.818	14425.000
1138.963	15082.000
1139.109	14091.000
1139.254	14674.000
1139.399	13714.000
1139.544	14209.000
1139.690	13283.000
1139.835	13856.000
1139.980	13047.000
1140.125	13532.000
1140.271	12748.000
1140.416	13183.000
1140.561	12498.000
1140.706	12849.000
1140.851	12135.000
1140.997	12503.000
1141.142	11847.000
1141.287	12249.000
1141.432	11746.000
1141.577	11985.000
1141.723	11442.000
1141.868	11745.000
1142.013	11216.000
1142.158	11491.000
1142.303	10994.000
1142.448	11222.000
1142.593	10754.000
1142.738	11010.000
1142.883	10492.000
1143.028	10611.000
1143.174	10258.000
1143.319	10420.000
1143.464	10098.000
1143.609	10266.000
1143.754	9798.000
1143.899	9930.000
1144.044	9632.000
1144.189	9734.000
1144.334	9408.000
1144.479	9447.000
1144.624	9169.000
1144.769	9209.000
1144.914	8944.000
1145.059	9086.000
1145.204	8863.000
1145.348	8802.000
1145.493	8598.000
1145.638	8580.000
1145.783	8435.000
1145.928	8493.000
1146.073	8350.000
1146.218	8185.000
1146.363	8221.000
1146.508	8187.000
1146.653	8012.000
1146.797	8096.000
1146.942	8030.000
1147.087	8012.000
1147.232	7882.000
1147.377	7866.000
1147.522	7783.000
1147.666	7745.000
1147.811	7763.000
1147.956	7650.000
1148.101	7671.000
1148.245	7527.000
1148.390	7497.000
1148.535	7582.000
1148.680	7523.000
1148.824	7447.000
1148.969	7420.000
1149.114	7419.000
1149.259	7383.000
1149.403	7337.000
1149.548	7348.000
1149.693	7341.000
1149.837	7325.000
1149.982	7201.000
1150.127	7277.000
1150.271	7191.000
1150.416	7221.000
1150.561	7135.000
1150.705	7092.000
1150.850	7078.000
1150.994	7128.000
1151.139	7060.000
1151.284	6984.000
1151.428	6935.000
1151.573	6996.000
1151.717	6879.000
1151.862	6903.000
1152.006	6802.000
1152.151	6852.000
1152.295	6775.000
1152.440	6875.000
1152.584	6792.000
1152.729	6867.000
1152.873	6702.000
1153.018	6823.000
1153.162	6684.000
1153.307	6729.000
1153.451	6698.000
1153.596	6758.000
1153.740	6599.000
1153.885	6728.000
1154.029	6643.000
1154.174	6727.000
1154.318	6640.000
1154.462	6730.000
1154.607	6544.000
1154.751	6684.000
1154.896	6564.000
1155.040	6598.000
1155.184	6563.000
1155.329	6649.000
1155.473	6493.000
1155.617	6683.000
1155.762	6433.000
1155.906	6547.000
1156.050	6516.000
1156.194	6667.000
1156.339	6493.000
1156.483	6630.000
1156.627	6404.000
1156.772	6516.000
1156.916	6489.000
1157.060	6561.000
1157.204	6494.000
1157.349	6606.000
1157.493	6462.000
1157.637	6545.000
1157.781	6404.000
1157.925	6589.000
1158.070	6455.000
1158.214	6621.000
1158.358	6404.000
1158.502	6526.000
1158.646	6351.000
1158.790	6613.000
1158.935	6541.000
1159.079	6563.000
1159.223	6492.000
1159.367	6529.000
1159.511	6403.000
1159.655	6562.000
1159.799	6445.000
1159.943	6621.000
1160.087	6377.000
1160.231	6573.000
1160.375	6417.000
1160.519	6570.000
1160.664	6383.000
1160.808	6610.000
1160.952	6447.000
1161.096	6538.000
1161.240	6405.000
1161.384	6542.000
1161.528	6375.000
1161.672	6550.000
1161.815	6425.000
1161.959	6585.000
1162.103	6440.000
1162.247	6582.000
1162.391	6308.000
1162.535	6559.000
1162.679	6343.000
1162.823	6542.000
1162.967	6366.000
1163.111	6584.000
1163.255	6406.000
1163.399	6534.000
1163.542	6355.000
1163.686	6543.000
1163.830	6362.000
1163.974	6495.000
1164.118	6374.000
1164.262	6544.000
1164.405	6322.000
1164.549	6468.000
1164.693	6339.000
1164.837	6497.000
1164.981	6335.000
1165.124	6498.000
1165.268	6311.000
1165.412	6527.000
1165.556	6345.000
1165.699	6522.000
1165.843	6394.000
1165.987	6545.000
1166.131	6366.000
1166.274	6450.000
1166.418	6338.000
1166.562	6473.000
1166.705	6291.000
1166.849	6496.000
1166.993	6422.000
1167.136	6547.000
1167.280	6333.000
1167.424	6554.000
1167.567	6424.000
1167.711	6464.000
1167.854	6293.000
1167.998	6512.000
1168.142	6352.000
1168.285	6525.000
1168.429	6365.000
1168.572	6550.000
1168.716	6368.000
1168.859	6508.000
1169.003	6403.000
1169.147	6542.000
1169.290	6406.000
1169.434	6519.000
1169.577	6393.000
1169.721	6547.000
1169.864	6386.000
1170.008	6609.000
1170.151	6379.000
1170.294	6458.000
1170.438	6352.000
1170.581	6508.000
1170.725	6269.000
1170.868	6468.000
1171.012	6365.000
1171.155	6471.000
1171.298	6278.000
1171.442	6392.000
1171.585	6242.000
1171.729	6401.000
1171.872	6246.000
1172.015	6413.000
1172.159	6278.000
1172.302	6411.000
1172.445	6244.000
1172.589	6382.000
1172.732	6103.000
1172.875	6455.000
1173.019	6238.000
1173.162	6346.000
1173.305	6193.000
1173.449	6408.000
1173.592	6190.000
1173.735	6344.000
1173.878	6282.000
1174.022	6289.000
1174.165	6125.000
1174.308	6375.000
1174.451	6192.000
1174.594	6337.000
1174.738	6131.000
1174.881	6407.000
1175.024	6255.000
1175.167	6336.000
1175.310	6171.000
1175.454	6370.000
1175.597	6228.000
1175.740	6351.000
1175.883	6137.000
1176.026	6429.000
1176.169	6165.000
1176.312	6301.000
1176.455	6241.000
1176.598	6336.000
1176.742	6227.000
1176.885	6435.000
1177.028	6157.000
1177.171	6258.000
1177.314	6199.000
1177.457	6404.000
1177.600	6269.000
1177.743	6348.000
1177.886	6172.000
1178.029	6443.000
1178.172	6206.000
1178.315	6356.000
1178.458	6217.000
1178.601	6415.000
1178.744	6258.000
1178.887	6388.000
1179.030	6302.000
1179.173	6446.000
1179.316	6266.000
1179.458	6474.000
1179.601	6266.000
1179.744	6391.000
1179.887	6344.000
1180.030	6450.000
1180.173	6199.000
1180.316	6486.000
1180.459	6209.000
1180.602	6402.000
1180.744	6288.000
1180.887	6482.000
1181.030	6283.000
1181.173	6493.000
1181.316	6316.000
1181.458	6384.000
1181.601	6276.000
1181.744	6473.000
1181.887	6399.000
1182.030	6434.000
1182.172	6340.000
1182.315	6459.000
1182.458	6374.000
1182.601	6486.000
1182.743	6339.000
1182.886	6476.000
1183.029	6367.000
1183.171	6519.000
1183.314	6361.000
1183.457	6560.000
1183.599	6297.000
1183.742	6567.000
1183.885	6318.000
1184.027	6545.000
1184.170	6371.000
1184.313	6596.000
1184.455	6393.000
1184.598	6668.000
1184.741	6380.000
1184.883	6705.000
1185.026	6425.000
1185.168	6629.000
1185.311	6469.000
1185.453	6622.000
1185.596	6475.000
1185.739	6577.000
1185.881	6438.000
1186.024	6672.000
1186.166	6459.000
1186.309	6629.000
1186.451	6508.000
1186.594	6676.000
1186.736	6594.000
1186.879	6680.000
1187.021	6571.000
1187.164	6701.000
1187.306	6465.000
1187.448	6755.000
1187.591	6411.000
1187.733	6740.000
1187.876	6565.000
1188.018	6744.000
1188.160	6641.000
1188.303	6659.000
1188.445	6476.000
1188.588	6678.000
1188.730	6614.000
1188.872	6809.000
1189.015	6573.000
1189.157	6749.000
1189.299	6542.000
1189.442	6763.000
1189.584	6608.000
1189.726	6756.000
1189.869	6546.000
1190.011	6804.000
1190.153	6680.000
1190.295	6780.000
1190.438	6592.000
1190.580	6809.000
1190.722	6587.000
1190.864	6820.000
1191.007	6705.000
1191.149	6771.000
1191.291	6559.000
1191.433	6824.000
1191.576	6668.000
1191.718	6931.000
1191.860	6639.000
1192.002	6902.000
1192.144	6686.000
1192.286	6837.000
1192.429	6690.000
1192.571	6878.000
1192.713	6673.000
1192.855	6865.000
1192.997	6712.000
1193.139	6872.000
1193.281	6706.000
1193.423	6903.000
1193.565	6742.000
1193.707	6940.000
1193.850	6704.000
1193.992	6851.000
1194.134	6671.000
1194.276	6946.000
1194.418	6686.000
1194.560	6847.000
1194.702	6704.000
1194.844	6877.000
1194.986	6712.000
1195.128	6867.000
1195.270	6748.000
1195.412	6849.000
1195.554	6717.000
1195.696	6934.000
1195.837	6759.000
1195.979	6856.000
1196.121	6717.000
1196.263	6909.000
1196.405	6733.000
1196.547	6850.000
1196.689	6648.000
1196.831	6903.000
1196.973	6710.000
1197.115	6805.000
1197.256	6654.000
1197.398	6817.000
1197.540	6667.000
1197.682	6820.000
1197.824	6632.000
1197.966	6808.000
1198.107	6592.000
1198.249	6731.000
1198.391	6697.000
1198.533	6751.000
1198.675	6566.000
1198.816	6754.000
1198.958	6468.000
1199.100	6803.000
1199.242	6603.000
1199.383	6681.000
1199.525	6553.000
1199.667	6631.000
1199.808	6559.000
1199.950	6670.000
1200.092	6553.000
1200.233	6694.000
1200.375	6476.000
1200.517	6672.000
1200.658	6459.000
1200.800	6649.000
1200.942	6434.000
1201.083	6635.000
1201.225	6445.000
1201.367	6585.000
1201.508	6398.000
1201.650	6436.000
1201.791	6266.000
1201.933	6490.000
1202.074	6216.000
1202.216	6404.000
1202.358	6235.000
1202.499	6367.000
1202.641	6207.000
1202.782	6357.000
1202.924	6149.000
1203.065	6374.000
1203.207	6004.000
1203.348	6339.000
1203.490	6111.000
1203.631	6238.000
1203.773	6128.000
1203.914	6250.000
1204.056	6046.000
1204.197	6204.000
1204.338	6001.000
1204.480	6165.000
1204.621	6004.000
1204.763	6165.000
1204.904	5918.000
1205.045	6130.000
1205.187	6107.000
1205.328	6181.000
1205.470	5959.000
1205.611	6151.000
1205.752	5909.000
1205.894	6103.000
1206.035	5879.000
1206.176	6115.000
1206.318	5874.000
1206.459	6216.000
1206.600	5931.000
1206.741	6129.000
1206.883	5908.000
1207.024	6123.000
1207.165	5904.000
1207.306	6100.000
1207.448	5800.000
1207.589	6005.000
1207.730	5815.000
1207.871	6032.000
1208.013	5834.000
1208.154	5992.000
1208.295	5708.000
1208.436	5936.000
1208.577	5790.000
1208.719	5891.000
1208.860	5713.000
1209.001	5898.000
1209.142	5636.000
1209.283	5889.000
1209.424	5604.000
1209.565	5869.000
1209.706	5678.000
1209.848	5907.000
1209.989	5644.000
1210.130	5775.000
1210.271	5572.000
1210.412	5695.000
1210.553	5614.000
1210.694	5818.000
1210.835	5541.000
1210.976	5771.000
1211.117	5438.000
1211.258	5688.000
1211.399	5504.000
1211.540	5703.000
1211.681	5468.000
1211.822	5663.000
1211.963	5568.000
1212.104	5598.000
1212.245	5442.000
1212.386	5659.000
1212.527	5415.000
1212.668	5623.000
1212.809	5367.000
1212.950	5669.000
1213.090	5419.000
1213.231	5513.000
1213.372	5382.000
1213.513	5572.000
1213.654	5340.000
1213.795	5459.000
1213.936	5257.000
1214.077	5514.000
1214.217	5400.000
1214.358	5519.000
1214.499	5357.000
1214.640	5568.000
1214.781	5289.000
1214.921	5485.000
1215.062	5247.000
1215.203	5468.000
1215.344	5195.000
1215.485	5437.000
1215.625	5317.000
1215.766	5467.000
1215.907	5230.000
1216.047	5426.000
1216.188	5190.000
1216.329	5435.000
1216.470	5137.000
1216.610	5408.000
1216.751	5194.000
1216.892	5321.000
1217.032	5125.000
1217.173	5337.000
1217.314	5274.000
1217.454	5330.000
1217.595	5138.000
1217.735	5361.000
1217.876	5155.000
1218.017	5361.000
1218.157	5128.000
1218.298	5338.000
1218.438	5128.000
1218.579	5294.000
1218.720	5117.000
1218.860	5343.000
1219.001	5139.000
1219.141	5291.000
1219.282	5099.000
1219.422	5267.000
1219.563	5079.000
1219.703	5219.000
1219.844	5071.000
1219.984	5324.000
1220.125	5157.000
1220.265	5236.000
1220.406	5078.000
1220.546	5280.000
1220.687	5064.000
1220.827	5226.000
1220.967	5037.000
1221.108	5223.000
1221.248	4993.000
1221.389	5226.000
1221.529	5055.000
1221.669	5233.000
1221.810	5033.000
1221.950	5182.000
1222.091	5034.000
1222.231	5265.000
1222.371	5068.000
1222.512	5203.000
1222.652	5078.000
1222.792	5219.000
1222.933	4955.000
1223.073	5201.000
1223.213	5119.000
1223.353	5297.000
1223.494	5035.000
1223.634	5191.000
1223.774	5074.000
1223.914	5187.000
1224.055	4956.000
1224.195	5215.000
1224.335	5033.000
1224.475	5199.000
1224.616	5000.000
1224.756	5206.000
1224.896	4982.000
1225.036	5243.000
1225.176	5036.000
1225.316	5251.000
1225.457	4940.000
1225.597	5231.000
1225.737	5011.000
1225.877	5200.000
1226.017	5013.000
1226.157	5282.000
1226.297	5011.000
1226.437	5194.000
1226.578	5037.000
1226.718	5186.000
1226.858	4993.000
1226.998	5252.000
1227.138	5008.000
1227.278	5181.000
1227.418	5041.000
1227.558	5170.000
1227.698	5023.000
1227.838	5232.000
1227.978	5037.000
1228.118	5160.000
1228.258	4983.000
1228.398	5203.000
1228.538	5041.000
1228.678	5161.000
1228.818	5017.000
1228.958	5203.000
1229.098	5032.000
1229.238	5266.000
1229.377	4990.000
1229.517	5184.000
1229.657	5085.000
1229.797	5216.000
1229.937	5018.000
1230.077	5249.000
1230.217	5063.000
1230.357	5229.000
1230.496	5029.000
1230.636	5248.000
1230.776	5044.000
1230.916	5217.000
1231.056	5011.000
1231.196	5260.000
1231.335	5035.000
1231.475	5162.000
1231.615	5082.000
1231.755	5253.000
1231.894	5012.000
1232.034	5160.000
1232.174	5009.000
1232.314	5275.000
1232.453	5021.000
1232.593	5219.000
1232.733	5062.000
1232.873	5294.000
1233.012	5218.000
1233.152	5240.000
1233.292	5037.000
1233.431	5209.000
1233.571	4990.000
1233.711	5281.000
1233.850	5036.000
1233.990	5283.000
1234.129	5035.000
1234.269	5169.000
1234.409	5072.000
1234.548	5196.000
1234.688	5009.000
1234.828	5183.000
1234.967	5050.000
1235.107	5262.000
1235.246	5033.000
1235.386	5193.000
1235.525	5014.000
1235.665	5155.000
1235.804	5002.000
1235.944	5203.000
1236.083	5031.000
1236.223	5174.000
1236.362	5070.000
1236.502	5204.000
1236.641	5003.000
1236.781	5293.000
1236.920	5042.000
1237.060	5194.000
1237.199	5022.000
1237.339	5147.000
1237.478	5059.000
1237.617	5169.000
1237.757	5035.000
1237.896	5111.000
1238.036	5052.000
1238.175	5129.000
1238.314	5042.000
1238.454	5216.000
1238.593	5019.000
1238.732	5195.000
1238.872	5037.000
1239.011	5239.000
1239.150	5030.000
1239.290	5168.000
1239.429	5048.000
1239.568	5180.000
1239.708	5052.000
1239.847	5189.000
1239.986	5018.000
1240.125	5163.000
1240.265	5074.000
1240.404	5213.000
1240.543	5094.000
1240.682	5171.000
1240.822	5020.000
1240.961	5120.000
1241.100	5022.000
1241.239	5173.000
1241.378	5011.000
1241.518	5251.000
1241.657	5031.000
1241.796	5237.000
1241.935	5012.000
1242.074	5168.000
1242.213	5042.000
1242.352	5174.000
1242.492	4959.000
1242.631	5252.000
1242.770	5002.000
1242.909	5264.000
1243.048	5071.000
1243.187	5271.000
1243.326	5017.000
1243.465	5265.000
1243.604	5052.000
1243.743	5219.000
1243.882	5019.000
1244.021	5291.000
1244.160	5012.000
1244.299	5290.000
1244.438	5072.000
1244.577	5272.000
1244.716	5010.000
1244.855	5259.000
1244.994	5058.000
1245.133	5275.000
1245.272	5058.000
1245.411	5289.000
1245.550	5107.000
1245.689	5289.000
1245.828	5107.000
1245.967	5229.000
1246.106	5074.000
1246.244	5316.000
1246.383	5070.000
1246.522	5291.000
1246.661	5033.000
1246.800	5278.000
1246.939	5037.000
1247.078	5316.000
1247.216	5026.000
1247.355	5342.000
1247.494	5162.000
1247.633	5317.000
1247.772	5027.000
1247.910	5252.000
1248.049	5089.000
1248.188	5225.000
1248.327	5088.000
1248.465	5306.000
1248.604	5134.000
1248.743	5258.000
1248.882	5110.000
1249.020	5310.000
1249.159	5124.000
1249.298	5272.000
1249.436	5072.000
1249.575	5337.000
1249.714	5089.000
1249.852	5282.000
1249.991	5073.000
1250.130	5270.000
1250.268	5034.000
1250.407	5299.000
1250.546	5124.000
1250.684	5217.000
1250.823	5115.000
1250.961	5345.000
1251.100	5051.000
1251.239	5289.000
1251.377	5095.000
1251.516	5259.000
1251.654	5056.000
1251.793	5231.000
1251.931	5068.000
1252.070	5210.000
1252.208	5076.000
1252.347	5275.000
1252.485	5103.000
1252.624	5243.000
1252.762	5057.000
1252.901	5311.000
1253.039	5135.000
1253.178	5268.000
1253.316	5155.000
1253.455	5296.000
1253.593	5132.000
1253.732	5306.000
1253.870	4715.000
1254.008	5252.000
1254.147	5071.000
1254.285	5238.000
1254.424	5000.000
1254.562	5285.000
1254.700	5054.000
1254.839	5277.000
1254.977	5129.000
1255.115	5267.000
1255.254	5112.000
1255.392	5221.000
1255.530	5096.000
1255.669	5287.000
1255.807	5122.000
1255.945	5268.000
1256.084	5011.000
1256.222	5295.000
1256.360	5035.000
1256.498	5227.000
1256.637	5083.000
1256.775	5185.000
1256.913	5067.000
1257.051	5232.000
1257.189	5046.000
1257.328	5286.000
1257.466	5012.000
1257.604	5291.000
1257.742	5081.000
1257.880	5224.000
1258.019	5121.000
1258.157	5188.000
1258.295	5047.000
1258.433	5189.000
1258.571	4991.000
1258.709	5190.000
1258.847	5031.000
1258.986	5301.000
1259.124	5075.000
1259.262	5243.000
1259.400	5008.000
1259.538	5207.000
1259.676	5010.000
1259.814	5216.000
1259.952	4950.000
1260.090	5224.000
1260.228	4950.000
1260.366	5189.000
1260.504	4992.000
1260.642	5219.000
1260.780	5095.000
1260.918	5221.000
1261.056	5003.000
1261.194	5289.000
1261.332	4975.000
1261.470	5214.000
1261.608	5036.000
1261.746	5275.000
1261.884	5051.000
1262.022	5343.000
1262.160	6397.000
1262.297	5293.000
1262.435	5079.000
1262.573	5246.000
1262.711	5113.000
1262.849	5245.000
1262.987	4992.000
1263.125	5230.000
1263.262	5150.000
1263.400	5335.000
1263.538	5144.000
1263.676	5244.000
1263.814	5058.000
1263.952	5280.000
1264.089	5174.000
1264.227	5331.000
1264.365	5092.000
1264.503	5267.000
1264.640	5079.000
1264.778	5314.000
1264.916	5131.000
1265.054	5350.000
1265.191	5103.000
1265.329	5306.000
1265.467	5141.000
1265.604	5312.000
1265.742	5068.000
1265.880	5254.000
1266.017	5072.000
1266.155	5367.000
1266.293	5121.000
1266.430	5287.000
1266.568	5076.000
1266.706	5350.000
1266.843	5116.000
1266.981	5347.000
1267.119	5096.000
1267.256	5333.000
1267.394	4993.000
1267.531	5305.000
1267.669	5046.000
1267.806	5338.000
1267.944	5062.000
1268.081	5351.000
1268.219	5089.000
1268.357	5344.000
1268.494	5107.000
1268.632	5369.000
1268.769	5035.000
1268.907	5346.000
1269.044	5140.000
1269.182	5276.000
1269.319	5076.000
1269.456	5369.000
1269.594	5108.000
1269.731	5299.000
1269.869	5120.000
1270.006	5292.000
1270.144	5139.000
1270.281	5288.000
1270.418	5167.000
1270.556	5318.000
1270.693	5153.000
1270.831	5389.000
1270.968	5085.000
1271.105	5354.000
1271.243	5097.000
1271.380	5296.000
1271.517	5204.000
1271.655	5423.000
1271.792	5137.000
1271.929	5335.000
1272.066	5195.000
1272.204	5417.000
1272.341	5187.000
1272.478	5462.000
1272.616	5184.000
1272.753	5451.000
1272.890	5164.000
1273.027	5370.000
1273.165	5150.000
1273.302	5385.000
1273.439	5170.000
1273.576	5267.000
1273.713	5190.000
1273.851	5461.000
1273.988	5240.000
1274.125	5374.000
1274.262	5167.000
1274.399	5289.000
1274.536	5211.000
1274.673	5430.000
