1159.948	8223.000
1160.095	8054.000
1160.241	8171.000
1160.387	8093.000
1160.533	8139.000
1160.679	8096.000
1160.825	8105.000
1160.971	8065.000
1161.117	8106.000
1161.263	8071.000
1161.410	8062.000
1161.556	8083.000
1161.702	8097.000
1161.848	7968.000
1161.994	8075.000
1162.140	8076.000
1162.286	7999.000
1162.432	8026.000
1162.578	8020.000
1162.724	8033.000
1162.870	7977.000
1163.016	7924.000
1163.162	8122.000
1163.308	7968.000
1163.454	8024.000
1163.599	7928.000
1163.745	7985.000
1163.891	7883.000
1164.037	7928.000
1164.183	7879.000
1164.329	7965.000
1164.475	7900.000
1164.621	7952.000
1164.767	7917.000
1164.912	7859.000
1165.058	7850.000
1165.204	7945.000
1165.350	7792.000
1165.496	7933.000
1165.642	7890.000
1165.787	7857.000
1165.933	7863.000
1166.079	7834.000
1166.225	7910.000
1166.370	7807.000
1166.516	7824.000
1166.662	7880.000
1166.808	7774.000
1166.953	7875.000
1167.099	7818.000
1167.245	7781.000
1167.390	7795.000
1167.536	7851.000
1167.682	7853.000
1167.827	7806.000
1167.973	7813.000
1168.119	7770.000
1168.264	7804.000
1168.410	7780.000
1168.556	7724.000
1168.701	7839.000
1168.847	7735.000
1168.992	7779.000
1169.138	7699.000
1169.284	7728.000
1169.429	7787.000
1169.575	7777.000
1169.720	7682.000
1169.866	7729.000
1170.011	7740.000
1170.157	7770.000
1170.302	7708.000
1170.448	7775.000
1170.593	7759.000
1170.739	7676.000
1170.884	7703.000
1171.030	7689.000
1171.175	7680.000
1171.321	7721.000
1171.466	7793.000
1171.611	7733.000
1171.757	7703.000
1171.902	7733.000
1172.048	7705.000
1172.193	7640.000
1172.338	7671.000
1172.484	7670.000
1172.629	7679.000
1172.775	7711.000
1172.920	7671.000
1173.065	7667.000
1173.211	7687.000
1173.356	7730.000
1173.501	7700.000
1173.646	7700.000
1173.792	7663.000
1173.937	7636.000
1174.082	7691.000
1174.228	7709.000
1174.373	7733.000
1174.518	7657.000
1174.663	7649.000
1174.809	7659.000
1174.954	7628.000
1175.099	7675.000
1175.244	7760.000
1175.389	7652.000
1175.535	7680.000
1175.680	7678.000
1175.825	7660.000
1175.970	7708.000
1176.115	7719.000
1176.260	7578.000
1176.405	7776.000
1176.550	7663.000
1176.696	7667.000
1176.841	7756.000
1176.986	7748.000
1177.131	7761.000
1177.276	7723.000
1177.421	7721.000
1177.566	7741.000
1177.711	7702.000
1177.856	7811.000
1178.001	7720.000
1178.146	7779.000
1178.291	7678.000
1178.436	7693.000
1178.581	7812.000
1178.726	7815.000
1178.871	7784.000
1179.016	7813.000
1179.161	7784.000
1179.306	7763.000
1179.451	7760.000
1179.596	7795.000
1179.741	7835.000
1179.886	7860.000
1180.030	7782.000
1180.175	7835.000
1180.320	7813.000
1180.465	7859.000
1180.610	7835.000
1180.755	7773.000
1180.900	7831.000
1181.044	7905.000
1181.189	7871.000
1181.334	7852.000
1181.479	7806.000
1181.624	7894.000
1181.768	7866.000
1181.913	7833.000
1182.058	7818.000
1182.203	7881.000
1182.348	7834.000
1182.492	7942.000
1182.637	7921.000
1182.782	7960.000
1182.926	7867.000
1183.071	7912.000
1183.216	7919.000
1183.360	7883.000
1183.505	7869.000
1183.650	7971.000
1183.794	7840.000
1183.939	7915.000
1184.084	7906.000
1184.228	7922.000
1184.373	7926.000
1184.518	7981.000
1184.662	7864.000
1184.807	7981.000
1184.951	7938.000
1185.096	7914.000
1185.241	7975.000
1185.385	8000.000
1185.530	7852.000
1185.674	7977.000
1185.819	7822.000
1185.963	7908.000
1186.108	7908.000
1186.252	8016.000
1186.397	7939.000
1186.541	7995.000
1186.686	7842.000
1186.830	7896.000
1186.975	7923.000
1187.119	7956.000
1187.263	7937.000
1187.408	8030.000
1187.552	7901.000
1187.697	7956.000
1187.841	7888.000
1187.985	8025.000
1188.130	7956.000
1188.274	8048.000
1188.419	7915.000
1188.563	7990.000
1188.707	7850.000
1188.852	8050.000
1188.996	8031.000
1189.140	7963.000
1189.285	7991.000
1189.429	7991.000
1189.573	7889.000
1189.717	8019.000
1189.862	7960.000
1190.006	8043.000
1190.150	7906.000
1190.294	8039.000
1190.439	7921.000
1190.583	8020.000
1190.727	7895.000
1190.871	8081.000
1191.016	7989.000
1191.160	8038.000
1191.304	7916.000
1191.448	7990.000
1191.592	7885.000
1191.736	8008.000
1191.881	7960.000
1192.025	8078.000
1192.169	7966.000
1192.313	8056.000
1192.457	7875.000
1192.601	8077.000
1192.745	7929.000
1192.889	8034.000
1193.033	7967.000
1193.177	8125.000
1193.321	7998.000
1193.465	8045.000
1193.610	7981.000
1193.754	8094.000
1193.898	7946.000
1194.042	8039.000
1194.186	7974.000
1194.330	8101.000
1194.474	7935.000
1194.617	7992.000
1194.761	7931.000
1194.905	8051.000
1195.049	7937.000
1195.193	8054.000
1195.337	7918.000
1195.481	8087.000
1195.625	7973.000
1195.769	8084.000
1195.913	8012.000
1196.057	8082.000
1196.201	8001.000
1196.344	7971.000
1196.488	7889.000
1196.632	7999.000
1196.776	7879.000
1196.920	8045.000
1197.064	8056.000
1197.207	8045.000
1197.351	7906.000
1197.495	8053.000
1197.639	7998.000
1197.782	7961.000
1197.926	7879.000
1198.070	7993.000
1198.214	7891.000
1198.357	7995.000
1198.501	7843.000
1198.645	8019.000
1198.789	7857.000
1198.932	7946.000
1199.076	7866.000
1199.220	7943.000
1199.363	7836.000
1199.507	7919.000
1199.651	7845.000
1199.794	7892.000
1199.938	7766.000
1200.081	7983.000
1200.225	7807.000
1200.369	7837.000
1200.512	7788.000
1200.656	7863.000
1200.799	7711.000
1200.943	7838.000
1201.087	7775.000
1201.230	7844.000
1201.374	7701.000
1201.517	7759.000
1201.661	7676.000
1201.804	7744.000
1201.948	7650.000
1202.091	7728.000
1202.235	7617.000
1202.378	7732.000
1202.522	7600.000
1202.665	7695.000
1202.808	7425.000
1202.952	7693.000
1203.095	7489.000
1203.239	7596.000
1203.382	7465.000
1203.526	7625.000
1203.669	7472.000
1203.812	7567.000
1203.956	7516.000
1204.099	7492.000
1204.242	7385.000
1204.386	7503.000
1204.529	7403.000
1204.672	7486.000
1204.816	7323.000
1204.959	7557.000
1205.102	7436.000
1205.246	7496.000
1205.389	7335.000
1205.532	7451.000
1205.675	7358.000
1205.819	7436.000
1205.962	7273.000
1206.105	7502.000
1206.248	7328.000
1206.392	7345.000
1206.535	7311.000
1206.678	7389.000
1206.821	7286.000
1206.964	7511.000
1207.108	7247.000
1207.251	7284.000
1207.394	7261.000
1207.537	7439.000
1207.680	7312.000
1207.823	7338.000
1207.966	7186.000
1208.109	7412.000
1208.253	7219.000
1208.396	7374.000
1208.539	7230.000
1208.682	7392.000
1208.825	7240.000
1208.968	7346.000
1209.111	7299.000
1209.254	7384.000
1209.397	7208.000
1209.540	7386.000
1209.683	7165.000
1209.826	7274.000
1209.969	7249.000
1210.112	7314.000
1210.255	7092.000
1210.398	7361.000
1210.541	7077.000
1210.684	7232.000
1210.827	7161.000
1210.970	7319.000
1211.113	7172.000
1211.255	7299.000
1211.398	7165.000
1211.541	7188.000
1211.684	7078.000
1211.827	7239.000
1211.970	7225.000
1212.113	7191.000
1212.256	7130.000
1212.398	7190.000
1212.541	7122.000
1212.684	7264.000
1212.827	7107.000
1212.970	7190.000
1213.112	7126.000
1213.255	7195.000
1213.398	7099.000
1213.541	7231.000
1213.683	7048.000
1213.826	7274.000
1213.969	7040.000
1214.112	7217.000
1214.254	7072.000
1214.397	7283.000
1214.540	7091.000
1214.682	7328.000
1214.825	7015.000
1214.968	7321.000
1215.110	7068.000
1215.253	7213.000
1215.396	7088.000
1215.538	7258.000
1215.681	7115.000
1215.824	7161.000
1215.966	7119.000
1216.109	7294.000
1216.251	7055.000
1216.394	7203.000
1216.536	7089.000
1216.679	7223.000
1216.822	7175.000
1216.964	7241.000
1217.107	7147.000
1217.249	7214.000
1217.392	7043.000
1217.534	7284.000
1217.677	6843.000
1217.819	7245.000
1217.962	7116.000
1218.104	7232.000
1218.247	7205.000
1218.389	7181.000
1218.531	6995.000
1218.674	7158.000
1218.816	7104.000
1218.959	7296.000
1219.101	7078.000
1219.243	7195.000
1219.386	7065.000
1219.528	7252.000
1219.671	7093.000
1219.813	7193.000
1219.955	7024.000
1220.098	7260.000
1220.240	7136.000
1220.382	7214.000
1220.525	7051.000
1220.667	7265.000
1220.809	7067.000
1220.951	7257.000
1221.094	7134.000
1221.236	7181.000
1221.378	6992.000
1221.520	7212.000
1221.663	7086.000
1221.805	7345.000
1221.947	7064.000
1222.089	7266.000
1222.232	7091.000
1222.374	7229.000
1222.516	7101.000
1222.658	7266.000
1222.800	7098.000
1222.942	7245.000
1223.084	7101.000
1223.227	7224.000
1223.369	7126.000
1223.511	7279.000
1223.653	7140.000
1223.795	7301.000
1223.937	7122.000
1224.079	7210.000
1224.221	7063.000
1224.363	7292.000
1224.505	7058.000
1224.647	7185.000
1224.789	7068.000
1224.932	7216.000
1225.074	7060.000
1225.216	7225.000
1225.358	7115.000
1225.500	7239.000
1225.641	7088.000
1225.783	7297.000
1225.925	7156.000
1226.067	7235.000
1226.209	7090.000
1226.351	7262.000
1226.493	7152.000
1226.635	7260.000
1226.777	7054.000
1226.919	7308.000
1227.061	7107.000
1227.203	7189.000
1227.345	7080.000
1227.486	7253.000
1227.628	7117.000
1227.770	7237.000
1227.912	7078.000
1228.054	7249.000
1228.196	7083.000
1228.337	7218.000
1228.479	7188.000
1228.621	7236.000
1228.763	7065.000
1228.904	7203.000
1229.046	7036.000
1229.188	7322.000
1229.330	7175.000
1229.471	7187.000
1229.613	7109.000
1229.755	7160.000
1229.897	7154.000
1230.038	7246.000
1230.180	7171.000
1230.322	7279.000
1230.463	7075.000
1230.605	7264.000
1230.747	7123.000
1230.888	7282.000
1231.030	7111.000
1231.171	7295.000
1231.313	7170.000
1231.455	7306.000
1231.596	7156.000
1231.738	7157.000
1231.879	7063.000
1232.021	7266.000
1232.163	7062.000
1232.304	7197.000
1232.446	7096.000
1232.587	7206.000
1232.729	7067.000
1232.870	7205.000
1233.012	7085.000
1233.153	7282.000
1233.295	7007.000
1233.436	7260.000
1233.578	7077.000
1233.719	7208.000
1233.860	7087.000
1234.002	7231.000
1234.143	7092.000
1234.285	7227.000
1234.426	7027.000
1234.568	7197.000
1234.709	7089.000
1234.850	7231.000
1234.992	7029.000
1235.133	7183.000
1235.274	7193.000
1235.416	7224.000
1235.557	7079.000
1235.698	7257.000
1235.840	7063.000
1235.981	7249.000
1236.122	7024.000
1236.264	7233.000
1236.405	6973.000
1236.546	7322.000
1236.687	7108.000
1236.829	7291.000
1236.970	7062.000
1237.111	7277.000
1237.252	7123.000
1237.394	7248.000
1237.535	7043.000
1237.676	7200.000
1237.817	7059.000
1237.958	7242.000
1238.100	7118.000
1238.241	7210.000
1238.382	6979.000
1238.523	7206.000
1238.664	7075.000
1238.805	7175.000
1238.946	7056.000
1239.088	7221.000
1239.229	7004.000
1239.370	7200.000
1239.511	6987.000
1239.652	7251.000
1239.793	7078.000
1239.934	7309.000
1240.075	7059.000
1240.216	7190.000
1240.357	7028.000
1240.498	7130.000
1240.639	7078.000
1240.780	7287.000
1240.921	7029.000
1241.062	7220.000
1241.203	6951.000
1241.344	7189.000
1241.485	7031.000
1241.626	7217.000
1241.767	7056.000
1241.908	7141.000
1242.049	7108.000
1242.190	7143.000
1242.330	7070.000
1242.471	7202.000
1242.612	7009.000
1242.753	7199.000
1242.894	7010.000
1243.035	7231.000
1243.176	7036.000
1243.316	7118.000
1243.457	6992.000
1243.598	7155.000
1243.739	7056.000
1243.880	7064.000
1244.020	6924.000
1244.161	7171.000
1244.302	7070.000
1244.443	7182.000
1244.584	7057.000
1244.724	7209.000
1244.865	6988.000
1245.006	7162.000
1245.146	6986.000
1245.287	7136.000
1245.428	6904.000
1245.568	7117.000
1245.709	7073.000
1245.850	7192.000
1245.990	6989.000
1246.131	7165.000
1246.272	6971.000
1246.412	7145.000
1246.553	6870.000
1246.694	7118.000
1246.834	6950.000
1246.975	7039.000
1247.115	6887.000
1247.256	7079.000
1247.397	7036.000
1247.537	7056.000
1247.678	6929.000
1247.818	7071.000
1247.959	6981.000
1248.099	7066.000
1248.240	6944.000
1248.380	7127.000
1248.521	6951.000
1248.661	7080.000
1248.802	6903.000
1248.942	7142.000
1249.083	6927.000
1249.223	7039.000
1249.364	6925.000
1249.504	7035.000
1249.644	6884.000
1249.785	7015.000
1249.925	6900.000
1250.066	7121.000
1250.206	6935.000
1250.346	7023.000
1250.487	6919.000
1250.627	7067.000
1250.767	6926.000
1250.908	7000.000
1251.048	6862.000
1251.188	7029.000
1251.329	6844.000
1251.469	7021.000
1251.609	6905.000
1251.750	7064.000
1251.890	6885.000
1252.030	7015.000
1252.170	6830.000
1252.311	7070.000
1252.451	6901.000
1252.591	7000.000
1252.731	6936.000
1252.871	7061.000
1253.012	6808.000
1253.152	7002.000
1253.292	6961.000
1253.432	7107.000
1253.572	6915.000
1253.712	7003.000
1253.853	6929.000
1253.993	6987.000
1254.133	6860.000
1254.273	7059.000
1254.413	6850.000
1254.553	7034.000
1254.693	6857.000
1254.833	6995.000
1254.973	6867.000
1255.114	7076.000
1255.254	6897.000
1255.394	7073.000
1255.534	6834.000
1255.674	7055.000
1255.814	6899.000
1255.954	7065.000
1256.094	6869.000
1256.234	7080.000
1256.374	6849.000
1256.514	7024.000
1256.654	6902.000
1256.794	7023.000
1256.933	6882.000
1257.073	7072.000
1257.213	6911.000
1257.353	7012.000
1257.493	6936.000
1257.633	7024.000
1257.773	6914.000
1257.913	7100.000
1258.053	6926.000
1258.193	6999.000
1258.332	6868.000
1258.472	7022.000
1258.612	6924.000
1258.752	7021.000
1258.892	6930.000
1259.031	7040.000
1259.171	6976.000
1259.311	7080.000
1259.451	6875.000
1259.591	7012.000
1259.730	6966.000
1259.870	7095.000
1260.010	6910.000
1260.150	7131.000
1260.289	6938.000
1260.429	7083.000
1260.569	6951.000
1260.708	7098.000
1260.848	6951.000
1260.988	7062.000
1261.127	6936.000
1261.267	7101.000
1261.407	6952.000
1261.546	7003.000
1261.686	6994.000
1261.826	7082.000
1261.965	6915.000
1262.105	7023.000
1262.244	6893.000
1262.384	7116.000
1262.524	6922.000
1262.663	7063.000
1262.803	6963.000
1262.942	7165.000
1263.082	7335.000
1263.221	7087.000
1263.361	6952.000
1263.500	7064.000
1263.640	6923.000
1263.779	7109.000
1263.919	6888.000
1264.058	7124.000
1264.198	6887.000
1264.337	6994.000
1264.477	6968.000
1264.616	7054.000
1264.756	6939.000
1264.895	7042.000
1265.034	6917.000
1265.174	7127.000
1265.313	6903.000
1265.453	7026.000
1265.592	6905.000
1265.731	7015.000
1265.871	6894.000
1266.010	7018.000
1266.149	6921.000
1266.289	7005.000
1266.428	6970.000
1266.567	7020.000
1266.707	6867.000
1266.846	7144.000
1266.985	6890.000
1267.124	7008.000
1267.264	6845.000
1267.403	6978.000
1267.542	6930.000
1267.681	6983.000
1267.821	6908.000
1267.960	6936.000
1268.099	6857.000
1268.238	6930.000
1268.377	6914.000
1268.517	6990.000
1268.656	6896.000
1268.795	7000.000
1268.934	6908.000
1269.073	7066.000
1269.212	6914.000
1269.352	6976.000
1269.491	6920.000
1269.630	6960.000
1269.769	6914.000
1269.908	6995.000
1270.047	6914.000
1270.186	6972.000
1270.325	6904.000
1270.464	7028.000
1270.603	6965.000
1270.742	6981.000
1270.881	6898.000
1271.020	6977.000
1271.159	6910.000
1271.298	6970.000
1271.437	6868.000
1271.576	7014.000
1271.715	6901.000
1271.854	7035.000
1271.993	6855.000
1272.132	6975.000
1272.271	6872.000
1272.410	6985.000
1272.549	6804.000
1272.688	7043.000
1272.827	6860.000
1272.966	7095.000
1273.104	6935.000
1273.243	7070.000
1273.382	6891.000
1273.521	7035.000
1273.660	6900.000
1273.799	6984.000
1273.938	6860.000
1274.076	7053.000
1274.215	6836.000
1274.354	7083.000
1274.493	6879.000
1274.632	7072.000
1274.770	6828.000
1274.909	7001.000
1275.048	6890.000
1275.187	7075.000
1275.325	6943.000
1275.464	7051.000
1275.603	6946.000
1275.741	7110.000
1275.880	6952.000
1276.019	7052.000
1276.157	6928.000
1276.296	7125.000
1276.435	6901.000
1276.573	7063.000
1276.712	6908.000
1276.851	7113.000
1276.989	6863.000
1277.128	7098.000
1277.267	6910.000
1277.405	7140.000
1277.544	6985.000
1277.682	7099.000
1277.821	6910.000
1277.959	7041.000
1278.098	6909.000
1278.236	7049.000
1278.375	6936.000
1278.514	7050.000
1278.652	6939.000
1278.791	7054.000
1278.929	6931.000
1279.068	7070.000
1279.206	6979.000
1279.344	7040.000
1279.483	6910.000
1279.621	7112.000
1279.760	6886.000
1279.898	7063.000
1280.037	6887.000
1280.175	7077.000
1280.313	6805.000
1280.452	7111.000
1280.590	6950.000
1280.729	6990.000
1280.867	6943.000
1281.005	7110.000
1281.144	6911.000
1281.282	7083.000
1281.420	6923.000
1281.559	7017.000
1281.697	6883.000
1281.835	6972.000
1281.974	6870.000
1282.112	6978.000
1282.250	6910.000
1282.388	7036.000
1282.527	6884.000
1282.665	7015.000
1282.803	6866.000
1282.941	7066.000
1283.080	6915.000
1283.218	7021.000
1283.356	6943.000
1283.494	7057.000
1283.632	6899.000
1283.771	7015.000
1283.909	6017.000
1284.047	6981.000
1284.185	6868.000
1284.323	6947.000
1284.461	6800.000
1284.599	7015.000
1284.737	6784.000
1284.876	6981.000
1285.014	6870.000
1285.152	6992.000
1285.290	6833.000
1285.428	6988.000
1285.566	6821.000
1285.704	7036.000
1285.842	6864.000
1285.980	7005.000
1286.118	6771.000
1286.256	6995.000
1286.394	6793.000
1286.532	6919.000
1286.670	6837.000
1286.808	6916.000
1286.946	6776.000
1287.084	6950.000
1287.222	6760.000
1287.360	6999.000
1287.498	6760.000
1287.636	7013.000
1287.774	6804.000
1287.911	6911.000
1288.049	6842.000
1288.187	6891.000
1288.325	6745.000
1288.463	6833.000
1288.601	6703.000
1288.739	6813.000
1288.876	6727.000
1289.014	6925.000
1289.152	6755.000
1289.290	6926.000
1289.428	6691.000
1289.565	6831.000
1289.703	6672.000
1289.841	6803.000
1289.979	6605.000
1290.117	6840.000
1290.254	6630.000
1290.392	6781.000
1290.530	6640.000
1290.667	6828.000
1290.805	6778.000
1290.943	6824.000
1291.080	6649.000
1291.218	6936.000
1291.356	6632.000
1291.493	6819.000
1291.631	6717.000
1291.769	6849.000
1291.906	6700.000
1292.044	6936.000
1292.182	9650.000
1292.319	6902.000
1292.457	6718.000
1292.594	6843.000
1292.732	6748.000
1292.870	6811.000
1293.007	6638.000
1293.145	6831.000
1293.282	6803.000
1293.420	6924.000
1293.557	6758.000
1293.695	6841.000
1293.832	6694.000
1293.970	6866.000
1294.107	6792.000
1294.245	6921.000
1294.382	6703.000
1294.520	6883.000
1294.657	6703.000
1294.795	6887.000
1294.932	6729.000
1295.069	6928.000
1295.207	6762.000
1295.344	6912.000
1295.482	6740.000
1295.619	6861.000
1295.756	6696.000
1295.894	6798.000
1296.031	6701.000
1296.168	6925.000
1296.306	6701.000
1296.443	6843.000
1296.580	6679.000
1296.718	6937.000
1296.855	6699.000
1296.992	6907.000
1297.130	6648.000
1297.267	6864.000
1297.404	6576.000
1297.541	6861.000
1297.679	6598.000
1297.816	6885.000
1297.953	6638.000
1298.090	6866.000
1298.228	6672.000
1298.365	6846.000
1298.502	6681.000
1298.639	6893.000
1298.776	6601.000
1298.913	6896.000
1299.051	6709.000
1299.188	6786.000
1299.325	6624.000
1299.462	6905.000
1299.599	6660.000
1299.736	6826.000
1299.873	6641.000
1300.010	6845.000
1300.147	6668.000
1300.285	6768.000
1300.422	6702.000
1300.559	6868.000
1300.696	6695.000
1300.833	6906.000
1300.970	6631.000
1301.107	6843.000
1301.244	6599.000
1301.381	6799.000
1301.518	6735.000
1301.655	6912.000
1301.792	6650.000
1301.929	6804.000
1302.066	6704.000
1302.203	6899.000
1302.340	6684.000
1302.476	6897.000
1302.613	6687.000
1302.750	6906.000
1302.887	6661.000
1303.024	6815.000
1303.161	6668.000
1303.298	6855.000
1303.435	6655.000
1303.572	6734.000
1303.708	6707.000
1303.845	6928.000
1303.982	6726.000
1304.119	6814.000
1304.256	6716.000
1304.392	6748.000
1304.529	6737.000
1304.666	6907.000
