929.762	8887.000
929.906	8902.000
930.049	8880.000
930.193	8955.000
930.337	8854.000
930.481	9004.000
930.625	8841.000
930.769	8920.000
930.913	8886.000
931.057	8898.000
931.201	8831.000
931.345	8949.000
931.488	8865.000
931.632	8858.000
931.776	8842.000
931.920	8955.000
932.064	8751.000
932.208	8957.000
932.352	8809.000
932.495	8979.000
932.639	8805.000
932.783	8865.000
932.927	8964.000
933.071	8925.000
933.215	8860.000
933.359	8875.000
933.502	8901.000
933.646	8860.000
933.790	8829.000
933.934	8842.000
934.078	8843.000
934.221	8904.000
934.365	8888.000
934.509	8866.000
934.653	8762.000
934.797	8858.000
934.940	8891.000
935.084	8777.000
935.228	8854.000
935.372	8886.000
935.515	8822.000
935.659	8919.000
935.803	8783.000
935.947	8912.000
936.090	8746.000
936.234	8852.000
936.378	8853.000
936.522	8821.000
936.665	8820.000
936.809	8834.000
936.953	8785.000
937.097	8769.000
937.240	8848.000
937.384	8849.000
937.528	8811.000
937.671	8788.000
937.815	8782.000
937.959	8826.000
938.102	8736.000
938.246	8743.000
938.390	8767.000
938.534	8780.000
938.677	8731.000
938.821	8735.000
938.965	8685.000
939.108	8787.000
939.252	8759.000
939.396	8672.000
939.539	8729.000
939.683	8760.000
939.826	8700.000
939.970	8693.000
940.114	8709.000
940.257	8747.000
940.401	8617.000
940.545	8683.000
940.688	8630.000
940.832	8686.000
940.975	8633.000
941.119	8751.000
941.263	8619.000
941.406	8701.000
941.550	8648.000
941.693	8649.000
941.837	8562.000
941.981	8644.000
942.124	8563.000
942.268	8643.000
942.411	8606.000
942.555	8643.000
942.698	8568.000
942.842	8644.000
942.986	8628.000
943.129	8654.000
943.273	8627.000
943.416	8608.000
943.560	8546.000
943.703	8588.000
943.847	8587.000
943.990	8630.000
944.134	8553.000
944.277	8524.000
944.421	8508.000
944.564	8493.000
944.708	8536.000
944.851	8646.000
944.995	8522.000
945.138	8581.000
945.282	8544.000
945.425	8549.000
945.569	8543.000
945.712	8593.000
945.856	8419.000
945.999	8656.000
946.143	8511.000
946.286	8518.000
946.430	8558.000
946.573	8579.000
946.716	8561.000
946.860	8563.000
947.003	8493.000
947.147	8576.000
947.290	8526.000
947.434	8611.000
947.577	8492.000
947.720	8565.000
947.864	8398.000
948.007	8515.000
948.151	8611.000
948.294	8623.000
948.437	8507.000
948.581	8554.000
948.724	8542.000
948.868	8561.000
949.011	8527.000
949.154	8537.000
949.298	8564.000
949.441	8625.000
949.584	8534.000
949.728	8578.000
949.871	8572.000
950.015	8637.000
950.158	8530.000
950.301	8503.000
950.445	8573.000
950.588	8632.000
950.731	8573.000
950.875	8572.000
951.018	8525.000
951.161	8632.000
951.304	8550.000
951.448	8549.000
951.591	8434.000
951.734	8573.000
951.878	8443.000
952.021	8609.000
952.164	8544.000
952.308	8602.000
952.451	8509.000
952.594	8553.000
952.737	8535.000
952.881	8513.000
953.024	8462.000
953.167	8611.000
953.310	8425.000
953.454	8520.000
953.597	8492.000
953.740	8494.000
953.883	8486.000
954.027	8563.000
954.170	8413.000
954.313	8590.000
954.456	8469.000
954.600	8483.000
954.743	8522.000
954.886	8557.000
955.029	8428.000
955.172	8575.000
955.316	8319.000
955.459	8461.000
955.602	8403.000
955.745	8562.000
955.888	8464.000
956.032	8511.000
956.175	8345.000
956.318	8438.000
956.461	8405.000
956.604	8469.000
956.747	8417.000
956.890	8555.000
957.034	8397.000
957.177	8480.000
957.320	8347.000
957.463	8494.000
957.606	8404.000
957.749	8510.000
957.892	8334.000
958.036	8468.000
958.179	8273.000
958.322	8522.000
958.465	8468.000
958.608	8429.000
958.751	8450.000
958.894	8418.000
959.037	8342.000
959.180	8432.000
959.323	8365.000
959.467	8484.000
959.610	8315.000
959.753	8516.000
959.896	8329.000
960.039	8466.000
960.182	8284.000
960.325	8530.000
960.468	8349.000
960.611	8449.000
960.754	8295.000
960.897	8412.000
961.040	8277.000
961.183	8441.000
961.326	8401.000
961.469	8494.000
961.612	8354.000
961.755	8475.000
961.898	8231.000
962.041	8485.000
962.184	8293.000
962.327	8451.000
962.470	8288.000
962.613	8515.000
962.756	8362.000
962.899	8442.000
963.042	8365.000
963.185	8489.000
963.328	8341.000
963.471	8423.000
963.614	8373.000
963.757	8488.000
963.900	8328.000
964.043	8431.000
964.186	8331.000
964.329	8451.000
964.472	8345.000
964.615	8443.000
964.758	8265.000
964.900	8481.000
965.043	8361.000
965.186	8498.000
965.329	8461.000
965.472	8530.000
965.615	8419.000
965.758	8416.000
965.901	8318.000
966.044	8451.000
966.187	8315.000
966.329	8475.000
966.472	8495.000
966.615	8515.000
966.758	8335.000
966.901	8523.000
967.044	8478.000
967.187	8450.000
967.330	8350.000
967.472	8495.000
967.615	8394.000
967.758	8451.000
967.901	8360.000
968.044	8503.000
968.187	8357.000
968.329	8481.000
968.472	8382.000
968.615	8479.000
968.758	8357.000
968.901	8495.000
969.043	8396.000
969.186	8457.000
969.329	8368.000
969.472	8573.000
969.615	8406.000
969.757	8456.000
969.900	8408.000
970.043	8518.000
970.186	8336.000
970.328	8506.000
970.471	8467.000
970.614	8533.000
970.757	8412.000
970.899	8461.000
971.042	8399.000
971.185	8487.000
971.328	8371.000
971.470	8469.000
971.613	8410.000
971.756	8501.000
971.899	8416.000
972.041	8466.000
972.184	8218.000
972.327	8564.000
972.469	8379.000
972.612	8435.000
972.755	8319.000
972.898	8499.000
973.040	8326.000
973.183	8447.000
973.326	8463.000
973.468	8388.000
973.611	8295.000
973.754	8489.000
973.896	8352.000
974.039	8456.000
974.182	8303.000
974.324	8555.000
974.467	8427.000
974.610	8447.000
974.752	8296.000
974.895	8461.000
975.037	8390.000
975.180	8455.000
975.323	8311.000
975.465	8490.000
975.608	8337.000
975.751	8345.000
975.893	8331.000
976.036	8445.000
976.178	8324.000
976.321	8565.000
976.464	8273.000
976.606	8320.000
976.749	8318.000
976.891	8498.000
977.034	8351.000
977.176	8400.000
977.319	8217.000
977.462	8473.000
977.604	8297.000
977.747	8405.000
977.889	8336.000
978.032	8422.000
978.174	8331.000
978.317	8424.000
978.459	8374.000
978.602	8490.000
978.744	8328.000
978.887	8472.000
979.029	8264.000
979.172	8360.000
979.314	8347.000
979.457	8415.000
979.599	8205.000
979.742	8495.000
979.884	8235.000
980.027	8356.000
980.169	8258.000
980.312	8459.000
980.454	8310.000
980.597	8394.000
980.739	8330.000
980.882	8321.000
981.024	8239.000
981.167	8384.000
981.309	8367.000
981.452	8357.000
981.594	8267.000
981.736	8331.000
981.879	8305.000
982.021	8401.000
982.164	8255.000
982.306	8334.000
982.449	8280.000
982.591	8376.000
982.733	8298.000
982.876	8388.000
983.018	8219.000
983.161	8390.000
983.303	8219.000
983.445	8363.000
983.588	8248.000
983.730	8439.000
983.873	8263.000
984.015	8494.000
984.157	8189.000
984.300	8477.000
984.442	8264.000
984.584	8385.000
984.727	8287.000
984.869	8420.000
985.011	8270.000
985.154	8336.000
985.296	8261.000
985.438	8407.000
985.581	8260.000
985.723	8355.000
985.865	8275.000
986.008	8370.000
986.150	8336.000
986.292	8399.000
986.435	8311.000
986.577	8382.000
986.719	8238.000
986.861	8410.000
987.004	7911.000
987.146	8453.000
987.288	8334.000
987.431	8381.000
987.573	8378.000
987.715	8349.000
987.857	8203.000
988.000	8299.000
988.142	8318.000
988.284	8467.000
988.426	8235.000
988.569	8380.000
988.711	8223.000
988.853	8458.000
988.995	8256.000
989.138	8363.000
989.280	8215.000
989.422	8422.000
989.564	8307.000
989.706	8419.000
989.849	8255.000
989.991	8440.000
990.133	8247.000
990.275	8459.000
990.417	8328.000
990.560	8332.000
990.702	8196.000
990.844	8377.000
990.986	8305.000
991.128	8555.000
991.270	8281.000
991.413	8420.000
991.555	8266.000
991.697	8434.000
991.839	8289.000
991.981	8417.000
992.123	8301.000
992.265	8428.000
992.408	8291.000
992.550	8412.000
992.692	8300.000
992.834	8467.000
992.976	8340.000
993.118	8419.000
993.260	8275.000
993.402	8359.000
993.544	8268.000
993.687	8486.000
993.829	8229.000
993.971	8398.000
994.113	8278.000
994.255	8349.000
994.397	8267.000
994.539	8397.000
994.681	8310.000
994.823	8418.000
994.965	8261.000
995.107	8439.000
995.249	8324.000
995.391	8378.000
995.533	8255.000
995.675	8400.000
995.817	8330.000
995.959	8424.000
996.101	8227.000
996.243	8429.000
996.385	8277.000
996.527	8363.000
996.669	8260.000
996.811	8388.000
996.953	8267.000
997.095	8378.000
997.237	8245.000
997.379	8428.000
997.521	8255.000
997.663	8381.000
997.805	8327.000
997.947	8349.000
998.089	8258.000
998.231	8354.000
998.373	8198.000
998.515	8412.000
998.657	8361.000
998.799	8353.000
998.941	8271.000
999.083	8335.000
999.225	8302.000
999.367	8398.000
999.509	8354.000
999.651	8454.000
999.793	8282.000
999.934	8404.000
1000.076	8259.000
1000.218	8442.000
1000.360	8283.000
1000.502	8430.000
1000.644	8354.000
1000.786	8440.000
1000.928	8306.000
1001.070	8302.000
1001.212	8213.000
1001.353	8445.000
1001.495	8197.000
1001.637	8357.000
1001.779	8211.000
1001.921	8348.000
1002.063	8261.000
1002.205	8345.000
1002.346	8236.000
1002.488	8432.000
1002.630	8166.000
1002.772	8425.000
1002.914	8271.000
1003.055	8365.000
1003.197	8267.000
1003.339	8381.000
1003.481	8231.000
1003.623	8388.000
1003.765	8208.000
1003.906	8379.000
1004.048	8262.000
1004.190	8398.000
1004.332	8179.000
1004.473	8377.000
1004.615	8371.000
1004.757	8364.000
1004.899	8257.000
1005.041	8402.000
1005.182	8212.000
1005.324	8398.000
1005.466	8231.000
1005.608	8385.000
1005.749	8186.000
1005.891	8483.000
1006.033	8274.000
1006.175	8446.000
1006.316	8221.000
1006.458	8404.000
1006.600	8289.000
1006.741	8411.000
1006.883	8225.000
1007.025	8377.000
1007.167	8218.000
1007.308	8403.000
1007.450	8298.000
1007.592	8418.000
1007.733	8173.000
1007.875	8382.000
1008.017	8278.000
1008.158	8341.000
1008.300	8280.000
1008.442	8382.000
1008.583	8199.000
1008.725	8384.000
1008.867	8195.000
1009.008	8390.000
1009.150	8227.000
1009.292	8460.000
1009.433	8257.000
1009.575	8371.000
1009.716	8213.000
1009.858	8322.000
1010.000	8278.000
1010.141	8424.000
1010.283	8193.000
1010.425	8410.000
1010.566	8102.000
1010.708	8386.000
1010.849	8269.000
1010.991	8393.000
1011.132	8209.000
1011.274	8321.000
1011.416	8324.000
1011.557	8295.000
1011.699	8266.000
1011.840	8381.000
1011.982	8214.000
1012.123	8383.000
1012.265	8174.000
1012.407	8427.000
1012.548	8222.000
1012.690	8309.000
1012.831	8186.000
1012.973	8351.000
1013.114	8247.000
1013.256	8403.000
1013.397	8302.000
1013.539	8575.000
1013.680	8542.000
1013.822	8719.000
1013.963	8591.000
1014.105	8766.000
1014.246	8615.000
1014.388	8956.000
1014.529	8940.000
1014.671	9142.000
1014.812	8660.000
1014.954	8593.000
1015.095	8407.000
1015.237	8453.000
1015.378	8203.000
1015.520	8368.000
1015.661	8150.000
1015.803	8330.000
1015.944	8091.000
1016.085	8302.000
1016.227	8126.000
1016.368	8195.000
1016.510	8071.000
1016.651	8244.000
1016.793	8203.000
1016.934	8235.000
1017.075	8106.000
1017.217	8279.000
1017.358	8160.000
1017.500	8267.000
1017.641	8085.000
1017.782	8295.000
1017.924	8113.000
1018.065	8243.000
1018.207	8078.000
1018.348	8297.000
1018.489	8100.000
1018.631	8203.000
1018.772	8133.000
1018.913	8215.000
1019.055	8044.000
1019.196	8151.000
1019.337	8073.000
1019.479	8272.000
1019.620	8123.000
1019.761	8217.000
1019.903	8095.000
1020.044	8242.000
1020.185	8105.000
1020.327	8169.000
1020.468	8028.000
1020.609	8189.000
1020.751	8005.000
1020.892	8195.000
1021.033	8035.000
1021.175	8202.000
1021.316	8061.000
1021.457	8157.000
1021.598	8019.000
1021.740	8201.000
1021.881	8082.000
1022.022	8192.000
1022.164	8095.000
1022.305	8232.000
1022.446	7980.000
1022.587	8157.000
1022.729	8161.000
1022.870	8264.000
1023.011	8059.000
1023.152	8174.000
1023.294	8066.000
1023.435	8138.000
1023.576	8007.000
1023.717	8207.000
1023.858	8070.000
1024.000	8219.000
1024.141	8044.000
1024.282	8186.000
1024.423	8005.000
1024.564	8281.000
1024.706	8128.000
1024.847	8264.000
1024.988	8005.000
1025.129	8254.000
1025.270	8075.000
1025.412	8216.000
1025.553	8061.000
1025.694	8271.000
1025.835	8051.000
1025.976	8225.000
1026.117	8048.000
1026.258	8231.000
1026.400	8055.000
1026.541	8286.000
1026.682	8115.000
1026.823	8213.000
1026.964	8143.000
1027.105	8191.000
1027.246	8139.000
1027.388	8299.000
1027.529	8109.000
1027.670	8210.000
1027.811	8071.000
1027.952	8244.000
1028.093	8110.000
1028.234	8173.000
1028.375	8116.000
1028.516	8234.000
1028.657	8147.000
1028.798	8298.000
1028.939	8119.000
1029.081	8228.000
1029.222	8192.000
1029.363	8277.000
1029.504	8127.000
1029.645	8325.000
1029.786	8196.000
1029.927	8250.000
1030.068	8212.000
1030.209	8300.000
1030.350	8155.000
1030.491	8245.000
1030.632	8143.000
1030.773	8324.000
1030.914	8141.000
1031.055	8261.000
1031.196	8214.000
1031.337	8299.000
1031.478	8166.000
1031.619	8233.000
1031.760	8119.000
1031.901	8361.000
1032.042	8143.000
1032.183	8285.000
1032.324	8187.000
1032.465	8416.000
1032.606	8775.000
1032.747	8304.000
1032.888	8167.000
1033.029	8311.000
1033.170	8124.000
1033.311	8371.000
1033.452	8151.000
1033.592	8355.000
1033.733	8145.000
1033.874	8221.000
1034.015	8227.000
1034.156	8276.000
1034.297	8180.000
1034.438	8300.000
1034.579	8163.000
1034.720	8356.000
1034.861	8138.000
1035.002	8230.000
1035.142	8130.000
1035.283	8254.000
1035.424	8124.000
1035.565	8288.000
1035.706	8175.000
1035.847	8265.000
1035.988	8229.000
1036.129	8256.000
1036.269	8151.000
1036.410	8362.000
1036.551	8202.000
1036.692	8252.000
1036.833	8145.000
1036.974	8207.000
1037.114	8160.000
1037.255	8244.000
1037.396	8152.000
1037.537	8167.000
1037.678	8202.000
1037.819	8215.000
1037.959	8143.000
1038.100	8261.000
1038.241	8150.000
1038.382	8252.000
1038.523	8194.000
1038.663	8352.000
1038.804	8199.000
1038.945	8244.000
1039.086	8187.000
1039.226	8231.000
1039.367	8213.000
1039.508	8308.000
1039.649	8195.000
1039.789	8305.000
1039.930	8232.000
1040.071	8343.000
1040.212	8299.000
1040.352	8347.000
1040.493	8226.000
1040.634	8331.000
1040.775	8252.000
1040.915	8374.000
1041.056	8276.000
1041.197	8471.000
1041.337	8339.000
1041.478	8506.000
1041.619	8354.000
1041.760	8438.000
1041.900	8367.000
1042.041	8468.000
1042.182	8315.000
1042.322	8545.000
1042.463	8400.000
1042.604	8541.000
1042.744	8397.000
1042.885	8504.000
1043.026	8300.000
1043.166	8464.000
1043.307	8283.000
1043.448	8356.000
1043.588	8226.000
1043.729	8436.000
1043.869	8215.000
1044.010	8411.000
1044.151	8268.000
1044.291	8414.000
1044.432	8216.000
1044.573	8363.000
1044.713	8292.000
1044.854	8434.000
1044.994	8327.000
1045.135	8426.000
1045.276	8350.000
1045.416	8523.000
1045.557	8343.000
1045.697	8413.000
1045.838	8379.000
1045.978	8499.000
1046.119	8316.000
1046.260	8436.000
1046.400	8369.000
1046.541	8528.000
1046.681	8320.000
1046.822	8527.000
1046.962	8347.000
1047.103	8623.000
1047.243	8495.000
1047.384	8556.000
1047.524	8427.000
1047.665	8566.000
1047.805	8447.000
1047.946	8599.000
1048.087	8481.000
1048.227	8641.000
1048.368	8541.000
1048.508	8614.000
1048.649	8494.000
1048.789	8642.000
1048.929	8552.000
1049.070	8604.000
1049.210	8481.000
1049.351	8689.000
1049.491	8451.000
1049.632	8565.000
1049.772	8436.000
1049.913	8564.000
1050.053	8355.000
1050.194	8608.000
1050.334	8472.000
1050.475	8474.000
1050.615	8460.000
1050.755	8645.000
1050.896	8381.000
1051.036	8565.000
1051.177	8485.000
1051.317	8538.000
1051.458	8413.000
1051.598	8509.000
1051.738	8420.000
1051.879	8507.000
1052.019	8441.000
1052.160	8543.000
1052.300	8475.000
1052.440	8525.000
1052.581	8457.000
1052.721	8613.000
1052.861	8526.000
1053.002	8576.000
1053.142	8544.000
1053.282	8631.000
1053.423	8513.000
1053.563	8616.000
1053.704	7382.000
1053.844	8572.000
1053.984	8514.000
1054.125	8534.000
1054.265	8415.000
1054.405	8611.000
1054.546	8456.000
1054.686	8630.000
1054.826	8515.000
1054.966	8619.000
1055.107	8479.000
1055.247	8582.000
1055.387	8454.000
1055.528	8684.000
1055.668	8527.000
1055.808	8603.000
1055.948	8451.000
1056.089	8611.000
1056.229	8433.000
1056.369	8538.000
1056.510	8489.000
1056.650	8540.000
1056.790	8456.000
1056.930	8576.000
1057.071	8429.000
1057.211	8628.000
1057.351	8402.000
1057.491	8673.000
1057.632	8484.000
1057.772	8558.000
1057.912	8530.000
1058.052	8527.000
1058.192	8423.000
1058.333	8468.000
1058.473	8363.000
1058.613	8446.000
1058.753	8391.000
1058.893	8586.000
1059.034	8419.000
1059.174	8582.000
1059.314	8358.000
1059.454	8508.000
1059.594	8360.000
1059.734	8463.000
1059.875	8311.000
1060.015	8465.000
1060.155	8310.000
1060.295	8461.000
1060.435	8338.000
1060.575	8515.000
1060.716	8434.000
1060.856	8491.000
1060.996	8376.000
1061.136	8595.000
1061.276	8303.000
1061.416	8464.000
1061.556	8404.000
1061.696	8515.000
1061.837	8379.000
1061.977	8611.000
1062.117	12911.000
1062.257	8586.000
1062.397	8402.000
1062.537	8519.000
1062.677	8426.000
1062.817	8520.000
1062.957	8339.000
1063.097	8480.000
1063.237	8498.000
1063.377	8651.000
1063.517	8564.000
1063.658	8680.000
1063.798	8661.000
1063.938	8813.000
1064.078	8812.000
1064.218	8937.000
1064.358	8812.000
1064.498	8959.000
1064.638	8858.000
1064.778	9069.000
1064.918	9061.000
1065.058	9289.000
1065.198	9114.000
1065.338	8984.000
1065.478	8707.000
1065.618	8679.000
1065.758	8512.000
1065.898	8527.000
1066.038	8451.000
1066.178	8641.000
1066.318	8470.000
1066.458	8598.000
1066.598	8455.000
1066.738	8686.000
1066.878	8496.000
1067.018	8650.000
1067.158	8456.000
1067.297	8614.000
1067.437	8352.000
1067.577	8601.000
1067.717	8394.000
1067.857	8618.000
1067.997	8410.000
1068.137	8643.000
1068.277	8510.000
1068.417	8614.000
1068.557	8433.000
1068.697	8646.000
1068.837	8387.000
1068.977	8664.000
1069.116	8524.000
1069.256	8525.000
1069.396	8459.000
1069.536	8661.000
1069.676	8478.000
1069.816	8589.000
1069.956	8463.000
1070.096	8605.000
1070.235	8528.000
1070.375	8591.000
1070.515	8571.000
1070.655	8640.000
1070.795	8547.000
1070.935	8695.000
1071.074	8472.000
1071.214	8686.000
1071.354	8459.000
1071.494	8629.000
1071.634	8610.000
1071.774	8725.000
1071.913	8541.000
1072.053	8621.000
1072.193	8602.000
1072.333	8731.000
1072.473	8572.000
1072.612	8771.000
1072.752	8580.000
1072.892	8742.000
1073.032	8597.000
1073.172	8641.000
1073.311	8601.000
1073.451	8746.000
1073.591	8579.000
1073.731	8594.000
1073.870	8618.000
1074.010	8790.000
1074.150	8638.000
1074.290	8660.000
1074.429	8601.000
1074.569	8630.000
1074.709	8655.000
1074.848	8753.000
