1029.870	8953.000
1030.015	8887.000
1030.160	8906.000
1030.305	8977.000
1030.449	8881.000
1030.594	9008.000
1030.739	8890.000
1030.884	8942.000
1031.029	8867.000
1031.173	8923.000
1031.318	8822.000
1031.463	8991.000
1031.608	8896.000
1031.752	8854.000
1031.897	8845.000
1032.042	9011.000
1032.187	8785.000
1032.331	8936.000
1032.476	8801.000
1032.621	8958.000
1032.765	8817.000
1032.910	8859.000
1033.055	8964.000
1033.200	8900.000
1033.344	8872.000
1033.489	8903.000
1033.634	8914.000
1033.778	8891.000
1033.923	8851.000
1034.068	8880.000
1034.212	8886.000
1034.357	8944.000
1034.502	8868.000
1034.646	8887.000
1034.791	8800.000
1034.935	8846.000
1035.080	8903.000
1035.225	8818.000
1035.369	8850.000
1035.514	8899.000
1035.658	8813.000
1035.803	8934.000
1035.947	8784.000
1036.092	8921.000
1036.237	8798.000
1036.381	8861.000
1036.526	8861.000
1036.670	8822.000
1036.815	8823.000
1036.959	8859.000
1037.104	8792.000
1037.248	8811.000
1037.393	8869.000
1037.537	8882.000
1037.682	8808.000
1037.826	8848.000
1037.971	8780.000
1038.115	8829.000
1038.260	8763.000
1038.404	8786.000
1038.549	8814.000
1038.693	8784.000
1038.838	8737.000
1038.982	8771.000
1039.126	8698.000
1039.271	8829.000
1039.415	8749.000
1039.560	8721.000
1039.704	8718.000
1039.848	8781.000
1039.993	8734.000
1040.137	8711.000
1040.282	8723.000
1040.426	8757.000
1040.570	8640.000
1040.715	8701.000
1040.859	8619.000
1041.003	8666.000
1041.148	8679.000
1041.292	8762.000
1041.436	8624.000
1041.581	8730.000
1041.725	8680.000
1041.869	8681.000
1042.014	8579.000
1042.158	8665.000
1042.302	8592.000
1042.447	8632.000
1042.591	8615.000
1042.735	8626.000
1042.879	8615.000
1043.024	8665.000
1043.168	8641.000
1043.312	8653.000
1043.456	8629.000
1043.601	8609.000
1043.745	8539.000
1043.889	8623.000
1044.033	8591.000
1044.178	8659.000
1044.322	8591.000
1044.466	8560.000
1044.610	8498.000
1044.754	8507.000
1044.899	8549.000
1045.043	8679.000
1045.187	8499.000
1045.331	8584.000
1045.475	8526.000
1045.619	8556.000
1045.763	8559.000
1045.908	8574.000
1046.052	8432.000
1046.196	8664.000
1046.340	8492.000
1046.484	8509.000
1046.628	8549.000
1046.772	8590.000
1046.916	8548.000
1047.060	8555.000
1047.205	8543.000
1047.349	8573.000
1047.493	8533.000
1047.637	8642.000
1047.781	8493.000
1047.925	8586.000
1048.069	8417.000
1048.213	8509.000
1048.357	8602.000
1048.501	8602.000
1048.645	8524.000
1048.789	8610.000
1048.933	8547.000
1049.077	8568.000
1049.221	8536.000
1049.365	8562.000
1049.509	8554.000
1049.653	8611.000
1049.797	8543.000
1049.941	8579.000
1050.085	8586.000
1050.229	8599.000
1050.373	8539.000
1050.517	8511.000
1050.660	8539.000
1050.804	8647.000
1050.948	8574.000
1051.092	8565.000
1051.236	8479.000
1051.380	8618.000
1051.524	8525.000
1051.668	8523.000
1051.812	8449.000
1051.956	8553.000
1052.099	8467.000
1052.243	8644.000
1052.387	8543.000
1052.531	8602.000
1052.675	8529.000
1052.819	8556.000
1052.962	8508.000
1053.106	8493.000
1053.250	8473.000
1053.394	8575.000
1053.538	8440.000
1053.681	8548.000
1053.825	8512.000
1053.969	8518.000
1054.113	8503.000
1054.257	8589.000
1054.400	8417.000
1054.544	8560.000
1054.688	8474.000
1054.832	8496.000
1054.975	8530.000
1055.119	8557.000
1055.263	8409.000
1055.407	8500.000
1055.550	8334.000
1055.694	8426.000
1055.838	8451.000
1055.981	8566.000
1056.125	8471.000
1056.269	8547.000
1056.412	8355.000
1056.556	8446.000
1056.700	8422.000
1056.843	8435.000
1056.987	8441.000
1057.131	8551.000
1057.274	8389.000
1057.418	8413.000
1057.562	8343.000
1057.705	8482.000
1057.849	8386.000
1057.992	8523.000
1058.136	8363.000
1058.280	8454.000
1058.423	8298.000
1058.567	8521.000
1058.710	8461.000
1058.854	8387.000
1058.997	8430.000
1059.141	8432.000
1059.285	8305.000
1059.428	8459.000
1059.572	8395.000
1059.715	8496.000
1059.859	8321.000
1060.002	8472.000
1060.146	8363.000
1060.289	8458.000
1060.433	8286.000
1060.576	8501.000
1060.720	8359.000
1060.863	8401.000
1061.007	8325.000
1061.150	8406.000
1061.294	8283.000
1061.437	8416.000
1061.580	8367.000
1061.724	8487.000
1061.867	8360.000
1062.011	8487.000
1062.154	8239.000
1062.298	8470.000
1062.441	8287.000
1062.584	8438.000
1062.728	8340.000
1062.871	8548.000
1063.015	8460.000
1063.158	8659.000
1063.301	8664.000
1063.445	8970.000
1063.588	8834.000
1063.731	9007.000
1063.875	8944.000
1064.018	9116.000
1064.161	8975.000
1064.305	9169.000
1064.448	9128.000
1064.591	9289.000
1064.735	9054.000
1064.878	8843.000
1065.021	8470.000
1065.165	8540.000
1065.308	8392.000
1065.451	8473.000
1065.594	8456.000
1065.738	8508.000
1065.881	8410.000
1066.024	8392.000
1066.167	8326.000
1066.311	8447.000
1066.454	8327.000
1066.597	8473.000
1066.740	8503.000
1066.884	8503.000
1067.027	8338.000
1067.170	8499.000
1067.313	8445.000
1067.456	8419.000
1067.599	8343.000
1067.743	8502.000
1067.886	8345.000
1068.029	8459.000
1068.172	8346.000
1068.315	8542.000
1068.458	8326.000
1068.602	8431.000
1068.745	8388.000
1068.888	8462.000
1069.031	8399.000
1069.174	8492.000
1069.317	8400.000
1069.460	8451.000
1069.603	8383.000
1069.746	8580.000
1069.890	8411.000
1070.033	8448.000
1070.176	8429.000
1070.319	8506.000
1070.462	8330.000
1070.605	8502.000
1070.748	8474.000
1070.891	8517.000
1071.034	8398.000
1071.177	8449.000
1071.320	8403.000
1071.463	8463.000
1071.606	8393.000
1071.749	8468.000
1071.892	8419.000
1072.035	8504.000
1072.178	8370.000
1072.321	8460.000
1072.464	8245.000
1072.607	8540.000
1072.750	8355.000
1072.893	8424.000
1073.036	8367.000
1073.179	8498.000
1073.322	8319.000
1073.465	8432.000
1073.607	8412.000
1073.750	8359.000
1073.893	8332.000
1074.036	8456.000
1074.179	8339.000
1074.322	8415.000
1074.465	8294.000
1074.608	8514.000
1074.751	8412.000
1074.893	8486.000
1075.036	8327.000
1075.179	8446.000
1075.322	8373.000
1075.465	8469.000
1075.608	8274.000
1075.750	8457.000
1075.893	8312.000
1076.036	8350.000
1076.179	8360.000
1076.322	8407.000
1076.464	8315.000
1076.607	8510.000
1076.750	8276.000
1076.893	8327.000
1077.036	8272.000
1077.178	8483.000
1077.321	8346.000
1077.464	8378.000
1077.607	8234.000
1077.749	8451.000
1077.892	8284.000
1078.035	8406.000
1078.177	8313.000
1078.320	8447.000
1078.463	8312.000
1078.606	8407.000
1078.748	8390.000
1078.891	8454.000
1079.034	8315.000
1079.176	8478.000
1079.319	8227.000
1079.462	8372.000
1079.604	8324.000
1079.747	8403.000
1079.890	8216.000
1080.032	8493.000
1080.175	8198.000
1080.317	8355.000
1080.460	8282.000
1080.603	8437.000
1080.745	8280.000
1080.888	8406.000
1081.030	8304.000
1081.173	8315.000
1081.316	8231.000
1081.458	8338.000
1081.601	8379.000
1081.743	8311.000
1081.886	8289.000
1082.028	8315.000
1082.171	8304.000
1082.313	8413.000
1082.456	8244.000
1082.598	8290.000
1082.741	8295.000
1082.883	8379.000
1083.026	8283.000
1083.168	8350.000
1083.311	8201.000
1083.453	8432.000
1083.596	8199.000
1083.738	8360.000
1083.881	8224.000
1084.023	8435.000
1084.166	8264.000
1084.308	8464.000
1084.451	8206.000
1084.593	8489.000
1084.736	8260.000
1084.878	8412.000
1085.020	8275.000
1085.163	8427.000
1085.305	8308.000
1085.448	8347.000
1085.590	8270.000
1085.732	8428.000
1085.875	8243.000
1086.017	8353.000
1086.159	8286.000
1086.302	8414.000
1086.444	8330.000
1086.586	8388.000
1086.729	8310.000
1086.871	8388.000
1087.013	8233.000
1087.156	8377.000
1087.298	7914.000
1087.440	8460.000
1087.583	8315.000
1087.725	8365.000
1087.867	8356.000
1088.010	8329.000
1088.152	8176.000
1088.294	8330.000
1088.436	8276.000
1088.579	8461.000
1088.721	8250.000
1088.863	8346.000
1089.005	8248.000
1089.148	8379.000
1089.290	8253.000
1089.432	8352.000
1089.574	8203.000
1089.716	8412.000
1089.859	8338.000
1090.001	8373.000
1090.143	8215.000
1090.285	8387.000
1090.427	8260.000
1090.569	8412.000
1090.712	8294.000
1090.854	8361.000
1090.996	8165.000
1091.138	8359.000
1091.280	8289.000
1091.422	8517.000
1091.564	8251.000
1091.707	8431.000
1091.849	8300.000
1091.991	8422.000
1092.133	8290.000
1092.275	8434.000
1092.417	8285.000
1092.559	8423.000
1092.701	8306.000
1092.843	8374.000
1092.985	8307.000
1093.127	8439.000
1093.269	8315.000
1093.411	8432.000
1093.554	8239.000
1093.696	8351.000
1093.838	8246.000
1093.980	8457.000
1094.122	8227.000
1094.264	8347.000
1094.406	8230.000
1094.548	8343.000
1094.690	8249.000
1094.832	8406.000
1094.973	8292.000
1095.115	8415.000
1095.257	8267.000
1095.399	8440.000
1095.541	8317.000
1095.683	8368.000
1095.825	8233.000
1095.967	8386.000
1096.109	8348.000
1096.251	8446.000
1096.393	8244.000
1096.535	8441.000
1096.677	8295.000
1096.819	8347.000
1096.960	8232.000
1097.102	8391.000
1097.244	8274.000
1097.386	8366.000
1097.528	8237.000
1097.670	8421.000
1097.812	8251.000
1097.953	8381.000
1098.095	8338.000
1098.237	8371.000
1098.379	8233.000
1098.521	8329.000
1098.662	8224.000
1098.804	8458.000
1098.946	8316.000
1099.088	8369.000
1099.230	8262.000
1099.371	8317.000
1099.513	8327.000
1099.655	8377.000
1099.797	8346.000
1099.938	8442.000
1100.080	8263.000
1100.222	8393.000
1100.364	8272.000
1100.505	8436.000
1100.647	8287.000
1100.789	8401.000
1100.931	8333.000
1101.072	8446.000
1101.214	8295.000
1101.356	8267.000
1101.497	8192.000
1101.639	8424.000
1101.781	8196.000
1101.922	8343.000
1102.064	8254.000
1102.206	8329.000
1102.347	8213.000
1102.489	8356.000
1102.631	8238.000
1102.772	8420.000
1102.914	8160.000
1103.055	8423.000
1103.197	8233.000
1103.339	8376.000
1103.480	8259.000
1103.622	8376.000
1103.763	8215.000
1103.905	8375.000
1104.046	8215.000
1104.188	8336.000
1104.330	8233.000
1104.471	8393.000
1104.613	8178.000
1104.754	8358.000
1104.896	8378.000
1105.037	8380.000
1105.179	8267.000
1105.320	8373.000
1105.462	8206.000
1105.603	8395.000
1105.745	8215.000
1105.886	8363.000
1106.028	8147.000
1106.169	8504.000
1106.311	8295.000
1106.452	8393.000
1106.594	8238.000
1106.735	8410.000
1106.876	8307.000
1107.018	8387.000
1107.159	8224.000
1107.301	8353.000
1107.442	8225.000
1107.584	8372.000
1107.725	8294.000
1107.866	8359.000
1108.008	8166.000
1108.149	8352.000
1108.291	8250.000
1108.432	8355.000
1108.573	8274.000
1108.715	8375.000
1108.856	8166.000
1108.997	8376.000
1109.139	8174.000
1109.280	8395.000
1109.421	8238.000
1109.563	8460.000
1109.704	8263.000
1109.845	8351.000
1109.987	8197.000
1110.128	8340.000
1110.269	8258.000
1110.410	8401.000
1110.552	8185.000
1110.693	8396.000
1110.834	8101.000
1110.975	8362.000
1111.117	8235.000
1111.258	8398.000
1111.399	8179.000
1111.540	8328.000
1111.682	8290.000
1111.823	8299.000
1111.964	8251.000
1112.105	8392.000
1112.247	8192.000
1112.388	8369.000
1112.529	8173.000
1112.670	8414.000
1112.811	8206.000
1112.952	8276.000
1113.094	8167.000
1113.235	8346.000
1113.376	8238.000
1113.517	8285.000
1113.658	8103.000
1113.799	8304.000
1113.940	8271.000
1114.082	8352.000
1114.223	8243.000
1114.364	8374.000
1114.505	8150.000
1114.646	8331.000
1114.787	8132.000
1114.928	8322.000
1115.069	8072.000
1115.210	8310.000
1115.351	8242.000
1115.492	8365.000
1115.633	8181.000
1115.774	8344.000
1115.916	8134.000
1116.057	8332.000
1116.198	8069.000
1116.339	8300.000
1116.480	8124.000
1116.621	8181.000
1116.762	8057.000
1116.903	8244.000
1117.044	8201.000
1117.185	8226.000
1117.326	8087.000
1117.466	8265.000
1117.607	8148.000
1117.748	8257.000
1117.889	8117.000
1118.030	8304.000
1118.171	8103.000
1118.312	8223.000
1118.453	8070.000
1118.594	8304.000
1118.735	8122.000
1118.876	8188.000
1119.017	8138.000
1119.158	8213.000
1119.298	8059.000
1119.439	8156.000
1119.580	8026.000
1119.721	8261.000
1119.862	8149.000
1120.003	8186.000
1120.144	8053.000
1120.284	8242.000
1120.425	8101.000
1120.566	8124.000
1120.707	8009.000
1120.848	8206.000
1120.989	8004.000
1121.129	8194.000
1121.270	8064.000
1121.411	8197.000
1121.552	8059.000
1121.693	8135.000
1121.833	8033.000
1121.974	8206.000
1122.115	8069.000
1122.256	8160.000
1122.396	8078.000
1122.537	8230.000
1122.678	7989.000
1122.819	8158.000
1122.959	8147.000
1123.100	8291.000
1123.241	8094.000
1123.381	8164.000
1123.522	8112.000
1123.663	8131.000
1123.803	8022.000
1123.944	8185.000
1124.085	8051.000
1124.225	8150.000
1124.366	8007.000
1124.507	8157.000
1124.647	8047.000
1124.788	8261.000
1124.929	8080.000
1125.069	8256.000
1125.210	8018.000
1125.351	8245.000
1125.491	8040.000
1125.632	8221.000
1125.772	8075.000
1125.913	8288.000
1126.054	8027.000
1126.194	8176.000
1126.335	8057.000
1126.475	8204.000
1126.616	8057.000
1126.756	8259.000
1126.897	8074.000
1127.037	8192.000
1127.178	8122.000
1127.318	8172.000
1127.459	8119.000
1127.600	8260.000
1127.740	8106.000
1127.881	8200.000
1128.021	8053.000
1128.162	8244.000
1128.302	8131.000
1128.442	8195.000
1128.583	8115.000
1128.723	8248.000
1128.864	8162.000
1129.004	8333.000
1129.145	8089.000
1129.285	8243.000
1129.426	8207.000
1129.566	8280.000
1129.706	8155.000
1129.847	8350.000
1129.987	8197.000
1130.128	8263.000
1130.268	8188.000
1130.408	8259.000
1130.549	8133.000
1130.689	8272.000
1130.830	8141.000
1130.970	8291.000
1131.110	8135.000
1131.251	8222.000
1131.391	8218.000
1131.531	8274.000
1131.672	8146.000
1131.812	8178.000
1131.952	8126.000
1132.093	8339.000
1132.233	8139.000
1132.373	8237.000
1132.513	8173.000
1132.654	8368.000
1132.794	8702.000
1132.934	8263.000
1133.075	8140.000
1133.215	8284.000
1133.355	8126.000
1133.495	8329.000
1133.636	8128.000
1133.776	8315.000
1133.916	8122.000
1134.056	8189.000
1134.196	8194.000
1134.337	8261.000
1134.477	8137.000
1134.617	8241.000
1134.757	8137.000
1134.897	8325.000
1135.038	8111.000
1135.178	8208.000
1135.318	8107.000
1135.458	8188.000
1135.598	8100.000
1135.738	8211.000
1135.879	8133.000
1136.019	8243.000
1136.159	8185.000
1136.299	8202.000
1136.439	8058.000
1136.579	8328.000
1136.719	8131.000
1136.859	8227.000
1136.999	8097.000
1137.140	8139.000
1137.280	8111.000
1137.420	8168.000
1137.560	8102.000
1137.700	8121.000
1137.840	8119.000
1137.980	8162.000
1138.120	8099.000
1138.260	8206.000
1138.400	8094.000
1138.540	8180.000
1138.680	8113.000
1138.820	8291.000
1138.960	8115.000
1139.100	8140.000
1139.240	8139.000
1139.380	8190.000
1139.520	8139.000
1139.660	8176.000
1139.800	8117.000
1139.940	8183.000
1140.080	8139.000
1140.220	8205.000
1140.360	8212.000
1140.500	8218.000
1140.640	8136.000
1140.780	8167.000
1140.919	8094.000
1141.059	8200.000
1141.199	8083.000
1141.339	8255.000
1141.479	8118.000
1141.619	8270.000
1141.759	8128.000
1141.899	8203.000
1142.039	8126.000
1142.178	8211.000
1142.318	8058.000
1142.458	8263.000
1142.598	8145.000
1142.738	8264.000
1142.878	8177.000
1143.017	8327.000
1143.157	8153.000
1143.297	8306.000
1143.437	8124.000
1143.577	8225.000
1143.716	8112.000
1143.856	8329.000
1143.996	8099.000
1144.136	8306.000
1144.275	8146.000
1144.415	8330.000
1144.555	8118.000
1144.695	8278.000
1144.834	8183.000
1144.974	8345.000
1145.114	8247.000
1145.254	8313.000
1145.393	8288.000
1145.533	8404.000
1145.673	8298.000
1145.812	8278.000
1145.952	8233.000
1146.092	8387.000
1146.231	8226.000
1146.371	8323.000
1146.511	8244.000
1146.650	8401.000
1146.790	8209.000
1146.930	8378.000
1147.069	8190.000
1147.209	8474.000
1147.349	8354.000
1147.488	8367.000
1147.628	8207.000
1147.767	8342.000
1147.907	8239.000
1148.047	8326.000
1148.186	8247.000
1148.326	8388.000
1148.465	8267.000
1148.605	8342.000
1148.744	8272.000
1148.884	8402.000
1149.024	8278.000
1149.163	8366.000
1149.303	8262.000
1149.442	8437.000
1149.582	8210.000
1149.721	8360.000
1149.861	8224.000
1150.000	8366.000
1150.140	8163.000
1150.279	8372.000
1150.419	8291.000
1150.558	8298.000
1150.698	8279.000
1150.837	8437.000
1150.977	8214.000
1151.116	8383.000
1151.255	8295.000
1151.395	8339.000
1151.534	8197.000
1151.674	8313.000
1151.813	8208.000
1151.953	8310.000
1152.092	8238.000
1152.231	8374.000
1152.371	8257.000
1152.510	8335.000
1152.650	8206.000
1152.789	8413.000
1152.928	8312.000
1153.068	8353.000
1153.207	8326.000
1153.346	8357.000
1153.486	8254.000
1153.625	8371.000
1153.764	7126.000
1153.904	8353.000
1154.043	8233.000
1154.182	8271.000
1154.322	8162.000
1154.461	8345.000
1154.600	8190.000
1154.740	8341.000
1154.879	8269.000
1155.018	8348.000
1155.157	8203.000
1155.297	8322.000
1155.436	8202.000
1155.575	8373.000
1155.714	8248.000
1155.854	8321.000
1155.993	8127.000
1156.132	8329.000
1156.271	8171.000
1156.411	8266.000
1156.550	8212.000
1156.689	8251.000
1156.828	8198.000
1156.967	8264.000
1157.107	8141.000
1157.246	8341.000
1157.385	8107.000
1157.524	8355.000
1157.663	8197.000
1157.802	8243.000
1157.941	8232.000
1158.081	8196.000
1158.220	8134.000
1158.359	8174.000
1158.498	8067.000
1158.637	8142.000
1158.776	8115.000
1158.915	8283.000
1159.054	8128.000
1159.193	8226.000
1159.333	8088.000
1159.472	8193.000
1159.611	8036.000
1159.750	8158.000
1159.889	8002.000
1160.028	8177.000
1160.167	8027.000
1160.306	8155.000
1160.445	8049.000
1160.584	8180.000
1160.723	8140.000
1160.862	8175.000
1161.001	8067.000
1161.140	8282.000
1161.279	8037.000
1161.418	8146.000
1161.557	8091.000
1161.696	8231.000
1161.835	8048.000
1161.974	8315.000
1162.113	12607.000
1162.252	8297.000
1162.391	8132.000
1162.530	8198.000
1162.669	8136.000
1162.808	8223.000
1162.946	8029.000
1163.085	8206.000
1163.224	8224.000
1163.363	8359.000
1163.502	8198.000
1163.641	8247.000
1163.780	8137.000
1163.919	8264.000
1164.058	8235.000
1164.196	8307.000
1164.335	8172.000
1164.474	8293.000
1164.613	8119.000
1164.752	8293.000
1164.891	8205.000
1165.029	8361.000
1165.168	8225.000
1165.307	8310.000
1165.446	8216.000
1165.585	8323.000
1165.723	8174.000
1165.862	8250.000
1166.001	8161.000
1166.140	8344.000
1166.279	8171.000
1166.417	8305.000
1166.556	8160.000
1166.695	8370.000
1166.834	8185.000
1166.972	8325.000
1167.111	8144.000
1167.250	8309.000
1167.388	8071.000
1167.527	8323.000
1167.666	8119.000
1167.805	8333.000
1167.943	8091.000
1168.082	8355.000
1168.221	8177.000
1168.359	8308.000
1168.498	8151.000
1168.637	8349.000
1168.775	8103.000
1168.914	8379.000
1169.052	8253.000
1169.191	8250.000
1169.330	8176.000
1169.468	8364.000
1169.607	8208.000
1169.746	8326.000
1169.884	8204.000
1170.023	8322.000
1170.161	8213.000
1170.300	8289.000
1170.439	8274.000
1170.577	8349.000
1170.716	8192.000
1170.854	8381.000
1170.993	8175.000
1171.131	8367.000
1171.270	8162.000
1171.408	8301.000
1171.547	8301.000
1171.685	8428.000
1171.824	8227.000
1171.962	8339.000
1172.101	8282.000
1172.239	8431.000
1172.378	8267.000
1172.516	8463.000
1172.655	8252.000
1172.793	8449.000
1172.932	8249.000
1173.070	8319.000
1173.209	8289.000
1173.347	8429.000
1173.486	8277.000
1173.624	8307.000
1173.762	8303.000
1173.901	8482.000
1174.039	8327.000
1174.178	8380.000
1174.316	8282.000
1174.454	8364.000
1174.593	8381.000
1174.731	8456.000
