1129.938	21285.000
1130.084	19264.000
1130.229	20907.000
1130.375	19064.000
1130.521	20558.000
1130.667	18704.000
1130.813	20046.000
1130.958	18385.000
1131.104	19801.000
1131.250	18246.000
1131.396	19492.000
1131.542	18094.000
1131.687	19394.000
1131.833	17822.000
1131.979	19212.000
1132.124	17931.000
1132.270	19159.000
1132.416	17872.000
1132.561	19274.000
1132.707	17972.000
1132.853	19339.000
1132.998	17988.000
1133.144	19681.000
1133.290	18355.000
1133.435	20355.000
1133.581	19289.000
1133.727	21326.000
1133.872	19876.000
1134.018	21643.000
1134.163	19952.000
1134.309	21234.000
1134.455	19404.000
1134.600	20615.000
1134.746	18892.000
1134.891	20136.000
1135.037	18675.000
1135.182	19896.000
1135.328	18273.000
1135.473	19357.000
1135.619	17950.000
1135.764	18832.000
1135.910	17436.000
1136.055	18303.000
1136.201	17075.000
1136.346	17914.000
1136.492	16639.000
1136.637	17505.000
1136.783	16182.000
1136.928	16894.000
1137.074	15740.000
1137.219	16375.000
1137.364	15383.000
1137.510	16104.000
1137.655	15048.000
1137.801	15643.000
1137.946	14695.000
1138.091	15153.000
1138.237	14281.000
1138.382	14677.000
1138.527	13830.000
1138.673	14355.000
1138.818	13466.000
1138.963	13915.000
1139.109	13132.000
1139.254	13530.000
1139.399	12795.000
1139.544	13103.000
1139.690	12379.000
1139.835	12773.000
1139.980	12137.000
1140.125	12424.000
1140.271	11811.000
1140.416	12139.000
1140.561	11615.000
1140.706	11787.000
1140.851	11304.000
1140.997	11497.000
1141.142	11022.000
1141.287	11266.000
1141.432	10887.000
1141.577	10982.000
1141.723	10669.000
1141.868	10815.000
1142.013	10428.000
1142.158	10535.000
1142.303	10173.000
1142.448	10352.000
1142.593	9993.000
1142.738	10145.000
1142.883	9747.000
1143.028	9827.000
1143.174	9549.000
1143.319	9668.000
1143.464	9408.000
1143.609	9488.000
1143.754	9197.000
1143.899	9211.000
1144.044	9009.000
1144.189	9058.000
1144.334	8853.000
1144.479	8812.000
1144.624	8582.000
1144.769	8598.000
1144.914	8389.000
1145.059	8460.000
1145.204	8343.000
1145.348	8266.000
1145.493	8102.000
1145.638	8079.000
1145.783	7944.000
1145.928	7951.000
1146.073	7859.000
1146.218	7703.000
1146.363	7773.000
1146.508	7691.000
1146.653	7630.000
1146.797	7662.000
1146.942	7604.000
1147.087	7600.000
1147.232	7487.000
1147.377	7429.000
1147.522	7403.000
1147.666	7353.000
1147.811	7378.000
1147.956	7264.000
1148.101	7309.000
1148.245	7183.000
1148.390	7143.000
1148.535	7225.000
1148.680	7172.000
1148.824	7101.000
1148.969	7129.000
1149.114	7061.000
1149.259	7026.000
1149.403	7008.000
1149.548	7004.000
1149.693	7007.000
1149.837	7013.000
1149.982	6873.000
1150.127	6944.000
1150.271	6906.000
1150.416	6920.000
1150.561	6812.000
1150.705	6788.000
1150.850	6784.000
1150.994	6821.000
1151.139	6761.000
1151.284	6708.000
1151.428	6653.000
1151.573	6704.000
1151.717	6575.000
1151.862	6620.000
1152.006	6550.000
1152.151	6602.000
1152.295	6496.000
1152.440	6652.000
1152.584	6542.000
1152.729	6593.000
1152.873	6462.000
1153.018	6542.000
1153.162	6463.000
1153.307	6452.000
1153.451	6407.000
1153.596	6509.000
1153.740	6327.000
1153.885	6462.000
1154.029	6386.000
1154.174	6453.000
1154.318	6359.000
1154.462	6459.000
1154.607	6269.000
1154.751	6445.000
1154.896	6328.000
1155.040	6340.000
1155.184	6320.000
1155.329	6407.000
1155.473	6211.000
1155.617	6398.000
1155.762	6162.000
1155.906	6319.000
1156.050	6267.000
1156.194	6404.000
1156.339	6265.000
1156.483	6377.000
1156.627	6146.000
1156.772	6245.000
1156.916	6237.000
1157.060	6291.000
1157.204	6266.000
1157.349	6374.000
1157.493	6179.000
1157.637	6301.000
1157.781	6155.000
1157.925	6322.000
1158.070	6218.000
1158.214	6362.000
1158.358	6127.000
1158.502	6281.000
1158.646	6113.000
1158.790	6384.000
1158.935	6275.000
1159.079	6263.000
1159.223	6207.000
1159.367	6267.000
1159.511	6156.000
1159.655	6298.000
1159.799	6210.000
1159.943	6354.000
1160.087	6154.000
1160.231	6337.000
1160.375	6151.000
1160.519	6289.000
1160.664	6144.000
1160.808	6370.000
1160.952	6198.000
1161.096	6308.000
1161.240	6145.000
1161.384	6295.000
1161.528	6072.000
1161.672	6275.000
1161.815	6168.000
1161.959	6319.000
1162.103	6165.000
1162.247	6339.000
1162.391	6043.000
1162.535	6307.000
1162.679	6121.000
1162.823	6292.000
1162.967	6105.000
1163.111	6353.000
1163.255	6136.000
1163.399	6283.000
1163.542	6108.000
1163.686	6307.000
1163.830	6125.000
1163.974	6221.000
1164.118	6137.000
1164.262	6315.000
1164.405	6059.000
1164.549	6196.000
1164.693	6114.000
1164.837	6263.000
1164.981	6108.000
1165.124	6247.000
1165.268	6057.000
1165.412	6278.000
1165.556	6134.000
1165.699	6269.000
1165.843	6185.000
1165.987	6307.000
1166.131	6145.000
1166.274	6201.000
1166.418	6083.000
1166.562	6253.000
1166.705	6059.000
1166.849	6289.000
1166.993	6222.000
1167.136	6302.000
1167.280	6119.000
1167.424	6345.000
1167.567	6237.000
1167.711	6253.000
1167.854	6088.000
1167.998	6330.000
1168.142	6143.000
1168.285	6283.000
1168.429	6116.000
1168.572	6343.000
1168.716	6160.000
1168.859	6277.000
1169.003	6190.000
1169.147	6310.000
1169.290	6165.000
1169.434	6329.000
1169.577	6203.000
1169.721	6328.000
1169.864	6148.000
1170.008	6407.000
1170.151	6140.000
1170.294	6266.000
1170.438	6167.000
1170.581	6317.000
1170.725	6080.000
1170.868	6291.000
1171.012	6197.000
1171.155	6256.000
1171.298	6091.000
1171.442	6208.000
1171.585	6096.000
1171.729	6236.000
1171.872	6064.000
1172.015	6237.000
1172.159	6093.000
1172.302	6241.000
1172.445	6050.000
1172.589	6239.000
1172.732	5937.000
1172.875	6267.000
1173.019	6033.000
1173.162	6200.000
1173.305	6039.000
1173.449	6259.000
1173.592	6051.000
1173.735	6188.000
1173.878	6132.000
1174.022	6122.000
1174.165	5980.000
1174.308	6211.000
1174.451	6054.000
1174.594	6209.000
1174.738	5990.000
1174.881	6273.000
1175.024	6136.000
1175.167	6228.000
1175.310	6026.000
1175.454	6231.000
1175.597	6091.000
1175.740	6244.000
1175.883	6014.000
1176.026	6284.000
1176.169	6051.000
1176.312	6168.000
1176.455	6096.000
1176.598	6194.000
1176.742	6071.000
1176.885	6320.000
1177.028	6045.000
1177.171	6123.000
1177.314	6094.000
1177.457	6307.000
1177.600	6131.000
1177.743	6207.000
1177.886	6039.000
1178.029	6288.000
1178.172	6060.000
1178.315	6253.000
1178.458	6063.000
1178.601	6305.000
1178.744	6103.000
1178.887	6300.000
1179.030	6175.000
1179.173	6333.000
1179.316	6152.000
1179.458	6340.000
1179.601	6108.000
1179.744	6269.000
1179.887	6216.000
1180.030	6314.000
1180.173	6083.000
1180.316	6377.000
1180.459	6105.000
1180.602	6296.000
1180.744	6173.000
1180.887	6352.000
1181.030	6208.000
1181.173	6347.000
1181.316	6199.000
1181.458	6282.000
1181.601	6169.000
1181.744	6373.000
1181.887	6301.000
1182.030	6309.000
1182.172	6215.000
1182.315	6348.000
1182.458	6279.000
1182.601	6416.000
1182.743	6197.000
1182.886	6371.000
1183.029	6257.000
1183.171	6438.000
1183.314	6263.000
1183.457	6427.000
1183.599	6215.000
1183.742	6471.000
1183.885	6224.000
1184.027	6469.000
1184.170	6275.000
1184.313	6502.000
1184.455	6284.000
1184.598	6587.000
1184.741	6271.000
1184.883	6618.000
1185.026	6323.000
1185.168	6500.000
1185.311	6318.000
1185.453	6516.000
1185.596	6379.000
1185.739	6476.000
1185.881	6376.000
1186.024	6550.000
1186.166	6358.000
1186.309	6521.000
1186.451	6356.000
1186.594	6539.000
1186.736	6455.000
1186.879	6598.000
1187.021	6464.000
1187.164	6564.000
1187.306	6396.000
1187.448	6647.000
1187.591	6321.000
1187.733	6609.000
1187.876	6480.000
1188.018	6600.000
1188.160	6513.000
1188.303	6563.000
1188.445	6374.000
1188.588	6568.000
1188.730	6489.000
1188.872	6730.000
1189.015	6475.000
1189.157	6640.000
1189.299	6427.000
1189.442	6688.000
1189.584	6488.000
1189.726	6636.000
1189.869	6434.000
1190.011	6690.000
1190.153	6545.000
1190.295	6656.000
1190.438	6517.000
1190.580	6707.000
1190.722	6471.000
1190.864	6680.000
1191.007	6562.000
1191.149	6630.000
1191.291	6439.000
1191.433	6713.000
1191.576	6549.000
1191.718	6779.000
1191.860	6522.000
1192.002	6759.000
1192.144	6567.000
1192.286	6713.000
1192.429	6586.000
1192.571	6770.000
1192.713	6575.000
1192.855	6782.000
1192.997	6594.000
1193.139	6749.000
1193.281	6594.000
1193.423	6818.000
1193.565	6637.000
1193.707	6801.000
1193.850	6587.000
1193.992	6732.000
1194.134	6566.000
1194.276	6799.000
1194.418	6558.000
1194.560	6738.000
1194.702	6573.000
1194.844	6716.000
1194.986	6541.000
1195.128	6722.000
1195.270	6607.000
1195.412	6740.000
1195.554	6578.000
1195.696	6794.000
1195.837	6648.000
1195.979	6715.000
1196.121	6576.000
1196.263	6774.000
1196.405	6623.000
1196.547	6741.000
1196.689	6553.000
1196.831	6781.000
1196.973	6543.000
1197.115	6658.000
1197.256	6513.000
1197.398	6680.000
1197.540	6568.000
1197.682	6699.000
1197.824	6493.000
1197.966	6655.000
1198.107	6462.000
1198.249	6630.000
1198.391	6546.000
1198.533	6610.000
1198.675	6436.000
1198.816	6607.000
1198.958	6384.000
1199.100	6659.000
1199.242	6481.000
1199.383	6548.000
1199.525	6388.000
1199.667	6481.000
1199.808	6398.000
1199.950	6537.000
1200.092	6411.000
1200.233	6580.000
1200.375	6328.000
1200.517	6540.000
1200.658	6342.000
1200.800	6488.000
1200.942	6292.000
1201.083	6482.000
1201.225	6341.000
1201.367	6494.000
1201.508	6238.000
1201.650	6283.000
1201.791	6167.000
1201.933	6388.000
1202.074	6083.000
1202.216	6299.000
1202.358	6120.000
1202.499	6277.000
1202.641	6098.000
1202.782	6256.000
1202.924	6079.000
1203.065	6285.000
1203.207	5923.000
1203.348	6228.000
1203.490	6007.000
1203.631	6164.000
1203.773	6014.000
1203.914	6172.000
1204.056	5962.000
1204.197	6095.000
1204.338	5907.000
1204.480	6091.000
1204.621	5909.000
1204.763	6079.000
1204.904	5829.000
1205.045	6036.000
1205.187	6030.000
1205.328	6053.000
1205.470	5912.000
1205.611	6083.000
1205.752	5842.000
1205.894	6066.000
1206.035	5840.000
1206.176	6055.000
1206.318	5786.000
1206.459	6127.000
1206.600	5861.000
1206.741	6082.000
1206.883	5832.000
1207.024	6056.000
1207.165	5821.000
1207.306	6007.000
1207.448	5711.000
1207.589	5939.000
1207.730	5774.000
1207.871	5954.000
1208.013	5798.000
1208.154	5922.000
1208.295	5630.000
1208.436	5905.000
1208.577	5712.000
1208.719	5844.000
1208.860	5697.000
1209.001	5867.000
1209.142	5566.000
1209.283	5840.000
1209.424	5600.000
1209.565	5829.000
1209.706	5647.000
1209.848	5892.000
1209.989	5612.000
1210.130	5753.000
1210.271	5525.000
1210.412	5702.000
1210.553	5572.000
1210.694	5810.000
1210.835	5520.000
1210.976	5714.000
1211.117	5435.000
1211.258	5688.000
1211.399	5504.000
1211.540	5671.000
1211.681	5455.000
1211.822	5643.000
1211.963	5534.000
1212.104	5596.000
1212.245	5465.000
1212.386	5669.000
1212.527	5372.000
1212.668	5614.000
1212.809	5356.000
1212.950	5657.000
1213.090	5411.000
1213.231	5519.000
1213.372	5395.000
1213.513	5575.000
1213.654	5389.000
1213.795	5478.000
1213.936	5241.000
1214.077	5524.000
1214.217	5393.000
1214.358	5555.000
1214.499	5371.000
1214.640	5597.000
1214.781	5329.000
1214.921	5499.000
1215.062	5335.000
1215.203	5465.000
1215.344	5229.000
1215.485	5468.000
1215.625	5375.000
1215.766	5526.000
1215.907	5277.000
1216.047	5486.000
1216.188	5273.000
1216.329	5465.000
1216.470	5199.000
1216.610	5458.000
1216.751	5233.000
1216.892	5394.000
1217.032	5195.000
1217.173	5390.000
1217.314	5311.000
1217.454	5390.000
1217.595	5215.000
1217.735	5429.000
1217.876	5257.000
1218.017	5413.000
1218.157	5191.000
1218.298	5434.000
1218.438	5224.000
1218.579	5365.000
1218.720	5177.000
1218.860	5435.000
1219.001	5214.000
1219.141	5364.000
1219.282	5198.000
1219.422	5353.000
1219.563	5144.000
1219.703	5296.000
1219.844	5116.000
1219.984	5395.000
1220.125	5259.000
1220.265	5335.000
1220.406	5183.000
1220.546	5375.000
1220.687	5130.000
1220.827	5320.000
1220.967	5098.000
1221.108	5358.000
1221.248	5109.000
1221.389	5326.000
1221.529	5147.000
1221.669	5346.000
1221.810	5161.000
1221.950	5298.000
1222.091	5097.000
1222.231	5358.000
1222.371	5132.000
1222.512	5323.000
1222.652	5167.000
1222.792	5342.000
1222.933	5049.000
1223.073	5300.000
1223.213	5177.000
1223.353	5387.000
1223.494	5161.000
1223.634	5298.000
1223.774	5175.000
1223.914	5285.000
1224.055	5085.000
1224.195	5326.000
1224.335	5154.000
1224.475	5305.000
1224.616	5100.000
1224.756	5298.000
1224.896	5124.000
1225.036	5339.000
1225.176	5158.000
1225.316	5319.000
1225.457	5072.000
1225.597	5346.000
1225.737	5105.000
1225.877	5325.000
1226.017	5128.000
1226.157	5351.000
1226.297	5105.000
1226.437	5298.000
1226.578	5105.000
1226.718	5279.000
1226.858	5114.000
1226.998	5371.000
1227.138	5132.000
1227.278	5274.000
1227.418	5116.000
1227.558	5269.000
1227.698	5145.000
1227.838	5350.000
1227.978	5114.000
1228.118	5258.000
1228.258	5075.000
1228.398	5328.000
1228.538	5140.000
1228.678	5264.000
1228.818	5123.000
1228.958	5269.000
1229.098	5130.000
1229.238	5360.000
1229.377	5106.000
1229.517	5272.000
1229.657	5172.000
1229.797	5294.000
1229.937	5103.000
1230.077	5388.000
1230.217	5142.000
1230.357	5321.000
1230.496	5168.000
1230.636	5320.000
1230.776	5149.000
1230.916	5276.000
1231.056	5080.000
1231.196	5330.000
1231.335	5147.000
1231.475	5247.000
1231.615	5171.000
1231.755	5305.000
1231.894	5111.000
1232.034	5237.000
1232.174	5081.000
1232.314	5353.000
1232.453	5119.000
1232.593	5265.000
1232.733	5158.000
1232.873	5360.000
1233.012	5300.000
1233.152	5285.000
1233.292	5137.000
1233.431	5288.000
1233.571	5061.000
1233.711	5344.000
1233.850	5090.000
1233.990	5343.000
1234.129	5076.000
1234.269	5220.000
1234.409	5147.000
1234.548	5283.000
1234.688	5087.000
1234.828	5252.000
1234.967	5080.000
1235.107	5317.000
1235.246	5095.000
1235.386	5245.000
1235.525	5069.000
1235.665	5234.000
1235.804	5057.000
1235.944	5272.000
1236.083	5094.000
1236.223	5242.000
1236.362	5144.000
1236.502	5215.000
1236.641	5062.000
1236.781	5379.000
1236.920	5084.000
1237.060	5232.000
1237.199	5086.000
1237.339	5195.000
1237.478	5064.000
1237.617	5200.000
1237.757	5096.000
1237.896	5175.000
1238.036	5047.000
1238.175	5165.000
1238.314	5069.000
1238.454	5254.000
1238.593	5101.000
1238.732	5243.000
1238.872	5098.000
1239.011	5304.000
1239.150	5065.000
1239.290	5207.000
1239.429	5095.000
1239.568	5206.000
1239.708	5122.000
1239.847	5200.000
1239.986	5070.000
1240.125	5199.000
1240.265	5118.000
1240.404	5243.000
1240.543	5117.000
1240.682	5236.000
1240.822	5091.000
1240.961	5191.000
1241.100	5048.000
1241.239	5211.000
1241.378	5051.000
1241.518	5282.000
1241.657	5097.000
1241.796	5244.000
1241.935	5051.000
1242.074	5217.000
1242.213	5066.000
1242.352	5202.000
1242.492	5007.000
1242.631	5249.000
1242.770	5059.000
1242.909	5295.000
1243.048	5102.000
1243.187	5321.000
1243.326	5041.000
1243.465	5252.000
1243.604	5058.000
1243.743	5250.000
1243.882	5045.000
1244.021	5305.000
1244.160	5001.000
1244.299	5277.000
1244.438	5079.000
1244.577	5303.000
1244.716	5062.000
1244.855	5233.000
1244.994	5087.000
1245.133	5271.000
1245.272	5100.000
1245.411	5268.000
1245.550	5142.000
1245.689	5322.000
1245.828	5140.000
1245.967	5223.000
1246.106	5122.000
1246.244	5292.000
1246.383	5055.000
1246.522	5300.000
1246.661	5087.000
1246.800	5308.000
1246.939	5076.000
1247.078	5308.000
1247.216	5051.000
1247.355	5333.000
1247.494	5148.000
1247.633	5315.000
1247.772	5073.000
1247.910	5246.000
1248.049	5089.000
1248.188	5240.000
1248.327	5118.000
1248.465	5286.000
1248.604	5157.000
1248.743	5242.000
1248.882	5115.000
1249.020	5279.000
1249.159	5150.000
1249.298	5267.000
1249.436	5094.000
1249.575	5299.000
1249.714	5094.000
1249.852	5242.000
1249.991	5084.000
1250.130	5237.000
1250.268	5048.000
1250.407	5294.000
1250.546	5108.000
1250.684	5195.000
1250.823	5123.000
1250.961	5360.000
1251.100	5078.000
1251.239	5304.000
1251.377	5146.000
1251.516	5252.000
1251.654	5075.000
1251.793	5229.000
1251.931	5110.000
1252.070	5197.000
1252.208	5127.000
1252.347	5274.000
1252.485	5092.000
1252.624	5251.000
1252.762	5073.000
1252.901	5303.000
1253.039	5173.000
1253.178	5259.000
1253.316	5175.000
1253.455	5279.000
1253.593	5104.000
1253.732	5279.000
1253.870	4727.000
1254.008	5228.000
1254.147	5130.000
1254.285	5217.000
1254.424	4997.000
1254.562	5254.000
1254.700	5035.000
1254.839	5274.000
1254.977	5164.000
1255.115	5264.000
1255.254	5109.000
1255.392	5216.000
1255.530	5123.000
1255.669	5297.000
1255.807	5125.000
1255.945	5286.000
1256.084	5007.000
1256.222	5292.000
1256.360	5038.000
1256.498	5220.000
1256.637	5077.000
1256.775	5213.000
1256.913	5084.000
1257.051	5263.000
1257.189	5063.000
1257.328	5306.000
1257.466	5015.000
1257.604	5333.000
1257.742	5080.000
1257.880	5182.000
1258.019	5136.000
1258.157	5221.000
1258.295	5063.000
1258.433	5161.000
1258.571	5027.000
1258.709	5186.000
1258.847	5055.000
1258.986	5285.000
1259.124	5068.000
1259.262	5265.000
1259.400	5038.000
1259.538	5204.000
1259.676	5045.000
1259.814	5217.000
1259.952	4988.000
1260.090	5234.000
1260.228	4987.000
1260.366	5179.000
1260.504	5026.000
1260.642	5214.000
1260.780	5128.000
1260.918	5215.000
1261.056	5038.000
1261.194	5308.000
1261.332	5009.000
1261.470	5206.000
1261.608	5066.000
1261.746	5288.000
1261.884	5054.000
1262.022	5334.000
1262.160	6422.000
1262.297	5315.000
1262.435	5096.000
1262.573	5262.000
1262.711	5131.000
1262.849	5264.000
1262.987	5032.000
1263.125	5223.000
1263.262	5163.000
1263.400	5363.000
1263.538	5178.000
1263.676	5235.000
1263.814	5069.000
1263.952	5293.000
1264.089	5169.000
1264.227	5344.000
1264.365	5139.000
1264.503	5273.000
1264.640	5096.000
1264.778	5338.000
1264.916	5146.000
1265.054	5359.000
1265.191	5171.000
1265.329	5353.000
1265.467	5165.000
1265.604	5318.000
1265.742	5127.000
1265.880	5269.000
1266.017	5110.000
1266.155	5381.000
1266.293	5127.000
1266.430	5331.000
1266.568	5139.000
1266.706	5389.000
1266.843	5163.000
1266.981	5413.000
1267.119	5153.000
1267.256	5360.000
1267.394	5055.000
1267.531	5350.000
1267.669	5089.000
1267.806	5386.000
1267.944	5106.000
1268.081	5410.000
1268.219	5151.000
1268.357	5383.000
1268.494	5160.000
1268.632	5397.000
1268.769	5076.000
1268.907	5402.000
1269.044	5222.000
1269.182	5318.000
1269.319	5152.000
1269.456	5394.000
1269.594	5155.000
1269.731	5349.000
1269.869	5175.000
1270.006	5354.000
1270.144	5209.000
1270.281	5359.000
1270.418	5230.000
1270.556	5381.000
1270.693	5237.000
1270.831	5458.000
1270.968	5161.000
1271.105	5376.000
1271.243	5163.000
1271.380	5380.000
1271.517	5281.000
1271.655	5454.000
1271.792	5221.000
1271.929	5393.000
1272.066	5256.000
1272.204	5480.000
1272.341	5236.000
1272.478	5519.000
1272.616	5248.000
1272.753	5505.000
1272.890	5239.000
1273.027	5408.000
1273.165	5259.000
1273.302	5464.000
1273.439	5232.000
1273.576	5370.000
1273.713	5301.000
1273.851	5520.000
1273.988	5356.000
1274.125	5442.000
1274.262	5238.000
1274.399	5387.000
1274.536	5318.000
1274.673	5490.000
