1329.918	5409.000
1330.066	5461.000
1330.214	5351.000
1330.363	5555.000
1330.511	5356.000
1330.659	5551.000
1330.807	5311.000
1330.955	5508.000
1331.103	5343.000
1331.251	5459.000
1331.399	5271.000
1331.547	5511.000
1331.695	5342.000
1331.843	5441.000
1331.991	5300.000
1332.139	5525.000
1332.287	5255.000
1332.435	5519.000
1332.583	5247.000
1332.730	5501.000
1332.878	5241.000
1333.026	5397.000
1333.174	5414.000
1333.322	5439.000
1333.470	5332.000
1333.618	5408.000
1333.765	5290.000
1333.913	5384.000
1334.061	5295.000
1334.209	5392.000
1334.356	5279.000
1334.504	5423.000
1334.652	5330.000
1334.800	5394.000
1334.947	5234.000
1335.095	5374.000
1335.243	5319.000
1335.390	5398.000
1335.538	5305.000
1335.686	5422.000
1335.833	5256.000
1335.981	5444.000
1336.128	5243.000
1336.276	5438.000
1336.424	5204.000
1336.571	5403.000
1336.719	5249.000
1336.866	5338.000
1337.014	5252.000
1337.161	5375.000
1337.309	5172.000
1337.456	5295.000
1337.604	5243.000
1337.751	5365.000
1337.899	5187.000
1338.046	5328.000
1338.194	5188.000
1338.341	5345.000
1338.488	5127.000
1338.636	5275.000
1338.783	5185.000
1338.930	5300.000
1339.078	5147.000
1339.225	5239.000
1339.372	5102.000
1339.520	5336.000
1339.667	5135.000
1339.814	5236.000
1339.962	5112.000
1340.109	5267.000
1340.256	5134.000
1340.403	5254.000
1340.550	5133.000
1340.698	5275.000
1340.845	5050.000
1340.992	5222.000
1341.139	5069.000
1341.286	5218.000
1341.433	5114.000
1341.581	5285.000
1341.728	5050.000
1341.875	5227.000
1342.022	5097.000
1342.169	5228.000
1342.316	5031.000
1342.463	5199.000
1342.610	5033.000
1342.757	5196.000
1342.904	5083.000
1343.051	5168.000
1343.198	5019.000
1343.345	5208.000
1343.492	5062.000
1343.639	5163.000
1343.786	5074.000
1343.933	5154.000
1344.080	4991.000
1344.226	5168.000
1344.373	5006.000
1344.520	5168.000
1344.667	5003.000
1344.814	5103.000
1344.961	4958.000
1345.108	5066.000
1345.254	4999.000
1345.401	5189.000
1345.548	4985.000
1345.695	5104.000
1345.841	4959.000
1345.988	5086.000
1346.135	4990.000
1346.282	5105.000
1346.428	4839.000
1346.575	5127.000
1346.722	4929.000
1346.868	5065.000
1347.015	4967.000
1347.162	5136.000
1347.308	4985.000
1347.455	5105.000
1347.601	4964.000
1347.748	5074.000
1347.894	4933.000
1348.041	5161.000
1348.188	4914.000
1348.334	5101.000
1348.481	4894.000
1348.627	4989.000
1348.774	5000.000
1348.920	5086.000
1349.067	4930.000
1349.213	5089.000
1349.359	4901.000
1349.506	5000.000
1349.652	4900.000
1349.799	5035.000
1349.945	4954.000
1350.091	5094.000
1350.238	4882.000
1350.384	5073.000
1350.530	4941.000
1350.677	5051.000
1350.823	4898.000
1350.969	5008.000
1351.116	4926.000
1351.262	5130.000
1351.408	4972.000
1351.554	5069.000
1351.701	4890.000
1351.847	5075.000
1351.993	4923.000
1352.139	5045.000
1352.285	4879.000
1352.432	5018.000
1352.578	4850.000
1352.724	5063.000
1352.870	4885.000
1353.016	5075.000
1353.162	4913.000
1353.308	5069.000
1353.454	4894.000
1353.600	5031.000
1353.747	4857.000
1353.893	5019.000
1354.039	4817.000
1354.185	5008.000
1354.331	4900.000
1354.477	4971.000
1354.623	4888.000
1354.768	5080.000
1354.914	4757.000
1355.060	5005.000
1355.206	4832.000
1355.352	4943.000
1355.498	4870.000
1355.644	5032.000
1355.790	4809.000
1355.936	4997.000
1356.082	4762.000
1356.227	4927.000
1356.373	4822.000
1356.519	5027.000
1356.665	4816.000
1356.811	4994.000
1356.956	4749.000
1357.102	4913.000
1357.248	4847.000
1357.394	4959.000
1357.539	4835.000
1357.685	5030.000
1357.831	4797.000
1357.976	4923.000
1358.122	4763.000
1358.268	4989.000
1358.413	4810.000
1358.559	5016.000
1358.704	4747.000
1358.850	4912.000
1358.996	4716.000
1359.141	5017.000
1359.287	4869.000
1359.432	4908.000
1359.578	4810.000
1359.723	4924.000
1359.869	4764.000
1360.014	4938.000
1360.160	4792.000
1360.305	4992.000
1360.451	4709.000
1360.596	4941.000
1360.742	4762.000
1360.887	4924.000
1361.032	4716.000
1361.178	4990.000
1361.323	4754.000
1361.469	4910.000
1361.614	4704.000
1361.759	4860.000
1361.905	4680.000
1362.050	4859.000
1362.195	4759.000
1362.341	4946.000
1362.486	4759.000
1362.631	4959.000
1362.776	4647.000
1362.922	4947.000
1363.067	4726.000
1363.212	4914.000
1363.357	4746.000
1363.502	4985.000
1363.648	4749.000
1363.793	4918.000
1363.938	4700.000
1364.083	4930.000
1364.228	4718.000
1364.373	4839.000
1364.518	4769.000
1364.663	4958.000
1364.808	4686.000
1364.954	4833.000
1365.099	4741.000
1365.244	4911.000
1365.389	4759.000
1365.534	4853.000
1365.679	4690.000
1365.824	4932.000
1365.969	4763.000
1366.113	4936.000
1366.258	4811.000
1366.403	4996.000
1366.548	4745.000
1366.693	4856.000
1366.838	4683.000
1366.983	4889.000
1367.128	4705.000
1367.273	4929.000
1367.417	4797.000
1367.562	4930.000
1367.707	4686.000
1367.852	4936.000
1367.997	4835.000
1368.141	4872.000
1368.286	4707.000
1368.431	4919.000
1368.576	4708.000
1368.720	4905.000
1368.865	4728.000
1369.010	4938.000
1369.154	4729.000
1369.299	4886.000
1369.444	4715.000
1369.588	4907.000
1369.733	4746.000
1369.878	4902.000
1370.022	4750.000
1370.167	4906.000
1370.311	4705.000
1370.456	4985.000
1370.601	4742.000
1370.745	4856.000
1370.890	4757.000
1371.034	4933.000
1371.179	4684.000
1371.323	4913.000
1371.468	4807.000
1371.612	4920.000
1371.757	4738.000
1371.901	4863.000
1372.045	4711.000
1372.190	4863.000
1372.334	4733.000
1372.479	4863.000
1372.623	4767.000
1372.767	4895.000
1372.912	4719.000
1373.056	4853.000
1373.200	4591.000
1373.345	4933.000
1373.489	4717.000
1373.633	4842.000
1373.777	4683.000
1373.922	4926.000
1374.066	4693.000
1374.210	4867.000
1374.354	4780.000
1374.499	4823.000
1374.643	4628.000
1374.787	4904.000
1374.931	4680.000
1375.075	4864.000
1375.219	4649.000
1375.364	4921.000
1375.508	4768.000
1375.652	4912.000
1375.796	4675.000
1375.940	4883.000
1376.084	4734.000
1376.228	4884.000
1376.372	4646.000
1376.516	4924.000
1376.660	4683.000
1376.804	4776.000
1376.948	4720.000
1377.092	4817.000
1377.236	4682.000
1377.380	4938.000
1377.524	4654.000
1377.668	4740.000
1377.812	4676.000
1377.956	4871.000
1378.099	4730.000
1378.243	4793.000
1378.387	4617.000
1378.531	4863.000
1378.675	4667.000
1378.819	4815.000
1378.962	4635.000
1379.106	4852.000
1379.250	4681.000
1379.394	4833.000
1379.538	4707.000
1379.681	4852.000
1379.825	4696.000
1379.969	4899.000
1380.112	4637.000
1380.256	4780.000
1380.400	4702.000
1380.543	4818.000
1380.687	4558.000
1380.831	4866.000
1380.974	4562.000
1381.118	4754.000
1381.262	4616.000
1381.405	4836.000
1381.549	4652.000
1381.692	4822.000
1381.836	4679.000
1381.979	4755.000
1382.123	4611.000
1382.266	4792.000
1382.410	4726.000
1382.553	4745.000
1382.697	4632.000
1382.840	4743.000
1382.984	4647.000
1383.127	4827.000
1383.271	4576.000
1383.414	4711.000
1383.557	4620.000
1383.701	4766.000
1383.844	4632.000
1383.987	4804.000
1384.131	4580.000
1384.274	4819.000
1384.417	4575.000
1384.561	4814.000
1384.704	4597.000
1384.847	4838.000
1384.990	4630.000
1385.134	4878.000
1385.277	4564.000
1385.420	4909.000
1385.563	4612.000
1385.707	4801.000
1385.850	4641.000
1385.993	4832.000
1386.136	4651.000
1386.279	4743.000
1386.422	4627.000
1386.565	4850.000
1386.709	4598.000
1386.852	4798.000
1386.995	4629.000
1387.138	4806.000
1387.281	4723.000
1387.424	4837.000
1387.567	4688.000
1387.710	4797.000
1387.853	4603.000
1387.996	4862.000
1388.139	4539.000
1388.282	4803.000
1388.425	4656.000
1388.568	4780.000
1388.711	4700.000
1388.854	4739.000
1388.997	4536.000
1389.139	4729.000
1389.282	4661.000
1389.425	4879.000
1389.568	4622.000
1389.711	4819.000
1389.854	4592.000
1389.996	4842.000
1390.139	4659.000
1390.282	4794.000
1390.425	4572.000
1390.568	4837.000
1390.710	4671.000
1390.853	4815.000
1390.996	4618.000
1391.138	4831.000
1391.281	4615.000
1391.424	4828.000
1391.566	4671.000
1391.709	4725.000
1391.852	4531.000
1391.994	4809.000
1392.137	4634.000
1392.280	4909.000
1392.422	4600.000
1392.565	4837.000
1392.707	4628.000
1392.850	4800.000
1392.992	4629.000
1393.135	4782.000
1393.277	4639.000
1393.420	4824.000
1393.562	4638.000
1393.705	4796.000
1393.847	4646.000
1393.990	4849.000
1394.132	4671.000
1394.275	4855.000
1394.417	4598.000
1394.560	4737.000
1394.702	4583.000
1394.844	4852.000
1394.987	4585.000
1395.129	4793.000
1395.271	4589.000
1395.414	4749.000
1395.556	4607.000
1395.698	4735.000
1395.840	4625.000
1395.983	4791.000
1396.125	4622.000
1396.267	4798.000
1396.409	4678.000
1396.552	4788.000
1396.694	4611.000
1396.836	4849.000
1396.978	4680.000
1397.120	4777.000
1397.263	4578.000
1397.405	4849.000
1397.547	4622.000
1397.689	4777.000
1397.831	4581.000
1397.973	4786.000
1398.115	4631.000
1398.257	4799.000
1398.399	4605.000
1398.541	4789.000
1398.683	4567.000
1398.825	4741.000
1398.967	4665.000
1399.109	4777.000
1399.251	4578.000
1399.393	4772.000
1399.535	4563.000
1399.677	4831.000
1399.819	4684.000
1399.961	4733.000
1400.103	4621.000
1400.245	4725.000
1400.387	4632.000
1400.528	4820.000
1400.670	4649.000
1400.812	4815.000
1400.954	4595.000
1401.096	4775.000
1401.238	4611.000
1401.379	4820.000
1401.521	4599.000
1401.663	4835.000
1401.805	4646.000
1401.946	4823.000
1402.088	4628.000
1402.230	4669.000
1402.371	4543.000
1402.513	4791.000
1402.655	4543.000
1402.796	4763.000
1402.938	4590.000
1403.080	4789.000
1403.221	4600.000
1403.363	4754.000
1403.504	4621.000
1403.646	4824.000
1403.788	4470.000
1403.929	4823.000
1404.071	4598.000
1404.212	4775.000
1404.354	4620.000
1404.495	4828.000
1404.637	4615.000
1404.778	4770.000
1404.919	4552.000
1405.061	4755.000
1405.202	4582.000
1405.344	4770.000
1405.485	4548.000
1405.627	4752.000
1405.768	4702.000
1405.909	4770.000
1406.051	4608.000
1406.192	4784.000
1406.333	4559.000
1406.475	4772.000
1406.616	4561.000
1406.757	4763.000
1406.898	4540.000
1407.040	4883.000
1407.181	4593.000
1407.322	4823.000
1407.463	4583.000
1407.605	4776.000
1407.746	4627.000
1407.887	4767.000
1408.028	4535.000
1408.169	4767.000
1408.310	4564.000
1408.452	4799.000
1408.593	4638.000
1408.734	4760.000
1408.875	4535.000
1409.016	4767.000
1409.157	4618.000
1409.298	4730.000
1409.439	4584.000
1409.580	4751.000
1409.721	4522.000
1409.862	4774.000
1410.003	4538.000
1410.144	4798.000
1410.285	4607.000
1410.426	4820.000
1410.567	4591.000
1410.708	4728.000
1410.849	4553.000
1410.990	4735.000
1411.131	4619.000
1411.271	4850.000
1411.412	4569.000
1411.553	4811.000
1411.694	4501.000
1411.835	4780.000
1411.976	4578.000
1412.116	4792.000
1412.257	4560.000
1412.398	4722.000
1412.539	4678.000
1412.680	4698.000
1412.820	4553.000
1412.961	4799.000
1413.102	4531.000
1413.242	4735.000
1413.383	4540.000
1413.524	4820.000
1413.664	4596.000
1413.805	4709.000
1413.946	4579.000
1414.086	4758.000
1414.227	4588.000
1414.367	4649.000
1414.508	4498.000
1414.649	4751.000
1414.789	4625.000
1414.930	4755.000
1415.070	4597.000
1415.211	4796.000
1415.351	4560.000
1415.492	4735.000
1415.632	4559.000
1415.773	4716.000
1415.913	4475.000
1416.053	4702.000
1416.194	4634.000
1416.334	4784.000
1416.475	4512.000
1416.615	4765.000
1416.755	4549.000
1416.896	4729.000
1417.036	4471.000
1417.176	4715.000
1417.317	4507.000
1417.457	4675.000
1417.597	4460.000
1417.738	4668.000
1417.878	4610.000
1418.018	4707.000
1418.158	4500.000
1418.299	4709.000
1418.439	4548.000
1418.579	4714.000
1418.719	4505.000
1418.859	4751.000
1419.000	4505.000
1419.140	4669.000
1419.280	4510.000
1419.420	4749.000
1419.560	4539.000
1419.700	4681.000
1419.840	4515.000
1419.980	4652.000
1420.120	4486.000
1420.260	4607.000
1420.400	4469.000
1420.540	4716.000
1420.680	4541.000
1420.820	4667.000
1420.960	4521.000
1421.100	4695.000
1421.240	4513.000
1421.380	4655.000
1421.520	4477.000
1421.660	4681.000
1421.800	4468.000
1421.940	4648.000
1422.080	4520.000
1422.220	4696.000
1422.360	4490.000
1422.499	4637.000
1422.639	4473.000
1422.779	4705.000
1422.919	4491.000
1423.059	4654.000
1423.198	4539.000
1423.338	4656.000
1423.478	4428.000
1423.618	4642.000
1423.757	4562.000
1423.897	4740.000
1424.037	4515.000
1424.176	4655.000
1424.316	4533.000
1424.456	4620.000
1424.595	4475.000
1424.735	4677.000
1424.875	4488.000
1425.014	4641.000
1425.154	4471.000
1425.293	4658.000
1425.433	4452.000
1425.573	4710.000
1425.712	4528.000
1425.852	4707.000
1425.991	4444.000
1426.131	4734.000
1426.270	4488.000
1426.410	4696.000
1426.549	4484.000
1426.689	4745.000
1426.828	4467.000
1426.967	4666.000
1427.107	4504.000
1427.246	4672.000
1427.386	4469.000
1427.525	4756.000
1427.664	4523.000
1427.804	4663.000
1427.943	4522.000
1428.082	4652.000
1428.222	4507.000
1428.361	4734.000
1428.500	4514.000
1428.640	4666.000
1428.779	4473.000
1428.918	4703.000
1429.057	4553.000
1429.196	4674.000
1429.336	4498.000
1429.475	4681.000
1429.614	4551.000
1429.753	4745.000
1429.892	4529.000
1430.032	4620.000
1430.171	4571.000
1430.310	4688.000
1430.449	4506.000
1430.588	4780.000
1430.727	4572.000
1430.866	4739.000
1431.005	4562.000
1431.144	4729.000
1431.283	4540.000
1431.422	4683.000
1431.561	4520.000
1431.700	4744.000
1431.839	4564.000
1431.978	4641.000
1432.117	4594.000
1432.256	4736.000
1432.395	4538.000
1432.534	4634.000
1432.673	4519.000
1432.812	4761.000
1432.951	4527.000
1433.089	4731.000
1433.228	4553.000
1433.367	4779.000
1433.506	4735.000
1433.645	4737.000
1433.783	4548.000
1433.922	4710.000
1434.061	4490.000
1434.200	4781.000
1434.339	4522.000
1434.477	4777.000
1434.616	4516.000
1434.755	4655.000
1434.893	4607.000
1435.032	4703.000
1435.171	4553.000
1435.309	4711.000
1435.448	4560.000
1435.587	4757.000
1435.725	4545.000
1435.864	4681.000
1436.002	4512.000
1436.141	4655.000
1436.280	4517.000
1436.418	4728.000
1436.557	4555.000
1436.695	4685.000
1436.834	4598.000
1436.972	4687.000
1437.111	4511.000
1437.249	4779.000
1437.388	4517.000
1437.526	4708.000
1437.664	4549.000
1437.803	4659.000
1437.941	4542.000
1438.080	4688.000
1438.218	4523.000
1438.356	4613.000
1438.495	4539.000
1438.633	4635.000
1438.771	4546.000
1438.910	4699.000
1439.048	4546.000
1439.186	4709.000
1439.325	4549.000
1439.463	4745.000
1439.601	4543.000
1439.739	4678.000
1439.878	4546.000
1440.016	4699.000
1440.154	4601.000
1440.292	4679.000
1440.430	4561.000
1440.569	4680.000
1440.707	4568.000
1440.845	4722.000
1440.983	4607.000
1441.121	4696.000
1441.259	4548.000
1441.397	4657.000
1441.535	4546.000
1441.673	4658.000
1441.811	4525.000
1441.949	4767.000
1442.087	4586.000
1442.225	4734.000
1442.363	4527.000
1442.501	4677.000
1442.639	4543.000
1442.777	4711.000
1442.915	4492.000
1443.053	4767.000
1443.191	4525.000
1443.329	4778.000
1443.467	4612.000
1443.605	4755.000
1443.743	4543.000
1443.881	4760.000
1444.018	4538.000
1444.156	4675.000
1444.294	4517.000
1444.432	4771.000
1444.570	4530.000
1444.707	4758.000
1444.845	4571.000
1444.983	4784.000
1445.121	4521.000
1445.258	4736.000
1445.396	4569.000
1445.534	4759.000
1445.671	4569.000
1445.809	4755.000
1445.947	4628.000
1446.084	4810.000
1446.222	4617.000
1446.360	4723.000
1446.497	4577.000
1446.635	4818.000
1446.772	4558.000
1446.910	4793.000
1447.048	4569.000
1447.185	4809.000
1447.323	4550.000
1447.460	4814.000
1447.598	4549.000
1447.735	4845.000
1447.873	4672.000
1448.010	4824.000
1448.147	4574.000
1448.285	4770.000
1448.422	4606.000
1448.560	4726.000
1448.697	4589.000
1448.835	4790.000
1448.972	4634.000
1449.109	4799.000
1449.247	4654.000
1449.384	4813.000
1449.521	4631.000
1449.659	4770.000
1449.796	4600.000
1449.933	4848.000
1450.070	4609.000
1450.208	4773.000
1450.345	4562.000
1450.482	4787.000
1450.619	4562.000
1450.757	4821.000
1450.894	4637.000
1451.031	4738.000
1451.168	4642.000
1451.305	4884.000
1451.442	4573.000
1451.580	4834.000
1451.717	4667.000
1451.854	4770.000
1451.991	4589.000
1452.128	4732.000
1452.265	4603.000
1452.402	4726.000
1452.539	4616.000
1452.676	4798.000
1452.813	4610.000
1452.950	4778.000
1453.087	4622.000
1453.224	4848.000
1453.361	4696.000
1453.498	4816.000
1453.635	4708.000
1453.772	4822.000
1453.909	4642.000
1454.046	4831.000
1454.183	4253.000
1454.319	4778.000
1454.456	4610.000
1454.593	4761.000
1454.730	4550.000
1454.867	4781.000
1455.004	4565.000
1455.140	4755.000
1455.277	4699.000
1455.414	4795.000
1455.551	4632.000
1455.687	4770.000
1455.824	4612.000
1455.961	4842.000
1456.098	4660.000
1456.234	4794.000
1456.371	4552.000
1456.508	4827.000
1456.644	4570.000
1456.781	4759.000
1456.917	4655.000
1457.054	4728.000
1457.191	4625.000
1457.327	4808.000
1457.464	4587.000
1457.600	4811.000
1457.737	4542.000
1457.873	4857.000
1458.010	4631.000
1458.146	4763.000
1458.283	4660.000
1458.419	4734.000
1458.556	4568.000
1458.692	4704.000
1458.829	4570.000
1458.965	4713.000
1459.102	4568.000
1459.238	4791.000
1459.374	4582.000
1459.511	4792.000
1459.647	4582.000
1459.784	4714.000
1459.920	4580.000
1460.056	4725.000
1460.193	4461.000
1460.329	4739.000
1460.465	4493.000
1460.601	4705.000
1460.738	4523.000
1460.874	4739.000
1461.010	4630.000
1461.146	4740.000
1461.283	4560.000
1461.419	4846.000
1461.555	4547.000
1461.691	4727.000
1461.827	4604.000
1461.963	4799.000
1462.100	4576.000
1462.236	4851.000
1462.372	6024.000
1462.508	4821.000
1462.644	4626.000
1462.780	4766.000
1462.916	4627.000
1463.052	4778.000
1463.188	4514.000
1463.324	4741.000
1463.460	4705.000
1463.596	4884.000
1463.732	4692.000
1463.868	4752.000
1464.004	4581.000
1464.140	4812.000
1464.276	4687.000
1464.412	4843.000
1464.548	4619.000
1464.684	4799.000
1464.820	4618.000
1464.955	4834.000
1465.091	4671.000
1465.227	4867.000
1465.363	4672.000
1465.499	4840.000
1465.635	4722.000
1465.770	4817.000
1465.906	4610.000
1466.042	4763.000
1466.178	4605.000
1466.313	4881.000
1466.449	4641.000
1466.585	4825.000
1466.720	4615.000
1466.856	4892.000
1466.992	4643.000
1467.127	4899.000
1467.263	4662.000
1467.399	4853.000
1467.534	4583.000
1467.670	4833.000
1467.806	4600.000
1467.941	4874.000
1468.077	4634.000
1468.212	4858.000
1468.348	4649.000
1468.483	4859.000
1468.619	4635.000
1468.754	4926.000
1468.890	4633.000
1469.025	4889.000
1469.161	4723.000
1469.296	4810.000
1469.432	4649.000
1469.567	4889.000
1469.702	4668.000
1469.838	4837.000
1469.973	4699.000
1470.109	4865.000
1470.244	4717.000
1470.379	4851.000
1470.515	4725.000
1470.650	4847.000
1470.785	4755.000
1470.921	4936.000
1471.056	4684.000
1471.191	4916.000
1471.326	4661.000
1471.462	4884.000
1471.597	4766.000
1471.732	4960.000
1471.867	4704.000
1472.003	4898.000
1472.138	4772.000
1472.273	4964.000
1472.408	4755.000
1472.543	4984.000
1472.678	4781.000
1472.813	4986.000
1472.948	4751.000
1473.084	4912.000
1473.219	4756.000
1473.354	4958.000
1473.489	4772.000
1473.624	4831.000
1473.759	4830.000
1473.894	5003.000
1474.029	4853.000
1474.164	4925.000
1474.299	4746.000
1474.434	4864.000
1474.569	4823.000
1474.704	4982.000
