1229.956	9112.000
1230.103	9062.000
1230.250	9089.000
1230.397	9132.000
1230.544	9028.000
1230.691	9156.000
1230.838	9051.000
1230.985	9109.000
1231.132	9068.000
1231.278	9087.000
1231.425	9021.000
1231.572	9168.000
1231.719	9034.000
1231.866	9029.000
1232.013	9066.000
1232.159	9139.000
1232.306	8950.000
1232.453	9111.000
1232.600	9018.000
1232.746	9142.000
1232.893	9027.000
1233.040	9027.000
1233.186	9169.000
1233.333	9075.000
1233.480	9074.000
1233.627	9049.000
1233.773	9104.000
1233.920	9023.000
1234.066	9024.000
1234.213	9040.000
1234.360	9040.000
1234.506	9101.000
1234.653	9078.000
1234.800	9078.000
1234.946	8985.000
1235.093	9019.000
1235.239	9086.000
1235.386	8984.000
1235.532	9080.000
1235.679	9054.000
1235.825	9044.000
1235.972	9090.000
1236.118	9021.000
1236.265	9070.000
1236.411	8957.000
1236.558	9047.000
1236.704	9054.000
1236.851	9001.000
1236.997	9016.000
1237.143	9057.000
1237.290	9009.000
1237.436	8985.000
1237.583	9009.000
1237.729	9057.000
1237.875	8994.000
1238.022	9042.000
1238.168	8980.000
1238.314	8995.000
1238.461	8941.000
1238.607	8970.000
1238.753	9008.000
1238.900	8960.000
1239.046	8946.000
1239.192	8957.000
1239.338	8872.000
1239.485	9002.000
1239.631	8944.000
1239.777	8886.000
1239.923	8923.000
1240.070	8953.000
1240.216	8946.000
1240.362	8907.000
1240.508	8932.000
1240.654	8955.000
1240.800	8841.000
1240.947	8909.000
1241.093	8853.000
1241.239	8891.000
1241.385	8852.000
1241.531	8988.000
1241.677	8882.000
1241.823	8924.000
1241.969	8921.000
1242.115	8879.000
1242.261	8802.000
1242.407	8838.000
1242.553	8802.000
1242.699	8835.000
1242.845	8859.000
1242.991	8823.000
1243.137	8825.000
1243.283	8860.000
1243.429	8849.000
1243.575	8838.000
1243.721	8843.000
1243.867	8825.000
1244.013	8778.000
1244.159	8831.000
1244.305	8865.000
1244.451	8875.000
1244.596	8802.000
1244.742	8777.000
1244.888	8758.000
1245.034	8733.000
1245.180	8799.000
1245.326	8869.000
1245.471	8765.000
1245.617	8824.000
1245.763	8766.000
1245.909	8810.000
1246.055	8818.000
1246.200	8835.000
1246.346	8675.000
1246.492	8849.000
1246.638	8731.000
1246.783	8749.000
1246.929	8843.000
1247.075	8819.000
1247.220	8818.000
1247.366	8814.000
1247.512	8770.000
1247.657	8833.000
1247.803	8782.000
1247.949	8880.000
1248.094	8780.000
1248.240	8835.000
1248.385	8687.000
1248.531	8778.000
1248.676	8875.000
1248.822	8876.000
1248.968	8797.000
1249.113	8855.000
1249.259	8811.000
1249.404	8811.000
1249.550	8787.000
1249.695	8821.000
1249.841	8854.000
1249.986	8879.000
1250.132	8818.000
1250.277	8861.000
1250.422	8842.000
1250.568	8892.000
1250.713	8793.000
1250.859	8784.000
1251.004	8835.000
1251.150	8924.000
1251.295	8882.000
1251.440	8843.000
1251.586	8828.000
1251.731	8897.000
1251.876	8849.000
1252.022	8834.000
1252.167	8751.000
1252.312	8871.000
1252.458	8755.000
1252.603	8912.000
1252.748	8886.000
1252.893	8912.000
1253.039	8816.000
1253.184	8909.000
1253.329	8884.000
1253.474	8809.000
1253.619	8813.000
1253.765	8910.000
1253.910	8767.000
1254.055	8874.000
1254.200	8880.000
1254.345	8840.000
1254.490	8856.000
1254.636	8932.000
1254.781	8775.000
1254.926	8909.000
1255.071	8851.000
1255.216	8825.000
1255.361	8900.000
1255.506	8915.000
1255.651	8798.000
1255.796	8903.000
1255.941	8723.000
1256.086	8830.000
1256.231	8823.000
1256.376	8951.000
1256.521	8829.000
1256.666	8896.000
1256.811	8731.000
1256.956	8799.000
1257.101	8830.000
1257.246	8841.000
1257.391	8846.000
1257.536	8941.000
1257.681	8760.000
1257.826	8858.000
1257.971	8746.000
1258.116	8861.000
1258.260	8793.000
1258.405	8906.000
1258.550	8753.000
1258.695	8864.000
1258.840	8683.000
1258.985	8895.000
1259.129	8908.000
1259.274	8769.000
1259.419	8829.000
1259.564	8800.000
1259.708	8738.000
1259.853	8810.000
1259.998	8767.000
1260.143	8898.000
1260.287	8754.000
1260.432	8875.000
1260.577	8769.000
1260.721	8822.000
1260.866	8686.000
1261.011	8923.000
1261.155	8778.000
1261.300	8829.000
1261.445	8717.000
1261.589	8803.000
1261.734	8670.000
1261.878	8848.000
1262.023	8800.000
1262.168	8911.000
1262.312	8741.000
1262.457	8856.000
1262.601	8652.000
1262.746	8871.000
1262.890	8719.000
1263.035	8849.000
1263.179	8725.000
1263.324	8956.000
1263.468	8784.000
1263.613	8844.000
1263.757	8763.000
1263.902	8864.000
1264.046	8702.000
1264.191	8815.000
1264.335	8785.000
1264.479	8877.000
1264.624	8705.000
1264.768	8782.000
1264.912	8720.000
1265.057	8773.000
1265.201	8760.000
1265.346	8803.000
1265.490	8667.000
1265.634	8856.000
1265.778	8715.000
1265.923	8840.000
1266.067	8823.000
1266.211	8879.000
1266.356	8778.000
1266.500	8738.000
1266.644	8711.000
1266.788	8780.000
1266.933	8675.000
1267.077	8799.000
1267.221	8848.000
1267.365	8866.000
1267.509	8715.000
1267.653	8845.000
1267.798	8794.000
1267.942	8751.000
1268.086	8691.000
1268.230	8837.000
1268.374	8704.000
1268.518	8819.000
1268.662	8707.000
1268.806	8846.000
1268.950	8663.000
1269.095	8790.000
1269.239	8715.000
1269.383	8787.000
1269.527	8688.000
1269.671	8772.000
1269.815	8736.000
1269.959	8771.000
1270.103	8684.000
1270.247	8885.000
1270.391	8720.000
1270.535	8724.000
1270.679	8736.000
1270.822	8806.000
1270.966	8632.000
1271.110	8836.000
1271.254	8754.000
1271.398	8813.000
1271.542	8687.000
1271.686	8724.000
1271.830	8657.000
1271.973	8759.000
1272.117	8660.000
1272.261	8722.000
1272.405	8702.000
1272.549	8766.000
1272.693	8645.000
1272.836	8722.000
1272.980	8512.000
1273.124	8801.000
1273.268	8603.000
1273.411	8687.000
1273.555	8632.000
1273.699	8763.000
1273.843	8616.000
1273.986	8688.000
1274.130	8699.000
1274.274	8596.000
1274.417	8584.000
1274.561	8719.000
1274.705	8613.000
1274.848	8667.000
1274.992	8531.000
1275.135	8776.000
1275.279	8684.000
1275.423	8690.000
1275.566	8572.000
1275.710	8701.000
1275.853	8611.000
1275.997	8704.000
1276.140	8509.000
1276.284	8728.000
1276.427	8578.000
1276.571	8569.000
1276.714	8603.000
1276.858	8652.000
1277.001	8515.000
1277.145	8766.000
1277.288	8514.000
1277.432	8514.000
1277.575	8535.000
1277.719	8686.000
1277.862	8584.000
1278.005	8551.000
1278.149	8471.000
1278.292	8695.000
1278.435	8485.000
1278.579	8633.000
1278.722	8512.000
1278.865	8633.000
1279.009	8549.000
1279.152	8629.000
1279.295	8574.000
1279.439	8678.000
1279.582	8507.000
1279.725	8660.000
1279.868	8467.000
1280.012	8589.000
1280.155	8550.000
1280.298	8594.000
1280.441	8407.000
1280.585	8685.000
1280.728	8426.000
1280.871	8550.000
1281.014	8492.000
1281.157	8639.000
1281.300	8521.000
1281.444	8583.000
1281.587	8517.000
1281.730	8533.000
1281.873	8441.000
1282.016	8542.000
1282.159	8571.000
1282.302	8542.000
1282.445	8449.000
1282.588	8501.000
1282.731	8512.000
1282.874	8591.000
1283.017	8442.000
1283.160	8506.000
1283.303	8468.000
1283.446	8567.000
1283.589	8448.000
1283.732	8575.000
1283.875	8380.000
1284.018	8595.000
1284.161	8401.000
1284.304	8547.000
1284.447	8425.000
1284.590	8635.000
1284.733	8447.000
1284.876	8691.000
1285.019	8378.000
1285.161	8670.000
1285.304	8432.000
1285.447	8600.000
1285.590	8474.000
1285.733	8621.000
1285.876	8488.000
1286.018	8509.000
1286.161	8475.000
1286.304	8610.000
1286.447	8429.000
1286.589	8539.000
1286.732	8496.000
1286.875	8577.000
1287.018	8555.000
1287.160	8607.000
1287.303	8493.000
1287.446	8587.000
1287.588	8436.000
1287.731	8609.000
1287.874	8128.000
1288.016	8655.000
1288.159	8503.000
1288.302	8559.000
1288.444	8543.000
1288.587	8528.000
1288.729	8393.000
1288.872	8525.000
1289.015	8528.000
1289.157	8641.000
1289.300	8458.000
1289.442	8550.000
1289.585	8421.000
1289.727	8599.000
1289.870	8487.000
1290.012	8515.000
1290.155	8405.000
1290.297	8644.000
1290.440	8529.000
1290.582	8580.000
1290.725	8449.000
1290.867	8605.000
1291.009	8438.000
1291.152	8629.000
1291.294	8502.000
1291.437	8570.000
1291.579	8412.000
1291.721	8574.000
1291.864	8505.000
1292.006	8726.000
1292.148	8409.000
1292.291	8619.000
1292.433	8489.000
1292.575	8589.000
1292.718	8475.000
1292.860	8601.000
1293.002	8467.000
1293.145	8633.000
1293.287	8506.000
1293.429	8571.000
1293.571	8518.000
1293.713	8659.000
1293.856	8524.000
1293.998	8639.000
1294.140	8466.000
1294.282	8551.000
1294.424	8446.000
1294.567	8667.000
1294.709	8426.000
1294.851	8548.000
1294.993	8477.000
1295.135	8556.000
1295.277	8456.000
1295.419	8579.000
1295.561	8495.000
1295.703	8598.000
1295.845	8486.000
1295.987	8647.000
1296.129	8555.000
1296.272	8563.000
1296.414	8448.000
1296.556	8608.000
1296.698	8549.000
1296.840	8608.000
1296.981	8461.000
1297.123	8630.000
1297.265	8480.000
1297.407	8556.000
1297.549	8481.000
1297.691	8594.000
1297.833	8451.000
1297.975	8597.000
1298.117	8453.000
1298.259	8597.000
1298.401	8449.000
1298.542	8574.000
1298.684	8557.000
1298.826	8574.000
1298.968	8482.000
1299.110	8559.000
1299.252	8434.000
1299.393	8661.000
1299.535	8570.000
1299.677	8563.000
1299.819	8492.000
1299.960	8487.000
1300.102	8521.000
1300.244	8601.000
1300.386	8587.000
1300.527	8645.000
1300.669	8458.000
1300.811	8605.000
1300.952	8504.000
1301.094	8630.000
1301.236	8492.000
1301.377	8620.000
1301.519	8549.000
1301.661	8651.000
1301.802	8533.000
1301.944	8469.000
1302.085	8430.000
1302.227	8618.000
1302.368	8435.000
1302.510	8548.000
1302.652	8446.000
1302.793	8546.000
1302.935	8465.000
1303.076	8540.000
1303.218	8474.000
1303.359	8670.000
1303.501	8378.000
1303.642	8638.000
1303.783	8443.000
1303.925	8580.000
1304.066	8484.000
1304.208	8575.000
1304.349	8441.000
1304.491	8551.000
1304.632	8416.000
1304.773	8551.000
1304.915	8432.000
1305.056	8587.000
1305.197	8405.000
1305.339	8552.000
1305.480	8594.000
1305.621	8607.000
1305.763	8487.000
1305.904	8587.000
1306.045	8420.000
1306.187	8577.000
1306.328	8399.000
1306.469	8580.000
1306.610	8375.000
1306.752	8667.000
1306.893	8479.000
1307.034	8646.000
1307.175	8455.000
1307.316	8632.000
1307.458	8520.000
1307.599	8593.000
1307.740	8414.000
1307.881	8566.000
1308.022	8462.000
1308.163	8607.000
1308.304	8493.000
1308.446	8578.000
1308.587	8385.000
1308.728	8547.000
1308.869	8445.000
1309.010	8546.000
1309.151	8467.000
1309.292	8578.000
1309.433	8382.000
1309.574	8574.000
1309.715	8368.000
1309.856	8559.000
1309.997	8446.000
1310.138	8655.000
1310.279	8456.000
1310.420	8544.000
1310.561	8389.000
1310.702	8505.000
1310.843	8436.000
1310.984	8607.000
1311.124	8438.000
1311.265	8603.000
1311.406	8312.000
1311.547	8558.000
1311.688	8453.000
1311.829	8567.000
1311.970	8400.000
1312.110	8531.000
1312.251	8521.000
1312.392	8472.000
1312.533	8452.000
1312.674	8591.000
1312.814	8398.000
1312.955	8576.000
1313.096	8347.000
1313.237	8592.000
1313.377	8404.000
1313.518	8495.000
1313.659	8375.000
1313.800	8507.000
1313.940	8400.000
1314.081	8465.000
1314.222	8301.000
1314.362	8491.000
1314.503	8442.000
1314.644	8565.000
1314.784	8401.000
1314.925	8565.000
1315.065	8379.000
1315.206	8496.000
1315.347	8321.000
1315.487	8495.000
1315.628	8284.000
1315.768	8456.000
1315.909	8397.000
1316.049	8521.000
1316.190	8370.000
1316.330	8531.000
1316.471	8315.000
1316.611	8476.000
1316.752	8258.000
1316.892	8449.000
1317.033	8315.000
1317.173	8356.000
1317.313	8257.000
1317.454	8430.000
1317.594	8370.000
1317.735	8393.000
1317.875	8290.000
1318.015	8423.000
1318.156	8321.000
1318.296	8414.000
1318.437	8267.000
1318.577	8482.000
1318.717	8261.000
1318.857	8387.000
1318.998	8264.000
1319.138	8441.000
1319.278	8292.000
1319.419	8348.000
1319.559	8280.000
1319.699	8351.000
1319.839	8225.000
1319.980	8323.000
1320.120	8184.000
1320.260	8420.000
1320.400	8284.000
1320.540	8402.000
1320.681	8237.000
1320.821	8377.000
1320.961	8256.000
1321.101	8295.000
1321.241	8201.000
1321.381	8381.000
1321.521	8160.000
1321.661	8342.000
1321.802	8210.000
1321.942	8338.000
1322.082	8244.000
1322.222	8278.000
1322.362	8154.000
1322.502	8390.000
1322.642	8236.000
1322.782	8342.000
1322.922	8258.000
1323.062	8366.000
1323.202	8113.000
1323.342	8314.000
1323.482	8293.000
1323.622	8403.000
1323.762	8203.000
1323.902	8306.000
1324.041	8244.000
1324.181	8272.000
1324.321	8171.000
1324.461	8361.000
1324.601	8223.000
1324.741	8320.000
1324.881	8174.000
1325.021	8314.000
1325.160	8185.000
1325.300	8414.000
1325.440	8230.000
1325.580	8392.000
1325.720	8159.000
1325.859	8404.000
1325.999	8208.000
1326.139	8366.000
1326.279	8203.000
1326.418	8396.000
1326.558	8188.000
1326.698	8346.000
1326.838	8212.000
1326.977	8353.000
1327.117	8186.000
1327.257	8398.000
1327.396	8245.000
1327.536	8316.000
1327.675	8279.000
1327.815	8308.000
1327.955	8271.000
1328.094	8416.000
1328.234	8230.000
1328.374	8334.000
1328.513	8178.000
1328.653	8355.000
1328.792	8279.000
1328.932	8289.000
1329.071	8260.000
1329.211	8351.000
1329.350	8244.000
1329.490	8402.000
1329.629	8230.000
1329.769	8345.000
1329.908	8338.000
1330.048	8360.000
1330.187	8249.000
1330.327	8466.000
1330.466	8303.000
1330.605	8387.000
1330.745	8309.000
1330.884	8421.000
1331.024	8296.000
1331.163	8376.000
1331.302	8279.000
1331.442	8421.000
1331.581	8256.000
1331.720	8376.000
1331.860	8343.000
1331.999	8391.000
1332.138	8267.000
1332.277	8343.000
1332.417	8272.000
1332.556	8485.000
1332.695	8260.000
1332.834	8373.000
1332.974	8302.000
1333.113	8503.000
1333.252	8835.000
1333.391	8368.000
1333.531	8278.000
1333.670	8402.000
1333.809	8255.000
1333.948	8460.000
1334.087	8241.000
1334.226	8468.000
1334.365	8238.000
1334.505	8302.000
1334.644	8347.000
1334.783	8386.000
1334.922	8272.000
1335.061	8360.000
1335.200	8301.000
1335.339	8455.000
1335.478	8257.000
1335.617	8309.000
1335.756	8222.000
1335.895	8337.000
1336.034	8238.000
1336.173	8367.000
1336.312	8277.000
1336.451	8331.000
1336.590	8286.000
1336.729	8302.000
1336.868	8206.000
1337.007	8448.000
1337.146	8259.000
1337.285	8321.000
1337.423	8240.000
1337.562	8282.000
1337.701	8249.000
1337.840	8303.000
1337.979	8254.000
1338.118	8228.000
1338.256	8238.000
1338.395	8255.000
1338.534	8249.000
1338.673	8329.000
1338.812	8194.000
1338.950	8351.000
1339.089	8239.000
1339.228	8419.000
1339.367	8236.000
1339.505	8279.000
1339.644	8262.000
1339.783	8334.000
1339.922	8265.000
1340.060	8316.000
1340.199	8221.000
1340.338	8286.000
1340.476	8233.000
1340.615	8350.000
1340.753	8339.000
1340.892	8331.000
1341.031	8247.000
1341.169	8281.000
1341.308	8259.000
1341.446	8316.000
1341.585	8204.000
1341.724	8380.000
1341.862	8257.000
1342.001	8382.000
1342.139	8251.000
1342.278	8324.000
1342.416	8235.000
1342.555	8344.000
1342.693	8179.000
1342.832	8395.000
1342.970	8263.000
1343.109	8427.000
1343.247	8308.000
1343.385	8415.000
1343.524	8250.000
1343.662	8409.000
1343.801	8251.000
1343.939	8365.000
1344.077	8227.000
1344.216	8451.000
1344.354	8215.000
1344.492	8407.000
1344.631	8272.000
1344.769	8460.000
1344.907	8237.000
1345.046	8383.000
1345.184	8299.000
1345.322	8444.000
1345.460	8337.000
1345.599	8414.000
1345.737	8338.000
1345.875	8499.000
1346.013	8351.000
1346.152	8399.000
1346.290	8343.000
1346.428	8519.000
1346.566	8333.000
1346.704	8429.000
1346.843	8337.000
1346.981	8518.000
1347.119	8288.000
1347.257	8493.000
1347.395	8328.000
1347.533	8556.000
1347.671	8447.000
1347.809	8498.000
1347.947	8325.000
1348.085	8469.000
1348.224	8333.000
1348.362	8438.000
1348.500	8338.000
1348.638	8470.000
1348.776	8379.000
1348.914	8468.000
1349.052	8369.000
1349.190	8471.000
1349.328	8358.000
1349.466	8481.000
1349.603	8370.000
1349.741	8551.000
1349.879	8322.000
1350.017	8439.000
1350.155	8309.000
1350.293	8466.000
1350.431	8276.000
1350.569	8508.000
1350.707	8412.000
1350.844	8391.000
1350.982	8366.000
1351.120	8513.000
1351.258	8350.000
1351.396	8452.000
1351.534	8342.000
1351.671	8446.000
1351.809	8299.000
1351.947	8410.000
1352.085	8342.000
1352.222	8413.000
1352.360	8342.000
1352.498	8426.000
1352.636	8350.000
1352.773	8411.000
1352.911	8294.000
1353.049	8507.000
1353.186	8425.000
1353.324	8429.000
1353.462	8380.000
1353.599	8455.000
1353.737	8346.000
1353.874	8457.000
1354.012	7182.000
1354.150	8431.000
1354.287	8290.000
1354.425	8376.000
1354.562	8277.000
1354.700	8437.000
1354.837	8292.000
1354.975	8433.000
1355.112	8360.000
1355.250	8405.000
1355.387	8333.000
1355.525	8399.000
1355.662	8276.000
1355.800	8461.000
1355.937	8317.000
1356.075	8407.000
1356.212	8233.000
1356.350	8435.000
1356.487	8215.000
1356.624	8326.000
1356.762	8254.000
1356.899	8318.000
1357.037	8239.000
1357.174	8346.000
1357.311	8230.000
1357.449	8434.000
1357.586	8221.000
1357.723	8442.000
1357.860	8249.000
1357.998	8317.000
1358.135	8279.000
1358.272	8314.000
1358.410	8211.000
1358.547	8246.000
1358.684	8145.000
1358.821	8228.000
1358.959	8168.000
1359.096	8346.000
1359.233	8206.000
1359.370	8357.000
1359.507	8143.000
1359.644	8271.000
1359.782	8110.000
1359.919	8255.000
1360.056	8070.000
1360.193	8227.000
1360.330	8061.000
1360.467	8177.000
1360.604	8110.000
1360.741	8245.000
1360.878	8221.000
1361.015	8261.000
1361.152	8146.000
1361.290	8363.000
1361.427	8101.000
1361.564	8236.000
1361.701	8186.000
1361.838	8279.000
1361.975	8120.000
1362.112	8364.000
1362.248	12765.000
1362.385	8354.000
1362.522	8170.000
1362.659	8243.000
1362.796	8182.000
1362.933	8258.000
1363.070	8094.000
1363.207	8240.000
1363.344	8247.000
1363.481	8385.000
1363.617	8230.000
1363.754	8301.000
1363.891	8215.000
1364.028	8342.000
1364.165	8311.000
1364.302	8394.000
1364.438	8241.000
1364.575	8351.000
1364.712	8188.000
1364.849	8387.000
1364.985	8276.000
1365.122	8415.000
1365.259	8241.000
1365.396	8359.000
1365.532	8263.000
1365.669	8371.000
1365.806	8233.000
1365.942	8295.000
1366.079	8226.000
1366.216	8405.000
1366.352	8208.000
1366.489	8357.000
1366.625	8191.000
1366.762	8439.000
1366.899	8256.000
1367.035	8435.000
1367.172	8245.000
1367.308	8387.000
1367.445	8086.000
1367.581	8344.000
1367.718	8188.000
1367.855	8373.000
1367.991	8170.000
1368.128	8420.000
1368.264	8257.000
1368.401	8368.000
1368.537	8243.000
1368.673	8424.000
1368.810	8174.000
1368.946	8410.000
1369.083	8320.000
1369.219	8292.000
1369.356	8215.000
1369.492	8397.000
1369.628	8257.000
1369.765	8364.000
1369.901	8278.000
1370.037	8365.000
1370.174	8297.000
1370.310	8376.000
1370.446	8292.000
1370.583	8387.000
1370.719	8311.000
1370.855	8473.000
1370.992	8239.000
1371.128	8409.000
1371.264	8224.000
1371.400	8372.000
1371.537	8353.000
1371.673	8483.000
1371.809	8250.000
1371.945	8371.000
1372.081	8364.000
1372.218	8484.000
1372.354	8327.000
1372.490	8506.000
1372.626	8318.000
1372.762	8493.000
1372.898	8305.000
1373.034	8406.000
1373.170	8321.000
1373.307	8477.000
1373.443	8324.000
1373.579	8317.000
1373.715	8360.000
1373.851	8564.000
1373.987	8374.000
1374.123	8405.000
1374.259	8367.000
1374.395	8381.000
1374.531	8427.000
1374.667	8508.000
