1329.918	3328.000
1330.066	3450.000
1330.214	3288.000
1330.363	3559.000
1330.511	3316.000
1330.659	3562.000
1330.807	3282.000
1330.955	3519.000
1331.103	3304.000
1331.251	3507.000
1331.399	3266.000
1331.547	3557.000
1331.695	3332.000
1331.843	3489.000
1331.991	3308.000
1332.139	3563.000
1332.287	3238.000
1332.435	3541.000
1332.583	3252.000
1332.730	3583.000
1332.878	3244.000
1333.026	3459.000
1333.174	3394.000
1333.322	3523.000
1333.470	3326.000
1333.618	3469.000
1333.765	3306.000
1333.913	3493.000
1334.061	3284.000
1334.209	3478.000
1334.356	3305.000
1334.504	3554.000
1334.652	3327.000
1334.800	3490.000
1334.947	3264.000
1335.095	3503.000
1335.243	3368.000
1335.390	3474.000
1335.538	3352.000
1335.686	3533.000
1335.833	3279.000
1335.981	3549.000
1336.128	3275.000
1336.276	3556.000
1336.424	3270.000
1336.571	3517.000
1336.719	3347.000
1336.866	3471.000
1337.014	3311.000
1337.161	3492.000
1337.309	3290.000
1337.456	3458.000
1337.604	3322.000
1337.751	3532.000
1337.899	3263.000
1338.046	3505.000
1338.194	3274.000
1338.341	3514.000
1338.488	3239.000
1338.636	3452.000
1338.783	3332.000
1338.930	3471.000
1339.078	3259.000
1339.225	3413.000
1339.372	3229.000
1339.520	3502.000
1339.667	3286.000
1339.814	3462.000
1339.962	3275.000
1340.109	3479.000
1340.256	3255.000
1340.403	3454.000
1340.550	3307.000
1340.698	3451.000
1340.845	3184.000
1340.992	3436.000
1341.139	3243.000
1341.286	3421.000
1341.433	3279.000
1341.581	3516.000
1341.728	3214.000
1341.875	3434.000
1342.022	3265.000
1342.169	3450.000
1342.316	3247.000
1342.463	3436.000
1342.610	3206.000
1342.757	3430.000
1342.904	3266.000
1343.051	3412.000
1343.198	3239.000
1343.345	3473.000
1343.492	3270.000
1343.639	3442.000
1343.786	3275.000
1343.933	3432.000
1344.080	3204.000
1344.226	3422.000
1344.373	3223.000
1344.520	3451.000
1344.667	3222.000
1344.814	3355.000
1344.961	3169.000
1345.108	3361.000
1345.254	3223.000
1345.401	3474.000
1345.548	3229.000
1345.695	3421.000
1345.841	3217.000
1345.988	3385.000
1346.135	3238.000
1346.282	3404.000
1346.428	3083.000
1346.575	3427.000
1346.722	3197.000
1346.868	3367.000
1347.015	3205.000
1347.162	3419.000
1347.308	3231.000
1347.455	3398.000
1347.601	3212.000
1347.748	3363.000
1347.894	3214.000
1348.041	3457.000
1348.188	3179.000
1348.334	3429.000
1348.481	3171.000
1348.627	3362.000
1348.774	3288.000
1348.920	3431.000
1349.067	3203.000
1349.213	3410.000
1349.359	3205.000
1349.506	3354.000
1349.652	3170.000
1349.799	3405.000
1349.945	3229.000
1350.091	3420.000
1350.238	3155.000
1350.384	3410.000
1350.530	3264.000
1350.677	3413.000
1350.823	3199.000
1350.969	3346.000
1351.116	3211.000
1351.262	3431.000
1351.408	3262.000
1351.554	3387.000
1351.701	3204.000
1351.847	3437.000
1351.993	3221.000
1352.139	3386.000
1352.285	3205.000
1352.432	3357.000
1352.578	3188.000
1352.724	3438.000
1352.870	3228.000
1353.016	3440.000
1353.162	3201.000
1353.308	3435.000
1353.454	3231.000
1353.600	3361.000
1353.747	3198.000
1353.893	3410.000
1354.039	3162.000
1354.185	3374.000
1354.331	3222.000
1354.477	3380.000
1354.623	3221.000
1354.768	3443.000
1354.914	3132.000
1355.060	3431.000
1355.206	3219.000
1355.352	3330.000
1355.498	3254.000
1355.644	3409.000
1355.790	3159.000
1355.936	3411.000
1356.082	3111.000
1356.227	3321.000
1356.373	3201.000
1356.519	3405.000
1356.665	3195.000
1356.811	3416.000
1356.956	3107.000
1357.102	3285.000
1357.248	3208.000
1357.394	3358.000
1357.539	3202.000
1357.685	3420.000
1357.831	3183.000
1357.976	3348.000
1358.122	3149.000
1358.268	3381.000
1358.413	3179.000
1358.559	3434.000
1358.704	3125.000
1358.850	3345.000
1358.996	3107.000
1359.141	3425.000
1359.287	3277.000
1359.432	3337.000
1359.578	3219.000
1359.723	3335.000
1359.869	3146.000
1360.014	3372.000
1360.160	3177.000
1360.305	3436.000
1360.451	3126.000
1360.596	3372.000
1360.742	3151.000
1360.887	3378.000
1361.032	3137.000
1361.178	3439.000
1361.323	3189.000
1361.469	3350.000
1361.614	3127.000
1361.759	3330.000
1361.905	3135.000
1362.050	3341.000
1362.195	3228.000
1362.341	3390.000
1362.486	3185.000
1362.631	3371.000
1362.776	3059.000
1362.922	3391.000
1363.067	3143.000
1363.212	3359.000
1363.357	3133.000
1363.502	3424.000
1363.648	3185.000
1363.793	3377.000
1363.938	3133.000
1364.083	3395.000
1364.228	3160.000
1364.373	3332.000
1364.518	3174.000
1364.663	3390.000
1364.808	3105.000
1364.954	3339.000
1365.099	3158.000
1365.244	3373.000
1365.389	3168.000
1365.534	3348.000
1365.679	3107.000
1365.824	3386.000
1365.969	3175.000
1366.113	3407.000
1366.258	3240.000
1366.403	3438.000
1366.548	3194.000
1366.693	3324.000
1366.838	3149.000
1366.983	3377.000
1367.128	3120.000
1367.273	3390.000
1367.417	3257.000
1367.562	3410.000
1367.707	3110.000
1367.852	3439.000
1367.997	3262.000
1368.141	3356.000
1368.286	3140.000
1368.431	3401.000
1368.576	3165.000
1368.720	3355.000
1368.865	3132.000
1369.010	3437.000
1369.154	3127.000
1369.299	3356.000
1369.444	3194.000
1369.588	3372.000
1369.733	3187.000
1369.878	3369.000
1370.022	3189.000
1370.167	3399.000
1370.311	3191.000
1370.456	3471.000
1370.601	3195.000
1370.745	3371.000
1370.890	3203.000
1371.034	3430.000
1371.179	3162.000
1371.323	3334.000
1371.468	3243.000
1371.612	3380.000
1371.757	3159.000
1371.901	3339.000
1372.045	3177.000
1372.190	3367.000
1372.334	3186.000
1372.479	3376.000
1372.623	3207.000
1372.767	3385.000
1372.912	3171.000
1373.056	3391.000
1373.200	3055.000
1373.345	3413.000
1373.489	3155.000
1373.633	3339.000
1373.777	3150.000
1373.922	3415.000
1374.066	3182.000
1374.210	3349.000
1374.354	3248.000
1374.499	3286.000
1374.643	3092.000
1374.787	3393.000
1374.931	3166.000
1375.075	3351.000
1375.219	3112.000
1375.364	3410.000
1375.508	3222.000
1375.652	3365.000
1375.796	3157.000
1375.940	3375.000
1376.084	3192.000
1376.228	3379.000
1376.372	3131.000
1376.516	3414.000
1376.660	3164.000
1376.804	3287.000
1376.948	3210.000
1377.092	3329.000
1377.236	3165.000
1377.380	3455.000
1377.524	3132.000
1377.668	3261.000
1377.812	3156.000
1377.956	3384.000
1378.099	3191.000
1378.243	3325.000
1378.387	3079.000
1378.531	3401.000
1378.675	3151.000
1378.819	3356.000
1378.962	3163.000
1379.106	3390.000
1379.250	3182.000
1379.394	3371.000
1379.538	3228.000
1379.681	3384.000
1379.825	3162.000
1379.969	3405.000
1380.112	3147.000
1380.256	3314.000
1380.400	3179.000
1380.543	3372.000
1380.687	3089.000
1380.831	3401.000
1380.974	3097.000
1381.118	3313.000
1381.262	3153.000
1381.405	3364.000
1381.549	3164.000
1381.692	3344.000
1381.836	3159.000
1381.979	3252.000
1382.123	3097.000
1382.266	3331.000
1382.410	3225.000
1382.553	3295.000
1382.697	3126.000
1382.840	3308.000
1382.984	3176.000
1383.127	3343.000
1383.271	3115.000
1383.414	3295.000
1383.557	3160.000
1383.701	3335.000
1383.844	3127.000
1383.987	3350.000
1384.131	3065.000
1384.274	3389.000
1384.417	3076.000
1384.561	3346.000
1384.704	3078.000
1384.847	3406.000
1384.990	3124.000
1385.134	3428.000
1385.277	3076.000
1385.420	3458.000
1385.563	3143.000
1385.707	3346.000
1385.850	3162.000
1385.993	3355.000
1386.136	3157.000
1386.279	3298.000
1386.422	3152.000
1386.565	3376.000
1386.709	3106.000
1386.852	3333.000
1386.995	3147.000
1387.138	3348.000
1387.281	3202.000
1387.424	3385.000
1387.567	3200.000
1387.710	3370.000
1387.853	3087.000
1387.996	3413.000
1388.139	3045.000
1388.282	3369.000
1388.425	3177.000
1388.568	3329.000
1388.711	3238.000
1388.854	3288.000
1388.997	3061.000
1389.139	3278.000
1389.282	3200.000
1389.425	3443.000
1389.568	3144.000
1389.711	3337.000
1389.854	3103.000
1389.996	3352.000
1390.139	3171.000
1390.282	3331.000
1390.425	3087.000
1390.568	3386.000
1390.710	3207.000
1390.853	3355.000
1390.996	3114.000
1391.138	3367.000
1391.281	3109.000
1391.424	3383.000
1391.566	3199.000
1391.709	3304.000
1391.852	3083.000
1391.994	3371.000
1392.137	3131.000
1392.280	3441.000
1392.422	3120.000
1392.565	3384.000
1392.707	3155.000
1392.850	3329.000
1392.992	3180.000
1393.135	3379.000
1393.277	3169.000
1393.420	3365.000
1393.562	3180.000
1393.705	3361.000
1393.847	3184.000
1393.990	3403.000
1394.132	3179.000
1394.275	3403.000
1394.417	3147.000
1394.560	3303.000
1394.702	3114.000
1394.844	3397.000
1394.987	3136.000
1395.129	3331.000
1395.271	3137.000
1395.414	3312.000
1395.556	3121.000
1395.698	3318.000
1395.840	3158.000
1395.983	3364.000
1396.125	3143.000
1396.267	3379.000
1396.409	3167.000
1396.552	3344.000
1396.694	3138.000
1396.836	3376.000
1396.978	3222.000
1397.120	3334.000
1397.263	3135.000
1397.405	3402.000
1397.547	3133.000
1397.689	3341.000
1397.831	3140.000
1397.973	3371.000
1398.115	3158.000
1398.257	3376.000
1398.399	3127.000
1398.541	3351.000
1398.683	3105.000
1398.825	3315.000
1398.967	3195.000
1399.109	3295.000
1399.251	3124.000
1399.393	3344.000
1399.535	3093.000
1399.677	3407.000
1399.819	3235.000
1399.961	3287.000
1400.103	3142.000
1400.245	3282.000
1400.387	3192.000
1400.528	3346.000
1400.670	3202.000
1400.812	3393.000
1400.954	3130.000
1401.096	3377.000
1401.238	3167.000
1401.379	3385.000
1401.521	3150.000
1401.663	3408.000
1401.805	3198.000
1401.946	3418.000
1402.088	3185.000
1402.230	3264.000
1402.371	3112.000
1402.513	3380.000
1402.655	3099.000
1402.796	3318.000
1402.938	3156.000
1403.080	3341.000
1403.221	3158.000
1403.363	3327.000
1403.504	3141.000
1403.646	3386.000
1403.788	3034.000
1403.929	3407.000
1404.071	3144.000
1404.212	3338.000
1404.354	3186.000
1404.495	3385.000
1404.637	3155.000
1404.778	3327.000
1404.919	3138.000
1405.061	3321.000
1405.202	3159.000
1405.344	3345.000
1405.485	3062.000
1405.627	3347.000
1405.768	3275.000
1405.909	3376.000
1406.051	3185.000
1406.192	3375.000
1406.333	3121.000
1406.475	3322.000
1406.616	3100.000
1406.757	3366.000
1406.898	3109.000
1407.040	3457.000
1407.181	3154.000
1407.322	3399.000
1407.463	3155.000
1407.605	3366.000
1407.746	3171.000
1407.887	3378.000
1408.028	3068.000
1408.169	3318.000
1408.310	3117.000
1408.452	3376.000
1408.593	3176.000
1408.734	3343.000
1408.875	3067.000
1409.016	3347.000
1409.157	3154.000
1409.298	3301.000
1409.439	3156.000
1409.580	3319.000
1409.721	3100.000
1409.862	3331.000
1410.003	3082.000
1410.144	3378.000
1410.285	3131.000
1410.426	3398.000
1410.567	3147.000
1410.708	3335.000
1410.849	3064.000
1410.990	3310.000
1411.131	3164.000
1411.271	3448.000
1411.412	3124.000
1411.553	3373.000
1411.694	3050.000
1411.835	3355.000
1411.976	3133.000
1412.116	3368.000
1412.257	3094.000
1412.398	3326.000
1412.539	3246.000
1412.680	3290.000
1412.820	3147.000
1412.961	3376.000
1413.102	3110.000
1413.242	3342.000
1413.383	3099.000
1413.524	3414.000
1413.664	3169.000
1413.805	3267.000
1413.946	3138.000
1414.086	3324.000
1414.227	3126.000
1414.367	3271.000
1414.508	3031.000
1414.649	3337.000
1414.789	3208.000
1414.930	3345.000
1415.070	3170.000
1415.211	3400.000
1415.351	3131.000
1415.492	3346.000
1415.632	3127.000
1415.773	3298.000
1415.913	3005.000
1416.053	3286.000
1416.194	3190.000
1416.334	3360.000
1416.475	3083.000
1416.615	3372.000
1416.755	3110.000
1416.896	3313.000
1417.036	3061.000
1417.176	3346.000
1417.317	3100.000
1417.457	3284.000
1417.597	3084.000
1417.738	3292.000
1417.878	3186.000
1418.018	3309.000
1418.158	3092.000
1418.299	3320.000
1418.439	3137.000
1418.579	3319.000
1418.719	3099.000
1418.859	3333.000
1419.000	3116.000
1419.140	3279.000
1419.280	3099.000
1419.420	3351.000
1419.560	3110.000
1419.700	3287.000
1419.840	3121.000
1419.980	3282.000
1420.120	3051.000
1420.260	3248.000
1420.400	3058.000
1420.540	3324.000
1420.680	3155.000
1420.820	3284.000
1420.960	3094.000
1421.100	3311.000
1421.240	3098.000
1421.380	3272.000
1421.520	3056.000
1421.660	3284.000
1421.800	3043.000
1421.940	3274.000
1422.080	3081.000
1422.220	3298.000
1422.360	3091.000
1422.499	3264.000
1422.639	3045.000
1422.779	3301.000
1422.919	3109.000
1423.059	3281.000
1423.198	3125.000
1423.338	3292.000
1423.478	3021.000
1423.618	3263.000
1423.757	3171.000
1423.897	3356.000
1424.037	3089.000
1424.176	3274.000
1424.316	3128.000
1424.456	3235.000
1424.595	3042.000
1424.735	3285.000
1424.875	3092.000
1425.014	3281.000
1425.154	3060.000
1425.293	3260.000
1425.433	3047.000
1425.573	3314.000
1425.712	3107.000
1425.852	3323.000
1425.991	3034.000
1426.131	3320.000
1426.270	3064.000
1426.410	3319.000
1426.549	3053.000
1426.689	3323.000
1426.828	3065.000
1426.967	3270.000
1427.107	3105.000
1427.246	3258.000
1427.386	3069.000
1427.525	3346.000
1427.664	3094.000
1427.804	3279.000
1427.943	3117.000
1428.082	3269.000
1428.222	3098.000
1428.361	3301.000
1428.500	3084.000
1428.640	3241.000
1428.779	3063.000
1428.918	3300.000
1429.057	3133.000
1429.196	3240.000
1429.336	3112.000
1429.475	3254.000
1429.614	3112.000
1429.753	3366.000
1429.892	3087.000
1430.032	3271.000
1430.171	3150.000
1430.310	3295.000
1430.449	3099.000
1430.588	3361.000
1430.727	3150.000
1430.866	3325.000
1431.005	3153.000
1431.144	3342.000
1431.283	3135.000
1431.422	3312.000
1431.561	3081.000
1431.700	3343.000
1431.839	3140.000
1431.978	3236.000
1432.117	3182.000
1432.256	3328.000
1432.395	3114.000
1432.534	3273.000
1432.673	3062.000
1432.812	3384.000
1432.951	3099.000
1433.089	3299.000
1433.228	3136.000
1433.367	3364.000
1433.506	3301.000
1433.645	3318.000
1433.783	3106.000
1433.922	3289.000
1434.061	3082.000
1434.200	3354.000
1434.339	3092.000
1434.477	3346.000
1434.616	3092.000
1434.755	3263.000
1434.893	3148.000
1435.032	3287.000
1435.171	3098.000
1435.309	3311.000
1435.448	3122.000
1435.587	3346.000
1435.725	3108.000
1435.864	3265.000
1436.002	3088.000
1436.141	3255.000
1436.280	3098.000
1436.418	3293.000
1436.557	3113.000
1436.695	3275.000
1436.834	3184.000
1436.972	3305.000
1437.111	3082.000
1437.249	3398.000
1437.388	3125.000
1437.526	3300.000
1437.664	3100.000
1437.803	3250.000
1437.941	3096.000
1438.080	3243.000
1438.218	3131.000
1438.356	3207.000
1438.495	3139.000
1438.633	3216.000
1438.771	3155.000
1438.910	3300.000
1439.048	3137.000
1439.186	3324.000
1439.325	3103.000
1439.463	3335.000
1439.601	3086.000
1439.739	3261.000
1439.878	3110.000
1440.016	3285.000
1440.154	3149.000
1440.292	3269.000
1440.430	3138.000
1440.569	3257.000
1440.707	3139.000
1440.845	3334.000
1440.983	3170.000
1441.121	3307.000
1441.259	3095.000
1441.397	3224.000
1441.535	3110.000
1441.673	3248.000
1441.811	3091.000
1441.949	3339.000
1442.087	3139.000
1442.225	3310.000
1442.363	3111.000
1442.501	3279.000
1442.639	3112.000
1442.777	3254.000
1442.915	3064.000
1443.053	3307.000
1443.191	3096.000
1443.329	3333.000
1443.467	3149.000
1443.605	3346.000
1443.743	3080.000
1443.881	3333.000
1444.018	3089.000
1444.156	3284.000
1444.294	3085.000
1444.432	3340.000
1444.570	3083.000
1444.707	3350.000
1444.845	3126.000
1444.983	3342.000
1445.121	3085.000
1445.258	3301.000
1445.396	3130.000
1445.534	3339.000
1445.671	3129.000
1445.809	3346.000
1445.947	3171.000
1446.084	3356.000
1446.222	3173.000
1446.360	3287.000
1446.497	3123.000
1446.635	3346.000
1446.772	3104.000
1446.910	3350.000
1447.048	3101.000
1447.185	3376.000
1447.323	3058.000
1447.460	3334.000
1447.598	3092.000
1447.735	3376.000
1447.873	3204.000
1448.010	3354.000
1448.147	3108.000
1448.285	3313.000
1448.422	3122.000
1448.560	3288.000
1448.697	3127.000
1448.835	3330.000
1448.972	3191.000
1449.109	3327.000
1449.247	3150.000
1449.384	3320.000
1449.521	3170.000
1449.659	3335.000
1449.796	3121.000
1449.933	3379.000
1450.070	3120.000
1450.208	3316.000
1450.345	3109.000
1450.482	3327.000
1450.619	3111.000
1450.757	3350.000
1450.894	3172.000
1451.031	3261.000
1451.168	3188.000
1451.305	3425.000
1451.442	3114.000
1451.580	3351.000
1451.717	3175.000
1451.854	3332.000
1451.991	3121.000
1452.128	3272.000
1452.265	3129.000
1452.402	3281.000
1452.539	3137.000
1452.676	3325.000
1452.813	3140.000
1452.950	3313.000
1453.087	3143.000
1453.224	3390.000
1453.361	3197.000
1453.498	3321.000
1453.635	3202.000
1453.772	3363.000
1453.909	3169.000
1454.046	3339.000
1454.183	2755.000
1454.319	3299.000
1454.456	3116.000
1454.593	3302.000
1454.730	3076.000
1454.867	3298.000
1455.004	3091.000
1455.140	3347.000
1455.277	3207.000
1455.414	3337.000
1455.551	3191.000
1455.687	3301.000
1455.824	3143.000
1455.961	3338.000
1456.098	3156.000
1456.234	3330.000
1456.371	3081.000
1456.508	3362.000
1456.644	3096.000
1456.781	3289.000
1456.917	3139.000
1457.054	3258.000
1457.191	3133.000
1457.327	3340.000
1457.464	3108.000
1457.600	3376.000
1457.737	3094.000
1457.873	3415.000
1458.010	3154.000
1458.146	3273.000
1458.283	3183.000
1458.419	3267.000
1458.556	3110.000
1458.692	3234.000
1458.829	3049.000
1458.965	3260.000
1459.102	3098.000
1459.238	3363.000
1459.374	3109.000
1459.511	3337.000
1459.647	3084.000
1459.784	3246.000
1459.920	3092.000
1460.056	3267.000
1460.193	3003.000
1460.329	3279.000
1460.465	3004.000
1460.601	3257.000
1460.738	3062.000
1460.874	3267.000
1461.010	3147.000
1461.146	3275.000
1461.283	3070.000
1461.419	3345.000
1461.555	3021.000
1461.691	3270.000
1461.827	3095.000
1461.963	3329.000
1462.100	3068.000
1462.236	3374.000
1462.372	4694.000
1462.508	3343.000
1462.644	3125.000
1462.780	3296.000
1462.916	3113.000
1463.052	3272.000
1463.188	3019.000
1463.324	3247.000
1463.460	3182.000
1463.596	3360.000
1463.732	3168.000
1463.868	3251.000
1464.004	3080.000
1464.140	3296.000
1464.276	3160.000
1464.412	3373.000
1464.548	3109.000
1464.684	3284.000
1464.820	3070.000
1464.955	3331.000
1465.091	3141.000
1465.227	3344.000
1465.363	3112.000
1465.499	3304.000
1465.635	3159.000
1465.770	3273.000
1465.906	3090.000
1466.042	3275.000
1466.178	3082.000
1466.313	3384.000
1466.449	3090.000
1466.585	3318.000
1466.720	3107.000
1466.856	3369.000
1466.992	3128.000
1467.127	3382.000
1467.263	3119.000
1467.399	3316.000
1467.534	3035.000
1467.670	3330.000
1467.806	3048.000
1467.941	3343.000
1468.077	3091.000
1468.212	3368.000
1468.348	3096.000
1468.483	3315.000
1468.619	3115.000
1468.754	3380.000
1468.890	3025.000
1469.025	3322.000
1469.161	3140.000
1469.296	3256.000
1469.432	3081.000
1469.567	3346.000
1469.702	3101.000
1469.838	3284.000
1469.973	3107.000
1470.109	3295.000
1470.244	3125.000
1470.379	3296.000
1470.515	3147.000
1470.650	3305.000
1470.785	3140.000
1470.921	3360.000
1471.056	3052.000
1471.191	3332.000
1471.326	3055.000
1471.462	3299.000
1471.597	3184.000
1471.732	3355.000
1471.867	3089.000
1472.003	3294.000
1472.138	3144.000
1472.273	3348.000
1472.408	3146.000
1472.543	3412.000
1472.678	3163.000
1472.813	3365.000
1472.948	3134.000
1473.084	3305.000
1473.219	3127.000
1473.354	3330.000
1473.489	3138.000
1473.624	3232.000
1473.759	3188.000
1473.894	3371.000
1474.029	3204.000
1474.164	3281.000
1474.299	3129.000
1474.434	3235.000
1474.569	3179.000
1474.704	3389.000
