829.593	3368.000
829.736	3480.000
829.879	3306.000
830.022	3583.000
830.166	3326.000
830.309	3559.000
830.452	3333.000
830.595	3536.000
830.738	3317.000
830.881	3520.000
831.024	3295.000
831.167	3561.000
831.310	3327.000
831.453	3461.000
831.597	3291.000
831.740	3575.000
831.883	3262.000
832.026	3567.000
832.169	3254.000
832.312	3562.000
832.455	3251.000
832.598	3465.000
832.741	3399.000
832.884	3517.000
833.027	3360.000
833.170	3494.000
833.314	3323.000
833.457	3514.000
833.600	3306.000
833.743	3508.000
833.886	3327.000
834.029	3564.000
834.172	3356.000
834.315	3515.000
834.458	3279.000
834.601	3490.000
834.744	3382.000
834.887	3485.000
835.030	3371.000
835.173	3545.000
835.316	3314.000
835.459	3557.000
835.602	3295.000
835.745	3569.000
835.889	3267.000
836.032	3536.000
836.175	3326.000
836.318	3461.000
836.461	3322.000
836.604	3521.000
836.747	3297.000
836.890	3490.000
837.033	3347.000
837.176	3554.000
837.319	3293.000
837.462	3521.000
837.605	3288.000
837.748	3514.000
837.891	3256.000
838.034	3476.000
838.177	3334.000
838.320	3457.000
838.463	3264.000
838.606	3471.000
838.749	3240.000
838.892	3545.000
839.035	3285.000
839.178	3470.000
839.321	3260.000
839.464	3503.000
839.607	3278.000
839.750	3473.000
839.893	3308.000
840.036	3493.000
840.179	3220.000
840.322	3466.000
840.465	3275.000
840.608	3418.000
840.751	3283.000
840.894	3537.000
841.037	3256.000
841.180	3454.000
841.323	3282.000
841.465	3457.000
841.608	3244.000
841.751	3429.000
841.894	3244.000
842.037	3445.000
842.180	3270.000
842.323	3434.000
842.466	3235.000
842.609	3491.000
842.752	3292.000
842.895	3455.000
843.038	3270.000
843.181	3458.000
843.324	3225.000
843.467	3454.000
843.610	3272.000
843.753	3479.000
843.896	3235.000
844.039	3374.000
844.181	3213.000
844.324	3356.000
844.467	3219.000
844.610	3491.000
844.753	3211.000
844.896	3434.000
845.039	3224.000
845.182	3392.000
845.325	3238.000
845.468	3432.000
845.611	3118.000
845.753	3441.000
845.896	3211.000
846.039	3381.000
846.182	3239.000
846.325	3444.000
846.468	3250.000
846.611	3423.000
846.754	3263.000
846.897	3392.000
847.040	3221.000
847.182	3491.000
847.325	3192.000
847.468	3424.000
847.611	3179.000
847.754	3354.000
847.897	3328.000
848.040	3432.000
848.183	3217.000
848.325	3456.000
848.468	3228.000
848.611	3363.000
848.754	3217.000
848.897	3406.000
849.040	3248.000
849.183	3457.000
849.326	3199.000
849.468	3442.000
849.611	3284.000
849.754	3455.000
849.897	3207.000
850.040	3371.000
850.183	3223.000
850.325	3459.000
850.468	3283.000
850.611	3381.000
850.754	3227.000
850.897	3434.000
851.040	3255.000
851.183	3423.000
851.325	3203.000
851.468	3366.000
851.611	3183.000
851.754	3447.000
851.897	3235.000
852.039	3443.000
852.182	3268.000
852.325	3454.000
852.468	3243.000
852.611	3388.000
852.754	3234.000
852.896	3441.000
853.039	3182.000
853.182	3390.000
853.325	3270.000
853.468	3399.000
853.610	3233.000
853.753	3459.000
853.896	3161.000
854.039	3441.000
854.182	3215.000
854.324	3368.000
854.467	3250.000
854.610	3431.000
854.753	3179.000
854.895	3423.000
855.038	3148.000
855.181	3349.000
855.324	3209.000
855.467	3431.000
855.609	3247.000
855.752	3439.000
855.895	3145.000
856.038	3333.000
856.180	3234.000
856.323	3408.000
856.466	3261.000
856.609	3442.000
856.752	3203.000
856.894	3373.000
857.037	3182.000
857.180	3407.000
857.323	3233.000
857.465	3472.000
857.608	3191.000
857.751	3406.000
857.894	3115.000
858.036	3469.000
858.179	3308.000
858.322	3389.000
858.464	3265.000
858.607	3420.000
858.750	3204.000
858.893	3421.000
859.035	3228.000
859.178	3498.000
859.321	3182.000
859.464	3438.000
859.606	3238.000
859.749	3409.000
859.892	3198.000
860.034	3484.000
860.177	3247.000
860.320	3402.000
860.463	3178.000
860.605	3378.000
860.748	3169.000
860.891	3366.000
861.033	3245.000
861.176	3449.000
861.319	3217.000
861.461	3451.000
861.604	3107.000
861.747	3437.000
861.890	3173.000
862.032	3394.000
862.175	3211.000
862.318	3467.000
862.460	3240.000
862.603	3427.000
862.746	3201.000
862.888	3429.000
863.031	3173.000
863.174	3391.000
863.316	3205.000
863.459	3440.000
863.602	3174.000
863.744	3360.000
863.887	3181.000
864.030	3404.000
864.172	3217.000
864.315	3375.000
864.458	3141.000
864.600	3438.000
864.743	3203.000
864.886	3416.000
865.028	3265.000
865.171	3468.000
865.314	3216.000
865.456	3353.000
865.599	3165.000
865.741	3375.000
865.884	3169.000
866.027	3437.000
866.169	3289.000
866.312	3437.000
866.455	3175.000
866.597	3469.000
866.740	3297.000
866.882	3374.000
867.025	3188.000
867.168	3438.000
867.310	3224.000
867.453	3373.000
867.596	3188.000
867.738	3444.000
867.881	3184.000
868.023	3387.000
868.166	3212.000
868.309	3405.000
868.451	3224.000
868.594	3395.000
868.736	3223.000
868.879	3421.000
869.022	3179.000
869.164	3493.000
869.307	3227.000
869.449	3374.000
869.592	3253.000
869.735	3447.000
869.877	3155.000
870.020	3421.000
870.162	3299.000
870.305	3449.000
870.447	3199.000
870.590	3380.000
870.733	3191.000
870.875	3396.000
871.018	3211.000
871.160	3393.000
871.303	3234.000
871.445	3416.000
871.588	3227.000
871.731	3395.000
871.873	3063.000
872.016	3468.000
872.158	3197.000
872.301	3375.000
872.443	3205.000
872.586	3446.000
872.728	3191.000
872.871	3392.000
873.013	3291.000
873.156	3317.000
873.299	3127.000
873.441	3408.000
873.584	3214.000
873.726	3374.000
873.869	3166.000
874.011	3456.000
874.154	3258.000
874.296	3405.000
874.439	3182.000
874.581	3428.000
874.724	3252.000
874.866	3415.000
875.009	3160.000
875.151	3470.000
875.294	3215.000
875.436	3333.000
875.579	3226.000
875.721	3388.000
875.864	3209.000
876.006	3486.000
876.149	3199.000
876.291	3287.000
876.434	3207.000
876.576	3421.000
876.719	3244.000
876.861	3364.000
877.004	3154.000
877.146	3433.000
877.289	3208.000
877.431	3398.000
877.574	3192.000
877.716	3422.000
877.859	3229.000
878.001	3409.000
878.144	3271.000
878.286	3441.000
878.429	3217.000
878.571	3468.000
878.714	3201.000
878.856	3370.000
878.998	3240.000
879.141	3393.000
879.283	3141.000
879.426	3432.000
879.568	3135.000
879.711	3343.000
879.853	3248.000
879.996	3451.000
880.138	3214.000
880.281	3376.000
880.423	3215.000
880.565	3301.000
880.708	3189.000
880.850	3398.000
880.993	3283.000
881.135	3336.000
881.278	3222.000
881.420	3383.000
881.562	3215.000
881.705	3399.000
881.847	3185.000
881.990	3317.000
882.132	3217.000
882.275	3381.000
882.417	3179.000
882.559	3408.000
882.702	3148.000
882.844	3437.000
882.987	3129.000
883.129	3372.000
883.271	3177.000
883.414	3421.000
883.556	3235.000
883.699	3497.000
883.841	3152.000
883.983	3489.000
884.126	3192.000
884.268	3386.000
884.411	3236.000
884.553	3401.000
884.695	3212.000
884.838	3355.000
884.980	3188.000
885.122	3417.000
885.265	3176.000
885.407	3395.000
885.550	3221.000
885.692	3412.000
885.834	3284.000
885.977	3434.000
886.119	3254.000
886.261	3405.000
886.404	3166.000
886.546	3478.000
886.689	3111.000
886.831	3437.000
886.973	3270.000
887.116	3386.000
887.258	3248.000
887.400	3344.000
887.543	3142.000
887.685	3326.000
887.827	3237.000
887.970	3469.000
888.112	3185.000
888.254	3383.000
888.397	3139.000
888.539	3453.000
888.681	3238.000
888.824	3404.000
888.966	3123.000
889.108	3449.000
889.251	3246.000
889.393	3403.000
889.535	3178.000
889.678	3418.000
889.820	3186.000
889.962	3422.000
890.105	3263.000
890.247	3341.000
890.389	3120.000
890.531	3398.000
890.674	3210.000
890.816	3489.000
890.958	3191.000
891.101	3455.000
891.243	3192.000
891.385	3399.000
891.528	3212.000
891.670	3415.000
891.812	3215.000
891.954	3428.000
892.097	3225.000
892.239	3407.000
892.381	3229.000
892.524	3472.000
892.666	3243.000
892.808	3449.000
892.950	3222.000
893.093	3363.000
893.235	3186.000
893.377	3449.000
893.519	3190.000
893.662	3392.000
893.804	3196.000
893.946	3356.000
894.088	3199.000
894.231	3350.000
894.373	3253.000
894.515	3403.000
894.657	3226.000
894.800	3453.000
894.942	3280.000
895.084	3408.000
895.226	3188.000
895.369	3429.000
895.511	3276.000
895.653	3402.000
895.795	3188.000
895.938	3465.000
896.080	3181.000
896.222	3368.000
896.364	3223.000
896.507	3437.000
896.649	3223.000
896.791	3443.000
896.933	3192.000
897.075	3447.000
897.218	3186.000
897.360	3369.000
897.502	3290.000
897.644	3396.000
897.787	3181.000
897.929	3403.000
898.071	3167.000
898.213	3448.000
898.355	3272.000
898.498	3390.000
898.640	3215.000
898.782	3353.000
898.924	3258.000
899.066	3421.000
899.208	3269.000
899.351	3463.000
899.493	3206.000
899.635	3412.000
899.777	3225.000
899.919	3432.000
900.062	3210.000
900.204	3454.000
900.346	3274.000
900.488	3466.000
900.630	3238.000
900.772	3317.000
900.915	3171.000
901.057	3444.000
901.199	3171.000
901.341	3370.000
901.483	3212.000
901.625	3416.000
901.768	3200.000
901.910	3400.000
902.052	3211.000
902.194	3463.000
902.336	3095.000
902.478	3483.000
902.620	3210.000
902.763	3399.000
902.905	3249.000
903.047	3429.000
903.189	3218.000
903.331	3407.000
903.473	3186.000
903.615	3400.000
903.758	3241.000
903.900	3406.000
904.042	3168.000
904.184	3408.000
904.326	3363.000
904.468	3421.000
904.610	3245.000
904.752	3470.000
904.895	3180.000
905.037	3419.000
905.179	3170.000
905.321	3425.000
905.463	3183.000
905.605	3513.000
905.747	3224.000
905.889	3494.000
906.031	3217.000
906.173	3437.000
906.316	3261.000
906.458	3468.000
906.600	3164.000
906.742	3399.000
906.884	3198.000
907.026	3454.000
907.168	3279.000
907.310	3427.000
907.452	3149.000
907.594	3452.000
907.736	3245.000
907.878	3382.000
908.021	3236.000
908.163	3436.000
908.305	3174.000
908.447	3444.000
908.589	3181.000
908.731	3487.000
908.873	3251.000
909.015	3509.000
909.157	3233.000
909.299	3407.000
909.441	3202.000
909.583	3391.000
909.725	3247.000
909.867	3523.000
910.009	3208.000
910.151	3453.000
910.293	3134.000
910.435	3453.000
910.577	3249.000
910.719	3467.000
910.862	3239.000
911.004	3402.000
911.146	3325.000
911.288	3402.000
911.430	3257.000
911.572	3509.000
911.714	3196.000
911.856	3457.000
911.998	3185.000
912.140	3521.000
912.282	3277.000
912.424	3395.000
912.566	3234.000
912.708	3469.000
912.850	3250.000
912.992	3375.000
913.134	3152.000
913.276	3454.000
913.418	3315.000
913.560	3465.000
913.702	3261.000
913.844	3484.000
913.986	3238.000
914.128	3462.000
914.270	3222.000
914.412	3430.000
914.554	3152.000
914.696	3373.000
914.838	3285.000
914.980	3481.000
915.122	3230.000
915.264	3462.000
915.406	3251.000
915.548	3447.000
915.690	3199.000
915.831	3441.000
915.973	3214.000
916.115	3422.000
916.257	3187.000
916.399	3389.000
916.541	3278.000
916.683	3391.000
916.825	3233.000
916.967	3453.000
917.109	3223.000
917.251	3431.000
917.393	3226.000
917.535	3468.000
917.677	3253.000
917.819	3415.000
917.961	3207.000
918.103	3473.000
918.245	3247.000
918.387	3422.000
918.528	3243.000
918.670	3402.000
918.812	3190.000
918.954	3387.000
919.096	3199.000
919.238	3495.000
919.380	3296.000
919.522	3399.000
919.664	3239.000
919.806	3459.000
919.948	3238.000
920.090	3394.000
920.231	3209.000
920.373	3417.000
920.515	3187.000
920.657	3411.000
920.799	3236.000
920.941	3429.000
921.083	3211.000
921.225	3394.000
921.367	3190.000
921.509	3472.000
921.650	3258.000
921.792	3418.000
921.934	3270.000
922.076	3428.000
922.218	3167.000
922.360	3421.000
922.502	3303.000
922.644	3491.000
922.785	3236.000
922.927	3420.000
923.069	3295.000
923.211	3387.000
923.353	3211.000
923.495	3451.000
923.637	3235.000
923.779	3430.000
923.920	3197.000
924.062	3396.000
924.204	3192.000
924.346	3477.000
924.488	3244.000
924.630	3472.000
924.771	3192.000
924.913	3463.000
925.055	3219.000
925.197	3466.000
925.339	3211.000
925.481	3496.000
925.623	3216.000
925.764	3428.000
925.906	3242.000
926.048	3422.000
926.190	3220.000
926.332	3510.000
926.473	3234.000
926.615	3430.000
926.757	3271.000
926.899	3422.000
927.041	3285.000
927.183	3507.000
927.324	3266.000
927.466	3398.000
927.608	3233.000
927.750	3470.000
927.892	3277.000
928.033	3432.000
928.175	3305.000
928.317	3424.000
928.459	3327.000
928.601	3531.000
928.742	3268.000
928.884	3449.000
929.026	3320.000
929.168	3475.000
929.310	3306.000
929.451	3540.000
929.593	3337.000
929.735	3489.000
929.877	3349.000
930.018	3500.000
930.160	3337.000
930.302	3467.000
930.444	3279.000
930.585	3507.000
930.727	3300.000
930.869	3431.000
931.011	3353.000
931.153	3506.000
931.294	3303.000
931.436	3447.000
931.578	3258.000
931.720	3566.000
931.861	3288.000
932.003	3498.000
932.145	3342.000
932.287	3595.000
932.428	3517.000
932.570	3530.000
932.712	3326.000
932.854	3499.000
932.995	3290.000
933.137	3567.000
933.279	3284.000
933.420	3580.000
933.562	3278.000
933.704	3448.000
933.846	3372.000
933.987	3511.000
934.129	3320.000
934.271	3492.000
934.412	3328.000
934.554	3582.000
934.696	3316.000
934.838	3494.000
934.979	3288.000
935.121	3478.000
935.263	3321.000
935.404	3536.000
935.546	3349.000
935.688	3495.000
935.830	3382.000
935.971	3519.000
936.113	3322.000
936.255	3604.000
936.396	3338.000
936.538	3562.000
936.680	3323.000
936.821	3470.000
936.963	3349.000
937.105	3472.000
937.246	3356.000
937.388	3469.000
937.530	3361.000
937.671	3470.000
937.813	3391.000
937.955	3543.000
938.096	3351.000
938.238	3535.000
938.380	3365.000
938.521	3604.000
938.663	3358.000
938.805	3532.000
938.946	3390.000
939.088	3543.000
939.230	3397.000
939.371	3512.000
939.513	3370.000
939.655	3523.000
939.796	3387.000
939.938	3584.000
940.080	3442.000
940.221	3541.000
940.363	3352.000
940.504	3495.000
940.646	3367.000
940.788	3508.000
940.929	3360.000
941.071	3625.000
941.213	3385.000
941.354	3599.000
941.496	3382.000
941.637	3533.000
941.779	3388.000
941.921	3530.000
942.062	3331.000
942.204	3619.000
942.346	3395.000
942.487	3603.000
942.629	3450.000
942.770	3639.000
942.912	3374.000
943.054	3612.000
943.195	3402.000
943.337	3564.000
943.478	3394.000
943.620	3656.000
943.761	3383.000
943.903	3648.000
944.045	3437.000
944.186	3652.000
944.328	3384.000
944.469	3618.000
944.611	3416.000
944.753	3644.000
944.894	3448.000
945.036	3647.000
945.177	3486.000
945.319	3693.000
945.460	3481.000
945.602	3624.000
945.744	3453.000
945.885	3697.000
946.027	3427.000
946.168	3671.000
946.310	3460.000
946.451	3683.000
946.593	3418.000
946.734	3693.000
946.876	3425.000
947.018	3719.000
947.159	3537.000
947.301	3702.000
947.442	3458.000
947.584	3665.000
947.725	3455.000
947.867	3641.000
948.008	3520.000
948.150	3676.000
948.291	3535.000
948.433	3684.000
948.574	3523.000
948.716	3696.000
948.857	3539.000
948.999	3688.000
949.140	3483.000
949.282	3754.000
949.424	3509.000
949.565	3700.000
949.707	3495.000
949.848	3714.000
949.990	3448.000
950.131	3747.000
950.273	3560.000
950.414	3663.000
950.556	3587.000
950.697	3835.000
950.839	3505.000
950.980	3761.000
951.122	3602.000
951.263	3727.000
951.404	3528.000
951.546	3686.000
951.687	3542.000
951.829	3698.000
951.970	3556.000
952.112	3762.000
952.253	3580.000
952.395	3723.000
952.536	3548.000
952.678	3791.000
952.819	3598.000
952.961	3778.000
953.102	3665.000
953.244	3765.000
953.385	3593.000
953.527	3779.000
953.668	3185.000
953.809	3735.000
953.951	3583.000
954.092	3711.000
954.234	3513.000
954.375	3741.000
954.517	3552.000
954.658	3815.000
954.800	3647.000
954.941	3778.000
955.082	3648.000
955.224	3747.000
955.365	3606.000
955.507	3824.000
955.648	3627.000
955.790	3825.000
955.931	3541.000
956.072	3822.000
956.214	3592.000
956.355	3770.000
956.497	3603.000
956.638	3757.000
956.780	3640.000
956.921	3797.000
957.062	3588.000
957.204	3836.000
957.345	3568.000
957.487	3900.000
957.628	3643.000
957.769	3767.000
957.911	3652.000
958.052	3768.000
958.194	3609.000
958.335	3758.000
958.476	3576.000
958.618	3755.000
958.759	3601.000
958.901	3865.000
959.042	3656.000
959.183	3873.000
959.325	3614.000
959.466	3790.000
959.607	3609.000
959.749	3840.000
959.890	3546.000
960.032	3821.000
960.173	3556.000
960.314	3807.000
960.456	3591.000
960.597	3835.000
960.738	3723.000
960.880	3857.000
961.021	3633.000
961.162	3924.000
961.304	3617.000
961.445	3853.000
961.586	3712.000
961.728	3892.000
961.869	3680.000
962.011	3986.000
962.152	5285.000
962.293	3956.000
962.435	3727.000
962.576	3894.000
962.717	3743.000
962.859	3883.000
963.000	3622.000
963.141	3871.000
963.283	3821.000
963.424	3992.000
963.565	3792.000
963.706	3889.000
963.848	3734.000
963.989	3921.000
964.130	3815.000
964.272	4010.000
964.413	3782.000
964.554	3940.000
964.696	3763.000
964.837	4010.000
964.978	3819.000
965.120	3990.000
965.261	3803.000
965.402	3987.000
965.543	3821.000
965.685	3965.000
965.826	3778.000
965.967	3953.000
966.109	3772.000
966.250	4048.000
966.391	3809.000
966.532	4013.000
966.674	3794.000
966.815	4058.000
966.956	3850.000
967.098	4085.000
967.239	3845.000
967.380	4048.000
967.521	3731.000
967.663	4038.000
967.804	3792.000
967.945	4093.000
968.086	3817.000
968.228	4092.000
968.369	3893.000
968.510	4034.000
968.651	3899.000
968.793	4136.000
968.934	3818.000
969.075	4089.000
969.216	3924.000
969.358	4065.000
969.499	3865.000
969.640	4102.000
969.781	3894.000
969.923	4076.000
970.064	3903.000
970.205	4096.000
970.346	3947.000
970.488	4082.000
970.629	3950.000
970.770	4119.000
970.911	3961.000
971.053	4214.000
971.194	3907.000
971.335	4151.000
971.476	3936.000
971.617	4103.000
971.759	4018.000
971.900	4239.000
972.041	3984.000
972.182	4154.000
972.323	4039.000
972.465	4234.000
972.606	4044.000
972.747	4258.000
972.888	4064.000
973.029	4267.000
973.171	4031.000
973.312	4227.000
973.453	4046.000
973.594	4267.000
973.735	4006.000
973.877	4125.000
974.018	4114.000
974.159	4290.000
974.300	4150.000
974.441	4229.000
974.582	4071.000
974.724	4182.000
974.865	4141.000
975.006	4308.000
