929.762	3426.000
929.906	3527.000
930.049	3391.000
930.193	3636.000
930.337	3366.000
930.481	3640.000
930.625	3407.000
930.769	3605.000
930.913	3419.000
931.057	3581.000
931.201	3386.000
931.345	3626.000
931.488	3410.000
931.632	3564.000
931.776	3412.000
931.920	3646.000
932.064	3329.000
932.208	3660.000
932.352	3353.000
932.495	3659.000
932.639	3371.000
932.783	3539.000
932.927	3510.000
933.071	3612.000
933.215	3475.000
933.359	3585.000
933.502	3433.000
933.646	3573.000
933.790	3416.000
933.934	3592.000
934.078	3447.000
934.221	3648.000
934.365	3492.000
934.509	3603.000
934.653	3411.000
934.797	3595.000
934.940	3493.000
935.084	3586.000
935.228	3501.000
935.372	3651.000
935.515	3430.000
935.659	3653.000
935.803	3383.000
935.947	3682.000
936.090	3415.000
936.234	3644.000
936.378	3495.000
936.522	3580.000
936.665	3457.000
936.809	3622.000
936.953	3423.000
937.097	3584.000
937.240	3483.000
937.384	3644.000
937.528	3430.000
937.671	3641.000
937.815	3433.000
937.959	3650.000
938.102	3412.000
938.246	3598.000
938.390	3488.000
938.534	3599.000
938.677	3425.000
938.821	3569.000
938.965	3388.000
939.108	3677.000
939.252	3472.000
939.396	3606.000
939.539	3435.000
939.683	3624.000
939.826	3458.000
939.970	3601.000
940.114	3477.000
940.257	3632.000
940.401	3379.000
940.545	3605.000
940.688	3419.000
940.832	3603.000
940.975	3477.000
941.119	3669.000
941.263	3431.000
941.406	3614.000
941.550	3474.000
941.693	3613.000
941.837	3423.000
941.981	3616.000
942.124	3408.000
942.268	3598.000
942.411	3491.000
942.555	3590.000
942.698	3416.000
942.842	3641.000
942.986	3503.000
943.129	3615.000
943.273	3465.000
943.416	3616.000
943.560	3419.000
943.703	3616.000
943.847	3470.000
943.990	3669.000
944.134	3450.000
944.277	3561.000
944.421	3423.000
944.564	3538.000
944.708	3455.000
944.851	3676.000
944.995	3440.000
945.138	3598.000
945.282	3458.000
945.425	3612.000
945.569	3497.000
945.712	3626.000
945.856	3323.000
945.999	3627.000
946.143	3461.000
946.286	3586.000
946.430	3485.000
946.573	3667.000
946.716	3494.000
946.860	3620.000
947.003	3485.000
947.147	3595.000
947.290	3492.000
947.434	3672.000
947.577	3438.000
947.720	3643.000
947.864	3414.000
948.007	3575.000
948.151	3542.000
948.294	3674.000
948.437	3481.000
948.581	3673.000
948.724	3480.000
948.868	3603.000
949.011	3463.000
949.154	3639.000
949.298	3511.000
949.441	3667.000
949.584	3488.000
949.728	3658.000
949.871	3534.000
950.015	3670.000
950.158	3463.000
950.301	3605.000
950.445	3518.000
950.588	3737.000
950.731	3550.000
950.875	3664.000
951.018	3529.000
951.161	3718.000
951.304	3520.000
951.448	3682.000
951.591	3514.000
951.734	3666.000
951.878	3529.000
952.021	3720.000
952.164	3571.000
952.308	3738.000
952.451	3547.000
952.594	3721.000
952.737	3586.000
952.881	3698.000
953.024	3564.000
953.167	3730.000
953.310	3506.000
953.454	3716.000
953.597	3579.000
953.740	3725.000
953.883	3580.000
954.027	3757.000
954.170	3518.000
954.313	3735.000
954.456	3578.000
954.600	3681.000
954.743	3603.000
954.886	3751.000
955.029	3520.000
955.172	3758.000
955.316	3496.000
955.459	3683.000
955.602	3574.000
955.745	3788.000
955.888	3591.000
956.032	3781.000
956.175	3531.000
956.318	3674.000
956.461	3596.000
956.604	3741.000
956.747	3623.000
956.890	3820.000
957.034	3588.000
957.177	3745.000
957.320	3564.000
957.463	3795.000
957.606	3630.000
957.749	3834.000
957.892	3569.000
958.036	3753.000
958.179	3555.000
958.322	3845.000
958.465	3733.000
958.608	3746.000
958.751	3675.000
958.894	3759.000
959.037	3616.000
959.180	3797.000
959.323	3660.000
959.467	3862.000
959.610	3568.000
959.753	3816.000
959.896	3624.000
960.039	3791.000
960.182	3607.000
960.325	3901.000
960.468	3685.000
960.611	3836.000
960.754	3640.000
960.897	3798.000
961.040	3615.000
961.183	3798.000
961.326	3674.000
961.469	3879.000
961.612	3671.000
961.755	3892.000
961.898	3609.000
962.041	3862.000
962.184	3656.000
962.327	3829.000
962.470	3678.000
962.613	3918.000
962.756	3721.000
962.899	3883.000
963.042	3708.000
963.185	3918.000
963.328	3703.000
963.471	3853.000
963.614	3747.000
963.757	3928.000
963.900	3701.000
964.043	3853.000
964.186	3751.000
964.329	3886.000
964.472	3750.000
964.615	3901.000
964.758	3699.000
964.900	3935.000
965.043	3752.000
965.186	3929.000
965.329	3807.000
965.472	3979.000
965.615	3798.000
965.758	3914.000
965.901	3771.000
966.044	3928.000
966.187	3750.000
966.329	4016.000
966.472	3883.000
966.615	4019.000
966.758	3784.000
966.901	4040.000
967.044	3891.000
967.187	3949.000
967.330	3813.000
967.472	4053.000
967.615	3841.000
967.758	4025.000
967.901	3851.000
968.044	4040.000
968.187	3833.000
968.329	4025.000
968.472	3886.000
968.615	4029.000
968.758	3898.000
968.901	4028.000
969.043	3884.000
969.186	4061.000
969.329	3856.000
969.472	4116.000
969.615	3927.000
969.757	4034.000
969.900	3928.000
970.043	4100.000
970.186	3875.000
970.328	4089.000
970.471	4023.000
970.614	4128.000
970.757	3925.000
970.899	4071.000
971.042	3927.000
971.185	4083.000
971.328	3977.000
971.470	4114.000
971.613	4013.000
971.756	4124.000
971.899	3974.000
972.041	4136.000
972.184	3833.000
972.327	4193.000
972.469	3972.000
972.612	4129.000
972.755	3972.000
972.898	4186.000
973.040	3970.000
973.183	4140.000
973.326	4103.000
973.468	4084.000
973.611	3950.000
973.754	4178.000
973.896	4034.000
974.039	4161.000
974.182	3975.000
974.324	4247.000
974.467	4088.000
974.610	4225.000
974.752	4041.000
974.895	4224.000
975.037	4083.000
975.180	4247.000
975.323	4015.000
975.465	4284.000
975.608	4049.000
975.751	4175.000
975.893	4117.000
976.036	4236.000
976.178	4111.000
976.321	4333.000
976.464	4085.000
976.606	4148.000
976.749	4106.000
976.891	4338.000
977.034	4163.000
977.176	4239.000
977.319	4062.000
977.462	4314.000
977.604	4122.000
977.747	4295.000
977.889	4136.000
978.032	4338.000
978.174	4178.000
978.317	4326.000
978.459	4220.000
978.602	4352.000
978.744	4172.000
978.887	4357.000
979.029	4157.000
979.172	4318.000
979.314	4235.000
979.457	4364.000
979.599	4130.000
979.742	4394.000
979.884	4128.000
980.027	4349.000
980.169	4222.000
980.312	4398.000
980.454	4231.000
980.597	4383.000
980.739	4271.000
980.882	4345.000
981.024	4216.000
981.167	4380.000
981.309	4342.000
981.452	4368.000
981.594	4296.000
981.736	4398.000
981.879	4329.000
982.021	4448.000
982.164	4255.000
982.306	4401.000
982.449	4297.000
982.591	4452.000
982.733	4300.000
982.876	4487.000
983.018	4271.000
983.161	4563.000
983.303	4286.000
983.445	4502.000
983.588	4329.000
983.730	4578.000
983.873	4361.000
984.015	4642.000
984.157	4325.000
984.300	4660.000
984.442	4390.000
984.584	4530.000
984.727	4428.000
984.869	4595.000
985.011	4440.000
985.154	4521.000
985.296	4419.000
985.438	4612.000
985.581	4423.000
985.723	4592.000
985.865	4445.000
986.008	4640.000
986.150	4538.000
986.292	4671.000
986.435	4541.000
986.577	4626.000
986.719	4459.000
986.861	4708.000
987.004	4413.000
987.146	4692.000
987.288	4562.000
987.431	4670.000
987.573	4604.000
987.715	4645.000
987.857	4465.000
988.000	4671.000
988.142	4581.000
988.284	4791.000
988.426	4576.000
988.569	4741.000
988.711	4534.000
988.853	4737.000
988.995	4618.000
989.138	4740.000
989.280	4549.000
989.422	4802.000
989.564	4640.000
989.706	4784.000
989.849	4617.000
989.991	4801.000
990.133	4598.000
990.275	4828.000
990.417	4701.000
990.560	4762.000
990.702	4578.000
990.844	4844.000
990.986	4678.000
991.128	4941.000
991.270	4678.000
991.413	4895.000
991.555	4697.000
991.697	4859.000
991.839	4730.000
991.981	4905.000
992.123	4734.000
992.265	4926.000
992.408	4763.000
992.550	4920.000
992.692	4799.000
992.834	5013.000
992.976	4765.000
993.118	4998.000
993.260	4778.000
993.402	4905.000
993.544	4778.000
993.687	5028.000
993.829	4771.000
993.971	4978.000
994.113	4802.000
994.255	4973.000
994.397	4792.000
994.539	4961.000
994.681	4889.000
994.823	5047.000
994.965	4871.000
995.107	5062.000
995.249	4946.000
995.391	5030.000
995.533	4903.000
995.675	5079.000
995.817	4980.000
995.959	5090.000
996.101	4920.000
996.243	5162.000
996.385	4955.000
996.527	5088.000
996.669	4963.000
996.811	5134.000
996.953	4963.000
997.095	5183.000
997.237	4990.000
997.379	5170.000
997.521	4980.000
997.663	5151.000
997.805	5093.000
997.947	5182.000
998.089	4998.000
998.231	5218.000
998.373	4978.000
998.515	5251.000
998.657	5149.000
998.799	5185.000
998.941	5088.000
999.083	5166.000
999.225	5139.000
999.367	5269.000
999.509	5152.000
999.651	5342.000
999.793	5106.000
999.934	5336.000
1000.076	5167.000
1000.218	5354.000
1000.360	5146.000
1000.502	5380.000
1000.644	5222.000
1000.786	5383.000
1000.928	5204.000
1001.070	5258.000
1001.212	5147.000
1001.353	5395.000
1001.495	5162.000
1001.637	5362.000
1001.779	5243.000
1001.921	5397.000
1002.063	5240.000
1002.205	5420.000
1002.346	5282.000
1002.488	5489.000
1002.630	5164.000
1002.772	5494.000
1002.914	5269.000
1003.055	5437.000
1003.197	5336.000
1003.339	5503.000
1003.481	5343.000
1003.623	5458.000
1003.765	5325.000
1003.906	5515.000
1004.048	5387.000
1004.190	5515.000
1004.332	5310.000
1004.473	5537.000
1004.615	5498.000
1004.757	5581.000
1004.899	5414.000
1005.041	5603.000
1005.182	5380.000
1005.324	5570.000
1005.466	5408.000
1005.608	5637.000
1005.749	5403.000
1005.891	5742.000
1006.033	5504.000
1006.175	5725.000
1006.316	5471.000
1006.458	5699.000
1006.600	5527.000
1006.741	5734.000
1006.883	5496.000
1007.025	5677.000
1007.167	5523.000
1007.308	5742.000
1007.450	5603.000
1007.592	5738.000
1007.733	5475.000
1007.875	5756.000
1008.017	5611.000
1008.158	5758.000
1008.300	5606.000
1008.442	5828.000
1008.583	5591.000
1008.725	5800.000
1008.867	5577.000
1009.008	5857.000
1009.150	5674.000
1009.292	5914.000
1009.433	5691.000
1009.575	5838.000
1009.716	5672.000
1009.858	5844.000
1010.000	5733.000
1010.141	5988.000
1010.283	5713.000
1010.425	5939.000
1010.566	5675.000
1010.708	5922.000
1010.849	5771.000
1010.991	5957.000
1011.132	5778.000
1011.274	5966.000
1011.416	5902.000
1011.557	5930.000
1011.699	5816.000
1011.840	6061.000
1011.982	5815.000
1012.123	6016.000
1012.265	5800.000
1012.407	6095.000
1012.548	5914.000
1012.690	5981.000
1012.831	5843.000
1012.973	6058.000
1013.114	5885.000
1013.256	6039.000
1013.397	5872.000
1013.539	6134.000
1013.680	6065.000
1013.822	6179.000
1013.963	6028.000
1014.105	6245.000
1014.246	6019.000
1014.388	6223.000
1014.529	6057.000
1014.671	6194.000
1014.812	5968.000
1014.954	6170.000
1015.095	6094.000
1015.237	6250.000
1015.378	6036.000
1015.520	6254.000
1015.661	6082.000
1015.803	6263.000
1015.944	6007.000
1016.085	6259.000
1016.227	6061.000
1016.368	6214.000
1016.510	6059.000
1016.651	6242.000
1016.793	6210.000
1016.934	6270.000
1017.075	6119.000
1017.217	6326.000
1017.358	6189.000
1017.500	6365.000
1017.641	6146.000
1017.782	6395.000
1017.924	6196.000
1018.065	6342.000
1018.207	6184.000
1018.348	6424.000
1018.489	6245.000
1018.631	6379.000
1018.772	6258.000
1018.913	6384.000
1019.055	6221.000
1019.196	6353.000
1019.337	6248.000
1019.479	6516.000
1019.620	6352.000
1019.761	6466.000
1019.903	6331.000
1020.044	6511.000
1020.185	6345.000
1020.327	6481.000
1020.468	6336.000
1020.609	6515.000
1020.751	6301.000
1020.892	6526.000
1021.033	6411.000
1021.175	6582.000
1021.316	6378.000
1021.457	6547.000
1021.598	6391.000
1021.740	6632.000
1021.881	6459.000
1022.022	6594.000
1022.164	6485.000
1022.305	6630.000
1022.446	6421.000
1022.587	6626.000
1022.729	6584.000
1022.870	6742.000
1023.011	6535.000
1023.152	6676.000
1023.294	6603.000
1023.435	6659.000
1023.576	6539.000
1023.717	6750.000
1023.858	6594.000
1024.000	6747.000
1024.141	6575.000
1024.282	6739.000
1024.423	6586.000
1024.564	6840.000
1024.706	6659.000
1024.847	6849.000
1024.988	6580.000
1025.129	6842.000
1025.270	6664.000
1025.412	6870.000
1025.553	6682.000
1025.694	6939.000
1025.835	6704.000
1025.976	6885.000
1026.117	6733.000
1026.258	6887.000
1026.400	6727.000
1026.541	6955.000
1026.682	6788.000
1026.823	6900.000
1026.964	6813.000
1027.105	6919.000
1027.246	6839.000
1027.388	7025.000
1027.529	6857.000
1027.670	6962.000
1027.811	6825.000
1027.952	7032.000
1028.093	6882.000
1028.234	7002.000
1028.375	6902.000
1028.516	7026.000
1028.657	6936.000
1028.798	7128.000
1028.939	6917.000
1029.081	7073.000
1029.222	6993.000
1029.363	7125.000
1029.504	6948.000
1029.645	7187.000
1029.786	7015.000
1029.927	7172.000
1030.068	7072.000
1030.209	7190.000
1030.350	7052.000
1030.491	7144.000
1030.632	7040.000
1030.773	7255.000
1030.914	7113.000
1031.055	7173.000
1031.196	7157.000
1031.337	7242.000
1031.478	7085.000
1031.619	7250.000
1031.760	7088.000
1031.901	7344.000
1032.042	7131.000
1032.183	7280.000
1032.324	7177.000
1032.465	7382.000
1032.606	7364.000
1032.747	7374.000
1032.888	7238.000
1033.029	7362.000
1033.170	7211.000
1033.311	7437.000
1033.452	7226.000
1033.592	7441.000
1033.733	7232.000
1033.874	7388.000
1034.015	7292.000
1034.156	7427.000
1034.297	7318.000
1034.438	7448.000
1034.579	7339.000
1034.720	7550.000
1034.861	7350.000
1035.002	7470.000
1035.142	7318.000
1035.283	7442.000
1035.424	7321.000
1035.565	7541.000
1035.706	7393.000
1035.847	7522.000
1035.988	7464.000
1036.129	7536.000
1036.269	7407.000
1036.410	7645.000
1036.551	7426.000
1036.692	7573.000
1036.833	7452.000
1036.974	7538.000
1037.114	7463.000
1037.255	7573.000
1037.396	7494.000
1037.537	7554.000
1037.678	7492.000
1037.819	7591.000
1037.959	7548.000
1038.100	7656.000
1038.241	7535.000
1038.382	7693.000
1038.523	7572.000
1038.663	7739.000
1038.804	7593.000
1038.945	7672.000
1039.086	7634.000
1039.226	7717.000
1039.367	7626.000
1039.508	7744.000
1039.649	7586.000
1039.789	7707.000
1039.930	7666.000
1040.071	7789.000
1040.212	7716.000
1040.352	7778.000
1040.493	7668.000
1040.634	7755.000
1040.775	7651.000
1040.915	7780.000
1041.056	7681.000
1041.197	7895.000
1041.337	7713.000
1041.478	7833.000
1041.619	7676.000
1041.760	7826.000
1041.900	7750.000
1042.041	7827.000
1042.182	7687.000
1042.322	7889.000
1042.463	7737.000
1042.604	7960.000
1042.744	7796.000
1042.885	7977.000
1043.026	7777.000
1043.166	7959.000
1043.307	7805.000
1043.448	7918.000
1043.588	7785.000
1043.729	7991.000
1043.869	7799.000
1044.010	8011.000
1044.151	7866.000
1044.291	8021.000
1044.432	7811.000
1044.573	7954.000
1044.713	7870.000
1044.854	8032.000
1044.994	7887.000
1045.135	8049.000
1045.276	7945.000
1045.416	8089.000
1045.557	7988.000
1045.697	8014.000
1045.838	7964.000
1045.978	8112.000
1046.119	7944.000
1046.260	8144.000
1046.400	7971.000
1046.541	8147.000
1046.681	7927.000
1046.822	8152.000
1046.962	7956.000
1047.103	8220.000
1047.243	8085.000
1047.384	8212.000
1047.524	7977.000
1047.665	8167.000
1047.805	8029.000
1047.946	8163.000
1048.087	8084.000
1048.227	8230.000
1048.368	8092.000
1048.508	8232.000
1048.649	8104.000
1048.789	8243.000
1048.929	8165.000
1049.070	8267.000
1049.210	8123.000
1049.351	8342.000
1049.491	8140.000
1049.632	8315.000
1049.772	8143.000
1049.913	8306.000
1050.053	8096.000
1050.194	8370.000
1050.334	8211.000
1050.475	8289.000
1050.615	8231.000
1050.755	8435.000
1050.896	8182.000
1051.036	8379.000
1051.177	8263.000
1051.317	8351.000
1051.458	8188.000
1051.598	8349.000
1051.738	8227.000
1051.879	8335.000
1052.019	8237.000
1052.160	8409.000
1052.300	8319.000
1052.440	8376.000
1052.581	8238.000
1052.721	8471.000
1052.861	8347.000
1053.002	8442.000
1053.142	8395.000
1053.282	8467.000
1053.423	8358.000
1053.563	8442.000
1053.704	7893.000
1053.844	8448.000
1053.984	8332.000
1054.125	8405.000
1054.265	8280.000
1054.405	8468.000
1054.546	8277.000
1054.686	8497.000
1054.826	8401.000
1054.966	8513.000
1055.107	8364.000
1055.247	8477.000
1055.387	8358.000
1055.528	8539.000
1055.668	8390.000
1055.808	8470.000
1055.948	8290.000
1056.089	8501.000
1056.229	8295.000
1056.369	8400.000
1056.510	8328.000
1056.650	8379.000
1056.790	8307.000
1056.930	8412.000
1057.071	8239.000
1057.211	8417.000
1057.351	8184.000
1057.491	8473.000
1057.632	8226.000
1057.772	8260.000
1057.912	8235.000
1058.052	8273.000
1058.192	8171.000
1058.333	8315.000
1058.473	8199.000
1058.613	8353.000
1058.753	8336.000
1058.893	8534.000
1059.034	8366.000
1059.174	8588.000
1059.314	8400.000
1059.454	8516.000
1059.594	8399.000
1059.734	8539.000
1059.875	8367.000
1060.015	8517.000
1060.155	8320.000
1060.295	8554.000
1060.435	8354.000
1060.575	8563.000
1060.716	8516.000
1060.856	8577.000
1060.996	8417.000
1061.136	8663.000
1061.276	8391.000
1061.416	8600.000
1061.556	8493.000
1061.696	8636.000
1061.837	8453.000
1061.977	8717.000
1062.117	10032.000
1062.257	8673.000
1062.397	8509.000
1062.537	8662.000
1062.677	8548.000
1062.817	8630.000
1062.957	8447.000
1063.097	8615.000
1063.237	8607.000
1063.377	8758.000
1063.517	8639.000
1063.658	8755.000
1063.798	8634.000
1063.938	8785.000
1064.078	8783.000
1064.218	8948.000
1064.358	8735.000
1064.498	8847.000
1064.638	8704.000
1064.778	8911.000
1064.918	8732.000
1065.058	8865.000
1065.198	8686.000
1065.338	8821.000
1065.478	8681.000
1065.618	8762.000
1065.758	8617.000
1065.898	8766.000
1066.038	8639.000
1066.178	8875.000
1066.318	8624.000
1066.458	8824.000
1066.598	8658.000
1066.738	8873.000
1066.878	8695.000
1067.018	8890.000
1067.158	8695.000
1067.297	8864.000
1067.437	8615.000
1067.577	8885.000
1067.717	8684.000
1067.857	8884.000
1067.997	8689.000
1068.137	8945.000
1068.277	8725.000
1068.417	8863.000
1068.557	8731.000
1068.697	8976.000
1068.837	8683.000
1068.977	8942.000
1069.116	8816.000
1069.256	8859.000
1069.396	8748.000
1069.536	8946.000
1069.676	8755.000
1069.816	8903.000
1069.956	8795.000
1070.096	8942.000
1070.235	8865.000
1070.375	8907.000
1070.515	8866.000
1070.655	8977.000
1070.795	8884.000
1070.935	9079.000
1071.074	8853.000
1071.214	9005.000
1071.354	8796.000
1071.494	8986.000
1071.634	8943.000
1071.774	9089.000
1071.913	8880.000
1072.053	9044.000
1072.193	8922.000
1072.333	9099.000
1072.473	8970.000
1072.612	9153.000
1072.752	8968.000
1072.892	9139.000
1073.032	8924.000
1073.172	9071.000
1073.311	8973.000
1073.451	9150.000
1073.591	8959.000
1073.731	9030.000
1073.870	9028.000
1074.010	9192.000
1074.150	9058.000
1074.290	9131.000
1074.429	9002.000
1074.569	9100.000
1074.709	9115.000
1074.848	9236.000
