1159.948	7561.000
1160.095	7453.000
1160.241	7527.000
1160.387	7515.000
1160.533	7523.000
1160.679	7528.000
1160.825	7494.000
1160.971	7490.000
1161.117	7516.000
1161.263	7453.000
1161.410	7422.000
1161.556	7480.000
1161.702	7472.000
1161.848	7385.000
1161.994	7445.000
1162.140	7508.000
1162.286	7421.000
1162.432	7483.000
1162.578	7398.000
1162.724	7463.000
1162.870	7353.000
1163.016	7347.000
1163.162	7528.000
1163.308	7408.000
1163.454	7425.000
1163.599	7375.000
1163.745	7424.000
1163.891	7352.000
1164.037	7376.000
1164.183	7355.000
1164.329	7410.000
1164.475	7391.000
1164.621	7381.000
1164.767	7343.000
1164.912	7303.000
1165.058	7314.000
1165.204	7402.000
1165.350	7282.000
1165.496	7397.000
1165.642	7342.000
1165.787	7319.000
1165.933	7375.000
1166.079	7289.000
1166.225	7350.000
1166.370	7264.000
1166.516	7312.000
1166.662	7354.000
1166.808	7263.000
1166.953	7322.000
1167.099	7313.000
1167.245	7262.000
1167.390	7269.000
1167.536	7359.000
1167.682	7336.000
1167.827	7242.000
1167.973	7288.000
1168.119	7275.000
1168.264	7296.000
1168.410	7223.000
1168.556	7244.000
1168.701	7340.000
1168.847	7252.000
1168.992	7247.000
1169.138	7247.000
1169.284	7185.000
1169.429	7293.000
1169.575	7276.000
1169.720	7214.000
1169.866	7237.000
1170.011	7257.000
1170.157	7261.000
1170.302	7249.000
1170.448	7291.000
1170.593	7293.000
1170.739	7187.000
1170.884	7203.000
1171.030	7186.000
1171.175	7231.000
1171.321	7244.000
1171.466	7295.000
1171.611	7189.000
1171.757	7258.000
1171.902	7265.000
1172.048	7241.000
1172.193	7190.000
1172.338	7216.000
1172.484	7203.000
1172.629	7223.000
1172.775	7235.000
1172.920	7193.000
1173.065	7187.000
1173.211	7257.000
1173.356	7225.000
1173.501	7225.000
1173.646	7243.000
1173.792	7227.000
1173.937	7170.000
1174.082	7233.000
1174.228	7231.000
1174.373	7248.000
1174.518	7211.000
1174.663	7195.000
1174.809	7179.000
1174.954	7126.000
1175.099	7188.000
1175.244	7315.000
1175.389	7191.000
1175.535	7224.000
1175.680	7242.000
1175.825	7250.000
1175.970	7254.000
1176.115	7241.000
1176.260	7079.000
1176.405	7308.000
1176.550	7217.000
1176.696	7216.000
1176.841	7276.000
1176.986	7286.000
1177.131	7290.000
1177.276	7294.000
1177.421	7253.000
1177.566	7292.000
1177.711	7278.000
1177.856	7364.000
1178.001	7241.000
1178.146	7353.000
1178.291	7180.000
1178.436	7235.000
1178.581	7358.000
1178.726	7368.000
1178.871	7299.000
1179.016	7337.000
1179.161	7286.000
1179.306	7331.000
1179.451	7285.000
1179.596	7340.000
1179.741	7373.000
1179.886	7389.000
1180.030	7326.000
1180.175	7352.000
1180.320	7361.000
1180.465	7406.000
1180.610	7348.000
1180.755	7311.000
1180.900	7350.000
1181.044	7436.000
1181.189	7411.000
1181.334	7365.000
1181.479	7352.000
1181.624	7420.000
1181.768	7399.000
1181.913	7381.000
1182.058	7321.000
1182.203	7373.000
1182.348	7324.000
1182.492	7479.000
1182.637	7424.000
1182.782	7487.000
1182.926	7392.000
1183.071	7443.000
1183.216	7412.000
1183.360	7415.000
1183.505	7389.000
1183.650	7470.000
1183.794	7351.000
1183.939	7431.000
1184.084	7429.000
1184.228	7456.000
1184.373	7430.000
1184.518	7513.000
1184.662	7374.000
1184.807	7496.000
1184.951	7398.000
1185.096	7415.000
1185.241	7481.000
1185.385	7497.000
1185.530	7389.000
1185.674	7503.000
1185.819	7309.000
1185.963	7451.000
1186.108	7421.000
1186.252	7530.000
1186.397	7419.000
1186.541	7535.000
1186.686	7350.000
1186.830	7424.000
1186.975	7414.000
1187.119	7476.000
1187.263	7445.000
1187.408	7565.000
1187.552	7426.000
1187.697	7469.000
1187.841	7383.000
1187.985	7516.000
1188.130	7412.000
1188.274	7541.000
1188.419	7392.000
1188.563	7507.000
1188.707	7329.000
1188.852	7581.000
1188.996	7569.000
1189.140	7488.000
1189.285	7503.000
1189.429	7484.000
1189.573	7383.000
1189.717	7535.000
1189.862	7452.000
1190.006	7599.000
1190.150	7415.000
1190.294	7535.000
1190.439	7432.000
1190.583	7534.000
1190.727	7436.000
1190.871	7586.000
1191.016	7466.000
1191.160	7540.000
1191.304	7428.000
1191.448	7524.000
1191.592	7369.000
1191.736	7499.000
1191.881	7483.000
1192.025	7593.000
1192.169	7467.000
1192.313	7588.000
1192.457	7367.000
1192.601	7596.000
1192.745	7404.000
1192.889	7555.000
1193.033	7427.000
1193.177	7637.000
1193.321	7511.000
1193.465	7591.000
1193.610	7457.000
1193.754	7610.000
1193.898	7458.000
1194.042	7574.000
1194.186	7506.000
1194.330	7634.000
1194.474	7416.000
1194.617	7533.000
1194.761	7456.000
1194.905	7553.000
1195.049	7472.000
1195.193	7559.000
1195.337	7402.000
1195.481	7590.000
1195.625	7466.000
1195.769	7573.000
1195.913	7553.000
1196.057	7612.000
1196.201	7504.000
1196.344	7488.000
1196.488	7407.000
1196.632	7502.000
1196.776	7383.000
1196.920	7546.000
1197.064	7536.000
1197.207	7592.000
1197.351	7420.000
1197.495	7584.000
1197.639	7507.000
1197.782	7512.000
1197.926	7384.000
1198.070	7543.000
1198.214	7395.000
1198.357	7487.000
1198.501	7390.000
1198.645	7513.000
1198.789	7377.000
1198.932	7465.000
1199.076	7361.000
1199.220	7463.000
1199.363	7352.000
1199.507	7490.000
1199.651	7341.000
1199.794	7449.000
1199.938	7328.000
1200.081	7525.000
1200.225	7327.000
1200.369	7388.000
1200.512	7334.000
1200.656	7430.000
1200.799	7229.000
1200.943	7398.000
1201.087	7343.000
1201.230	7380.000
1201.374	7221.000
1201.517	7325.000
1201.661	7239.000
1201.804	7314.000
1201.948	7196.000
1202.091	7278.000
1202.235	7191.000
1202.378	7333.000
1202.522	7188.000
1202.665	7271.000
1202.808	7021.000
1202.952	7312.000
1203.095	7112.000
1203.239	7189.000
1203.382	7055.000
1203.526	7253.000
1203.669	7062.000
1203.812	7164.000
1203.956	7129.000
1204.099	7081.000
1204.242	6978.000
1204.386	7162.000
1204.529	6966.000
1204.672	7120.000
1204.816	6941.000
1204.959	7179.000
1205.102	7070.000
1205.246	7129.000
1205.389	6947.000
1205.532	7125.000
1205.675	6989.000
1205.819	7109.000
1205.962	6916.000
1206.105	7110.000
1206.248	6924.000
1206.392	6985.000
1206.535	6979.000
1206.678	7051.000
1206.821	6937.000
1206.964	7168.000
1207.108	6890.000
1207.251	6937.000
1207.394	6911.000
1207.537	7108.000
1207.680	6982.000
1207.823	7001.000
1207.966	6815.000
1208.109	7075.000
1208.253	6908.000
1208.396	7029.000
1208.539	6876.000
1208.682	7028.000
1208.825	6903.000
1208.968	7016.000
1209.111	6943.000
1209.254	7074.000
1209.397	6880.000
1209.540	7055.000
1209.683	6820.000
1209.826	6933.000
1209.969	6900.000
1210.112	6991.000
1210.255	6761.000
1210.398	7043.000
1210.541	6743.000
1210.684	6916.000
1210.827	6838.000
1210.970	7015.000
1211.113	6843.000
1211.255	6983.000
1211.398	6882.000
1211.541	6854.000
1211.684	6769.000
1211.827	6934.000
1211.970	6911.000
1212.113	6891.000
1212.256	6842.000
1212.398	6886.000
1212.541	6847.000
1212.684	6966.000
1212.827	6776.000
1212.970	6880.000
1213.112	6803.000
1213.255	6887.000
1213.398	6797.000
1213.541	6913.000
1213.683	6727.000
1213.826	6971.000
1213.969	6703.000
1214.112	6899.000
1214.254	6777.000
1214.397	6986.000
1214.540	6769.000
1214.682	7048.000
1214.825	6730.000
1214.968	7034.000
1215.110	6780.000
1215.253	6928.000
1215.396	6780.000
1215.538	6948.000
1215.681	6821.000
1215.824	6868.000
1215.966	6784.000
1216.109	6944.000
1216.251	6767.000
1216.394	6906.000
1216.536	6775.000
1216.679	6930.000
1216.822	6864.000
1216.964	6958.000
1217.107	6839.000
1217.249	6921.000
1217.392	6742.000
1217.534	6987.000
1217.677	6563.000
1217.819	6950.000
1217.962	6858.000
1218.104	6895.000
1218.247	6863.000
1218.389	6870.000
1218.531	6716.000
1218.674	6895.000
1218.816	6840.000
1218.959	6989.000
1219.101	6790.000
1219.243	6926.000
1219.386	6748.000
1219.528	6953.000
1219.671	6798.000
1219.813	6931.000
1219.955	6743.000
1220.098	6976.000
1220.240	6849.000
1220.382	6930.000
1220.525	6771.000
1220.667	6956.000
1220.809	6759.000
1220.951	6976.000
1221.094	6836.000
1221.236	6918.000
1221.378	6707.000
1221.520	6927.000
1221.663	6797.000
1221.805	7049.000
1221.947	6801.000
1222.089	6988.000
1222.232	6815.000
1222.374	6917.000
1222.516	6810.000
1222.658	6973.000
1222.800	6823.000
1222.942	6971.000
1223.084	6826.000
1223.227	6941.000
1223.369	6819.000
1223.511	7018.000
1223.653	6852.000
1223.795	6989.000
1223.937	6827.000
1224.079	6893.000
1224.221	6779.000
1224.363	6994.000
1224.505	6772.000
1224.647	6917.000
1224.789	6803.000
1224.932	6923.000
1225.074	6761.000
1225.216	6933.000
1225.358	6834.000
1225.500	6944.000
1225.641	6832.000
1225.783	6992.000
1225.925	6851.000
1226.067	6963.000
1226.209	6816.000
1226.351	6990.000
1226.493	6861.000
1226.635	6950.000
1226.777	6811.000
1226.919	7008.000
1227.061	6823.000
1227.203	6907.000
1227.345	6792.000
1227.486	6958.000
1227.628	6802.000
1227.770	6943.000
1227.912	6798.000
1228.054	6944.000
1228.196	6785.000
1228.337	6925.000
1228.479	6894.000
1228.621	6948.000
1228.763	6790.000
1228.904	6935.000
1229.046	6728.000
1229.188	7023.000
1229.330	6878.000
1229.471	6915.000
1229.613	6823.000
1229.755	6867.000
1229.897	6870.000
1230.038	6965.000
1230.180	6873.000
1230.322	7001.000
1230.463	6783.000
1230.605	6967.000
1230.747	6833.000
1230.888	6987.000
1231.030	6831.000
1231.171	6983.000
1231.313	6869.000
1231.455	7026.000
1231.596	6867.000
1231.738	6833.000
1231.879	6774.000
1232.021	6963.000
1232.163	6729.000
1232.304	6928.000
1232.446	6780.000
1232.587	6938.000
1232.729	6783.000
1232.870	6926.000
1233.012	6776.000
1233.153	7007.000
1233.295	6692.000
1233.436	6978.000
1233.578	6789.000
1233.719	6935.000
1233.860	6800.000
1234.002	6948.000
1234.143	6764.000
1234.285	6936.000
1234.426	6771.000
1234.568	6929.000
1234.709	6780.000
1234.850	6931.000
1234.992	6719.000
1235.133	6954.000
1235.274	6924.000
1235.416	6964.000
1235.557	6822.000
1235.698	6976.000
1235.840	6767.000
1235.981	6938.000
1236.122	6762.000
1236.264	6937.000
1236.405	6721.000
1236.546	7027.000
1236.687	6821.000
1236.829	6990.000
1236.970	6760.000
1237.111	6945.000
1237.252	6810.000
1237.394	6948.000
1237.535	6760.000
1237.676	6947.000
1237.817	6791.000
1237.958	6966.000
1238.100	6831.000
1238.241	6913.000
1238.382	6702.000
1238.523	6916.000
1238.664	6777.000
1238.805	6904.000
1238.946	6745.000
1239.088	6926.000
1239.229	6706.000
1239.370	6952.000
1239.511	6680.000
1239.652	6961.000
1239.793	6779.000
1239.934	7006.000
1240.075	6792.000
1240.216	6903.000
1240.357	6757.000
1240.498	6856.000
1240.639	6807.000
1240.780	6985.000
1240.921	6747.000
1241.062	6955.000
1241.203	6660.000
1241.344	6894.000
1241.485	6749.000
1241.626	6907.000
1241.767	6748.000
1241.908	6886.000
1242.049	6818.000
1242.190	6840.000
1242.330	6793.000
1242.471	6926.000
1242.612	6731.000
1242.753	6910.000
1242.894	6700.000
1243.035	6953.000
1243.176	6762.000
1243.316	6820.000
1243.457	6706.000
1243.598	6916.000
1243.739	6768.000
1243.880	6829.000
1244.020	6643.000
1244.161	6846.000
1244.302	6794.000
1244.443	6930.000
1244.584	6786.000
1244.724	6931.000
1244.865	6695.000
1245.006	6858.000
1245.146	6678.000
1245.287	6864.000
1245.428	6622.000
1245.568	6846.000
1245.709	6762.000
1245.850	6915.000
1245.990	6711.000
1246.131	6902.000
1246.272	6680.000
1246.412	6842.000
1246.553	6610.000
1246.694	6845.000
1246.834	6672.000
1246.975	6785.000
1247.115	6621.000
1247.256	6823.000
1247.397	6776.000
1247.537	6814.000
1247.678	6659.000
1247.818	6821.000
1247.959	6699.000
1248.099	6827.000
1248.240	6633.000
1248.380	6821.000
1248.521	6677.000
1248.661	6763.000
1248.802	6629.000
1248.942	6883.000
1249.083	6659.000
1249.223	6754.000
1249.364	6676.000
1249.504	6781.000
1249.644	6596.000
1249.785	6716.000
1249.925	6614.000
1250.066	6829.000
1250.206	6683.000
1250.346	6761.000
1250.487	6620.000
1250.627	6773.000
1250.767	6633.000
1250.908	6731.000
1251.048	6560.000
1251.188	6761.000
1251.329	6566.000
1251.469	6734.000
1251.609	6582.000
1251.750	6767.000
1251.890	6587.000
1252.030	6722.000
1252.170	6560.000
1252.311	6799.000
1252.451	6627.000
1252.591	6725.000
1252.731	6624.000
1252.871	6782.000
1253.012	6531.000
1253.152	6712.000
1253.292	6674.000
1253.432	6814.000
1253.572	6636.000
1253.712	6703.000
1253.853	6649.000
1253.993	6735.000
1254.133	6571.000
1254.273	6763.000
1254.413	6603.000
1254.553	6738.000
1254.693	6590.000
1254.833	6708.000
1254.973	6555.000
1255.114	6813.000
1255.254	6625.000
1255.394	6809.000
1255.534	6543.000
1255.674	6794.000
1255.814	6608.000
1255.954	6791.000
1256.094	6606.000
1256.234	6823.000
1256.374	6557.000
1256.514	6766.000
1256.654	6585.000
1256.794	6744.000
1256.933	6591.000
1257.073	6790.000
1257.213	6617.000
1257.353	6721.000
1257.493	6631.000
1257.633	6724.000
1257.773	6637.000
1257.913	6789.000
1258.053	6635.000
1258.193	6710.000
1258.332	6565.000
1258.472	6774.000
1258.612	6660.000
1258.752	6722.000
1258.892	6636.000
1259.031	6725.000
1259.171	6622.000
1259.311	6806.000
1259.451	6622.000
1259.591	6749.000
1259.730	6709.000
1259.870	6768.000
1260.010	6621.000
1260.150	6825.000
1260.289	6682.000
1260.429	6816.000
1260.569	6668.000
1260.708	6803.000
1260.848	6613.000
1260.988	6748.000
1261.127	6663.000
1261.267	6807.000
1261.407	6638.000
1261.546	6766.000
1261.686	6720.000
1261.826	6812.000
1261.965	6622.000
1262.105	6726.000
1262.244	6621.000
1262.384	6867.000
1262.524	6620.000
1262.663	6793.000
1262.803	6702.000
1262.942	6888.000
1263.082	7047.000
1263.221	6818.000
1263.361	6638.000
1263.500	6773.000
1263.640	6580.000
1263.779	6849.000
1263.919	6600.000
1264.058	6847.000
1264.198	6617.000
1264.337	6723.000
1264.477	6657.000
1264.616	6789.000
1264.756	6646.000
1264.895	6738.000
1265.034	6655.000
1265.174	6819.000
1265.313	6631.000
1265.453	6743.000
1265.592	6599.000
1265.731	6736.000
1265.871	6605.000
1266.010	6764.000
1266.149	6642.000
1266.289	6718.000
1266.428	6654.000
1266.567	6710.000
1266.707	6564.000
1266.846	6828.000
1266.985	6614.000
1267.124	6702.000
1267.264	6594.000
1267.403	6663.000
1267.542	6635.000
1267.681	6708.000
1267.821	6614.000
1267.960	6645.000
1268.099	6612.000
1268.238	6656.000
1268.377	6602.000
1268.517	6709.000
1268.656	6545.000
1268.795	6724.000
1268.934	6602.000
1269.073	6769.000
1269.212	6602.000
1269.352	6697.000
1269.491	6635.000
1269.630	6683.000
1269.769	6633.000
1269.908	6692.000
1270.047	6605.000
1270.186	6658.000
1270.325	6610.000
1270.464	6736.000
1270.603	6673.000
1270.742	6697.000
1270.881	6608.000
1271.020	6652.000
1271.159	6598.000
1271.298	6695.000
1271.437	6571.000
1271.576	6754.000
1271.715	6603.000
1271.854	6753.000
1271.993	6603.000
1272.132	6672.000
1272.271	6553.000
1272.410	6669.000
1272.549	6541.000
1272.688	6773.000
1272.827	6597.000
1272.966	6766.000
1273.104	6646.000
1273.243	6778.000
1273.382	6537.000
1273.521	6773.000
1273.660	6567.000
1273.799	6723.000
1273.938	6578.000
1274.076	6759.000
1274.215	6543.000
1274.354	6770.000
1274.493	6609.000
1274.632	6778.000
1274.770	6570.000
1274.909	6699.000
1275.048	6585.000
1275.187	6764.000
1275.325	6642.000
1275.464	6779.000
1275.603	6648.000
1275.741	6801.000
1275.880	6696.000
1276.019	6698.000
1276.157	6653.000
1276.296	6812.000
1276.435	6609.000
1276.573	6743.000
1276.712	6642.000
1276.851	6807.000
1276.989	6575.000
1277.128	6779.000
1277.267	6588.000
1277.405	6846.000
1277.544	6705.000
1277.682	6795.000
1277.821	6571.000
1277.959	6750.000
1278.098	6597.000
1278.236	6714.000
1278.375	6629.000
1278.514	6767.000
1278.652	6662.000
1278.791	6765.000
1278.929	6630.000
1279.068	6779.000
1279.206	6676.000
1279.344	6766.000
1279.483	6576.000
1279.621	6794.000
1279.760	6592.000
1279.898	6738.000
1280.037	6596.000
1280.175	6736.000
1280.313	6536.000
1280.452	6770.000
1280.590	6661.000
1280.729	6695.000
1280.867	6615.000
1281.005	6791.000
1281.144	6596.000
1281.282	6780.000
1281.420	6622.000
1281.559	6733.000
1281.697	6591.000
1281.835	6676.000
1281.974	6599.000
1282.112	6643.000
1282.250	6575.000
1282.388	6727.000
1282.527	6614.000
1282.665	6709.000
1282.803	6557.000
1282.941	6768.000
1283.080	6639.000
1283.218	6711.000
1283.356	6657.000
1283.494	6727.000
1283.632	6596.000
1283.771	6728.000
1283.909	5777.000
1284.047	6707.000
1284.185	6568.000
1284.323	6664.000
1284.461	6506.000
1284.599	6699.000
1284.737	6528.000
1284.876	6688.000
1285.014	6600.000
1285.152	6719.000
1285.290	6529.000
1285.428	6676.000
1285.566	6504.000
1285.704	6717.000
1285.842	6556.000
1285.980	6696.000
1286.118	6489.000
1286.256	6673.000
1286.394	6460.000
1286.532	6625.000
1286.670	6516.000
1286.808	6601.000
1286.946	6508.000
1287.084	6654.000
1287.222	6451.000
1287.360	6665.000
1287.498	6410.000
1287.636	6734.000
1287.774	6528.000
1287.911	6585.000
1288.049	6541.000
1288.187	6565.000
1288.325	6467.000
1288.463	6554.000
1288.601	6373.000
1288.739	6519.000
1288.876	6447.000
1289.014	6617.000
1289.152	6458.000
1289.290	6650.000
1289.428	6399.000
1289.565	6550.000
1289.703	6390.000
1289.841	6540.000
1289.979	6335.000
1290.117	6551.000
1290.254	6371.000
1290.392	6509.000
1290.530	6326.000
1290.667	6538.000
1290.805	6475.000
1290.943	6563.000
1291.080	6391.000
1291.218	6619.000
1291.356	6314.000
1291.493	6505.000
1291.631	6437.000
1291.769	6569.000
1291.906	6396.000
1292.044	6643.000
1292.182	9529.000
1292.319	6643.000
1292.457	6427.000
1292.594	6555.000
1292.732	6438.000
1292.870	6558.000
1293.007	6324.000
1293.145	6505.000
1293.282	6512.000
1293.420	6631.000
1293.557	6449.000
1293.695	6532.000
1293.832	6427.000
1293.970	6543.000
1294.107	6494.000
1294.245	6642.000
1294.382	6417.000
1294.520	6568.000
1294.657	6386.000
1294.795	6605.000
1294.932	6436.000
1295.069	6620.000
1295.207	6433.000
1295.344	6602.000
1295.482	6487.000
1295.619	6574.000
1295.756	6375.000
1295.894	6506.000
1296.031	6395.000
1296.168	6601.000
1296.306	6416.000
1296.443	6578.000
1296.580	6416.000
1296.718	6631.000
1296.855	6417.000
1296.992	6616.000
1297.130	6394.000
1297.267	6563.000
1297.404	6290.000
1297.541	6566.000
1297.679	6330.000
1297.816	6568.000
1297.953	6331.000
1298.090	6584.000
1298.228	6382.000
1298.365	6549.000
1298.502	6384.000
1298.639	6598.000
1298.776	6321.000
1298.913	6591.000
1299.051	6453.000
1299.188	6459.000
1299.325	6346.000
1299.462	6570.000
1299.599	6391.000
1299.736	6513.000
1299.873	6350.000
1300.010	6519.000
1300.147	6401.000
1300.285	6506.000
1300.422	6422.000
1300.559	6535.000
1300.696	6371.000
1300.833	6577.000
1300.970	6325.000
1301.107	6538.000
1301.244	6304.000
1301.381	6488.000
1301.518	6427.000
1301.655	6598.000
1301.792	6355.000
1301.929	6475.000
1302.066	6376.000
1302.203	6601.000
1302.340	6381.000
1302.476	6627.000
1302.613	6398.000
1302.750	6619.000
1302.887	6389.000
1303.024	6487.000
1303.161	6369.000
1303.298	6520.000
1303.435	6359.000
1303.572	6439.000
1303.708	6357.000
1303.845	6614.000
1303.982	6431.000
1304.119	6517.000
1304.256	6354.000
1304.392	6464.000
1304.529	6421.000
1304.666	6575.000
