1059.898	6456.000
1060.043	6470.000
1060.188	6439.000
1060.333	6545.000
1060.479	6417.000
1060.624	6567.000
1060.769	6413.000
1060.914	6515.000
1061.059	6429.000
1061.204	6530.000
1061.349	6377.000
1061.494	6567.000
1061.639	6421.000
1061.784	6478.000
1061.929	6417.000
1062.074	6602.000
1062.219	6370.000
1062.364	6668.000
1062.509	6592.000
1062.654	6835.000
1062.799	6711.000
1062.944	6795.000
1063.089	6911.000
1063.234	6879.000
1063.379	6811.000
1063.524	6829.000
1063.669	6759.000
1063.814	6645.000
1063.959	6487.000
1064.104	6516.000
1064.249	6437.000
1064.394	6552.000
1064.538	6455.000
1064.683	6500.000
1064.828	6404.000
1064.973	6504.000
1065.118	6487.000
1065.263	6444.000
1065.408	6452.000
1065.553	6535.000
1065.697	6422.000
1065.842	6553.000
1065.987	6384.000
1066.132	6585.000
1066.277	6386.000
1066.422	6550.000
1066.566	6459.000
1066.711	6452.000
1066.856	6443.000
1067.001	6510.000
1067.146	6410.000
1067.290	6468.000
1067.435	6459.000
1067.580	6554.000
1067.725	6429.000
1067.869	6515.000
1068.014	6399.000
1068.159	6518.000
1068.303	6380.000
1068.448	6466.000
1068.593	6460.000
1068.738	6492.000
1068.882	6416.000
1069.027	6452.000
1069.172	6375.000
1069.316	6523.000
1069.461	6431.000
1069.606	6444.000
1069.750	6377.000
1069.895	6504.000
1070.040	6392.000
1070.184	6461.000
1070.329	6418.000
1070.473	6489.000
1070.618	6345.000
1070.763	6462.000
1070.907	6386.000
1071.052	6423.000
1071.196	6419.000
1071.341	6554.000
1071.486	6384.000
1071.630	6494.000
1071.775	6405.000
1071.919	6456.000
1072.064	6345.000
1072.208	6458.000
1072.353	6342.000
1072.497	6456.000
1072.642	6375.000
1072.786	6431.000
1072.931	6380.000
1073.075	6469.000
1073.220	6403.000
1073.364	6459.000
1073.509	6409.000
1073.653	6439.000
1073.798	6340.000
1073.942	6444.000
1074.087	6412.000
1074.231	6481.000
1074.376	6378.000
1074.520	6413.000
1074.664	6354.000
1074.809	6395.000
1074.953	6380.000
1075.098	6520.000
1075.242	6362.000
1075.386	6479.000
1075.531	6393.000
1075.675	6430.000
1075.819	6408.000
1075.964	6478.000
1076.108	6297.000
1076.252	6537.000
1076.397	6377.000
1076.541	6447.000
1076.685	6456.000
1076.830	6535.000
1076.974	6482.000
1077.118	6508.000
1077.263	6442.000
1077.407	6510.000
1077.551	6481.000
1077.695	6619.000
1077.840	6431.000
1077.984	6605.000
1078.128	6431.000
1078.272	6503.000
1078.417	6601.000
1078.561	6657.000
1078.705	6551.000
1078.849	6639.000
1078.994	6588.000
1079.138	6589.000
1079.282	6565.000
1079.426	6625.000
1079.570	6614.000
1079.714	6669.000
1079.859	6549.000
1080.003	6649.000
1080.147	6589.000
1080.291	6662.000
1080.435	6587.000
1080.579	6581.000
1080.723	6616.000
1080.868	6716.000
1081.012	6630.000
1081.156	6626.000
1081.300	6603.000
1081.444	6675.000
1081.588	6632.000
1081.732	6651.000
1081.876	6553.000
1082.020	6664.000
1082.164	6563.000
1082.308	6734.000
1082.452	6665.000
1082.596	6755.000
1082.740	6643.000
1082.884	6733.000
1083.028	6658.000
1083.172	6719.000
1083.316	6661.000
1083.460	6783.000
1083.604	6629.000
1083.748	6749.000
1083.892	6741.000
1084.036	6752.000
1084.180	6710.000
1084.324	6827.000
1084.468	6674.000
1084.612	6830.000
1084.756	6741.000
1084.900	6768.000
1085.044	6809.000
1085.188	6858.000
1085.332	6772.000
1085.476	6865.000
1085.619	6692.000
1085.763	6818.000
1085.907	6849.000
1086.051	6923.000
1086.195	6839.000
1086.339	6955.000
1086.483	6785.000
1086.626	6843.000
1086.770	6839.000
1086.914	6886.000
1087.058	6907.000
1087.202	6989.000
1087.346	6828.000
1087.489	6874.000
1087.633	6797.000
1087.777	6944.000
1087.921	6864.000
1088.064	6990.000
1088.208	6775.000
1088.352	6913.000
1088.496	6749.000
1088.639	6947.000
1088.783	6940.000
1088.927	6880.000
1089.071	6859.000
1089.214	6864.000
1089.358	6790.000
1089.502	6891.000
1089.645	6828.000
1089.789	6957.000
1089.933	6755.000
1090.076	6943.000
1090.220	6821.000
1090.364	6889.000
1090.507	6769.000
1090.651	6954.000
1090.795	6813.000
1090.938	6876.000
1091.082	6739.000
1091.226	6844.000
1091.369	6720.000
1091.513	6844.000
1091.656	6788.000
1091.800	6901.000
1091.944	6747.000
1092.087	6879.000
1092.231	6636.000
1092.374	6876.000
1092.518	6665.000
1092.661	6826.000
1092.805	6675.000
1092.948	6883.000
1093.092	6738.000
1093.235	6797.000
1093.379	6686.000
1093.522	6817.000
1093.666	6672.000
1093.809	6778.000
1093.953	6681.000
1094.096	6830.000
1094.240	6642.000
1094.383	6735.000
1094.527	6671.000
1094.670	6810.000
1094.814	6715.000
1094.957	6806.000
1095.101	6685.000
1095.244	6888.000
1095.387	6758.000
1095.531	6886.000
1095.674	6887.000
1095.818	6990.000
1095.961	6888.000
1096.104	6875.000
1096.248	6822.000
1096.391	6941.000
1096.534	6836.000
1096.678	7031.000
1096.821	7029.000
1096.964	7078.000
1097.108	6910.000
1097.251	7066.000
1097.394	7028.000
1097.538	7003.000
1097.681	6927.000
1097.824	7101.000
1097.968	6956.000
1098.111	7061.000
1098.254	6940.000
1098.397	7122.000
1098.541	6957.000
1098.684	7021.000
1098.827	6978.000
1098.970	7077.000
1099.114	6981.000
1099.257	7126.000
1099.400	7058.000
1099.543	7120.000
1099.686	7010.000
1099.830	7255.000
1099.973	7065.000
1100.116	7099.000
1100.259	7070.000
1100.402	7185.000
1100.545	7038.000
1100.689	7226.000
1100.832	7236.000
1100.975	7269.000
1101.118	7160.000
1101.261	7201.000
1101.404	7162.000
1101.547	7249.000
1101.691	7176.000
1101.834	7303.000
1101.977	7255.000
1102.120	7345.000
1102.263	7264.000
1102.406	7315.000
1102.549	7144.000
1102.692	7445.000
1102.835	7274.000
1102.978	7390.000
1103.121	7292.000
1103.264	7478.000
1103.407	7330.000
1103.550	7488.000
1103.693	7486.000
1103.836	7408.000
1103.979	7384.000
1104.122	7549.000
1104.265	7480.000
1104.408	7589.000
1104.551	7483.000
1104.694	7727.000
1104.837	7635.000
1104.980	7688.000
1105.123	7566.000
1105.266	7712.000
1105.409	7677.000
1105.552	7787.000
1105.695	7635.000
1105.838	7832.000
1105.980	7721.000
1106.123	7753.000
1106.266	7800.000
1106.409	7872.000
1106.552	7811.000
1106.695	8059.000
1106.838	7864.000
1106.980	7868.000
1107.123	7938.000
1107.266	8117.000
1107.409	8047.000
1107.552	8051.000
1107.695	7956.000
1107.837	8226.000
1107.980	8105.000
1108.123	8251.000
1108.266	8156.000
1108.409	8321.000
1108.551	8262.000
1108.694	8397.000
1108.837	8381.000
1108.980	8500.000
1109.122	8395.000
1109.265	8596.000
1109.408	8467.000
1109.551	8568.000
1109.693	8630.000
1109.836	8689.000
1109.979	8540.000
1110.121	8860.000
1110.264	8647.000
1110.407	8779.000
1110.549	8778.000
1110.692	8967.000
1110.835	8913.000
1110.977	9040.000
1111.120	8979.000
1111.263	9053.000
1111.405	9071.000
1111.548	9190.000
1111.691	9275.000
1111.833	9291.000
1111.976	9299.000
1112.118	9373.000
1112.261	9403.000
1112.404	9527.000
1112.546	9485.000
1112.689	9553.000
1112.831	9611.000
1112.974	9724.000
1113.116	9717.000
1113.259	9857.000
1113.401	9797.000
1113.544	9978.000
1113.686	9899.000
1113.829	10094.000
1113.971	10090.000
1114.114	10265.000
1114.256	10215.000
1114.399	10462.000
1114.541	10255.000
1114.684	10574.000
1114.826	10415.000
1114.969	10581.000
1115.111	10570.000
1115.254	10781.000
1115.396	10799.000
1115.539	10862.000
1115.681	10927.000
1115.823	11067.000
1115.966	10996.000
1116.108	11145.000
1116.251	11176.000
1116.393	11283.000
1116.535	11389.000
1116.678	11518.000
1116.820	11533.000
1116.962	11650.000
1117.105	11577.000
1117.247	11814.000
1117.389	11600.000
1117.532	12017.000
1117.674	12033.000
1117.816	12147.000
1117.959	12247.000
1118.101	12254.000
1118.243	12224.000
1118.386	12418.000
1118.528	12558.000
1118.670	12708.000
1118.812	12648.000
1118.955	12778.000
1119.097	12804.000
1119.239	13058.000
1119.381	13115.000
1119.524	13181.000
1119.666	13220.000
1119.808	13379.000
1119.950	13449.000
1120.093	13449.000
1120.235	13513.000
1120.377	13768.000
1120.519	13846.000
1120.661	14043.000
1120.803	14165.000
1120.946	14122.000
1121.088	14123.000
1121.230	14308.000
1121.372	14420.000
1121.514	14674.000
1121.656	14567.000
1121.798	14708.000
1121.941	14735.000
1122.083	14854.000
1122.225	14907.000
1122.367	15045.000
1122.509	15127.000
1122.651	15358.000
1122.793	15490.000
1122.935	15730.000
1123.077	15855.000
1123.219	15949.000
1123.361	15966.000
1123.503	15961.000
1123.645	16005.000
1123.787	16152.000
1123.929	16418.000
1124.071	16682.000
1124.213	16706.000
1124.355	16814.000
1124.497	17008.000
1124.639	17023.000
1124.781	17183.000
1124.923	17206.000
1125.065	17142.000
1125.207	17172.000
1125.349	17180.000
1125.491	17355.000
1125.633	17671.000
1125.775	17773.000
1125.917	17957.000
1126.059	18048.000
1126.201	18197.000
1126.343	18267.000
1126.485	18430.000
1126.626	18591.000
1126.768	18653.000
1126.910	18699.000
1127.052	18775.000
1127.194	18736.000
1127.336	18746.000
1127.478	18768.000
1127.619	18764.000
1127.761	18821.000
1127.903	18905.000
1128.045	19084.000
1128.187	19279.000
1128.329	19126.000
1128.470	19198.000
1128.612	19186.000
1128.754	19145.000
1128.896	19271.000
1129.037	19287.000
1129.179	19143.000
1129.321	19147.000
1129.463	18750.000
1129.604	18790.000
1129.746	18640.000
1129.888	18726.000
1130.030	18657.000
1130.171	18566.000
1130.313	18440.000
1130.455	18319.000
1130.596	18130.000
1130.738	17881.000
1130.880	17684.000
1131.021	17532.000
1131.163	17206.000
1131.305	16956.000
1131.446	16530.000
1131.588	16266.000
1131.730	16050.000
1131.871	15658.000
1132.013	15398.000
1132.155	15025.000
1132.296	14741.000
1132.438	14395.000
1132.579	14145.000
1132.721	13865.000
1132.863	13813.000
1133.004	13194.000
1133.146	13134.000
1133.287	12747.000
1133.429	12571.000
1133.570	12309.000
1133.712	12163.000
1133.853	11896.000
1133.995	11831.000
1134.136	11514.000
1134.278	11461.000
1134.419	11245.000
1134.561	11117.000
1134.702	10835.000
1134.844	10929.000
1134.985	11004.000
1135.127	11021.000
1135.268	10961.000
1135.410	11084.000
1135.551	10964.000
1135.693	11130.000
1135.834	10927.000
1135.975	11046.000
1136.117	10922.000
1136.258	11220.000
1136.400	11141.000
1136.541	11266.000
1136.682	11076.000
1136.824	11174.000
1136.965	11004.000
1137.107	10953.000
1137.248	10661.000
1137.389	10612.000
1137.531	10410.000
1137.672	10420.000
1137.813	10157.000
1137.955	10121.000
1138.096	9795.000
1138.237	9818.000
1138.379	9598.000
1138.520	9548.000
1138.661	9332.000
1138.802	9366.000
1138.944	9106.000
1139.085	9195.000
1139.226	8874.000
1139.368	8997.000
1139.509	8797.000
1139.650	8940.000
1139.791	8625.000
1139.933	8662.000
1140.074	8460.000
1140.215	8498.000
1140.356	8405.000
1140.497	8532.000
1140.639	8238.000
1140.780	8332.000
1140.921	8049.000
1141.062	8228.000
1141.203	8087.000
1141.344	8181.000
1141.486	7976.000
1141.627	8079.000
1141.768	8021.000
1141.909	7992.000
1142.050	7901.000
1142.191	8022.000
1142.332	7813.000
1142.473	7965.000
1142.615	7755.000
1142.756	7956.000
1142.897	7783.000
1143.038	7796.000
1143.179	7686.000
1143.320	7872.000
1143.461	7696.000
1143.602	7760.000
1143.743	7552.000
1143.884	7746.000
1144.025	7708.000
1144.166	7783.000
1144.307	7635.000
1144.448	7762.000
1144.589	7584.000
1144.730	7739.000
1144.871	7565.000
1145.012	7694.000
1145.153	7512.000
1145.294	7649.000
1145.435	7583.000
1145.576	7721.000
1145.717	7539.000
1145.858	7675.000
1145.999	7516.000
1146.140	7643.000
1146.281	7393.000
1146.422	7601.000
1146.562	7414.000
1146.703	7491.000
1146.844	7338.000
1146.985	7503.000
1147.126	7441.000
1147.267	7482.000
1147.408	7315.000
1147.549	7484.000
1147.689	7377.000
1147.830	7478.000
1147.971	7305.000
1148.112	7484.000
1148.253	7334.000
1148.394	7430.000
1148.534	7277.000
1148.675	7495.000
1148.816	7288.000
1148.957	7381.000
1149.097	7290.000
1149.238	7416.000
1149.379	7257.000
1149.520	7335.000
1149.661	7226.000
1149.801	7436.000
1149.942	7316.000
1150.083	7358.000
1150.223	7242.000
1150.364	7438.000
1150.505	7280.000
1150.646	7360.000
1150.786	7239.000
1150.927	7388.000
1151.068	7209.000
1151.208	7393.000
1151.349	7261.000
1151.490	7436.000
1151.630	7264.000
1151.771	7369.000
1151.912	7257.000
1152.052	7416.000
1152.193	7269.000
1152.333	7407.000
1152.474	7289.000
1152.615	7414.000
1152.755	7220.000
1152.896	7387.000
1153.036	7352.000
1153.177	7492.000
1153.318	7314.000
1153.458	7400.000
1153.599	7340.000
1153.739	7400.000
1153.880	7267.000
1154.020	7439.000
1154.161	7321.000
1154.301	7429.000
1154.442	7293.000
1154.582	7424.000
1154.723	7306.000
1154.863	7521.000
1155.004	7371.000
1155.144	7528.000
1155.285	7289.000
1155.425	7519.000
1155.566	7359.000
1155.706	7528.000
1155.847	7341.000
1155.987	7553.000
1156.127	7330.000
1156.268	7471.000
1156.408	7348.000
1156.549	7501.000
1156.689	7353.000
1156.829	7613.000
1156.970	7392.000
1157.110	7492.000
1157.251	7456.000
1157.391	7498.000
1157.531	7401.000
1157.672	7602.000
1157.812	7446.000
1157.952	7521.000
1158.093	7377.000
1158.233	7562.000
1158.373	7449.000
1158.514	7519.000
1158.654	7472.000
1158.794	7529.000
1158.935	7471.000
1159.075	7609.000
1159.215	7427.000
1159.355	7571.000
1159.496	7511.000
1159.636	7575.000
1159.776	7435.000
1159.916	7669.000
1160.057	7495.000
1160.197	7594.000
1160.337	7494.000
1160.477	7602.000
1160.617	7463.000
1160.758	7540.000
1160.898	7432.000
1161.038	7594.000
1161.178	7459.000
1161.318	7515.000
1161.459	7511.000
1161.599	7560.000
1161.739	7398.000
1161.879	7489.000
1162.019	7403.000
1162.159	7595.000
1162.299	7355.000
1162.439	7510.000
1162.580	7364.000
1162.720	7579.000
1162.860	7790.000
1163.000	7476.000
1163.140	7332.000
1163.280	7427.000
1163.420	7270.000
1163.560	7498.000
1163.700	7241.000
1163.840	7480.000
1163.980	7251.000
1164.120	7307.000
1164.260	7303.000
1164.400	7347.000
1164.540	7232.000
1164.680	7344.000
1164.820	7215.000
1164.960	7395.000
1165.100	7162.000
1165.240	7269.000
1165.380	7143.000
1165.520	7235.000
1165.660	7102.000
1165.800	7264.000
1165.940	7149.000
1166.080	7189.000
1166.220	7170.000
1166.360	7190.000
1166.500	7059.000
1166.640	7309.000
1166.780	7083.000
1166.919	7160.000
1167.059	7030.000
1167.199	7071.000
1167.339	7077.000
1167.479	7122.000
1167.619	7027.000
1167.759	7048.000
1167.898	7040.000
1168.038	7061.000
1168.178	7040.000
1168.318	7094.000
1168.458	6982.000
1168.598	7118.000
1168.737	7020.000
1168.877	7147.000
1169.017	7005.000
1169.157	7081.000
1169.297	7027.000
1169.436	7085.000
1169.576	7029.000
1169.716	7098.000
1169.856	6978.000
1169.995	7051.000
1170.135	7002.000
1170.275	7098.000
1170.414	7101.000
1170.554	7064.000
1170.694	6984.000
1170.834	7067.000
1170.973	7011.000
1171.113	7084.000
1171.253	6936.000
1171.392	7151.000
1171.532	6982.000
1171.672	7123.000
1171.811	6965.000
1171.951	7073.000
1172.091	6999.000
1172.230	7066.000
1172.370	6920.000
1172.509	7121.000
1172.649	6997.000
1172.789	7158.000
1172.928	7042.000
1173.068	7174.000
1173.207	6969.000
1173.347	7145.000
1173.486	7074.000
1173.626	7116.000
1173.766	6976.000
1173.905	7151.000
1174.045	6966.000
1174.184	7155.000
1174.324	7034.000
1174.463	7195.000
1174.603	6988.000
1174.742	7136.000
1174.882	7027.000
1175.021	7222.000
1175.161	7072.000
1175.300	7194.000
1175.440	7126.000
1175.579	7246.000
1175.719	7127.000
1175.858	7138.000
1175.997	7125.000
1176.137	7263.000
1176.276	7068.000
1176.416	7216.000
1176.555	7089.000
1176.695	7243.000
1176.834	7053.000
1176.973	7283.000
1177.113	7072.000
1177.252	7283.000
1177.391	7181.000
1177.531	7213.000
1177.670	7060.000
1177.809	7221.000
1177.949	7079.000
1178.088	7204.000
1178.227	7128.000
1178.367	7283.000
1178.506	7172.000
1178.645	7222.000
1178.785	7164.000
1178.924	7278.000
1179.063	7176.000
1179.203	7259.000
1179.342	7130.000
1179.481	7331.000
1179.620	7142.000
1179.760	7230.000
1179.899	7155.000
1180.038	7262.000
1180.177	7101.000
1180.317	7313.000
1180.456	7216.000
1180.595	7236.000
1180.734	7203.000
1180.873	7375.000
1181.013	7176.000
1181.152	7338.000
1181.291	7211.000
1181.430	7302.000
1181.569	7161.000
1181.708	7261.000
1181.848	7152.000
1181.987	7256.000
1182.126	7204.000
1182.265	7323.000
1182.404	7226.000
1182.543	7286.000
1182.682	7180.000
1182.821	7362.000
1182.960	7243.000
1183.100	7328.000
1183.239	7305.000
1183.378	7373.000
1183.517	7246.000
1183.656	7356.000
1183.795	6434.000
1183.934	7345.000
1184.073	7220.000
1184.212	7314.000
1184.351	7157.000
1184.490	7352.000
1184.629	7203.000
1184.768	7357.000
1184.907	7269.000
1185.046	7339.000
1185.185	7231.000
1185.324	7315.000
1185.463	7212.000
1185.602	7372.000
1185.741	7255.000
1185.880	7340.000
1186.019	7154.000
1186.158	7346.000
1186.296	7190.000
1186.435	7295.000
1186.574	7223.000
1186.713	7269.000
1186.852	7219.000
1186.991	7320.000
1187.130	7139.000
1187.269	7389.000
1187.408	7154.000
1187.546	7433.000
1187.685	7212.000
1187.824	7314.000
1187.963	7251.000
1188.102	7291.000
1188.241	7201.000
1188.379	7280.000
1188.518	7178.000
1188.657	7277.000
1188.796	7188.000
1188.935	7409.000
1189.073	7234.000
1189.212	7389.000
1189.351	7177.000
1189.490	7327.000
1189.629	7185.000
1189.767	7303.000
1189.906	7111.000
1190.045	7305.000
1190.183	7108.000
1190.322	7276.000
1190.461	7176.000
1190.600	7336.000
1190.738	7274.000
1190.877	7350.000
1191.016	7178.000
1191.154	7416.000
1191.293	7170.000
1191.432	7321.000
1191.570	7232.000
1191.709	7400.000
1191.848	7197.000
1191.986	7429.000
1192.125	10089.000
1192.264	7430.000
1192.402	7237.000
1192.541	7357.000
1192.679	7298.000
1192.818	7385.000
1192.957	7164.000
1193.095	7308.000
1193.234	7359.000
1193.372	7457.000
1193.511	7368.000
1193.649	7379.000
1193.788	7267.000
1193.926	7422.000
1194.065	7336.000
1194.204	7462.000
1194.342	7295.000
1194.481	7454.000
1194.619	7261.000
1194.758	7461.000
1194.896	7354.000
1195.035	7475.000
1195.173	7327.000
1195.311	7463.000
1195.450	7348.000
1195.588	7416.000
1195.727	7253.000
1195.865	7337.000
1196.004	7263.000
1196.142	7449.000
1196.281	7277.000
1196.419	7435.000
1196.557	7299.000
1196.696	7459.000
1196.834	7303.000
1196.973	7434.000
1197.111	7273.000
1197.249	7399.000
1197.388	7163.000
1197.526	7409.000
1197.664	7190.000
1197.803	7379.000
1197.941	7195.000
1198.079	7431.000
1198.218	7239.000
1198.356	7337.000
1198.494	7201.000
1198.633	7403.000
1198.771	7126.000
1198.909	7389.000
1199.048	7266.000
1199.186	7246.000
1199.324	7159.000
1199.462	7342.000
1199.601	7176.000
1199.739	7283.000
1199.877	7136.000
1200.015	7280.000
1200.154	7193.000
1200.292	7255.000
1200.430	7182.000
1200.568	7273.000
1200.706	7158.000
1200.845	7309.000
1200.983	7060.000
1201.121	7262.000
1201.259	7011.000
1201.397	7208.000
1201.535	7163.000
1201.674	7274.000
1201.812	7049.000
1201.950	7198.000
1202.088	7090.000
1202.226	7229.000
1202.364	7050.000
1202.502	7239.000
1202.640	7051.000
1202.778	7208.000
1202.917	6964.000
1203.055	7102.000
1203.193	7014.000
1203.331	7146.000
1203.469	6990.000
1203.607	6968.000
1203.745	6977.000
1203.883	7154.000
1204.021	7014.000
1204.159	7076.000
1204.297	6929.000
1204.435	6977.000
1204.573	6987.000
1204.711	7101.000
