1329.918	25357.000
1330.066	24893.000
1330.214	25310.000
1330.363	24804.000
1330.511	25215.000
1330.659	24867.000
1330.807	25222.000
1330.955	24731.000
1331.103	25134.000
1331.251	24667.000
1331.399	25079.000
1331.547	24695.000
1331.695	25100.000
1331.843	24542.000
1331.991	25104.000
1332.139	24676.000
1332.287	24924.000
1332.435	24596.000
1332.583	25022.000
1332.730	24589.000
1332.878	24970.000
1333.026	24449.000
1333.174	25096.000
1333.322	24458.000
1333.470	24899.000
1333.618	24462.000
1333.765	24955.000
1333.913	24335.000
1334.061	24788.000
1334.209	24384.000
1334.356	24854.000
1334.504	24348.000
1334.652	24779.000
1334.800	24324.000
1334.947	24706.000
1335.095	24190.000
1335.243	24770.000
1335.390	24156.000
1335.538	24714.000
1335.686	24189.000
1335.833	24707.000
1335.981	24162.000
1336.128	24584.000
1336.276	24196.000
1336.424	24493.000
1336.571	24088.000
1336.719	24635.000
1336.866	23982.000
1337.014	24515.000
1337.161	24034.000
1337.309	24526.000
1337.456	23883.000
1337.604	24583.000
1337.751	24000.000
1337.899	24467.000
1338.046	23930.000
1338.194	24376.000
1338.341	23946.000
1338.488	24307.000
1338.636	23810.000
1338.783	24298.000
1338.930	23766.000
1339.078	24154.000
1339.225	23756.000
1339.372	24163.000
1339.520	23724.000
1339.667	24148.000
1339.814	23499.000
1339.962	24085.000
1340.109	23587.000
1340.256	24029.000
1340.403	23488.000
1340.550	24025.000
1340.698	23556.000
1340.845	23924.000
1340.992	23408.000
1341.139	23832.000
1341.286	23383.000
1341.433	23778.000
1341.581	23413.000
1341.728	23714.000
1341.875	23406.000
1342.022	23795.000
1342.169	23241.000
1342.316	23604.000
1342.463	23202.000
1342.610	23594.000
1342.757	23120.000
1342.904	23577.000
1343.051	23149.000
1343.198	23539.000
1343.345	23075.000
1343.492	23515.000
1343.639	23063.000
1343.786	23574.000
1343.933	22970.000
1344.080	23427.000
1344.226	23031.000
1344.373	23486.000
1344.520	23053.000
1344.667	23346.000
1344.814	22953.000
1344.961	23296.000
1345.108	22797.000
1345.254	23305.000
1345.401	23035.000
1345.548	23275.000
1345.695	22915.000
1345.841	23251.000
1345.988	22874.000
1346.135	23277.000
1346.282	22893.000
1346.428	23134.000
1346.575	22953.000
1346.722	23167.000
1346.868	22681.000
1347.015	23242.000
1347.162	22772.000
1347.308	23160.000
1347.455	22784.000
1347.601	23089.000
1347.748	22835.000
1347.894	23099.000
1348.041	22783.000
1348.188	23069.000
1348.334	22803.000
1348.481	22911.000
1348.627	22671.000
1348.774	23220.000
1348.920	22790.000
1349.067	23097.000
1349.213	22736.000
1349.359	23170.000
1349.506	22767.000
1349.652	23039.000
1349.799	22648.000
1349.945	23114.000
1350.091	22788.000
1350.238	23093.000
1350.384	22682.000
1350.530	23053.000
1350.677	22732.000
1350.823	23076.000
1350.969	22526.000
1351.116	23027.000
1351.262	22679.000
1351.408	23039.000
1351.554	22613.000
1351.701	22852.000
1351.847	22705.000
1351.993	22924.000
1352.139	22492.000
1352.285	22795.000
1352.432	22638.000
1352.578	22840.000
1352.724	22615.000
1352.870	22948.000
1353.016	22637.000
1353.162	22891.000
1353.308	22462.000
1353.454	22833.000
1353.600	22460.000
1353.747	22738.000
1353.893	22539.000
1354.039	22685.000
1354.185	22449.000
1354.331	22756.000
1354.477	22342.000
1354.623	22692.000
1354.768	22484.000
1354.914	22671.000
1355.060	22363.000
1355.206	22638.000
1355.352	22404.000
1355.498	22770.000
1355.644	22367.000
1355.790	22608.000
1355.936	22400.000
1356.082	22470.000
1356.227	22254.000
1356.373	22575.000
1356.519	22394.000
1356.665	22609.000
1356.811	22226.000
1356.956	22409.000
1357.102	22187.000
1357.248	22475.000
1357.394	22166.000
1357.539	22513.000
1357.685	22292.000
1357.831	22424.000
1357.976	22121.000
1358.122	22362.000
1358.268	22089.000
1358.413	22330.000
1358.559	22122.000
1358.704	22321.000
1358.850	22111.000
1358.996	22191.000
1359.141	22072.000
1359.287	22416.000
1359.432	21953.000
1359.578	22400.000
1359.723	21982.000
1359.869	22244.000
1360.014	22014.000
1360.160	22308.000
1360.305	22046.000
1360.451	22176.000
1360.596	22046.000
1360.742	22235.000
1360.887	21974.000
1361.032	22128.000
1361.178	22079.000
1361.323	22237.000
1361.469	21922.000
1361.614	22102.000
1361.759	21949.000
1361.905	22040.000
1362.050	21992.000
1362.195	22199.000
1362.341	22010.000
1362.486	22190.000
1362.631	21979.000
1362.776	22029.000
1362.922	21986.000
1363.067	22051.000
1363.212	21966.000
1363.357	22087.000
1363.502	22068.000
1363.648	22229.000
1363.793	21916.000
1363.938	22182.000
1364.083	21963.000
1364.228	22051.000
1364.373	21879.000
1364.518	22091.000
1364.663	21972.000
1364.808	22090.000
1364.954	21843.000
1365.099	22057.000
1365.244	21846.000
1365.389	22105.000
1365.534	21875.000
1365.679	22102.000
1365.824	21958.000
1365.969	22073.000
1366.113	21966.000
1366.258	22247.000
1366.403	21988.000
1366.548	22208.000
1366.693	21802.000
1366.838	22044.000
1366.983	21871.000
1367.128	22016.000
1367.273	21851.000
1367.417	22259.000
1367.562	21945.000
1367.707	22089.000
1367.852	21913.000
1367.997	22183.000
1368.141	21841.000
1368.286	22010.000
1368.431	21869.000
1368.576	22080.000
1368.720	21900.000
1368.865	22052.000
1369.010	21926.000
1369.154	22020.000
1369.299	21894.000
1369.444	22162.000
1369.588	21863.000
1369.733	22131.000
1369.878	21925.000
1370.022	22166.000
1370.167	21837.000
1370.311	22040.000
1370.456	22053.000
1370.601	22132.000
1370.745	21760.000
1370.890	22154.000
1371.034	21913.000
1371.179	22029.000
1371.323	21943.000
1371.468	22209.000
1371.612	22007.000
1371.757	22082.000
1371.901	21869.000
1372.045	22118.000
1372.190	21871.000
1372.334	22033.000
1372.479	21802.000
1372.623	22088.000
1372.767	21955.000
1372.912	22061.000
1373.056	21795.000
1373.200	21867.000
1373.345	22006.000
1373.489	21982.000
1373.633	21794.000
1373.777	21994.000
1373.922	21901.000
1374.066	21970.000
1374.210	21800.000
1374.354	22061.000
1374.499	21690.000
1374.643	21936.000
1374.787	21844.000
1374.931	21926.000
1375.075	21772.000
1375.219	21863.000
1375.364	21907.000
1375.508	22046.000
1375.652	21796.000
1375.796	21883.000
1375.940	21745.000
1376.084	21923.000
1376.228	21787.000
1376.372	21818.000
1376.516	21783.000
1376.660	21905.000
1376.804	21613.000
1376.948	21847.000
1377.092	21696.000
1377.236	21828.000
1377.380	21822.000
1377.524	21759.000
1377.668	21541.000
1377.812	21786.000
1377.956	21827.000
1378.099	21828.000
1378.243	21567.000
1378.387	21730.000
1378.531	21762.000
1378.675	21703.000
1378.819	21691.000
1378.962	21791.000
1379.106	21633.000
1379.250	21776.000
1379.394	21602.000
1379.538	21840.000
1379.681	21665.000
1379.825	21787.000
1379.969	21631.000
1380.112	21659.000
1380.256	21565.000
1380.400	21769.000
1380.543	21546.000
1380.687	21652.000
1380.831	21723.000
1380.974	21613.000
1381.118	21482.000
1381.262	21706.000
1381.405	21660.000
1381.549	21714.000
1381.692	21574.000
1381.836	21718.000
1381.979	21535.000
1382.123	21603.000
1382.266	21462.000
1382.410	21775.000
1382.553	21476.000
1382.697	21576.000
1382.840	21375.000
1382.984	21651.000
1383.127	21490.000
1383.271	21595.000
1383.414	21407.000
1383.557	21674.000
1383.701	21474.000
1383.844	21643.000
1383.987	21475.000
1384.131	21602.000
1384.274	21541.000
1384.417	21597.000
1384.561	21459.000
1384.704	21599.000
1384.847	21562.000
1384.990	21565.000
1385.134	21625.000
1385.277	21467.000
1385.420	21625.000
1385.563	21605.000
1385.707	21515.000
1385.850	21574.000
1385.993	21570.000
1386.136	21649.000
1386.279	21387.000
1386.422	21623.000
1386.565	21541.000
1386.709	21597.000
1386.852	21423.000
1386.995	21640.000
1387.138	21526.000
1387.281	21640.000
1387.424	21424.000
1387.567	21627.000
1387.710	21517.000
1387.853	21528.000
1387.996	21472.000
1388.139	20911.000
1388.282	21608.000
1388.425	21655.000
1388.568	21438.000
1388.711	21649.000
1388.854	21430.000
1388.997	21549.000
1389.139	21429.000
1389.282	21646.000
1389.425	21595.000
1389.568	21516.000
1389.711	21414.000
1389.854	21536.000
1389.996	21512.000
1390.139	21567.000
1390.282	21392.000
1390.425	21548.000
1390.568	21506.000
1390.710	21603.000
1390.853	21468.000
1390.996	21535.000
1391.138	21543.000
1391.281	21616.000
1391.424	21469.000
1391.566	21622.000
1391.709	21466.000
1391.852	21466.000
1391.994	21378.000
1392.137	21588.000
1392.280	21682.000
1392.422	21579.000
1392.565	21467.000
1392.707	21608.000
1392.850	21550.000
1392.992	21611.000
1393.135	21487.000
1393.277	21606.000
1393.420	21532.000
1393.562	21577.000
1393.705	21441.000
1393.847	21607.000
1393.990	21547.000
1394.132	21631.000
1394.275	21510.000
1394.417	21552.000
1394.560	21457.000
1394.702	21595.000
1394.844	21502.000
1394.987	21482.000
1395.129	21365.000
1395.271	21541.000
1395.414	21379.000
1395.556	21585.000
1395.698	21505.000
1395.840	21541.000
1395.983	21474.000
1396.125	21527.000
1396.267	21559.000
1396.409	21616.000
1396.552	21413.000
1396.694	21526.000
1396.836	21458.000
1396.978	21565.000
1397.120	21506.000
1397.263	21487.000
1397.405	21493.000
1397.547	21616.000
1397.689	21395.000
1397.831	21527.000
1397.973	21499.000
1398.115	21555.000
1398.257	21384.000
1398.399	21491.000
1398.541	21507.000
1398.683	21538.000
1398.825	21411.000
1398.967	21626.000
1399.109	21443.000
1399.251	21604.000
1399.393	21293.000
1399.535	21527.000
1399.677	21573.000
1399.819	21639.000
1399.961	21408.000
1400.103	21550.000
1400.245	21320.000
1400.387	21571.000
1400.528	21393.000
1400.670	21657.000
1400.812	21551.000
1400.954	21529.000
1401.096	21446.000
1401.238	21510.000
1401.379	21488.000
1401.521	21553.000
1401.663	21435.000
1401.805	21639.000
1401.946	21513.000
1402.088	21593.000
1402.230	21294.000
1402.371	21483.000
1402.513	21502.000
1402.655	21455.000
1402.796	21326.000
1402.938	21442.000
1403.080	21351.000
1403.221	21486.000
1403.363	21318.000
1403.504	21480.000
1403.646	21484.000
1403.788	21398.000
1403.929	21358.000
1404.071	21467.000
1404.212	21408.000
1404.354	21416.000
1404.495	21299.000
1404.637	21448.000
1404.778	21430.000
1404.919	21389.000
1405.061	21311.000
1405.202	21415.000
1405.344	21411.000
1405.485	21347.000
1405.627	21333.000
1405.768	21614.000
1405.909	21401.000
1406.051	21495.000
1406.192	21356.000
1406.333	21435.000
1406.475	21442.000
1406.616	21469.000
1406.757	21363.000
1406.898	21349.000
1407.040	21585.000
1407.181	21581.000
1407.322	21483.000
1407.463	21474.000
1407.605	21447.000
1407.746	21507.000
1407.887	21412.000
1408.028	21445.000
1408.169	21385.000
1408.310	21458.000
1408.452	21456.000
1408.593	21531.000
1408.734	21456.000
1408.875	21425.000
1409.016	21349.000
1409.157	21478.000
1409.298	21379.000
1409.439	21519.000
1409.580	21392.000
1409.721	21407.000
1409.862	21442.000
1410.003	21359.000
1410.144	21383.000
1410.285	21451.000
1410.426	21503.000
1410.567	21520.000
1410.708	21299.000
1410.849	21430.000
1410.990	21260.000
1411.131	21484.000
1411.271	21362.000
1411.412	21404.000
1411.553	21422.000
1411.694	21278.000
1411.835	21329.000
1411.976	21485.000
1412.116	21360.000
1412.257	21340.000
1412.398	21371.000
1412.539	21485.000
1412.680	21286.000
1412.820	21435.000
1412.961	21369.000
1413.102	21375.000
1413.242	21359.000
1413.383	21331.000
1413.524	21368.000
1413.664	21252.000
1413.805	21316.000
1413.946	21328.000
1414.086	21284.000
1414.227	21371.000
1414.367	21266.000
1414.508	21269.000
1414.649	21227.000
1414.789	21425.000
1414.930	21362.000
1415.070	21347.000
1415.211	21316.000
1415.351	21309.000
1415.492	21303.000
1415.632	21185.000
1415.773	21227.000
1415.913	21180.000
1416.053	21225.000
1416.194	21310.000
1416.334	21231.000
1416.475	21347.000
1416.615	21268.000
1416.755	21219.000
1416.896	21102.000
1417.036	21136.000
1417.176	21176.000
1417.317	21201.000
1417.457	21012.000
1417.597	21041.000
1417.738	21067.000
1417.878	21257.000
1418.018	21027.000
1418.158	21155.000
1418.299	21070.000
1418.439	21183.000
1418.579	21069.000
1418.719	21085.000
1418.859	21102.000
1419.000	21078.000
1419.140	21023.000
1419.280	21009.000
1419.420	21178.000
1419.560	21081.000
1419.700	20889.000
1419.840	21084.000
1419.980	20944.000
1420.120	21037.000
1420.260	20843.000
1420.400	20982.000
1420.540	21039.000
1420.680	21051.000
1420.820	20936.000
1420.960	21055.000
1421.100	21060.000
1421.240	21046.000
1421.380	20848.000
1421.520	20898.000
1421.660	20958.000
1421.800	20912.000
1421.940	20899.000
1422.080	20966.000
1422.220	20938.000
1422.360	21012.000
1422.499	20850.000
1422.639	20882.000
1422.779	20951.000
1422.919	20949.000
1423.059	20903.000
1423.198	20973.000
1423.338	21013.000
1423.478	20874.000
1423.618	20853.000
1423.757	21105.000
1423.897	21061.000
1424.037	21005.000
1424.176	20867.000
1424.316	21013.000
1424.456	20903.000
1424.595	20982.000
1424.735	20907.000
1424.875	20995.000
1425.014	20983.000
1425.154	20940.000
1425.293	20858.000
1425.433	20967.000
1425.573	21111.000
1425.712	21066.000
1425.852	21005.000
1425.991	20959.000
1426.131	21060.000
1426.270	21059.000
1426.410	21006.000
1426.549	20994.000
1426.689	21098.000
1426.828	21043.000
1426.967	20961.000
1427.107	21030.000
1427.246	21074.000
1427.386	21055.000
1427.525	21014.000
1427.664	21169.000
1427.804	21039.000
1427.943	21212.000
1428.082	20935.000
1428.222	21174.000
1428.361	21124.000
1428.500	21121.000
1428.640	21033.000
1428.779	21071.000
1428.918	21131.000
1429.057	21124.000
1429.196	20973.000
1429.336	21162.000
1429.475	21054.000
1429.614	21144.000
1429.753	21172.000
1429.892	21136.000
1430.032	21090.000
1430.171	21214.000
1430.310	21097.000
1430.449	21151.000
1430.588	21247.000
1430.727	21323.000
1430.866	21181.000
1431.005	21296.000
1431.144	21182.000
1431.283	21267.000
1431.422	21098.000
1431.561	21314.000
1431.700	21206.000
1431.839	21214.000
1431.978	21152.000
1432.117	21401.000
1432.256	21150.000
1432.395	21278.000
1432.534	21158.000
1432.673	21280.000
1432.812	21387.000
1432.951	21205.000
1433.089	21177.000
1433.228	21306.000
1433.367	21367.000
1433.506	22137.000
1433.645	21203.000
1433.783	21303.000
1433.922	21248.000
1434.061	21245.000
1434.200	21293.000
1434.339	21254.000
1434.477	21314.000
1434.616	21252.000
1434.755	21066.000
1434.893	21343.000
1435.032	21210.000
1435.171	21294.000
1435.309	21210.000
1435.448	21294.000
1435.587	21361.000
1435.725	21263.000
1435.864	21090.000
1436.002	21207.000
1436.141	21188.000
1436.280	21228.000
1436.418	21161.000
1436.557	21258.000
1436.695	21105.000
1436.834	21267.000
1436.972	21074.000
1437.111	21150.000
1437.249	21266.000
1437.388	21273.000
1437.526	21033.000
1437.664	21202.000
1437.803	21036.000
1437.941	21223.000
1438.080	21053.000
1438.218	21165.000
1438.356	21017.000
1438.495	21233.000
1438.633	21064.000
1438.771	21186.000
1438.910	21085.000
1439.048	21136.000
1439.186	21063.000
1439.325	21206.000
1439.463	21252.000
1439.601	21289.000
1439.739	21029.000
1439.878	21313.000
1440.016	21119.000
1440.154	21220.000
1440.292	21131.000
1440.430	21264.000
1440.569	21171.000
1440.707	21297.000
1440.845	21163.000
1440.983	21385.000
1441.121	21186.000
1441.259	21319.000
1441.397	21143.000
1441.535	21301.000
1441.673	21229.000
1441.811	21245.000
1441.949	21253.000
1442.087	21359.000
1442.225	21282.000
1442.363	21372.000
1442.501	21227.000
1442.639	21407.000
1442.777	21253.000
1442.915	21315.000
1443.053	21325.000
1443.191	21425.000
1443.329	21411.000
1443.467	21434.000
1443.605	21411.000
1443.743	21428.000
1443.881	21421.000
1444.018	21441.000
1444.156	21335.000
1444.294	21422.000
1444.432	21458.000
1444.570	21425.000
1444.707	21418.000
1444.845	21457.000
1444.983	21502.000
1445.121	21499.000
1445.258	21381.000
1445.396	21567.000
1445.534	21567.000
1445.671	21641.000
1445.809	21539.000
1445.947	21701.000
1446.084	21671.000
1446.222	21737.000
1446.360	21565.000
1446.497	21742.000
1446.635	21755.000
1446.772	21734.000
1446.910	21514.000
1447.048	21800.000
1447.185	21770.000
1447.323	21669.000
1447.460	21740.000
1447.598	21751.000
1447.735	21866.000
1447.873	21944.000
1448.010	21671.000
1448.147	21722.000
1448.285	21685.000
1448.422	21751.000
1448.560	21696.000
1448.697	21774.000
1448.835	21782.000
1448.972	21810.000
1449.109	21643.000
1449.247	21838.000
1449.384	21763.000
1449.521	21845.000
1449.659	21720.000
1449.796	21836.000
1449.933	21821.000
1450.070	21764.000
1450.208	21679.000
1450.345	21773.000
1450.482	21787.000
1450.619	21652.000
1450.757	21760.000
1450.894	21886.000
1451.031	21660.000
1451.168	21777.000
1451.305	21757.000
1451.442	21852.000
1451.580	21767.000
1451.717	21815.000
1451.854	21658.000
1451.991	21804.000
1452.128	21732.000
1452.265	21826.000
1452.402	21646.000
1452.539	21847.000
1452.676	21724.000
1452.813	21892.000
1452.950	21786.000
1453.087	21718.000
1453.224	21835.000
1453.361	21958.000
1453.498	21759.000
1453.635	21956.000
1453.772	21815.000
1453.909	21858.000
1454.046	21764.000
1454.183	19295.000
1454.319	21785.000
1454.456	21872.000
1454.593	21690.000
1454.730	21787.000
1454.867	21830.000
1455.004	21826.000
1455.140	21732.000
1455.277	21842.000
1455.414	21820.000
1455.551	21798.000
1455.687	21794.000
1455.824	21818.000
1455.961	21892.000
1456.098	21873.000
1456.234	21720.000
1456.371	21801.000
1456.508	21810.000
1456.644	21758.000
1456.781	21623.000
1456.917	21851.000
1457.054	21664.000
1457.191	21771.000
1457.327	21613.000
1457.464	21700.000
1457.600	21793.000
1457.737	21726.000
1457.873	21741.000
1458.010	21756.000
1458.146	21710.000
1458.283	21817.000
1458.419	21555.000
1458.556	21655.000
1458.692	21583.000
1458.829	21663.000
1458.965	21501.000
1459.102	21708.000
1459.238	21604.000
1459.374	21673.000
1459.511	21657.000
1459.647	21604.000
1459.784	21629.000
1459.920	21582.000
1460.056	21543.000
1460.193	21530.000
1460.329	21541.000
1460.465	21554.000
1460.601	21472.000
1460.738	21584.000
1460.874	21572.000
1461.010	21697.000
1461.146	21507.000
1461.283	21657.000
1461.419	21683.000
1461.555	21639.000
1461.691	21573.000
1461.827	21738.000
1461.963	21662.000
1462.100	21635.000
1462.236	21750.000
1462.372	28152.000
1462.508	21865.000
1462.644	21795.000
1462.780	21689.000
1462.916	21844.000
1463.052	21753.000
1463.188	21782.000
1463.324	21757.000
1463.460	21947.000
1463.596	21944.000
1463.732	21983.000
1463.868	21826.000
1464.004	21974.000
1464.140	21888.000
1464.276	22110.000
1464.412	21945.000
1464.548	22070.000
1464.684	22061.000
1464.820	22036.000
1464.955	22017.000
1465.091	22126.000
1465.227	22148.000
1465.363	22142.000
1465.499	22050.000
1465.635	22212.000
1465.770	22075.000
1465.906	22157.000
1466.042	21985.000
1466.178	22187.000
1466.313	22143.000
1466.449	22169.000
1466.585	22086.000
1466.720	22161.000
1466.856	22208.000
1466.992	22207.000
1467.127	22136.000
1467.263	22117.000
1467.399	22133.000
1467.534	22001.000
1467.670	22126.000
1467.806	22136.000
1467.941	22166.000
1468.077	22157.000
1468.212	22171.000
1468.348	22259.000
1468.483	22180.000
1468.619	22259.000
1468.754	22154.000
1468.890	22231.000
1469.025	22381.000
1469.161	22419.000
1469.296	22139.000
1469.432	22327.000
1469.567	22358.000
1469.702	22448.000
1469.838	22252.000
1469.973	22398.000
1470.109	22379.000
1470.244	22536.000
1470.379	22346.000
1470.515	22572.000
1470.650	22439.000
1470.785	22471.000
1470.921	22505.000
1471.056	22557.000
1471.191	22554.000
1471.326	22487.000
1471.462	22494.000
1471.597	22682.000
1471.732	22711.000
1471.867	22684.000
1472.003	22540.000
1472.138	22773.000
1472.273	22749.000
1472.408	22790.000
1472.543	22728.000
1472.678	22749.000
1472.813	22826.000
1472.948	22774.000
1473.084	22654.000
1473.219	22899.000
1473.354	22875.000
1473.489	22892.000
1473.624	22652.000
1473.759	22914.000
1473.894	23027.000
1474.029	23043.000
1474.164	22820.000
1474.299	23053.000
1474.434	22858.000
1474.569	23142.000
1474.704	22960.000
