1329.918	5128.000
1330.066	5222.000
1330.214	5125.000
1330.363	5288.000
1330.511	5113.000
1330.659	5301.000
1330.807	5074.000
1330.955	5283.000
1331.103	5083.000
1331.251	5260.000
1331.399	5053.000
1331.547	5268.000
1331.695	5108.000
1331.843	5210.000
1331.991	5070.000
1332.139	5310.000
1332.287	4994.000
1332.435	5312.000
1332.583	4987.000
1332.730	5289.000
1332.878	5011.000
1333.026	5192.000
1333.174	5130.000
1333.322	5227.000
1333.470	5108.000
1333.618	5198.000
1333.765	5085.000
1333.913	5187.000
1334.061	5036.000
1334.209	5172.000
1334.356	5060.000
1334.504	5243.000
1334.652	5099.000
1334.800	5207.000
1334.947	4995.000
1335.095	5170.000
1335.243	5110.000
1335.390	5152.000
1335.538	5071.000
1335.686	5217.000
1335.833	5017.000
1335.981	5202.000
1336.128	5033.000
1336.276	5232.000
1336.424	5017.000
1336.571	5196.000
1336.719	5049.000
1336.866	5111.000
1337.014	5043.000
1337.161	5172.000
1337.309	4980.000
1337.456	5147.000
1337.604	5016.000
1337.751	5194.000
1337.899	4956.000
1338.046	5175.000
1338.194	4998.000
1338.341	5139.000
1338.488	4939.000
1338.636	5102.000
1338.783	5017.000
1338.930	5106.000
1339.078	4966.000
1339.225	5061.000
1339.372	4907.000
1339.520	5158.000
1339.667	4975.000
1339.814	5063.000
1339.962	4915.000
1340.109	5104.000
1340.256	4919.000
1340.403	5070.000
1340.550	4956.000
1340.698	5103.000
1340.845	4875.000
1340.992	5043.000
1341.139	4881.000
1341.286	5043.000
1341.433	4935.000
1341.581	5111.000
1341.728	4886.000
1341.875	5033.000
1342.022	4907.000
1342.169	5043.000
1342.316	4866.000
1342.463	5005.000
1342.610	4820.000
1342.757	4989.000
1342.904	4901.000
1343.051	4999.000
1343.198	4851.000
1343.345	5043.000
1343.492	4886.000
1343.639	5003.000
1343.786	4883.000
1343.933	4989.000
1344.080	4808.000
1344.226	5011.000
1344.373	4851.000
1344.520	5045.000
1344.667	4823.000
1344.814	4926.000
1344.961	4799.000
1345.108	4904.000
1345.254	4801.000
1345.401	5023.000
1345.548	4778.000
1345.695	4965.000
1345.841	4780.000
1345.988	4923.000
1346.135	4806.000
1346.282	4972.000
1346.428	4681.000
1346.575	4982.000
1346.722	4772.000
1346.868	4894.000
1347.015	4819.000
1347.162	4971.000
1347.308	4807.000
1347.455	4915.000
1347.601	4781.000
1347.748	4933.000
1347.894	4778.000
1348.041	5016.000
1348.188	4744.000
1348.334	4960.000
1348.481	4758.000
1348.627	4846.000
1348.774	4850.000
1348.920	4939.000
1349.067	4770.000
1349.213	4936.000
1349.359	4776.000
1349.506	4867.000
1349.652	4749.000
1349.799	4906.000
1349.945	4791.000
1350.091	4938.000
1350.238	4746.000
1350.384	4937.000
1350.530	4785.000
1350.677	4938.000
1350.823	4744.000
1350.969	4854.000
1351.116	4779.000
1351.262	4971.000
1351.408	4811.000
1351.554	4896.000
1351.701	4743.000
1351.847	4918.000
1351.993	4763.000
1352.139	4874.000
1352.285	4715.000
1352.432	4877.000
1352.578	4715.000
1352.724	4955.000
1352.870	4767.000
1353.016	4923.000
1353.162	4739.000
1353.308	4916.000
1353.454	4760.000
1353.600	4855.000
1353.747	4740.000
1353.893	4922.000
1354.039	4693.000
1354.185	4891.000
1354.331	4764.000
1354.477	4871.000
1354.623	4738.000
1354.768	4914.000
1354.914	4677.000
1355.060	4895.000
1355.206	4727.000
1355.352	4819.000
1355.498	4761.000
1355.644	4893.000
1355.790	4653.000
1355.936	4889.000
1356.082	4604.000
1356.227	4808.000
1356.373	4700.000
1356.519	4880.000
1356.665	4710.000
1356.811	4905.000
1356.956	4610.000
1357.102	4782.000
1357.248	4711.000
1357.394	4820.000
1357.539	4699.000
1357.685	4886.000
1357.831	4636.000
1357.976	4814.000
1358.122	4635.000
1358.268	4844.000
1358.413	4670.000
1358.559	4885.000
1358.704	4621.000
1358.850	4806.000
1358.996	4584.000
1359.141	4878.000
1359.287	4791.000
1359.432	4798.000
1359.578	4733.000
1359.723	4801.000
1359.869	4607.000
1360.014	4820.000
1360.160	4659.000
1360.305	4889.000
1360.451	4600.000
1360.596	4819.000
1360.742	4651.000
1360.887	4822.000
1361.032	4599.000
1361.178	4887.000
1361.323	4644.000
1361.469	4818.000
1361.614	4592.000
1361.759	4802.000
1361.905	4603.000
1362.050	4799.000
1362.195	4640.000
1362.341	4861.000
1362.486	4640.000
1362.631	4828.000
1362.776	4522.000
1362.922	4833.000
1363.067	4579.000
1363.212	4799.000
1363.357	4609.000
1363.502	4862.000
1363.648	4646.000
1363.793	4804.000
1363.938	4614.000
1364.083	4842.000
1364.228	4599.000
1364.373	4761.000
1364.518	4619.000
1364.663	4833.000
1364.808	4580.000
1364.954	4759.000
1365.099	4600.000
1365.244	4802.000
1365.389	4659.000
1365.534	4787.000
1365.679	4563.000
1365.824	4832.000
1365.969	4647.000
1366.113	4808.000
1366.258	4684.000
1366.403	4878.000
1366.548	4641.000
1366.693	4763.000
1366.838	4590.000
1366.983	4776.000
1367.128	4594.000
1367.273	4864.000
1367.417	4714.000
1367.562	4840.000
1367.707	4599.000
1367.852	4847.000
1367.997	4706.000
1368.141	4765.000
1368.286	4595.000
1368.431	4826.000
1368.576	4616.000
1368.720	4786.000
1368.865	4619.000
1369.010	4840.000
1369.154	4595.000
1369.299	4794.000
1369.444	4624.000
1369.588	4800.000
1369.733	4617.000
1369.878	4800.000
1370.022	4633.000
1370.167	4819.000
1370.311	4643.000
1370.456	4864.000
1370.601	4619.000
1370.745	4767.000
1370.890	4647.000
1371.034	4826.000
1371.179	4567.000
1371.323	4806.000
1371.468	4687.000
1371.612	4832.000
1371.757	4611.000
1371.901	4787.000
1372.045	4601.000
1372.190	4773.000
1372.334	4622.000
1372.479	4782.000
1372.623	4653.000
1372.767	4816.000
1372.912	4643.000
1373.056	4795.000
1373.200	4477.000
1373.345	4825.000
1373.489	4624.000
1373.633	4764.000
1373.777	4598.000
1373.922	4843.000
1374.066	4593.000
1374.210	4780.000
1374.354	4710.000
1374.499	4705.000
1374.643	4536.000
1374.787	4816.000
1374.931	4615.000
1375.075	4755.000
1375.219	4546.000
1375.364	4824.000
1375.508	4660.000
1375.652	4799.000
1375.796	4583.000
1375.940	4772.000
1376.084	4649.000
1376.228	4825.000
1376.372	4553.000
1376.516	4806.000
1376.660	4590.000
1376.804	4697.000
1376.948	4634.000
1377.092	4739.000
1377.236	4603.000
1377.380	4869.000
1377.524	4546.000
1377.668	4650.000
1377.812	4570.000
1377.956	4787.000
1378.099	4611.000
1378.243	4724.000
1378.387	4522.000
1378.531	4794.000
1378.675	4555.000
1378.819	4745.000
1378.962	4568.000
1379.106	4768.000
1379.250	4586.000
1379.394	4748.000
1379.538	4632.000
1379.681	4794.000
1379.825	4583.000
1379.969	4780.000
1380.112	4548.000
1380.256	4698.000
1380.400	4650.000
1380.543	4732.000
1380.687	4482.000
1380.831	4795.000
1380.974	4476.000
1381.118	4685.000
1381.262	4577.000
1381.405	4783.000
1381.549	4561.000
1381.692	4721.000
1381.836	4576.000
1381.979	4663.000
1382.123	4525.000
1382.266	4732.000
1382.410	4643.000
1382.553	4657.000
1382.697	4575.000
1382.840	4672.000
1382.984	4607.000
1383.127	4745.000
1383.271	4546.000
1383.414	4695.000
1383.557	4552.000
1383.701	4721.000
1383.844	4574.000
1383.987	4743.000
1384.131	4466.000
1384.274	4773.000
1384.417	4484.000
1384.561	4756.000
1384.704	4540.000
1384.847	4760.000
1384.990	4550.000
1385.134	4820.000
1385.277	4491.000
1385.420	4818.000
1385.563	4541.000
1385.707	4729.000
1385.850	4552.000
1385.993	4742.000
1386.136	4570.000
1386.279	4695.000
1386.422	4574.000
1386.565	4751.000
1386.709	4513.000
1386.852	4738.000
1386.995	4556.000
1387.138	4725.000
1387.281	4642.000
1387.424	4768.000
1387.567	4590.000
1387.710	4724.000
1387.853	4506.000
1387.996	4765.000
1388.139	4452.000
1388.282	4774.000
1388.425	4602.000
1388.568	4715.000
1388.711	4623.000
1388.854	4671.000
1388.997	4463.000
1389.139	4674.000
1389.282	4575.000
1389.425	4815.000
1389.568	4551.000
1389.711	4710.000
1389.854	4480.000
1389.996	4760.000
1390.139	4556.000
1390.282	4735.000
1390.425	4485.000
1390.568	4756.000
1390.710	4589.000
1390.853	4710.000
1390.996	4536.000
1391.138	4767.000
1391.281	4528.000
1391.424	4765.000
1391.566	4592.000
1391.709	4671.000
1391.852	4469.000
1391.994	4735.000
1392.137	4549.000
1392.280	4823.000
1392.422	4507.000
1392.565	4774.000
1392.707	4558.000
1392.850	4738.000
1392.992	4569.000
1393.135	4753.000
1393.277	4539.000
1393.420	4759.000
1393.562	4562.000
1393.705	4722.000
1393.847	4580.000
1393.990	4800.000
1394.132	4574.000
1394.275	4755.000
1394.417	4563.000
1394.560	4683.000
1394.702	4502.000
1394.844	4772.000
1394.987	4512.000
1395.129	4699.000
1395.271	4544.000
1395.414	4691.000
1395.556	4514.000
1395.698	4697.000
1395.840	4562.000
1395.983	4738.000
1396.125	4538.000
1396.267	4767.000
1396.409	4599.000
1396.552	4727.000
1396.694	4528.000
1396.836	4791.000
1396.978	4601.000
1397.120	4733.000
1397.263	4529.000
1397.405	4775.000
1397.547	4543.000
1397.689	4717.000
1397.831	4514.000
1397.973	4731.000
1398.115	4551.000
1398.257	4741.000
1398.399	4520.000
1398.541	4751.000
1398.683	4505.000
1398.825	4676.000
1398.967	4625.000
1399.109	4695.000
1399.251	4516.000
1399.393	4731.000
1399.535	4445.000
1399.677	4764.000
1399.819	4628.000
1399.961	4679.000
1400.103	4537.000
1400.245	4677.000
1400.387	4561.000
1400.528	4734.000
1400.670	4595.000
1400.812	4768.000
1400.954	4549.000
1401.096	4749.000
1401.238	4550.000
1401.379	4764.000
1401.521	4545.000
1401.663	4773.000
1401.805	4597.000
1401.946	4775.000
1402.088	4541.000
1402.230	4639.000
1402.371	4486.000
1402.513	4753.000
1402.655	4471.000
1402.796	4688.000
1402.938	4507.000
1403.080	4721.000
1403.221	4533.000
1403.363	4700.000
1403.504	4540.000
1403.646	4742.000
1403.788	4415.000
1403.929	4763.000
1404.071	4519.000
1404.212	4697.000
1404.354	4552.000
1404.495	4735.000
1404.637	4528.000
1404.778	4721.000
1404.919	4494.000
1405.061	4693.000
1405.202	4546.000
1405.344	4701.000
1405.485	4460.000
1405.627	4707.000
1405.768	4648.000
1405.909	4725.000
1406.051	4529.000
1406.192	4737.000
1406.333	4478.000
1406.475	4711.000
1406.616	4512.000
1406.757	4738.000
1406.898	4477.000
1407.040	4825.000
1407.181	4542.000
1407.322	4759.000
1407.463	4534.000
1407.605	4747.000
1407.746	4539.000
1407.887	4762.000
1408.028	4472.000
1408.169	4707.000
1408.310	4492.000
1408.452	4739.000
1408.593	4575.000
1408.734	4712.000
1408.875	4453.000
1409.016	4720.000
1409.157	4518.000
1409.298	4688.000
1409.439	4539.000
1409.580	4716.000
1409.721	4444.000
1409.862	4700.000
1410.003	4479.000
1410.144	4748.000
1410.285	4512.000
1410.426	4803.000
1410.567	4541.000
1410.708	4675.000
1410.849	4456.000
1410.990	4666.000
1411.131	4546.000
1411.271	4764.000
1411.412	4494.000
1411.553	4739.000
1411.694	4439.000
1411.835	4712.000
1411.976	4541.000
1412.116	4746.000
1412.257	4479.000
1412.398	4695.000
1412.539	4604.000
1412.680	4650.000
1412.820	4508.000
1412.961	4739.000
1413.102	4487.000
1413.242	4709.000
1413.383	4480.000
1413.524	4752.000
1413.664	4532.000
1413.805	4652.000
1413.946	4488.000
1414.086	4684.000
1414.227	4499.000
1414.367	4622.000
1414.508	4419.000
1414.649	4704.000
1414.789	4566.000
1414.930	4725.000
1415.070	4571.000
1415.211	4798.000
1415.351	4499.000
1415.492	4697.000
1415.632	4489.000
1415.773	4673.000
1415.913	4420.000
1416.053	4644.000
1416.194	4524.000
1416.334	4704.000
1416.475	4478.000
1416.615	4715.000
1416.755	4481.000
1416.896	4682.000
1417.036	4419.000
1417.176	4688.000
1417.317	4459.000
1417.457	4615.000
1417.597	4425.000
1417.738	4619.000
1417.878	4558.000
1418.018	4635.000
1418.158	4454.000
1418.299	4666.000
1418.439	4511.000
1418.579	4653.000
1418.719	4434.000
1418.859	4710.000
1419.000	4444.000
1419.140	4623.000
1419.280	4457.000
1419.420	4700.000
1419.560	4471.000
1419.700	4619.000
1419.840	4481.000
1419.980	4605.000
1420.120	4437.000
1420.260	4581.000
1420.400	4416.000
1420.540	4689.000
1420.680	4529.000
1420.820	4613.000
1420.960	4453.000
1421.100	4642.000
1421.240	4454.000
1421.380	4582.000
1421.520	4422.000
1421.660	4627.000
1421.800	4391.000
1421.940	4636.000
1422.080	4459.000
1422.220	4645.000
1422.360	4437.000
1422.499	4595.000
1422.639	4403.000
1422.779	4645.000
1422.919	4460.000
1423.059	4609.000
1423.198	4470.000
1423.338	4635.000
1423.478	4388.000
1423.618	4607.000
1423.757	4486.000
1423.897	4699.000
1424.037	4476.000
1424.176	4594.000
1424.316	4479.000
1424.456	4574.000
1424.595	4419.000
1424.735	4631.000
1424.875	4468.000
1425.014	4611.000
1425.154	4442.000
1425.293	4600.000
1425.433	4410.000
1425.573	4650.000
1425.712	4469.000
1425.852	4681.000
1425.991	4393.000
1426.131	4658.000
1426.270	4412.000
1426.410	4640.000
1426.549	4455.000
1426.689	4687.000
1426.828	4407.000
1426.967	4622.000
1427.107	4455.000
1427.246	4620.000
1427.386	4408.000
1427.525	4716.000
1427.664	4459.000
1427.804	4591.000
1427.943	4452.000
1428.082	4599.000
1428.222	4493.000
1428.361	4675.000
1428.500	4449.000
1428.640	4585.000
1428.779	4434.000
1428.918	4643.000
1429.057	4485.000
1429.196	4588.000
1429.336	4496.000
1429.475	4619.000
1429.614	4490.000
1429.753	4697.000
1429.892	4464.000
1430.032	4624.000
1430.171	4538.000
1430.310	4652.000
1430.449	4482.000
1430.588	4718.000
1430.727	4504.000
1430.866	4672.000
1431.005	4523.000
1431.144	4701.000
1431.283	4491.000
1431.422	4644.000
1431.561	4465.000
1431.700	4732.000
1431.839	4525.000
1431.978	4671.000
1432.117	4558.000
1432.256	4689.000
1432.395	4495.000
1432.534	4624.000
1432.673	4464.000
1432.812	4754.000
1432.951	4493.000
1433.089	4667.000
1433.228	4510.000
1433.367	4741.000
1433.506	4673.000
1433.645	4689.000
1433.783	4517.000
1433.922	4667.000
1434.061	4445.000
1434.200	4756.000
1434.339	4456.000
1434.477	4725.000
1434.616	4490.000
1434.755	4607.000
1434.893	4524.000
1435.032	4668.000
1435.171	4492.000
1435.309	4642.000
1435.448	4501.000
1435.587	4713.000
1435.725	4476.000
1435.864	4626.000
1436.002	4461.000
1436.141	4609.000
1436.280	4465.000
1436.418	4662.000
1436.557	4492.000
1436.695	4675.000
1436.834	4523.000
1436.972	4641.000
1437.111	4467.000
1437.249	4747.000
1437.388	4491.000
1437.526	4643.000
1437.664	4473.000
1437.803	4605.000
1437.941	4513.000
1438.080	4620.000
1438.218	4507.000
1438.356	4568.000
1438.495	4493.000
1438.633	4601.000
1438.771	4498.000
1438.910	4670.000
1439.048	4484.000
1439.186	4666.000
1439.325	4502.000
1439.463	4709.000
1439.601	4509.000
1439.739	4613.000
1439.878	4503.000
1440.016	4652.000
1440.154	4526.000
1440.292	4637.000
1440.430	4520.000
1440.569	4620.000
1440.707	4513.000
1440.845	4666.000
1440.983	4559.000
1441.121	4662.000
1441.259	4486.000
1441.397	4591.000
1441.535	4509.000
1441.673	4631.000
1441.811	4496.000
1441.949	4707.000
1442.087	4502.000
1442.225	4682.000
1442.363	4465.000
1442.501	4636.000
1442.639	4495.000
1442.777	4637.000
1442.915	4448.000
1443.053	4705.000
1443.191	4494.000
1443.329	4707.000
1443.467	4539.000
1443.605	4760.000
1443.743	4475.000
1443.881	4715.000
1444.018	4511.000
1444.156	4681.000
1444.294	4494.000
1444.432	4714.000
1444.570	4479.000
1444.707	4742.000
1444.845	4526.000
1444.983	4755.000
1445.121	4478.000
1445.258	4711.000
1445.396	4542.000
1445.534	4727.000
1445.671	4554.000
1445.809	4732.000
1445.947	4581.000
1446.084	4753.000
1446.222	4563.000
1446.360	4687.000
1446.497	4562.000
1446.635	4760.000
1446.772	4534.000
1446.910	4753.000
1447.048	4527.000
1447.185	4748.000
1447.323	4496.000
1447.460	4744.000
1447.598	4510.000
1447.735	4805.000
1447.873	4615.000
1448.010	4758.000
1448.147	4516.000
1448.285	4733.000
1448.422	4562.000
1448.560	4669.000
1448.697	4567.000
1448.835	4761.000
1448.972	4611.000
1449.109	4755.000
1449.247	4593.000
1449.384	4762.000
1449.521	4593.000
1449.659	4736.000
1449.796	4531.000
1449.933	4789.000
1450.070	4573.000
1450.208	4725.000
1450.345	4539.000
1450.482	4758.000
1450.619	4501.000
1450.757	4784.000
1450.894	4606.000
1451.031	4707.000
1451.168	4623.000
1451.305	4843.000
1451.442	4527.000
1451.580	4797.000
1451.717	4600.000
1451.854	4732.000
1451.991	4575.000
1452.128	4694.000
1452.265	4558.000
1452.402	4700.000
1452.539	4571.000
1452.676	4748.000
1452.813	4605.000
1452.950	4736.000
1453.087	4561.000
1453.224	4811.000
1453.361	4634.000
1453.498	4742.000
1453.635	4649.000
1453.772	4774.000
1453.909	4583.000
1454.046	4765.000
1454.183	4222.000
1454.319	4748.000
1454.456	4582.000
1454.593	4699.000
1454.730	4507.000
1454.867	4749.000
1455.004	4547.000
1455.140	4755.000
1455.277	4662.000
1455.414	4758.000
1455.551	4609.000
1455.687	4735.000
1455.824	4591.000
1455.961	4794.000
1456.098	4611.000
1456.234	4759.000
1456.371	4531.000
1456.508	4771.000
1456.644	4533.000
1456.781	4730.000
1456.917	4599.000
1457.054	4712.000
1457.191	4580.000
1457.327	4747.000
1457.464	4533.000
1457.600	4804.000
1457.737	4537.000
1457.873	4813.000
1458.010	4594.000
1458.146	4712.000
1458.283	4621.000
1458.419	4710.000
1458.556	4548.000
1458.692	4670.000
1458.829	4519.000
1458.965	4677.000
1459.102	4540.000
1459.238	4756.000
1459.374	4540.000
1459.511	4760.000
1459.647	4512.000
1459.784	4689.000
1459.920	4527.000
1460.056	4706.000
1460.193	4459.000
1460.329	4713.000
1460.465	4476.000
1460.601	4694.000
1460.738	4463.000
1460.874	4703.000
1461.010	4607.000
1461.146	4698.000
1461.283	4509.000
1461.419	4786.000
1461.555	4456.000
1461.691	4702.000
1461.827	4560.000
1461.963	4745.000
1462.100	4527.000
1462.236	4811.000
1462.372	5897.000
1462.508	4797.000
1462.644	4568.000
1462.780	4737.000
1462.916	4593.000
1463.052	4747.000
1463.188	4497.000
1463.324	4717.000
1463.460	4642.000
1463.596	4829.000
1463.732	4626.000
1463.868	4696.000
1464.004	4587.000
1464.140	4738.000
1464.276	4652.000
1464.412	4819.000
1464.548	4598.000
1464.684	4759.000
1464.820	4554.000
1464.955	4811.000
1465.091	4646.000
1465.227	4801.000
1465.363	4633.000
1465.499	4789.000
1465.635	4629.000
1465.770	4797.000
1465.906	4588.000
1466.042	4743.000
1466.178	4586.000
1466.313	4849.000
1466.449	4629.000
1466.585	4804.000
1466.720	4575.000
1466.856	4865.000
1466.992	4637.000
1467.127	4846.000
1467.263	4626.000
1467.399	4813.000
1467.534	4540.000
1467.670	4818.000
1467.806	4594.000
1467.941	4829.000
1468.077	4563.000
1468.212	4835.000
1468.348	4646.000
1468.483	4807.000
1468.619	4634.000
1468.754	4894.000
1468.890	4564.000
1469.025	4843.000
1469.161	4685.000
1469.296	4792.000
1469.432	4605.000
1469.567	4855.000
1469.702	4633.000
1469.838	4801.000
1469.973	4645.000
1470.109	4800.000
1470.244	4667.000
1470.379	4800.000
1470.515	4686.000
1470.650	4825.000
1470.785	4712.000
1470.921	4936.000
1471.056	4636.000
1471.191	4858.000
1471.326	4622.000
1471.462	4817.000
1471.597	4754.000
1471.732	4923.000
1471.867	4689.000
1472.003	4864.000
1472.138	4718.000
1472.273	4902.000
1472.408	4744.000
1472.543	4960.000
1472.678	4734.000
1472.813	4946.000
1472.948	4726.000
1473.084	4880.000
1473.219	4735.000
1473.354	4930.000
1473.489	4749.000
1473.624	4790.000
1473.759	4772.000
1473.894	4967.000
1474.029	4819.000
1474.164	4904.000
1474.299	4717.000
1474.434	4845.000
1474.569	4791.000
1474.704	4960.000
