1229.956	8964.000
1230.103	8960.000
1230.250	8953.000
1230.397	9030.000
1230.544	8913.000
1230.691	9055.000
1230.838	8904.000
1230.985	8979.000
1231.132	8936.000
1231.278	9004.000
1231.425	8878.000
1231.572	9008.000
1231.719	8923.000
1231.866	8888.000
1232.013	8926.000
1232.159	9080.000
1232.306	8812.000
1232.453	8977.000
1232.600	8894.000
1232.746	9006.000
1232.893	8876.000
1233.040	8914.000
1233.186	9027.000
1233.333	8970.000
1233.480	8917.000
1233.627	8942.000
1233.773	8943.000
1233.920	8883.000
1234.066	8896.000
1234.213	8917.000
1234.360	8941.000
1234.506	8985.000
1234.653	8933.000
1234.800	8924.000
1234.946	8847.000
1235.093	8915.000
1235.239	8936.000
1235.386	8882.000
1235.532	8924.000
1235.679	8933.000
1235.825	8899.000
1235.972	8973.000
1236.118	8862.000
1236.265	8943.000
1236.411	8823.000
1236.558	8911.000
1236.704	8929.000
1236.851	8859.000
1236.997	8839.000
1237.143	8893.000
1237.290	8831.000
1237.436	8838.000
1237.583	8931.000
1237.729	8950.000
1237.875	8848.000
1238.022	8866.000
1238.168	8842.000
1238.314	8875.000
1238.461	8794.000
1238.607	8840.000
1238.753	8855.000
1238.900	8787.000
1239.046	8787.000
1239.192	8805.000
1239.338	8723.000
1239.485	8836.000
1239.631	8809.000
1239.777	8726.000
1239.923	8758.000
1240.070	8802.000
1240.216	8787.000
1240.362	8753.000
1240.508	8771.000
1240.654	8779.000
1240.800	8660.000
1240.947	8746.000
1241.093	8671.000
1241.239	8693.000
1241.385	8710.000
1241.531	8825.000
1241.677	8637.000
1241.823	8770.000
1241.969	8757.000
1242.115	8703.000
1242.261	8610.000
1242.407	8673.000
1242.553	8603.000
1242.699	8691.000
1242.845	8673.000
1242.991	8680.000
1243.137	8623.000
1243.283	8678.000
1243.429	8678.000
1243.575	8679.000
1243.721	8678.000
1243.867	8648.000
1244.013	8591.000
1244.159	8680.000
1244.305	8631.000
1244.451	8686.000
1244.596	8594.000
1244.742	8613.000
1244.888	8565.000
1245.034	8562.000
1245.180	8589.000
1245.326	8728.000
1245.471	8571.000
1245.617	8647.000
1245.763	8525.000
1245.909	8602.000
1246.055	8588.000
1246.200	8634.000
1246.346	8491.000
1246.492	8677.000
1246.638	8536.000
1246.783	8572.000
1246.929	8604.000
1247.075	8613.000
1247.220	8636.000
1247.366	8603.000
1247.512	8553.000
1247.657	8633.000
1247.803	8572.000
1247.949	8681.000
1248.094	8545.000
1248.240	8667.000
1248.385	8445.000
1248.531	8557.000
1248.676	8645.000
1248.822	8635.000
1248.968	8577.000
1249.113	8650.000
1249.259	8571.000
1249.404	8587.000
1249.550	8559.000
1249.695	8610.000
1249.841	8604.000
1249.986	8680.000
1250.132	8568.000
1250.277	8636.000
1250.422	8588.000
1250.568	8659.000
1250.713	8584.000
1250.859	8558.000
1251.004	8592.000
1251.150	8666.000
1251.295	8618.000
1251.440	8601.000
1251.586	8530.000
1251.731	8642.000
1251.876	8573.000
1252.022	8578.000
1252.167	8501.000
1252.312	8593.000
1252.458	8501.000
1252.603	8645.000
1252.748	8583.000
1252.893	8622.000
1253.039	8568.000
1253.184	8615.000
1253.329	8547.000
1253.474	8558.000
1253.619	8494.000
1253.765	8622.000
1253.910	8483.000
1254.055	8588.000
1254.200	8550.000
1254.345	8572.000
1254.490	8551.000
1254.636	8615.000
1254.781	8417.000
1254.926	8588.000
1255.071	8486.000
1255.216	8517.000
1255.361	8555.000
1255.506	8597.000
1255.651	8440.000
1255.796	8580.000
1255.941	8382.000
1256.086	8515.000
1256.231	8472.000
1256.376	8610.000
1256.521	8512.000
1256.666	8550.000
1256.811	8368.000
1256.956	8454.000
1257.101	8449.000
1257.246	8486.000
1257.391	8487.000
1257.536	8573.000
1257.681	8397.000
1257.826	8455.000
1257.971	8390.000
1258.116	8476.000
1258.260	8446.000
1258.405	8571.000
1258.550	8416.000
1258.695	8494.000
1258.840	8344.000
1258.985	8571.000
1259.129	8503.000
1259.274	8434.000
1259.419	8454.000
1259.564	8432.000
1259.708	8378.000
1259.853	8490.000
1259.998	8380.000
1260.143	8529.000
1260.287	8335.000
1260.432	8513.000
1260.577	8401.000
1260.721	8482.000
1260.866	8323.000
1261.011	8509.000
1261.155	8372.000
1261.300	8450.000
1261.445	8342.000
1261.589	8460.000
1261.734	8315.000
1261.878	8466.000
1262.023	8410.000
1262.168	8510.000
1262.312	8361.000
1262.457	8519.000
1262.601	8248.000
1262.746	8524.000
1262.890	8330.000
1263.035	8474.000
1263.179	8360.000
1263.324	8587.000
1263.468	8412.000
1263.613	8474.000
1263.757	8382.000
1263.902	8505.000
1264.046	8352.000
1264.191	8430.000
1264.335	8381.000
1264.479	8518.000
1264.624	8318.000
1264.768	8405.000
1264.912	8375.000
1265.057	8451.000
1265.201	8363.000
1265.346	8491.000
1265.490	8341.000
1265.634	8522.000
1265.778	8388.000
1265.923	8531.000
1266.067	8476.000
1266.211	8562.000
1266.356	8414.000
1266.500	8437.000
1266.644	8342.000
1266.788	8455.000
1266.933	8327.000
1267.077	8485.000
1267.221	8487.000
1267.365	8556.000
1267.509	8370.000
1267.653	8523.000
1267.798	8489.000
1267.942	8479.000
1268.086	8363.000
1268.230	8534.000
1268.374	8416.000
1268.518	8489.000
1268.662	8417.000
1268.806	8527.000
1268.950	8359.000
1269.095	8476.000
1269.239	8438.000
1269.383	8514.000
1269.527	8412.000
1269.671	8494.000
1269.815	8430.000
1269.959	8489.000
1270.103	8435.000
1270.247	8619.000
1270.391	8421.000
1270.535	8467.000
1270.679	8445.000
1270.822	8543.000
1270.966	8341.000
1271.110	8532.000
1271.254	8504.000
1271.398	8595.000
1271.542	8418.000
1271.686	8510.000
1271.830	8442.000
1271.973	8495.000
1272.117	8430.000
1272.261	8511.000
1272.405	8445.000
1272.549	8549.000
1272.693	8431.000
1272.836	8510.000
1272.980	8246.000
1273.124	8560.000
1273.268	8371.000
1273.411	8494.000
1273.555	8400.000
1273.699	8522.000
1273.843	8402.000
1273.986	8445.000
1274.130	8460.000
1274.274	8410.000
1274.417	8352.000
1274.561	8491.000
1274.705	8380.000
1274.848	8455.000
1274.992	8336.000
1275.135	8556.000
1275.279	8457.000
1275.423	8480.000
1275.566	8370.000
1275.710	8495.000
1275.853	8404.000
1275.997	8504.000
1276.140	8313.000
1276.284	8504.000
1276.427	8366.000
1276.571	8369.000
1276.714	8404.000
1276.858	8450.000
1277.001	8356.000
1277.145	8543.000
1277.288	8327.000
1277.432	8341.000
1277.575	8311.000
1277.719	8506.000
1277.862	8402.000
1278.005	8398.000
1278.149	8270.000
1278.292	8510.000
1278.435	8286.000
1278.579	8441.000
1278.722	8339.000
1278.865	8480.000
1279.009	8346.000
1279.152	8426.000
1279.295	8415.000
1279.439	8463.000
1279.582	8348.000
1279.725	8537.000
1279.868	8298.000
1280.012	8414.000
1280.155	8356.000
1280.298	8441.000
1280.441	8199.000
1280.585	8516.000
1280.728	8242.000
1280.871	8382.000
1281.014	8310.000
1281.157	8462.000
1281.300	8307.000
1281.444	8417.000
1281.587	8344.000
1281.730	8373.000
1281.873	8260.000
1282.016	8375.000
1282.159	8395.000
1282.302	8339.000
1282.445	8295.000
1282.588	8342.000
1282.731	8315.000
1282.874	8435.000
1283.017	8292.000
1283.160	8355.000
1283.303	8311.000
1283.446	8367.000
1283.589	8293.000
1283.732	8368.000
1283.875	8238.000
1284.018	8416.000
1284.161	8254.000
1284.304	8421.000
1284.447	8260.000
1284.590	8475.000
1284.733	8278.000
1284.876	8495.000
1285.019	8224.000
1285.161	8509.000
1285.304	8287.000
1285.447	8447.000
1285.590	8320.000
1285.733	8453.000
1285.876	8324.000
1286.018	8352.000
1286.161	8295.000
1286.304	8432.000
1286.447	8277.000
1286.589	8396.000
1286.732	8296.000
1286.875	8386.000
1287.018	8373.000
1287.160	8419.000
1287.303	8350.000
1287.446	8419.000
1287.588	8260.000
1287.731	8425.000
1287.874	7966.000
1288.016	8463.000
1288.159	8345.000
1288.302	8376.000
1288.444	8380.000
1288.587	8373.000
1288.729	8212.000
1288.872	8342.000
1289.015	8335.000
1289.157	8493.000
1289.300	8303.000
1289.442	8400.000
1289.585	8261.000
1289.727	8451.000
1289.870	8303.000
1290.012	8383.000
1290.155	8254.000
1290.297	8458.000
1290.440	8356.000
1290.582	8407.000
1290.725	8282.000
1290.867	8442.000
1291.009	8269.000
1291.152	8466.000
1291.294	8327.000
1291.437	8371.000
1291.579	8193.000
1291.721	8398.000
1291.864	8338.000
1292.006	8568.000
1292.148	8299.000
1292.291	8429.000
1292.433	8316.000
1292.575	8411.000
1292.718	8318.000
1292.860	8439.000
1293.002	8291.000
1293.145	8442.000
1293.287	8347.000
1293.429	8425.000
1293.571	8326.000
1293.713	8489.000
1293.856	8350.000
1293.998	8471.000
1294.140	8277.000
1294.282	8382.000
1294.424	8303.000
1294.567	8477.000
1294.709	8255.000
1294.851	8400.000
1294.993	8304.000
1295.135	8360.000
1295.277	8260.000
1295.419	8430.000
1295.561	8323.000
1295.703	8456.000
1295.845	8282.000
1295.987	8476.000
1296.129	8358.000
1296.272	8412.000
1296.414	8296.000
1296.556	8424.000
1296.698	8385.000
1296.840	8471.000
1296.981	8277.000
1297.123	8467.000
1297.265	8347.000
1297.407	8389.000
1297.549	8295.000
1297.691	8411.000
1297.833	8351.000
1297.975	8432.000
1298.117	8251.000
1298.259	8450.000
1298.401	8262.000
1298.542	8390.000
1298.684	8378.000
1298.826	8382.000
1298.968	8284.000
1299.110	8341.000
1299.252	8248.000
1299.393	8461.000
1299.535	8361.000
1299.677	8413.000
1299.819	8279.000
1299.960	8332.000
1300.102	8339.000
1300.244	8415.000
1300.386	8373.000
1300.527	8485.000
1300.669	8275.000
1300.811	8432.000
1300.952	8341.000
1301.094	8442.000
1301.236	8310.000
1301.377	8478.000
1301.519	8382.000
1301.661	8475.000
1301.802	8352.000
1301.944	8317.000
1302.085	8232.000
1302.227	8479.000
1302.368	8213.000
1302.510	8371.000
1302.652	8250.000
1302.793	8383.000
1302.935	8291.000
1303.076	8392.000
1303.218	8268.000
1303.359	8490.000
1303.501	8164.000
1303.642	8455.000
1303.783	8305.000
1303.925	8407.000
1304.066	8298.000
1304.208	8395.000
1304.349	8238.000
1304.491	8405.000
1304.632	8230.000
1304.773	8363.000
1304.915	8264.000
1305.056	8396.000
1305.197	8217.000
1305.339	8372.000
1305.480	8422.000
1305.621	8418.000
1305.763	8303.000
1305.904	8411.000
1306.045	8248.000
1306.187	8414.000
1306.328	8253.000
1306.469	8397.000
1306.610	8210.000
1306.752	8536.000
1306.893	8307.000
1307.034	8460.000
1307.175	8270.000
1307.316	8435.000
1307.458	8333.000
1307.599	8445.000
1307.740	8267.000
1307.881	8409.000
1308.022	8268.000
1308.163	8431.000
1308.304	8320.000
1308.446	8423.000
1308.587	8237.000
1308.728	8369.000
1308.869	8304.000
1309.010	8384.000
1309.151	8292.000
1309.292	8408.000
1309.433	8199.000
1309.574	8401.000
1309.715	8198.000
1309.856	8437.000
1309.997	8298.000
1310.138	8490.000
1310.279	8278.000
1310.420	8385.000
1310.561	8221.000
1310.702	8342.000
1310.843	8292.000
1310.984	8425.000
1311.124	8238.000
1311.265	8439.000
1311.406	8139.000
1311.547	8391.000
1311.688	8272.000
1311.829	8437.000
1311.970	8233.000
1312.110	8381.000
1312.251	8352.000
1312.392	8338.000
1312.533	8278.000
1312.674	8437.000
1312.814	8222.000
1312.955	8373.000
1313.096	8194.000
1313.237	8441.000
1313.377	8237.000
1313.518	8351.000
1313.659	8213.000
1313.800	8369.000
1313.940	8244.000
1314.081	8311.000
1314.222	8140.000
1314.362	8346.000
1314.503	8295.000
1314.644	8420.000
1314.784	8251.000
1314.925	8404.000
1315.065	8214.000
1315.206	8386.000
1315.347	8178.000
1315.487	8343.000
1315.628	8095.000
1315.768	8343.000
1315.909	8271.000
1316.049	8368.000
1316.190	8210.000
1316.330	8356.000
1316.471	8188.000
1316.611	8326.000
1316.752	8103.000
1316.892	8321.000
1317.033	8155.000
1317.173	8235.000
1317.313	8103.000
1317.454	8271.000
1317.594	8220.000
1317.735	8223.000
1317.875	8123.000
1318.015	8266.000
1318.156	8188.000
1318.296	8295.000
1318.437	8120.000
1318.577	8317.000
1318.717	8127.000
1318.857	8271.000
1318.998	8099.000
1319.138	8333.000
1319.278	8156.000
1319.419	8233.000
1319.559	8153.000
1319.699	8241.000
1319.839	8080.000
1319.980	8202.000
1320.120	8071.000
1320.260	8301.000
1320.400	8155.000
1320.540	8224.000
1320.681	8107.000
1320.821	8274.000
1320.961	8124.000
1321.101	8167.000
1321.241	8100.000
1321.381	8245.000
1321.521	8053.000
1321.661	8201.000
1321.802	8081.000
1321.942	8207.000
1322.082	8095.000
1322.222	8141.000
1322.362	8025.000
1322.502	8239.000
1322.642	8085.000
1322.782	8209.000
1322.922	8110.000
1323.062	8259.000
1323.202	8057.000
1323.342	8156.000
1323.482	8166.000
1323.622	8295.000
1323.762	8125.000
1323.902	8179.000
1324.041	8094.000
1324.181	8152.000
1324.321	8060.000
1324.461	8215.000
1324.601	8097.000
1324.741	8225.000
1324.881	8066.000
1325.021	8194.000
1325.160	8051.000
1325.300	8303.000
1325.440	8109.000
1325.580	8279.000
1325.720	8044.000
1325.859	8263.000
1325.999	8079.000
1326.139	8255.000
1326.279	8090.000
1326.418	8305.000
1326.558	8054.000
1326.698	8255.000
1326.838	8083.000
1326.977	8257.000
1327.117	8078.000
1327.257	8250.000
1327.396	8119.000
1327.536	8195.000
1327.675	8172.000
1327.815	8199.000
1327.955	8154.000
1328.094	8291.000
1328.234	8137.000
1328.374	8231.000
1328.513	8092.000
1328.653	8277.000
1328.792	8164.000
1328.932	8220.000
1329.071	8132.000
1329.211	8234.000
1329.350	8169.000
1329.490	8328.000
1329.629	8149.000
1329.769	8247.000
1329.908	8209.000
1330.048	8287.000
1330.187	8151.000
1330.327	8349.000
1330.466	8168.000
1330.605	8302.000
1330.745	8227.000
1330.884	8286.000
1331.024	8184.000
1331.163	8257.000
1331.302	8211.000
1331.442	8319.000
1331.581	8168.000
1331.720	8280.000
1331.860	8259.000
1331.999	8306.000
1332.138	8195.000
1332.277	8214.000
1332.417	8167.000
1332.556	8373.000
1332.695	8146.000
1332.834	8288.000
1332.974	8179.000
1333.113	8406.000
1333.252	8721.000
1333.391	8294.000
1333.531	8163.000
1333.670	8312.000
1333.809	8116.000
1333.948	8357.000
1334.087	8149.000
1334.226	8343.000
1334.365	8159.000
1334.505	8201.000
1334.644	8247.000
1334.783	8284.000
1334.922	8194.000
1335.061	8258.000
1335.200	8184.000
1335.339	8369.000
1335.478	8143.000
1335.617	8236.000
1335.756	8140.000
1335.895	8233.000
1336.034	8158.000
1336.173	8287.000
1336.312	8179.000
1336.451	8257.000
1336.590	8205.000
1336.729	8252.000
1336.868	8082.000
1337.007	8359.000
1337.146	8162.000
1337.285	8241.000
1337.423	8123.000
1337.562	8205.000
1337.701	8122.000
1337.840	8218.000
1337.979	8152.000
1338.118	8154.000
1338.256	8161.000
1338.395	8151.000
1338.534	8139.000
1338.673	8254.000
1338.812	8115.000
1338.950	8255.000
1339.089	8111.000
1339.228	8326.000
1339.367	8139.000
1339.505	8183.000
1339.644	8183.000
1339.783	8181.000
1339.922	8147.000
1340.060	8207.000
1340.199	8137.000
1340.338	8189.000
1340.476	8187.000
1340.615	8237.000
1340.753	8217.000
1340.892	8235.000
1341.031	8158.000
1341.169	8207.000
1341.308	8166.000
1341.446	8243.000
1341.585	8113.000
1341.724	8296.000
1341.862	8146.000
1342.001	8270.000
1342.139	8150.000
1342.278	8220.000
1342.416	8188.000
1342.555	8255.000
1342.693	8104.000
1342.832	8320.000
1342.970	8187.000
1343.109	8325.000
1343.247	8211.000
1343.385	8359.000
1343.524	8132.000
1343.662	8307.000
1343.801	8166.000
1343.939	8268.000
1344.077	8151.000
1344.216	8354.000
1344.354	8163.000
1344.492	8391.000
1344.631	8224.000
1344.769	8348.000
1344.907	8169.000
1345.046	8318.000
1345.184	8220.000
1345.322	8384.000
1345.460	8245.000
1345.599	8362.000
1345.737	8275.000
1345.875	8439.000
1346.013	8303.000
1346.152	8320.000
1346.290	8267.000
1346.428	8424.000
1346.566	8255.000
1346.704	8363.000
1346.843	8244.000
1346.981	8431.000
1347.119	8224.000
1347.257	8407.000
1347.395	8240.000
1347.533	8474.000
1347.671	8372.000
1347.809	8427.000
1347.947	8247.000
1348.085	8374.000
1348.224	8277.000
1348.362	8362.000
1348.500	8315.000
1348.638	8419.000
1348.776	8311.000
1348.914	8373.000
1349.052	8300.000
1349.190	8431.000
1349.328	8318.000
1349.466	8375.000
1349.603	8269.000
1349.741	8489.000
1349.879	8293.000
1350.017	8398.000
1350.155	8241.000
1350.293	8412.000
1350.431	8189.000
1350.569	8447.000
1350.707	8340.000
1350.844	8318.000
1350.982	8334.000
1351.120	8460.000
1351.258	8284.000
1351.396	8398.000
1351.534	8326.000
1351.671	8368.000
1351.809	8255.000
1351.947	8367.000
1352.085	8221.000
1352.222	8326.000
1352.360	8290.000
1352.498	8379.000
1352.636	8314.000
1352.773	8374.000
1352.911	8211.000
1353.049	8427.000
1353.186	8346.000
1353.324	8365.000
1353.462	8357.000
1353.599	8407.000
1353.737	8307.000
1353.874	8404.000
1354.012	7108.000
1354.150	8348.000
1354.287	8292.000
1354.425	8324.000
1354.562	8192.000
1354.700	8378.000
1354.837	8244.000
1354.975	8351.000
1355.112	8347.000
1355.250	8399.000
1355.387	8283.000
1355.525	8349.000
1355.662	8232.000
1355.800	8424.000
1355.937	8268.000
1356.075	8370.000
1356.212	8195.000
1356.350	8365.000
1356.487	8145.000
1356.624	8285.000
1356.762	8253.000
1356.899	8282.000
1357.037	8221.000
1357.174	8300.000
1357.311	8168.000
1357.449	8377.000
1357.586	8138.000
1357.723	8418.000
1357.860	8188.000
1357.998	8298.000
1358.135	8255.000
1358.272	8267.000
1358.410	8161.000
1358.547	8235.000
1358.684	8118.000
1358.821	8198.000
1358.959	8139.000
1359.096	8285.000
1359.233	8157.000
1359.370	8303.000
1359.507	8084.000
1359.644	8242.000
1359.782	8095.000
1359.919	8214.000
1360.056	8041.000
1360.193	8198.000
1360.330	8041.000
1360.467	8171.000
1360.604	8054.000
1360.741	8224.000
1360.878	8162.000
1361.015	8240.000
1361.152	8081.000
1361.290	8341.000
1361.427	8043.000
1361.564	8178.000
1361.701	8148.000
1361.838	8278.000
1361.975	8105.000
1362.112	8345.000
1362.248	12820.000
1362.385	8326.000
1362.522	8163.000
1362.659	8260.000
1362.796	8160.000
1362.933	8258.000
1363.070	8068.000
1363.207	8215.000
1363.344	8261.000
1363.481	8347.000
1363.617	8226.000
1363.754	8270.000
1363.891	8152.000
1364.028	8287.000
1364.165	8291.000
1364.302	8380.000
1364.438	8194.000
1364.575	8303.000
1364.712	8149.000
1364.849	8324.000
1364.985	8218.000
1365.122	8374.000
1365.259	8223.000
1365.396	8360.000
1365.532	8261.000
1365.669	8345.000
1365.806	8201.000
1365.942	8270.000
1366.079	8198.000
1366.216	8415.000
1366.352	8179.000
1366.489	8327.000
1366.625	8206.000
1366.762	8389.000
1366.899	8209.000
1367.035	8375.000
1367.172	8181.000
1367.308	8369.000
1367.445	8108.000
1367.581	8323.000
1367.718	8161.000
1367.855	8350.000
1367.991	8178.000
1368.128	8376.000
1368.264	8216.000
1368.401	8352.000
1368.537	8211.000
1368.673	8376.000
1368.810	8131.000
1368.946	8403.000
1369.083	8272.000
1369.219	8272.000
1369.356	8220.000
1369.492	8414.000
1369.628	8237.000
1369.765	8342.000
1369.901	8228.000
1370.037	8342.000
1370.174	8289.000
1370.310	8320.000
1370.446	8298.000
1370.583	8401.000
1370.719	8258.000
1370.855	8449.000
1370.992	8198.000
1371.128	8423.000
1371.264	8181.000
1371.400	8387.000
1371.537	8338.000
1371.673	8459.000
1371.809	8257.000
1371.945	8379.000
1372.081	8321.000
1372.218	8457.000
1372.354	8306.000
1372.490	8451.000
1372.626	8319.000
1372.762	8462.000
1372.898	8306.000
1373.034	8369.000
1373.170	8335.000
1373.307	8471.000
1373.443	8310.000
1373.579	8301.000
1373.715	8363.000
1373.851	8536.000
1373.987	8355.000
1374.123	8411.000
1374.259	8371.000
1374.395	8357.000
1374.531	8402.000
1374.667	8480.000
