1129.938	8975.000
1130.084	8976.000
1130.229	8970.000
1130.375	9005.000
1130.521	8928.000
1130.667	9020.000
1130.813	8945.000
1130.958	8979.000
1131.104	8927.000
1131.250	8962.000
1131.396	8874.000
1131.542	9017.000
1131.687	8897.000
1131.833	8932.000
1131.979	8918.000
1132.124	9038.000
1132.270	8809.000
1132.416	9019.000
1132.561	8891.000
1132.707	9006.000
1132.853	8876.000
1132.998	8888.000
1133.144	8993.000
1133.290	8964.000
1133.435	8907.000
1133.581	8929.000
1133.727	8924.000
1133.872	8891.000
1134.018	8904.000
1134.163	8892.000
1134.309	8927.000
1134.455	8960.000
1134.600	8921.000
1134.746	8940.000
1134.891	8840.000
1135.037	8901.000
1135.182	8920.000
1135.328	8828.000
1135.473	8944.000
1135.619	8918.000
1135.764	8890.000
1135.910	8927.000
1136.055	8856.000
1136.201	8971.000
1136.346	8810.000
1136.492	8917.000
1136.637	8870.000
1136.783	8832.000
1136.928	8857.000
1137.074	8887.000
1137.219	8847.000
1137.364	8823.000
1137.510	8913.000
1137.655	8923.000
1137.801	8831.000
1137.946	8886.000
1138.091	8791.000
1138.237	8867.000
1138.382	8796.000
1138.527	8811.000
1138.673	8848.000
1138.818	8811.000
1138.963	8792.000
1139.109	8791.000
1139.254	8755.000
1139.399	8846.000
1139.544	8785.000
1139.690	8703.000
1139.835	8752.000
1139.980	8798.000
1140.125	8753.000
1140.271	8752.000
1140.416	8760.000
1140.561	8811.000
1140.706	8685.000
1140.851	8740.000
1140.997	8691.000
1141.142	8692.000
1141.287	8699.000
1141.432	8810.000
1141.577	8655.000
1141.723	8762.000
1141.868	8721.000
1142.013	8700.000
1142.158	8595.000
1142.303	8688.000
1142.448	8616.000
1142.593	8664.000
1142.738	8651.000
1142.883	8655.000
1143.028	8641.000
1143.174	8675.000
1143.319	8644.000
1143.464	8654.000
1143.609	8672.000
1143.754	8663.000
1143.899	8584.000
1144.044	8601.000
1144.189	8645.000
1144.334	8683.000
1144.479	8561.000
1144.624	8611.000
1144.769	8539.000
1144.914	8556.000
1145.059	8571.000
1145.204	8699.000
1145.348	8588.000
1145.493	8611.000
1145.638	8562.000
1145.783	8594.000
1145.928	8591.000
1146.073	8648.000
1146.218	8468.000
1146.363	8680.000
1146.508	8536.000
1146.653	8539.000
1146.797	8590.000
1146.942	8638.000
1147.087	8571.000
1147.232	8600.000
1147.377	8540.000
1147.522	8592.000
1147.666	8545.000
1147.811	8646.000
1147.956	8562.000
1148.101	8649.000
1148.245	8478.000
1148.390	8528.000
1148.535	8641.000
1148.680	8632.000
1148.824	8559.000
1148.969	8616.000
1149.114	8575.000
1149.259	8578.000
1149.403	8527.000
1149.548	8582.000
1149.693	8624.000
1149.837	8658.000
1149.982	8559.000
1150.127	8644.000
1150.271	8568.000
1150.416	8620.000
1150.561	8550.000
1150.705	8524.000
1150.850	8568.000
1150.994	8676.000
1151.139	8600.000
1151.284	8565.000
1151.428	8542.000
1151.573	8667.000
1151.717	8570.000
1151.862	8569.000
1152.006	8498.000
1152.151	8600.000
1152.295	8482.000
1152.440	8652.000
1152.584	8596.000
1152.729	8627.000
1152.873	8547.000
1153.018	8625.000
1153.162	8540.000
1153.307	8517.000
1153.451	8484.000
1153.596	8601.000
1153.740	8443.000
1153.885	8565.000
1154.029	8562.000
1154.174	8569.000
1154.318	8536.000
1154.462	8604.000
1154.607	8426.000
1154.751	8547.000
1154.896	8508.000
1155.040	8516.000
1155.184	8561.000
1155.329	8568.000
1155.473	8439.000
1155.617	8568.000
1155.762	8379.000
1155.906	8485.000
1156.050	8430.000
1156.194	8585.000
1156.339	8485.000
1156.483	8586.000
1156.627	8369.000
1156.772	8466.000
1156.916	8449.000
1157.060	8494.000
1157.204	8498.000
1157.349	8590.000
1157.493	8382.000
1157.637	8495.000
1157.781	8368.000
1157.925	8507.000
1158.070	8445.000
1158.214	8546.000
1158.358	8373.000
1158.502	8478.000
1158.646	8340.000
1158.790	8544.000
1158.935	8490.000
1159.079	8446.000
1159.223	8493.000
1159.367	8427.000
1159.511	8351.000
1159.655	8455.000
1159.799	8416.000
1159.943	8524.000
1160.087	8347.000
1160.231	8517.000
1160.375	8374.000
1160.519	8477.000
1160.664	8310.000
1160.808	8548.000
1160.952	8398.000
1161.096	8455.000
1161.240	8320.000
1161.384	8442.000
1161.528	8286.000
1161.672	8469.000
1161.815	8373.000
1161.959	8523.000
1162.103	8387.000
1162.247	8466.000
1162.391	8249.000
1162.535	8509.000
1162.679	8295.000
1162.823	8486.000
1162.967	8316.000
1163.111	8542.000
1163.255	8407.000
1163.399	8437.000
1163.542	8366.000
1163.686	8506.000
1163.830	8341.000
1163.974	8464.000
1164.118	8374.000
1164.262	8505.000
1164.405	8313.000
1164.549	8416.000
1164.693	8356.000
1164.837	8451.000
1164.981	8360.000
1165.124	8433.000
1165.268	8353.000
1165.412	8523.000
1165.556	8344.000
1165.699	8506.000
1165.843	8465.000
1165.987	8517.000
1166.131	8406.000
1166.274	8426.000
1166.418	8325.000
1166.562	8433.000
1166.705	8317.000
1166.849	8490.000
1166.993	8498.000
1167.136	8517.000
1167.280	8380.000
1167.424	8529.000
1167.567	8460.000
1167.711	8467.000
1167.854	8350.000
1167.998	8536.000
1168.142	8398.000
1168.285	8480.000
1168.429	8375.000
1168.572	8561.000
1168.716	8355.000
1168.859	8463.000
1169.003	8403.000
1169.147	8491.000
1169.290	8413.000
1169.434	8515.000
1169.577	8437.000
1169.721	8509.000
1169.864	8403.000
1170.008	8605.000
1170.151	8429.000
1170.294	8439.000
1170.438	8429.000
1170.581	8510.000
1170.725	8348.000
1170.868	8546.000
1171.012	8483.000
1171.155	8531.000
1171.298	8427.000
1171.442	8464.000
1171.585	8415.000
1171.729	8488.000
1171.872	8390.000
1172.015	8477.000
1172.159	8448.000
1172.302	8540.000
1172.445	8393.000
1172.589	8483.000
1172.732	8252.000
1172.875	8541.000
1173.019	8344.000
1173.162	8449.000
1173.305	8390.000
1173.449	8520.000
1173.592	8357.000
1173.735	8454.000
1173.878	8472.000
1174.022	8397.000
1174.165	8328.000
1174.308	8495.000
1174.451	8379.000
1174.594	8460.000
1174.738	8342.000
1174.881	8550.000
1175.024	8463.000
1175.167	8490.000
1175.310	8343.000
1175.454	8452.000
1175.597	8417.000
1175.740	8499.000
1175.883	8284.000
1176.026	8487.000
1176.169	8340.000
1176.312	8363.000
1176.455	8351.000
1176.598	8434.000
1176.742	8326.000
1176.885	8557.000
1177.028	8314.000
1177.171	8335.000
1177.314	8317.000
1177.457	8528.000
1177.600	8380.000
1177.743	8366.000
1177.886	8252.000
1178.029	8499.000
1178.172	8322.000
1178.315	8455.000
1178.458	8328.000
1178.601	8458.000
1178.744	8341.000
1178.887	8440.000
1179.030	8401.000
1179.173	8462.000
1179.316	8339.000
1179.458	8493.000
1179.601	8279.000
1179.744	8386.000
1179.887	8378.000
1180.030	8441.000
1180.173	8248.000
1180.316	8491.000
1180.459	8251.000
1180.602	8364.000
1180.744	8275.000
1180.887	8463.000
1181.030	8334.000
1181.173	8420.000
1181.316	8315.000
1181.458	8347.000
1181.601	8292.000
1181.744	8395.000
1181.887	8432.000
1182.030	8336.000
1182.172	8305.000
1182.315	8356.000
1182.458	8346.000
1182.601	8394.000
1182.743	8257.000
1182.886	8349.000
1183.029	8295.000
1183.171	8385.000
1183.314	8300.000
1183.457	8367.000
1183.599	8238.000
1183.742	8420.000
1183.885	8257.000
1184.027	8414.000
1184.170	8330.000
1184.313	8438.000
1184.455	8309.000
1184.598	8501.000
1184.741	8185.000
1184.883	8521.000
1185.026	8280.000
1185.168	8414.000
1185.311	8260.000
1185.453	8412.000
1185.596	8342.000
1185.739	8357.000
1185.881	8282.000
1186.024	8431.000
1186.166	8267.000
1186.309	8386.000
1186.451	8280.000
1186.594	8414.000
1186.736	8356.000
1186.879	8444.000
1187.021	8327.000
1187.164	8406.000
1187.306	8237.000
1187.448	8420.000
1187.591	7946.000
1187.733	8486.000
1187.876	8347.000
1188.018	8390.000
1188.160	8358.000
1188.303	8373.000
1188.445	8224.000
1188.588	8357.000
1188.730	8313.000
1188.872	8485.000
1189.015	8270.000
1189.157	8388.000
1189.299	8216.000
1189.442	8405.000
1189.584	8316.000
1189.726	8358.000
1189.869	8210.000
1190.011	8433.000
1190.153	8325.000
1190.295	8385.000
1190.438	8277.000
1190.580	8444.000
1190.722	8273.000
1190.864	8418.000
1191.007	8335.000
1191.149	8356.000
1191.291	8205.000
1191.433	8367.000
1191.576	8313.000
1191.718	8566.000
1191.860	8293.000
1192.002	8429.000
1192.144	8278.000
1192.286	8439.000
1192.429	8321.000
1192.571	8479.000
1192.713	8282.000
1192.855	8467.000
1192.997	8331.000
1193.139	8411.000
1193.281	8291.000
1193.423	8473.000
1193.565	8352.000
1193.707	8475.000
1193.850	8295.000
1193.992	8349.000
1194.134	8257.000
1194.276	8457.000
1194.418	8246.000
1194.560	8384.000
1194.702	8291.000
1194.844	8381.000
1194.986	8300.000
1195.128	8401.000
1195.270	8311.000
1195.412	8408.000
1195.554	8282.000
1195.696	8466.000
1195.837	8338.000
1195.979	8377.000
1196.121	8268.000
1196.263	8438.000
1196.405	8360.000
1196.547	8418.000
1196.689	8250.000
1196.831	8441.000
1196.973	8334.000
1197.115	8367.000
1197.256	8277.000
1197.398	8381.000
1197.540	8284.000
1197.682	8401.000
1197.824	8252.000
1197.966	8424.000
1198.107	8252.000
1198.249	8380.000
1198.391	8349.000
1198.533	8391.000
1198.675	8282.000
1198.816	8341.000
1198.958	8266.000
1199.100	8467.000
1199.242	8344.000
1199.383	8391.000
1199.525	8281.000
1199.667	8340.000
1199.808	8293.000
1199.950	8406.000
1200.092	8362.000
1200.233	8483.000
1200.375	8277.000
1200.517	8421.000
1200.658	8314.000
1200.800	8433.000
1200.942	8292.000
1201.083	8446.000
1201.225	8358.000
1201.367	8455.000
1201.508	8289.000
1201.650	8283.000
1201.791	8270.000
1201.933	8428.000
1202.074	8209.000
1202.216	8349.000
1202.358	8263.000
1202.499	8369.000
1202.641	8272.000
1202.782	8362.000
1202.924	8305.000
1203.065	8445.000
1203.207	8148.000
1203.348	8430.000
1203.490	8261.000
1203.631	8358.000
1203.773	8271.000
1203.914	8375.000
1204.056	8265.000
1204.197	8402.000
1204.338	8232.000
1204.480	8371.000
1204.621	8281.000
1204.763	8396.000
1204.904	8208.000
1205.045	8390.000
1205.187	8403.000
1205.328	8371.000
1205.470	8263.000
1205.611	8404.000
1205.752	8229.000
1205.894	8399.000
1206.035	8257.000
1206.176	8438.000
1206.318	8176.000
1206.459	8527.000
1206.600	8327.000
1206.741	8463.000
1206.883	8260.000
1207.024	8387.000
1207.165	8282.000
1207.306	8408.000
1207.448	8228.000
1207.589	8396.000
1207.730	8279.000
1207.871	8416.000
1208.013	8313.000
1208.154	8402.000
1208.295	8231.000
1208.436	8391.000
1208.577	8259.000
1208.719	8343.000
1208.860	8291.000
1209.001	8366.000
1209.142	8178.000
1209.283	8393.000
1209.424	8214.000
1209.565	8412.000
1209.706	8267.000
1209.848	8484.000
1209.989	8264.000
1210.130	8372.000
1210.271	8232.000
1210.412	8328.000
1210.553	8314.000
1210.694	8423.000
1210.835	8213.000
1210.976	8403.000
1211.117	8150.000
1211.258	8390.000
1211.399	8274.000
1211.540	8418.000
1211.681	8224.000
1211.822	8359.000
1211.963	8336.000
1212.104	8332.000
1212.245	8254.000
1212.386	8424.000
1212.527	8216.000
1212.668	8399.000
1212.809	8184.000
1212.950	8415.000
1213.090	8233.000
1213.231	8308.000
1213.372	8210.000
1213.513	8359.000
1213.654	8243.000
1213.795	8282.000
1213.936	8132.000
1214.077	8338.000
1214.217	8293.000
1214.358	8395.000
1214.499	8261.000
1214.640	8389.000
1214.781	8196.000
1214.921	8351.000
1215.062	8175.000
1215.203	8309.000
1215.344	8083.000
1215.485	8298.000
1215.625	8253.000
1215.766	8386.000
1215.907	8190.000
1216.047	8351.000
1216.188	8150.000
1216.329	8319.000
1216.470	8076.000
1216.610	8298.000
1216.751	8134.000
1216.892	8203.000
1217.032	8086.000
1217.173	8238.000
1217.314	8213.000
1217.454	8228.000
1217.595	8160.000
1217.735	8278.000
1217.876	8163.000
1218.017	8268.000
1218.157	8105.000
1218.298	8311.000
1218.438	8136.000
1218.579	8224.000
1218.720	8108.000
1218.860	8328.000
1219.001	8137.000
1219.141	8227.000
1219.282	8134.000
1219.422	8225.000
1219.563	8086.000
1219.703	8151.000
1219.844	8076.000
1219.984	8265.000
1220.125	8166.000
1220.265	8219.000
1220.406	8097.000
1220.546	8230.000
1220.687	8117.000
1220.827	8185.000
1220.967	8055.000
1221.108	8236.000
1221.248	8076.000
1221.389	8196.000
1221.529	8072.000
1221.669	8218.000
1221.810	8089.000
1221.950	8155.000
1222.091	8013.000
1222.231	8246.000
1222.371	8103.000
1222.512	8202.000
1222.652	8111.000
1222.792	8241.000
1222.933	8004.000
1223.073	8175.000
1223.213	8149.000
1223.353	8278.000
1223.494	8116.000
1223.634	8168.000
1223.774	8123.000
1223.914	8165.000
1224.055	8083.000
1224.195	8208.000
1224.335	8068.000
1224.475	8202.000
1224.616	8048.000
1224.756	8143.000
1224.896	8039.000
1225.036	8246.000
1225.176	8121.000
1225.316	8266.000
1225.457	8013.000
1225.597	8234.000
1225.737	8095.000
1225.877	8236.000
1226.017	8079.000
1226.157	8301.000
1226.297	8097.000
1226.437	8201.000
1226.578	8081.000
1226.718	8255.000
1226.858	8062.000
1226.998	8264.000
1227.138	8118.000
1227.278	8204.000
1227.418	8168.000
1227.558	8214.000
1227.698	8135.000
1227.838	8306.000
1227.978	8118.000
1228.118	8195.000
1228.258	8086.000
1228.398	8247.000
1228.538	8127.000
1228.678	8177.000
1228.818	8164.000
1228.958	8235.000
1229.098	8140.000
1229.238	8292.000
1229.377	8139.000
1229.517	8213.000
1229.657	8193.000
1229.797	8295.000
1229.937	8102.000
1230.077	8349.000
1230.217	8230.000
1230.357	8312.000
1230.496	8219.000
1230.636	8313.000
1230.776	8193.000
1230.916	8263.000
1231.056	8190.000
1231.196	8304.000
1231.335	8133.000
1231.475	8272.000
1231.615	8243.000
1231.755	8312.000
1231.894	8182.000
1232.034	8229.000
1232.174	8135.000
1232.314	8412.000
1232.453	8135.000
1232.593	8274.000
1232.733	8183.000
1232.873	8363.000
1233.012	8737.000
1233.152	8280.000
1233.292	8172.000
1233.431	8288.000
1233.571	8112.000
1233.711	8327.000
1233.850	8122.000
1233.990	8390.000
1234.129	8132.000
1234.269	8234.000
1234.409	8211.000
1234.548	8289.000
1234.688	8175.000
1234.828	8276.000
1234.967	8157.000
1235.107	8356.000
1235.246	8182.000
1235.386	8227.000
1235.525	8118.000
1235.665	8239.000
1235.804	8130.000
1235.944	8248.000
1236.083	8154.000
1236.223	8211.000
1236.362	8206.000
1236.502	8222.000
1236.641	8094.000
1236.781	8350.000
1236.920	8145.000
1237.060	8228.000
1237.199	8099.000
1237.339	8170.000
1237.478	8129.000
1237.617	8182.000
1237.757	8136.000
1237.896	8109.000
1238.036	8130.000
1238.175	8163.000
1238.314	8103.000
1238.454	8231.000
1238.593	8080.000
1238.732	8214.000
1238.872	8168.000
1239.011	8322.000
1239.150	8170.000
1239.290	8213.000
1239.429	8131.000
1239.568	8212.000
1239.708	8165.000
1239.847	8194.000
1239.986	8119.000
1240.125	8207.000
1240.265	8155.000
1240.404	8216.000
1240.543	8202.000
1240.682	8189.000
1240.822	8137.000
1240.961	8198.000
1241.100	8147.000
1241.239	8249.000
1241.378	8104.000
1241.518	8295.000
1241.657	8192.000
1241.796	8254.000
1241.935	8150.000
1242.074	8219.000
1242.213	8146.000
1242.352	8246.000
1242.492	8132.000
1242.631	8332.000
1242.770	8176.000
1242.909	8326.000
1243.048	8203.000
1243.187	8321.000
1243.326	8166.000
1243.465	8317.000
1243.604	8157.000
1243.743	8255.000
1243.882	8115.000
1244.021	8337.000
1244.160	8133.000
1244.299	8315.000
1244.438	8160.000
1244.577	8344.000
1244.716	8141.000
1244.855	8275.000
1244.994	8198.000
1245.133	8373.000
1245.272	8230.000
1245.411	8322.000
1245.550	8287.000
1245.689	8403.000
1245.828	8301.000
1245.967	8316.000
1246.106	8279.000
1246.244	8433.000
1246.383	8250.000
1246.522	8364.000
1246.661	8244.000
1246.800	8415.000
1246.939	8220.000
1247.078	8418.000
1247.216	8222.000
1247.355	8472.000
1247.494	8371.000
1247.633	8405.000
1247.772	8211.000
1247.910	8362.000
1248.049	8260.000
1248.188	8363.000
1248.327	8277.000
1248.465	8398.000
1248.604	8310.000
1248.743	8378.000
1248.882	8290.000
1249.020	8455.000
1249.159	8315.000
1249.298	8435.000
1249.436	8278.000
1249.575	8443.000
1249.714	8253.000
1249.852	8395.000
1249.991	8240.000
1250.130	8381.000
1250.268	8167.000
1250.407	8414.000
1250.546	8305.000
1250.684	8313.000
1250.823	8304.000
1250.961	8426.000
1251.100	8249.000
1251.239	8406.000
1251.377	8275.000
1251.516	8361.000
1251.654	8210.000
1251.793	8353.000
1251.931	8240.000
1252.070	8302.000
1252.208	8278.000
1252.347	8372.000
1252.485	8308.000
1252.624	8365.000
1252.762	8252.000
1252.901	8427.000
1253.039	8351.000
1253.178	8370.000
1253.316	8339.000
1253.455	8413.000
1253.593	8299.000
1253.732	8435.000
1253.870	7111.000
1254.008	8375.000
1254.147	8254.000
1254.285	8307.000
1254.424	8176.000
1254.562	8395.000
1254.700	8218.000
1254.839	8368.000
1254.977	8289.000
1255.115	8402.000
1255.254	8274.000
1255.392	8354.000
1255.530	8188.000
1255.669	8424.000
1255.807	8290.000
1255.945	8375.000
1256.084	8141.000
1256.222	8350.000
1256.360	8195.000
1256.498	8292.000
1256.637	8253.000
1256.775	8282.000
1256.913	8204.000
1257.051	8311.000
1257.189	8152.000
1257.328	8396.000
1257.466	8164.000
1257.604	8399.000
1257.742	8217.000
1257.880	8285.000
1258.019	8255.000
1258.157	8220.000
1258.295	8136.000
1258.433	8227.000
1258.571	8102.000
1258.709	8178.000
1258.847	8109.000
1258.986	8305.000
1259.124	8143.000
1259.262	8279.000
1259.400	8063.000
1259.538	8205.000
1259.676	8094.000
1259.814	8212.000
1259.952	8024.000
1260.090	8239.000
1260.228	8038.000
1260.366	8192.000
1260.504	8023.000
1260.642	8214.000
1260.780	8130.000
1260.918	8208.000
1261.056	8076.000
1261.194	8313.000
1261.332	8062.000
1261.470	8189.000
1261.608	8144.000
1261.746	8261.000
1261.884	8084.000
1262.022	8298.000
1262.160	12722.000
1262.297	8310.000
1262.435	8163.000
1262.573	8266.000
1262.711	8156.000
1262.849	8243.000
1262.987	8066.000
1263.125	8239.000
1263.262	8244.000
1263.400	8332.000
1263.538	8219.000
1263.676	8230.000
1263.814	8141.000
1263.952	8308.000
1264.089	8238.000
1264.227	8353.000
1264.365	8213.000
1264.503	8335.000
1264.640	8179.000
1264.778	8335.000
1264.916	8247.000
1265.054	8371.000
1265.191	8229.000
1265.329	8362.000
1265.467	8227.000
1265.604	8338.000
1265.742	8179.000
1265.880	8269.000
1266.017	8207.000
1266.155	8389.000
1266.293	8181.000
1266.430	8293.000
1266.568	8186.000
1266.706	8408.000
1266.843	8203.000
1266.981	8399.000
1267.119	8172.000
1267.256	8340.000
1267.394	8060.000
1267.531	8314.000
1267.669	8147.000
1267.806	8349.000
1267.944	8149.000
1268.081	8392.000
1268.219	8192.000
1268.357	8324.000
1268.494	8164.000
1268.632	8379.000
1268.769	8129.000
1268.907	8421.000
1269.044	8284.000
1269.182	8229.000
1269.319	8169.000
1269.456	8364.000
1269.594	8230.000
1269.731	8318.000
1269.869	8228.000
1270.006	8331.000
1270.144	8244.000
1270.281	8330.000
1270.418	8285.000
1270.556	8370.000
1270.693	8254.000
1270.831	8408.000
1270.968	8196.000
1271.105	8410.000
1271.243	8169.000
1271.380	8355.000
1271.517	8337.000
1271.655	8456.000
1271.792	8264.000
1271.929	8367.000
1272.066	8334.000
1272.204	8438.000
1272.341	8276.000
1272.478	8477.000
1272.616	8295.000
1272.753	8483.000
1272.890	8283.000
1273.027	8362.000
1273.165	8296.000
1273.302	8450.000
1273.439	8317.000
1273.576	8352.000
1273.713	8301.000
1273.851	8537.000
1273.988	8424.000
1274.125	8400.000
1274.262	8330.000
1274.399	8366.000
1274.536	8374.000
1274.673	8490.000
