1229.956	3263.000
1230.103	3408.000
1230.250	3226.000
1230.397	3502.000
1230.544	3241.000
1230.691	3475.000
1230.838	3218.000
1230.985	3468.000
1231.132	3263.000
1231.278	3439.000
1231.425	3205.000
1231.572	3504.000
1231.719	3238.000
1231.866	3418.000
1232.013	3227.000
1232.159	3498.000
1232.306	3167.000
1232.453	3490.000
1232.600	3155.000
1232.746	3494.000
1232.893	3173.000
1233.040	3403.000
1233.186	3322.000
1233.333	3438.000
1233.480	3262.000
1233.627	3422.000
1233.773	3231.000
1233.920	3411.000
1234.066	3252.000
1234.213	3413.000
1234.360	3228.000
1234.506	3494.000
1234.653	3286.000
1234.800	3433.000
1234.946	3186.000
1235.093	3439.000
1235.239	3318.000
1235.386	3395.000
1235.532	3284.000
1235.679	3514.000
1235.825	3245.000
1235.972	3482.000
1236.118	3201.000
1236.265	3518.000
1236.411	3195.000
1236.558	3455.000
1236.704	3280.000
1236.851	3393.000
1236.997	3246.000
1237.143	3447.000
1237.290	3231.000
1237.436	3394.000
1237.583	3245.000
1237.729	3496.000
1237.875	3187.000
1238.022	3437.000
1238.168	3201.000
1238.314	3431.000
1238.461	3177.000
1238.607	3395.000
1238.753	3265.000
1238.900	3387.000
1239.046	3193.000
1239.192	3366.000
1239.338	3159.000
1239.485	3457.000
1239.631	3225.000
1239.777	3377.000
1239.923	3180.000
1240.070	3390.000
1240.216	3205.000
1240.362	3406.000
1240.508	3231.000
1240.654	3415.000
1240.800	3134.000
1240.947	3389.000
1241.093	3163.000
1241.239	3383.000
1241.385	3227.000
1241.531	3463.000
1241.677	3145.000
1241.823	3374.000
1241.969	3191.000
1242.115	3380.000
1242.261	3149.000
1242.407	3369.000
1242.553	3167.000
1242.699	3336.000
1242.845	3205.000
1242.991	3349.000
1243.137	3169.000
1243.283	3407.000
1243.429	3204.000
1243.575	3362.000
1243.721	3210.000
1243.867	3356.000
1244.013	3164.000
1244.159	3355.000
1244.305	3190.000
1244.451	3392.000
1244.596	3148.000
1244.742	3305.000
1244.888	3120.000
1245.034	3284.000
1245.180	3165.000
1245.326	3413.000
1245.471	3115.000
1245.617	3365.000
1245.763	3138.000
1245.909	3319.000
1246.055	3174.000
1246.200	3363.000
1246.346	3033.000
1246.492	3369.000
1246.638	3151.000
1246.783	3311.000
1246.929	3174.000
1247.075	3357.000
1247.220	3189.000
1247.366	3341.000
1247.512	3139.000
1247.657	3323.000
1247.803	3156.000
1247.949	3390.000
1248.094	3122.000
1248.240	3374.000
1248.385	3092.000
1248.531	3253.000
1248.676	3218.000
1248.822	3356.000
1248.968	3156.000
1249.113	3363.000
1249.259	3145.000
1249.404	3273.000
1249.550	3110.000
1249.695	3333.000
1249.841	3174.000
1249.986	3348.000
1250.132	3118.000
1250.277	3326.000
1250.422	3197.000
1250.568	3385.000
1250.713	3155.000
1250.859	3282.000
1251.004	3153.000
1251.150	3389.000
1251.295	3192.000
1251.440	3323.000
1251.586	3135.000
1251.731	3379.000
1251.876	3156.000
1252.022	3331.000
1252.167	3120.000
1252.312	3310.000
1252.458	3102.000
1252.603	3358.000
1252.748	3159.000
1252.893	3376.000
1253.039	3150.000
1253.184	3359.000
1253.329	3165.000
1253.474	3304.000
1253.619	3156.000
1253.765	3346.000
1253.910	3096.000
1254.055	3307.000
1254.200	3149.000
1254.345	3334.000
1254.490	3156.000
1254.636	3401.000
1254.781	3078.000
1254.926	3330.000
1255.071	3143.000
1255.216	3249.000
1255.361	3183.000
1255.506	3333.000
1255.651	3091.000
1255.796	3339.000
1255.941	3054.000
1256.086	3262.000
1256.231	3144.000
1256.376	3356.000
1256.521	3157.000
1256.666	3361.000
1256.811	3062.000
1256.956	3235.000
1257.101	3135.000
1257.246	3295.000
1257.391	3145.000
1257.536	3357.000
1257.681	3124.000
1257.826	3291.000
1257.971	3078.000
1258.116	3336.000
1258.260	3115.000
1258.405	3386.000
1258.550	3101.000
1258.695	3303.000
1258.840	3039.000
1258.985	3371.000
1259.129	3237.000
1259.274	3257.000
1259.419	3158.000
1259.564	3288.000
1259.708	3061.000
1259.853	3312.000
1259.998	3121.000
1260.143	3386.000
1260.287	3075.000
1260.432	3345.000
1260.577	3071.000
1260.721	3319.000
1260.866	3088.000
1261.011	3380.000
1261.155	3106.000
1261.300	3295.000
1261.445	3058.000
1261.589	3270.000
1261.734	3069.000
1261.878	3259.000
1262.023	3126.000
1262.168	3325.000
1262.312	3085.000
1262.457	3330.000
1262.601	2993.000
1262.746	3311.000
1262.890	3038.000
1263.035	3309.000
1263.179	3073.000
1263.324	3360.000
1263.468	3125.000
1263.613	3285.000
1263.757	3081.000
1263.902	3328.000
1264.046	3088.000
1264.191	3284.000
1264.335	3116.000
1264.479	3327.000
1264.624	3038.000
1264.768	3277.000
1264.912	3081.000
1265.057	3303.000
1265.201	3091.000
1265.346	3275.000
1265.490	3055.000
1265.634	3325.000
1265.778	3136.000
1265.923	3292.000
1266.067	3200.000
1266.211	3363.000
1266.356	3143.000
1266.500	3264.000
1266.644	3077.000
1266.788	3312.000
1266.933	3060.000
1267.077	3333.000
1267.221	3186.000
1267.365	3345.000
1267.509	3089.000
1267.653	3388.000
1267.798	3189.000
1267.942	3280.000
1268.086	3097.000
1268.230	3336.000
1268.374	3120.000
1268.518	3315.000
1268.662	3105.000
1268.806	3331.000
1268.950	3094.000
1269.095	3271.000
1269.239	3108.000
1269.383	3299.000
1269.527	3132.000
1269.671	3291.000
1269.815	3127.000
1269.959	3329.000
1270.103	3104.000
1270.247	3373.000
1270.391	3126.000
1270.535	3283.000
1270.679	3123.000
1270.822	3358.000
1270.966	3061.000
1271.110	3306.000
1271.254	3195.000
1271.398	3307.000
1271.542	3099.000
1271.686	3275.000
1271.830	3081.000
1271.973	3311.000
1272.117	3096.000
1272.261	3283.000
1272.405	3156.000
1272.549	3330.000
1272.693	3111.000
1272.836	3327.000
1272.980	2980.000
1273.124	3366.000
1273.268	3088.000
1273.411	3291.000
1273.555	3075.000
1273.699	3361.000
1273.843	3101.000
1273.986	3308.000
1274.130	3183.000
1274.274	3224.000
1274.417	3047.000
1274.561	3321.000
1274.705	3085.000
1274.848	3278.000
1274.992	3063.000
1275.135	3336.000
1275.279	3156.000
1275.423	3312.000
1275.566	3090.000
1275.710	3297.000
1275.853	3136.000
1275.997	3281.000
1276.140	3060.000
1276.284	3320.000
1276.427	3087.000
1276.571	3244.000
1276.714	3124.000
1276.858	3285.000
1277.001	3082.000
1277.145	3372.000
1277.288	3048.000
1277.432	3175.000
1277.575	3109.000
1277.719	3326.000
1277.862	3153.000
1278.005	3259.000
1278.149	3017.000
1278.292	3329.000
1278.435	3089.000
1278.579	3271.000
1278.722	3096.000
1278.865	3320.000
1279.009	3117.000
1279.152	3277.000
1279.295	3149.000
1279.439	3327.000
1279.582	3100.000
1279.725	3366.000
1279.868	3066.000
1280.012	3223.000
1280.155	3139.000
1280.298	3288.000
1280.441	3010.000
1280.585	3305.000
1280.728	3009.000
1280.871	3229.000
1281.014	3076.000
1281.157	3314.000
1281.300	3083.000
1281.444	3280.000
1281.587	3100.000
1281.730	3216.000
1281.873	3067.000
1282.016	3279.000
1282.159	3176.000
1282.302	3223.000
1282.445	3076.000
1282.588	3227.000
1282.731	3119.000
1282.874	3290.000
1283.017	3062.000
1283.160	3249.000
1283.303	3107.000
1283.446	3262.000
1283.589	3089.000
1283.732	3288.000
1283.875	3035.000
1284.018	3326.000
1284.161	3002.000
1284.304	3260.000
1284.447	3044.000
1284.590	3309.000
1284.733	3089.000
1284.876	3393.000
1285.019	3015.000
1285.161	3382.000
1285.304	3064.000
1285.447	3253.000
1285.590	3105.000
1285.733	3279.000
1285.876	3088.000
1286.018	3238.000
1286.161	3073.000
1286.304	3289.000
1286.447	3050.000
1286.589	3267.000
1286.732	3078.000
1286.875	3263.000
1287.018	3155.000
1287.160	3322.000
1287.303	3133.000
1287.446	3262.000
1287.588	3047.000
1287.731	3355.000
1287.874	2990.000
1288.016	3306.000
1288.159	3148.000
1288.302	3264.000
1288.444	3158.000
1288.587	3223.000
1288.729	2982.000
1288.872	3238.000
1289.015	3106.000
1289.157	3355.000
1289.300	3083.000
1289.442	3286.000
1289.585	3028.000
1289.727	3313.000
1289.870	3102.000
1290.012	3280.000
1290.155	3042.000
1290.297	3307.000
1290.440	3120.000
1290.582	3273.000
1290.725	3095.000
1290.867	3315.000
1291.009	3041.000
1291.152	3294.000
1291.294	3128.000
1291.437	3226.000
1291.579	3015.000
1291.721	3277.000
1291.864	3092.000
1292.006	3391.000
1292.148	3043.000
1292.291	3332.000
1292.433	3098.000
1292.575	3286.000
1292.718	3086.000
1292.860	3304.000
1293.002	3102.000
1293.145	3292.000
1293.287	3107.000
1293.429	3293.000
1293.571	3116.000
1293.713	3335.000
1293.856	3134.000
1293.998	3335.000
1294.140	3117.000
1294.282	3242.000
1294.424	3038.000
1294.567	3283.000
1294.709	3056.000
1294.851	3237.000
1294.993	3049.000
1295.135	3230.000
1295.277	3073.000
1295.419	3242.000
1295.561	3104.000
1295.703	3304.000
1295.845	3070.000
1295.987	3329.000
1296.129	3131.000
1296.272	3280.000
1296.414	3070.000
1296.556	3317.000
1296.698	3150.000
1296.840	3246.000
1296.981	3063.000
1297.123	3354.000
1297.265	3071.000
1297.407	3251.000
1297.549	3052.000
1297.691	3256.000
1297.833	3119.000
1297.975	3286.000
1298.117	3077.000
1298.259	3273.000
1298.401	3058.000
1298.542	3255.000
1298.684	3157.000
1298.826	3254.000
1298.968	3047.000
1299.110	3288.000
1299.252	3015.000
1299.393	3320.000
1299.535	3153.000
1299.677	3240.000
1299.819	3091.000
1299.960	3259.000
1300.102	3137.000
1300.244	3317.000
1300.386	3139.000
1300.527	3334.000
1300.669	3087.000
1300.811	3309.000
1300.952	3093.000
1301.094	3314.000
1301.236	3092.000
1301.377	3336.000
1301.519	3110.000
1301.661	3345.000
1301.802	3095.000
1301.944	3177.000
1302.085	3027.000
1302.227	3350.000
1302.368	3025.000
1302.510	3294.000
1302.652	3080.000
1302.793	3249.000
1302.935	3067.000
1303.076	3264.000
1303.218	3081.000
1303.359	3304.000
1303.501	2946.000
1303.642	3336.000
1303.783	3092.000
1303.925	3252.000
1304.066	3134.000
1304.208	3307.000
1304.349	3095.000
1304.491	3263.000
1304.632	3073.000
1304.773	3263.000
1304.915	3102.000
1305.056	3257.000
1305.197	3044.000
1305.339	3271.000
1305.480	3210.000
1305.621	3303.000
1305.763	3091.000
1305.904	3317.000
1306.045	3054.000
1306.187	3289.000
1306.328	3048.000
1306.469	3297.000
1306.610	3030.000
1306.752	3380.000
1306.893	3081.000
1307.034	3333.000
1307.175	3077.000
1307.316	3301.000
1307.458	3094.000
1307.599	3325.000
1307.740	3020.000
1307.881	3270.000
1308.022	3045.000
1308.163	3307.000
1308.304	3099.000
1308.446	3277.000
1308.587	2979.000
1308.728	3289.000
1308.869	3067.000
1309.010	3237.000
1309.151	3082.000
1309.292	3301.000
1309.433	3007.000
1309.574	3276.000
1309.715	3030.000
1309.856	3327.000
1309.997	3094.000
1310.138	3359.000
1310.279	3087.000
1310.420	3267.000
1310.561	3038.000
1310.702	3231.000
1310.843	3086.000
1310.984	3360.000
1311.124	3030.000
1311.265	3283.000
1311.406	2964.000
1311.547	3285.000
1311.688	3081.000
1311.829	3300.000
1311.970	3040.000
1312.110	3248.000
1312.251	3169.000
1312.392	3226.000
1312.533	3073.000
1312.674	3289.000
1312.814	3028.000
1312.955	3257.000
1313.096	3025.000
1313.237	3342.000
1313.377	3117.000
1313.518	3187.000
1313.659	3064.000
1313.800	3276.000
1313.940	3062.000
1314.081	3204.000
1314.222	2973.000
1314.362	3262.000
1314.503	3116.000
1314.644	3298.000
1314.784	3098.000
1314.925	3345.000
1315.065	3070.000
1315.206	3254.000
1315.347	3049.000
1315.487	3268.000
1315.628	2966.000
1315.768	3231.000
1315.909	3128.000
1316.049	3280.000
1316.190	3027.000
1316.330	3293.000
1316.471	3052.000
1316.611	3265.000
1316.752	2979.000
1316.892	3261.000
1317.033	3026.000
1317.173	3207.000
1317.313	2990.000
1317.454	3198.000
1317.594	3095.000
1317.735	3223.000
1317.875	3000.000
1318.015	3247.000
1318.156	3054.000
1318.296	3220.000
1318.437	3051.000
1318.577	3249.000
1318.717	3039.000
1318.857	3210.000
1318.998	3018.000
1319.138	3292.000
1319.278	3059.000
1319.419	3225.000
1319.559	3041.000
1319.699	3213.000
1319.839	2992.000
1319.980	3170.000
1320.120	2983.000
1320.260	3281.000
1320.400	3096.000
1320.540	3211.000
1320.681	3009.000
1320.821	3248.000
1320.961	3057.000
1321.101	3206.000
1321.241	2994.000
1321.381	3213.000
1321.521	2991.000
1321.661	3214.000
1321.802	3038.000
1321.942	3250.000
1322.082	3002.000
1322.222	3188.000
1322.362	2988.000
1322.502	3227.000
1322.642	3059.000
1322.782	3226.000
1322.922	3036.000
1323.062	3229.000
1323.202	2947.000
1323.342	3205.000
1323.482	3084.000
1323.622	3287.000
1323.762	3022.000
1323.902	3199.000
1324.041	3071.000
1324.181	3175.000
1324.321	3012.000
1324.461	3225.000
1324.601	3034.000
1324.741	3203.000
1324.881	3006.000
1325.021	3216.000
1325.160	2980.000
1325.300	3268.000
1325.440	3030.000
1325.580	3259.000
1325.720	2961.000
1325.859	3256.000
1325.999	3009.000
1326.139	3252.000
1326.279	2996.000
1326.418	3280.000
1326.558	2961.000
1326.698	3212.000
1326.838	3017.000
1326.977	3200.000
1327.117	3010.000
1327.257	3261.000
1327.396	2989.000
1327.536	3179.000
1327.675	3009.000
1327.815	3215.000
1327.955	3015.000
1328.094	3262.000
1328.234	3057.000
1328.374	3164.000
1328.513	3014.000
1328.653	3239.000
1328.792	3076.000
1328.932	3163.000
1329.071	3064.000
1329.211	3203.000
1329.350	3055.000
1329.490	3289.000
1329.629	3017.000
1329.769	3187.000
1329.908	3082.000
1330.048	3248.000
1330.187	3038.000
1330.327	3292.000
1330.466	3070.000
1330.605	3260.000
1330.745	3096.000
1330.884	3241.000
1331.024	3090.000
1331.163	3244.000
1331.302	3031.000
1331.442	3274.000
1331.581	3078.000
1331.720	3207.000
1331.860	3097.000
1331.999	3270.000
1332.138	3055.000
1332.277	3192.000
1332.417	3004.000
1332.556	3285.000
1332.695	3045.000
1332.834	3218.000
1332.974	3082.000
1333.113	3307.000
1333.252	3264.000
1333.391	3259.000
1333.531	3054.000
1333.670	3222.000
1333.809	3003.000
1333.948	3291.000
1334.087	3025.000
1334.226	3296.000
1334.365	3017.000
1334.505	3184.000
1334.644	3103.000
1334.783	3209.000
1334.922	3037.000
1335.061	3228.000
1335.200	3048.000
1335.339	3260.000
1335.478	3064.000
1335.617	3213.000
1335.756	3010.000
1335.895	3185.000
1336.034	3036.000
1336.173	3256.000
1336.312	3082.000
1336.451	3216.000
1336.590	3105.000
1336.729	3211.000
1336.868	3027.000
1337.007	3316.000
1337.146	3018.000
1337.285	3226.000
1337.423	3049.000
1337.562	3178.000
1337.701	3041.000
1337.840	3203.000
1337.979	3074.000
1338.118	3146.000
1338.256	3033.000
1338.395	3169.000
1338.534	3062.000
1338.673	3223.000
1338.812	3065.000
1338.950	3242.000
1339.089	3086.000
1339.228	3258.000
1339.367	3012.000
1339.505	3218.000
1339.644	3069.000
1339.783	3215.000
1339.922	3072.000
1340.060	3218.000
1340.199	3056.000
1340.338	3189.000
1340.476	3071.000
1340.615	3256.000
1340.753	3090.000
1340.892	3222.000
1341.031	3034.000
1341.169	3171.000
1341.308	3031.000
1341.446	3180.000
1341.585	3034.000
1341.724	3248.000
1341.862	3059.000
1342.001	3252.000
1342.139	3011.000
1342.278	3181.000
1342.416	3047.000
1342.555	3201.000
1342.693	2985.000
1342.832	3262.000
1342.970	3024.000
1343.109	3271.000
1343.247	3067.000
1343.385	3287.000
1343.524	3031.000
1343.662	3279.000
1343.801	3003.000
1343.939	3194.000
1344.077	3049.000
1344.216	3284.000
1344.354	2995.000
1344.492	3310.000
1344.631	3083.000
1344.769	3286.000
1344.907	3019.000
1345.046	3238.000
1345.184	3045.000
1345.322	3261.000
1345.460	3075.000
1345.599	3266.000
1345.737	3108.000
1345.875	3286.000
1346.013	3085.000
1346.152	3210.000
1346.290	3067.000
1346.428	3293.000
1346.566	3040.000
1346.704	3287.000
1346.843	3032.000
1346.981	3285.000
1347.119	3034.000
1347.257	3301.000
1347.395	3030.000
1347.533	3318.000
1347.671	3137.000
1347.809	3283.000
1347.947	3029.000
1348.085	3236.000
1348.224	3073.000
1348.362	3214.000
1348.500	3088.000
1348.638	3279.000
1348.776	3110.000
1348.914	3271.000
1349.052	3103.000
1349.190	3267.000
1349.328	3116.000
1349.466	3249.000
1349.603	3027.000
1349.741	3302.000
1349.879	3053.000
1350.017	3255.000
1350.155	3072.000
1350.293	3248.000
1350.431	3004.000
1350.569	3277.000
1350.707	3130.000
1350.844	3231.000
1350.982	3127.000
1351.120	3359.000
1351.258	3038.000
1351.396	3293.000
1351.534	3122.000
1351.671	3273.000
1351.809	3034.000
1351.947	3206.000
1352.085	3055.000
1352.222	3222.000
1352.360	3093.000
1352.498	3270.000
1352.636	3081.000
1352.773	3235.000
1352.911	3078.000
1353.049	3312.000
1353.186	3120.000
1353.324	3261.000
1353.462	3163.000
1353.599	3272.000
1353.737	3100.000
1353.874	3261.000
1354.012	2707.000
1354.150	3230.000
1354.287	3078.000
1354.425	3221.000
1354.562	2961.000
1354.700	3242.000
1354.837	3019.000
1354.975	3268.000
1355.112	3161.000
1355.250	3275.000
1355.387	3115.000
1355.525	3240.000
1355.662	3060.000
1355.800	3266.000
1355.937	3091.000
1356.075	3275.000
1356.212	2995.000
1356.350	3272.000
1356.487	3036.000
1356.624	3230.000
1356.762	3046.000
1356.899	3222.000
1357.037	3064.000
1357.174	3271.000
1357.311	3036.000
1357.449	3275.000
1357.586	3037.000
1357.723	3329.000
1357.860	3096.000
1357.998	3207.000
1358.135	3122.000
1358.272	3202.000
1358.410	3050.000
1358.547	3173.000
1358.684	2990.000
1358.821	3179.000
1358.959	3020.000
1359.096	3271.000
1359.233	3066.000
1359.370	3254.000
1359.507	3013.000
1359.644	3185.000
1359.782	3016.000
1359.919	3196.000
1360.056	2943.000
1360.193	3200.000
1360.330	2960.000
1360.467	3171.000
1360.604	2978.000
1360.741	3181.000
1360.878	3092.000
1361.015	3195.000
1361.152	3011.000
1361.290	3316.000
1361.427	2993.000
1361.564	3208.000
1361.701	3047.000
1361.838	3223.000
1361.975	3018.000
1362.112	3311.000
1362.248	4492.000
1362.385	3274.000
1362.522	3056.000
1362.659	3237.000
1362.796	3060.000
1362.933	3241.000
1363.070	2963.000
1363.207	3197.000
1363.344	3115.000
1363.481	3323.000
1363.617	3093.000
1363.754	3195.000
1363.891	3024.000
1364.028	3219.000
1364.165	3075.000
1364.302	3304.000
1364.438	3079.000
1364.575	3223.000
1364.712	3049.000
1364.849	3260.000
1364.985	3075.000
1365.122	3273.000
1365.259	3067.000
1365.396	3254.000
1365.532	3093.000
1365.669	3223.000
1365.806	3020.000
1365.942	3209.000
1366.079	3007.000
1366.216	3291.000
1366.352	3042.000
1366.489	3259.000
1366.625	3016.000
1366.762	3296.000
1366.899	3075.000
1367.035	3295.000
1367.172	3044.000
1367.308	3265.000
1367.445	2991.000
1367.581	3268.000
1367.718	3010.000
1367.855	3272.000
1367.991	3015.000
1368.128	3295.000
1368.264	3069.000
1368.401	3247.000
1368.537	3063.000
1368.673	3315.000
1368.810	2993.000
1368.946	3270.000
1369.083	3090.000
1369.219	3194.000
1369.356	3026.000
1369.492	3270.000
1369.628	3019.000
1369.765	3225.000
1369.901	3050.000
1370.037	3219.000
1370.174	3056.000
1370.310	3242.000
1370.446	3091.000
1370.583	3222.000
1370.719	3095.000
1370.855	3299.000
1370.992	2987.000
1371.128	3256.000
1371.264	2998.000
1371.400	3239.000
1371.537	3112.000
1371.673	3289.000
1371.809	3056.000
1371.945	3229.000
1372.081	3108.000
1372.218	3295.000
1372.354	3082.000
1372.490	3331.000
1372.626	3117.000
1372.762	3307.000
1372.898	3074.000
1373.034	3237.000
1373.170	3083.000
1373.307	3289.000
1373.443	3074.000
1373.579	3148.000
1373.715	3125.000
1373.851	3316.000
1373.987	3141.000
1374.123	3224.000
1374.259	3069.000
1374.395	3168.000
1374.531	3119.000
1374.667	3294.000
