729.371	3279.000
729.513	3422.000
729.656	3288.000
729.798	3507.000
729.941	3260.000
730.083	3481.000
730.225	3265.000
730.368	3496.000
730.510	3294.000
730.653	3462.000
730.795	3233.000
730.937	3521.000
731.080	3281.000
731.222	3402.000
731.365	3286.000
731.507	3512.000
731.650	3222.000
731.792	3534.000
731.934	3190.000
732.077	3495.000
732.219	3210.000
732.362	3386.000
732.504	3376.000
732.646	3477.000
732.789	3344.000
732.931	3427.000
733.074	3273.000
733.216	3424.000
733.359	3268.000
733.501	3436.000
733.643	3239.000
733.786	3496.000
733.928	3307.000
734.071	3479.000
734.213	3244.000
734.355	3473.000
734.498	3371.000
734.640	3433.000
734.783	3340.000
734.925	3492.000
735.068	3263.000
735.210	3511.000
735.352	3259.000
735.495	3523.000
735.637	3250.000
735.780	3481.000
735.922	3329.000
736.065	3440.000
736.207	3295.000
736.349	3454.000
736.492	3237.000
736.634	3418.000
736.777	3297.000
736.919	3471.000
737.062	3253.000
737.204	3472.000
737.346	3227.000
737.489	3474.000
737.631	3241.000
737.774	3418.000
737.916	3322.000
738.059	3414.000
738.201	3254.000
738.343	3386.000
738.486	3174.000
738.628	3500.000
738.771	3276.000
738.913	3409.000
739.056	3229.000
739.198	3420.000
739.340	3261.000
739.483	3439.000
739.625	3274.000
739.768	3418.000
739.910	3186.000
740.053	3415.000
740.195	3206.000
740.337	3381.000
740.480	3233.000
740.622	3483.000
740.765	3207.000
740.907	3393.000
741.050	3255.000
741.192	3398.000
741.335	3204.000
741.477	3393.000
741.619	3210.000
741.762	3373.000
741.904	3256.000
742.047	3382.000
742.189	3199.000
742.332	3433.000
742.474	3251.000
742.616	3395.000
742.759	3218.000
742.901	3403.000
743.044	3180.000
743.186	3382.000
743.329	3220.000
743.471	3421.000
743.614	3178.000
743.756	3339.000
743.898	3157.000
744.041	3308.000
744.183	3175.000
744.326	3428.000
744.468	3175.000
744.611	3350.000
744.753	3191.000
744.896	3365.000
745.038	3209.000
745.180	3351.000
745.323	3082.000
745.465	3367.000
745.608	3167.000
745.750	3340.000
745.893	3188.000
746.035	3399.000
746.178	3202.000
746.320	3355.000
746.462	3225.000
746.605	3318.000
746.747	3184.000
746.890	3394.000
747.032	3177.000
747.175	3377.000
747.317	3115.000
747.460	3291.000
747.602	3268.000
747.744	3383.000
747.887	3185.000
748.029	3396.000
748.172	3196.000
748.314	3302.000
748.457	3141.000
748.599	3314.000
748.742	3203.000
748.884	3372.000
749.027	3146.000
749.169	3370.000
749.311	3246.000
749.454	3373.000
749.596	3159.000
749.739	3304.000
749.881	3184.000
750.024	3383.000
750.166	3243.000
750.309	3333.000
750.451	3147.000
750.593	3373.000
750.736	3183.000
750.878	3349.000
751.021	3156.000
751.163	3312.000
751.306	3129.000
751.448	3376.000
751.591	3208.000
751.733	3377.000
751.876	3179.000
752.018	3382.000
752.161	3187.000
752.303	3334.000
752.445	3181.000
752.588	3354.000
752.730	3129.000
752.873	3351.000
753.015	3208.000
753.158	3339.000
753.300	3233.000
753.443	3382.000
753.585	3110.000
753.728	3375.000
753.870	3173.000
754.013	3302.000
754.155	3221.000
754.297	3375.000
754.440	3114.000
754.582	3377.000
754.725	3103.000
754.867	3307.000
755.010	3168.000
755.152	3364.000
755.295	3171.000
755.437	3391.000
755.580	3073.000
755.722	3251.000
755.865	3160.000
756.007	3323.000
756.149	3172.000
756.292	3362.000
756.434	3149.000
756.577	3304.000
756.719	3109.000
756.862	3340.000
757.004	3168.000
757.147	3400.000
757.289	3128.000
757.432	3334.000
757.574	3067.000
757.717	3390.000
757.859	3273.000
758.002	3289.000
758.144	3198.000
758.287	3314.000
758.429	3139.000
758.571	3307.000
758.714	3165.000
758.856	3392.000
758.999	3106.000
759.141	3350.000
759.284	3129.000
759.426	3330.000
759.569	3097.000
759.711	3388.000
759.854	3144.000
759.996	3332.000
760.139	3094.000
760.281	3293.000
760.424	3092.000
760.566	3297.000
760.709	3158.000
760.851	3374.000
760.993	3160.000
761.136	3352.000
761.278	3037.000
761.421	3339.000
761.563	3094.000
761.706	3304.000
761.848	3108.000
761.991	3399.000
762.133	3147.000
762.276	3341.000
762.418	3104.000
762.561	3354.000
762.703	3093.000
762.846	3296.000
762.988	3167.000
763.131	3336.000
763.273	3095.000
763.416	3257.000
763.558	3121.000
763.701	3325.000
763.843	3134.000
763.986	3318.000
764.128	3091.000
764.271	3333.000
764.413	3137.000
764.556	3328.000
764.698	3174.000
764.840	3391.000
764.983	3165.000
765.125	3281.000
765.268	3103.000
765.410	3311.000
765.553	3083.000
765.695	3335.000
765.838	3234.000
765.980	3359.000
766.123	3105.000
766.265	3393.000
766.408	3228.000
766.550	3280.000
766.693	3131.000
766.835	3352.000
766.978	3142.000
767.120	3325.000
767.263	3132.000
767.405	3396.000
767.548	3120.000
767.690	3301.000
767.833	3149.000
767.975	3344.000
768.118	3150.000
768.260	3303.000
768.403	3132.000
768.545	3346.000
768.688	3129.000
768.830	3407.000
768.973	3156.000
769.115	3290.000
769.258	3156.000
769.400	3361.000
769.543	3096.000
769.685	3328.000
769.828	3227.000
769.970	3339.000
770.113	3127.000
770.255	3289.000
770.398	3127.000
770.540	3309.000
770.683	3151.000
770.825	3301.000
770.968	3155.000
771.110	3334.000
771.253	3148.000
771.395	3333.000
771.538	3001.000
771.680	3373.000
771.823	3111.000
771.965	3325.000
772.108	3109.000
772.250	3377.000
772.393	3131.000
772.535	3327.000
772.678	3197.000
772.820	3255.000
772.963	3053.000
773.105	3325.000
773.248	3135.000
773.390	3309.000
773.533	3115.000
773.675	3371.000
773.818	3218.000
773.960	3332.000
774.103	3110.000
774.245	3320.000
774.388	3150.000
774.530	3343.000
774.673	3098.000
774.815	3369.000
774.958	3111.000
775.100	3251.000
775.243	3172.000
775.385	3286.000
775.528	3138.000
775.670	3424.000
775.813	3104.000
775.955	3208.000
776.098	3127.000
776.240	3365.000
776.383	3164.000
776.525	3265.000
776.668	3035.000
776.810	3346.000
776.953	3103.000
777.095	3308.000
777.238	3115.000
777.380	3345.000
777.523	3172.000
777.665	3314.000
777.808	3180.000
777.950	3331.000
778.093	3160.000
778.235	3373.000
778.378	3119.000
778.520	3246.000
778.663	3172.000
778.805	3295.000
778.948	3032.000
779.090	3334.000
779.233	3044.000
779.375	3259.000
779.518	3106.000
779.660	3339.000
779.803	3132.000
779.945	3311.000
780.088	3124.000
780.230	3222.000
780.373	3087.000
780.515	3303.000
780.658	3208.000
780.801	3220.000
780.943	3134.000
781.086	3268.000
781.228	3143.000
781.371	3317.000
781.513	3074.000
781.656	3221.000
781.798	3140.000
781.941	3282.000
782.083	3107.000
782.226	3294.000
782.368	3037.000
782.511	3332.000
782.653	3028.000
782.796	3291.000
782.938	3061.000
783.081	3348.000
783.223	3105.000
783.366	3400.000
783.508	3059.000
783.651	3388.000
783.793	3121.000
783.936	3318.000
784.078	3142.000
784.221	3335.000
784.364	3121.000
784.506	3280.000
784.649	3113.000
784.791	3338.000
784.934	3085.000
785.076	3278.000
785.219	3121.000
785.361	3316.000
785.504	3228.000
785.646	3314.000
785.789	3183.000
785.931	3296.000
786.074	3066.000
786.216	3335.000
786.359	2998.000
786.501	3319.000
786.644	3132.000
786.786	3298.000
786.929	3190.000
787.072	3267.000
787.214	3019.000
787.357	3285.000
787.499	3120.000
787.642	3357.000
787.784	3131.000
787.927	3302.000
788.069	3059.000
788.212	3325.000
788.354	3141.000
788.497	3294.000
788.639	3027.000
788.782	3341.000
788.924	3150.000
789.067	3270.000
789.210	3096.000
789.352	3306.000
789.495	3079.000
789.637	3323.000
789.780	3153.000
789.922	3240.000
790.065	3045.000
790.207	3303.000
790.350	3124.000
790.492	3393.000
790.635	3084.000
790.777	3357.000
790.920	3111.000
791.062	3302.000
791.205	3131.000
791.348	3322.000
791.490	3114.000
791.633	3315.000
791.775	3129.000
791.918	3308.000
792.060	3117.000
792.203	3377.000
792.345	3115.000
792.488	3336.000
792.630	3136.000
792.773	3245.000
792.915	3057.000
793.058	3352.000
793.201	3083.000
793.343	3281.000
793.486	3079.000
793.628	3246.000
793.771	3099.000
793.913	3284.000
794.056	3128.000
794.198	3292.000
794.341	3141.000
794.483	3323.000
794.626	3148.000
794.769	3289.000
794.911	3098.000
795.054	3327.000
795.196	3175.000
795.339	3302.000
795.481	3091.000
795.624	3373.000
795.766	3139.000
795.909	3278.000
796.051	3096.000
796.194	3316.000
796.337	3110.000
796.479	3331.000
796.622	3085.000
796.764	3305.000
796.907	3070.000
797.049	3267.000
797.192	3191.000
797.334	3278.000
797.477	3067.000
797.620	3309.000
797.762	3053.000
797.905	3335.000
798.047	3171.000
798.190	3267.000
798.332	3102.000
798.475	3255.000
798.617	3141.000
798.760	3329.000
798.902	3166.000
799.045	3342.000
799.188	3090.000
799.330	3308.000
799.473	3116.000
799.615	3340.000
799.758	3095.000
799.900	3346.000
800.043	3157.000
800.185	3373.000
800.328	3141.000
800.471	3199.000
800.613	3081.000
800.756	3333.000
800.898	3078.000
801.041	3306.000
801.183	3079.000
801.326	3287.000
801.468	3107.000
801.611	3292.000
801.754	3116.000
801.896	3346.000
802.039	2997.000
802.181	3355.000
802.324	3105.000
802.466	3286.000
802.609	3139.000
802.752	3323.000
802.894	3107.000
803.037	3281.000
803.179	3093.000
803.322	3263.000
803.464	3111.000
803.607	3310.000
803.749	3043.000
803.892	3293.000
804.035	3223.000
804.177	3324.000
804.320	3105.000
804.462	3347.000
804.605	3043.000
804.747	3291.000
804.890	3102.000
805.033	3317.000
805.175	3058.000
805.318	3413.000
805.460	3096.000
805.603	3337.000
805.745	3088.000
805.888	3306.000
806.031	3111.000
806.173	3347.000
806.316	3051.000
806.458	3275.000
806.601	3086.000
806.743	3347.000
806.886	3143.000
807.028	3283.000
807.171	3023.000
807.314	3313.000
807.456	3111.000
807.599	3256.000
807.741	3124.000
807.884	3283.000
808.026	3041.000
808.169	3284.000
808.312	3036.000
808.454	3330.000
808.597	3106.000
808.739	3356.000
808.882	3100.000
809.024	3272.000
809.167	3069.000
809.310	3235.000
809.452	3150.000
809.595	3369.000
809.737	3083.000
809.880	3311.000
810.023	3002.000
810.165	3285.000
810.308	3106.000
810.450	3330.000
810.593	3104.000
810.735	3240.000
810.878	3181.000
811.021	3244.000
811.163	3094.000
811.306	3335.000
811.448	3056.000
811.591	3288.000
811.733	3041.000
811.876	3356.000
812.019	3136.000
812.161	3226.000
812.304	3076.000
812.446	3306.000
812.589	3081.000
812.732	3212.000
812.874	3016.000
813.017	3281.000
813.159	3142.000
813.302	3325.000
813.444	3112.000
813.587	3353.000
813.730	3078.000
813.872	3271.000
814.015	3068.000
814.157	3268.000
814.300	2998.000
814.443	3231.000
814.585	3144.000
814.728	3327.000
814.870	3044.000
815.013	3309.000
815.155	3059.000
815.298	3314.000
815.441	3006.000
815.583	3262.000
815.726	3063.000
815.868	3213.000
816.011	2993.000
816.154	3233.000
816.296	3154.000
816.439	3226.000
816.581	3066.000
816.724	3264.000
816.867	3099.000
817.009	3261.000
817.152	3060.000
817.294	3301.000
817.437	3071.000
817.579	3221.000
817.722	3049.000
817.865	3292.000
818.007	3069.000
818.150	3227.000
818.292	3072.000
818.435	3243.000
818.578	3022.000
818.720	3199.000
818.863	3026.000
819.005	3290.000
819.148	3127.000
819.291	3221.000
819.433	3059.000
819.576	3243.000
819.718	3052.000
819.861	3221.000
820.004	3026.000
820.146	3235.000
820.289	3024.000
820.431	3226.000
820.574	3064.000
820.717	3263.000
820.859	3061.000
821.002	3209.000
821.144	3012.000
821.287	3258.000
821.430	3072.000
821.572	3226.000
821.715	3061.000
821.857	3243.000
822.000	2988.000
822.143	3184.000
822.285	3109.000
822.428	3309.000
822.570	3043.000
822.713	3211.000
822.856	3073.000
822.998	3184.000
823.141	3014.000
823.283	3246.000
823.426	3079.000
823.569	3237.000
823.711	3021.000
823.854	3243.000
823.996	2994.000
824.139	3277.000
824.282	3066.000
824.424	3280.000
824.567	3003.000
824.709	3250.000
824.852	3053.000
824.995	3262.000
825.137	3036.000
825.280	3273.000
825.422	3004.000
825.565	3213.000
825.708	3048.000
825.850	3187.000
825.993	2989.000
826.135	3301.000
826.278	3018.000
826.421	3196.000
826.563	3049.000
826.706	3242.000
826.849	3060.000
826.991	3277.000
827.134	3068.000
827.276	3176.000
827.419	3028.000
827.562	3243.000
827.704	3080.000
827.847	3210.000
827.989	3078.000
828.132	3235.000
828.275	3070.000
828.417	3304.000
828.560	3068.000
828.702	3214.000
828.845	3095.000
828.988	3263.000
829.130	3067.000
829.273	3306.000
829.416	3092.000
829.558	3281.000
829.701	3097.000
829.843	3288.000
829.986	3089.000
830.129	3249.000
830.271	3051.000
830.414	3315.000
830.556	3083.000
830.699	3222.000
830.842	3116.000
830.984	3271.000
831.127	3061.000
831.270	3199.000
831.412	3033.000
831.555	3317.000
831.697	3068.000
831.840	3254.000
831.983	3107.000
832.125	3358.000
832.268	3254.000
832.411	3274.000
832.553	3069.000
832.696	3251.000
832.838	3056.000
832.981	3313.000
833.124	3021.000
833.266	3309.000
833.409	3045.000
833.552	3191.000
833.694	3111.000
833.837	3249.000
833.979	3051.000
834.122	3264.000
834.265	3090.000
834.407	3316.000
834.550	3059.000
834.693	3239.000
834.835	3051.000
834.978	3203.000
835.120	3062.000
835.263	3284.000
835.406	3060.000
835.548	3251.000
835.691	3115.000
835.834	3249.000
835.976	3047.000
836.119	3339.000
836.261	3061.000
836.404	3243.000
836.547	3053.000
836.689	3193.000
836.832	3076.000
836.975	3220.000
837.117	3070.000
837.260	3166.000
837.402	3068.000
837.545	3185.000
837.688	3063.000
837.830	3226.000
837.973	3059.000
838.116	3262.000
838.258	3071.000
838.401	3287.000
838.544	3057.000
838.686	3226.000
838.829	3120.000
838.971	3243.000
839.114	3084.000
839.257	3215.000
839.399	3073.000
839.542	3193.000
839.685	3091.000
839.827	3260.000
839.970	3110.000
840.113	3237.000
840.255	3057.000
840.398	3192.000
840.540	3093.000
840.683	3219.000
840.826	3059.000
840.968	3284.000
841.111	3069.000
841.254	3261.000
841.396	3056.000
841.539	3217.000
841.682	3045.000
841.824	3198.000
841.967	2996.000
842.109	3277.000
842.252	3030.000
842.395	3290.000
842.537	3089.000
842.680	3311.000
842.823	3046.000
842.965	3295.000
843.108	3066.000
843.251	3221.000
843.393	3039.000
843.536	3289.000
843.679	3021.000
843.821	3304.000
843.964	3069.000
844.106	3294.000
844.249	3028.000
844.392	3261.000
844.534	3075.000
844.677	3272.000
844.820	3083.000
844.962	3288.000
845.105	3106.000
845.248	3297.000
845.390	3105.000
845.533	3242.000
845.676	3094.000
845.818	3283.000
845.961	3062.000
846.104	3292.000
846.246	3084.000
846.389	3303.000
846.531	3052.000
846.674	3299.000
846.817	3047.000
846.959	3344.000
847.102	3150.000
847.245	3328.000
847.387	3048.000
847.530	3256.000
847.673	3080.000
847.815	3244.000
847.958	3105.000
848.101	3293.000
848.243	3135.000
848.386	3272.000
848.529	3094.000
848.671	3300.000
848.814	3137.000
848.957	3288.000
849.099	3075.000
849.242	3329.000
849.385	3079.000
849.527	3271.000
849.670	3070.000
849.813	3281.000
849.955	3013.000
850.098	3326.000
850.240	3122.000
850.383	3221.000
850.526	3145.000
850.668	3412.000
850.811	3048.000
850.954	3329.000
851.096	3131.000
851.239	3276.000
851.382	3122.000
851.524	3244.000
851.667	3092.000
851.810	3239.000
851.952	3124.000
852.095	3303.000
852.238	3109.000
852.380	3264.000
852.523	3077.000
852.666	3319.000
852.808	3120.000
852.951	3284.000
853.094	3150.000
853.236	3283.000
853.379	3114.000
853.522	3293.000
853.664	2716.000
853.807	3279.000
853.950	3084.000
854.092	3218.000
854.235	3021.000
854.378	3262.000
854.520	3041.000
854.663	3309.000
854.806	3142.000
854.948	3273.000
855.091	3117.000
855.234	3264.000
855.376	3121.000
855.519	3289.000
855.662	3177.000
855.804	3299.000
855.947	3038.000
856.090	3308.000
856.232	3077.000
856.375	3235.000
856.518	3105.000
856.660	3228.000
856.803	3098.000
856.946	3303.000
857.088	3076.000
857.231	3306.000
857.374	3040.000
857.516	3371.000
857.659	3132.000
857.802	3243.000
857.944	3113.000
858.087	3220.000
858.230	3071.000
858.372	3193.000
858.515	3028.000
858.658	3207.000
858.800	3045.000
858.943	3332.000
859.086	3071.000
859.229	3292.000
859.371	3034.000
859.514	3213.000
859.657	3053.000
859.799	3205.000
859.942	2954.000
860.085	3233.000
860.227	2966.000
860.370	3231.000
860.513	2994.000
860.655	3213.000
860.798	3116.000
860.941	3242.000
861.083	3011.000
861.226	3293.000
861.369	2972.000
861.511	3250.000
861.654	3073.000
861.797	3268.000
861.939	3056.000
862.082	3331.000
862.225	4432.000
862.367	3276.000
862.510	3080.000
862.653	3269.000
862.795	3109.000
862.938	3261.000
863.081	2975.000
863.224	3218.000
863.366	3167.000
863.509	3323.000
863.652	3118.000
863.794	3244.000
863.937	3035.000
864.080	3248.000
864.222	3137.000
864.365	3338.000
864.508	3063.000
864.650	3258.000
864.793	3037.000
864.936	3319.000
865.078	3121.000
865.221	3305.000
865.364	3099.000
865.507	3289.000
865.649	3090.000
865.792	3255.000
865.935	3038.000
866.077	3244.000
866.220	3022.000
866.363	3340.000
866.505	3067.000
866.648	3268.000
866.791	3077.000
866.933	3328.000
867.076	3084.000
867.219	3322.000
867.362	3061.000
867.504	3316.000
867.647	2971.000
867.790	3291.000
867.932	2990.000
868.075	3294.000
868.218	3039.000
868.360	3312.000
868.503	3095.000
868.646	3274.000
868.788	3073.000
868.931	3341.000
869.074	2986.000
869.217	3313.000
869.359	3101.000
869.502	3251.000
869.645	3006.000
869.787	3304.000
869.930	3040.000
870.073	3260.000
870.215	3095.000
870.358	3242.000
870.501	3072.000
870.644	3237.000
870.786	3113.000
870.929	3255.000
871.072	3115.000
871.214	3327.000
871.357	3036.000
871.500	3287.000
871.642	3017.000
871.785	3251.000
871.928	3155.000
872.071	3326.000
872.213	3085.000
872.356	3254.000
872.499	3089.000
872.641	3319.000
872.784	3117.000
872.927	3362.000
873.069	3125.000
873.212	3344.000
873.355	3092.000
873.498	3262.000
873.640	3095.000
873.783	3324.000
873.926	3089.000
874.068	3199.000
874.211	3143.000
874.354	3329.000
874.496	3140.000
874.639	3253.000
874.782	3079.000
874.925	3230.000
875.067	3159.000
875.210	3359.000
