1529.702	3254.000
1529.853	3415.000
1530.004	3237.000
1530.155	3509.000
1530.306	3251.000
1530.456	3502.000
1530.607	3228.000
1530.758	3478.000
1530.909	3232.000
1531.059	3456.000
1531.210	3182.000
1531.360	3493.000
1531.511	3269.000
1531.662	3413.000
1531.812	3220.000
1531.963	3524.000
1532.113	3165.000
1532.264	3484.000
1532.415	3169.000
1532.565	3492.000
1532.716	3178.000
1532.866	3396.000
1533.016	3321.000
1533.167	3470.000
1533.317	3288.000
1533.468	3448.000
1533.618	3237.000
1533.768	3423.000
1533.919	3232.000
1534.069	3421.000
1534.219	3262.000
1534.370	3498.000
1534.520	3278.000
1534.670	3436.000
1534.821	3190.000
1534.971	3436.000
1535.121	3323.000
1535.271	3419.000
1535.421	3280.000
1535.571	3487.000
1535.722	3240.000
1535.872	3488.000
1536.022	3222.000
1536.172	3502.000
1536.322	3197.000
1536.472	3474.000
1536.622	3271.000
1536.772	3415.000
1536.922	3224.000
1537.072	3455.000
1537.222	3192.000
1537.372	3419.000
1537.522	3257.000
1537.672	3491.000
1537.822	3193.000
1537.972	3473.000
1538.122	3216.000
1538.271	3446.000
1538.421	3177.000
1538.571	3392.000
1538.721	3266.000
1538.871	3397.000
1539.020	3190.000
1539.170	3351.000
1539.320	3153.000
1539.470	3465.000
1539.619	3242.000
1539.769	3401.000
1539.919	3200.000
1540.068	3426.000
1540.218	3230.000
1540.367	3403.000
1540.517	3219.000
1540.667	3430.000
1540.816	3179.000
1540.966	3383.000
1541.115	3163.000
1541.265	3383.000
1541.414	3203.000
1541.564	3451.000
1541.713	3166.000
1541.863	3396.000
1542.012	3198.000
1542.161	3390.000
1542.311	3159.000
1542.460	3385.000
1542.609	3161.000
1542.759	3364.000
1542.908	3205.000
1543.057	3381.000
1543.207	3176.000
1543.356	3394.000
1543.505	3210.000
1543.654	3383.000
1543.804	3198.000
1543.953	3369.000
1544.102	3140.000
1544.251	3374.000
1544.400	3170.000
1544.549	3417.000
1544.698	3158.000
1544.848	3318.000
1544.997	3147.000
1545.146	3309.000
1545.295	3160.000
1545.444	3411.000
1545.593	3156.000
1545.742	3354.000
1545.891	3137.000
1546.040	3334.000
1546.189	3172.000
1546.337	3359.000
1546.486	3054.000
1546.635	3400.000
1546.784	3138.000
1546.933	3305.000
1547.082	3183.000
1547.231	3382.000
1547.379	3171.000
1547.528	3348.000
1547.677	3152.000
1547.826	3318.000
1547.974	3163.000
1548.123	3408.000
1548.272	3124.000
1548.420	3372.000
1548.569	3091.000
1548.718	3287.000
1548.866	3221.000
1549.015	3376.000
1549.163	3156.000
1549.312	3384.000
1549.461	3123.000
1549.609	3307.000
1549.758	3150.000
1549.906	3339.000
1550.055	3171.000
1550.203	3397.000
1550.352	3122.000
1550.500	3349.000
1550.648	3197.000
1550.797	3357.000
1550.945	3099.000
1551.093	3281.000
1551.242	3170.000
1551.390	3411.000
1551.538	3196.000
1551.687	3331.000
1551.835	3151.000
1551.983	3357.000
1552.131	3173.000
1552.280	3351.000
1552.428	3123.000
1552.576	3324.000
1552.724	3114.000
1552.872	3393.000
1553.021	3181.000
1553.169	3388.000
1553.317	3152.000
1553.465	3364.000
1553.613	3184.000
1553.761	3303.000
1553.909	3171.000
1554.057	3365.000
1554.205	3112.000
1554.353	3334.000
1554.501	3164.000
1554.649	3334.000
1554.797	3175.000
1554.945	3382.000
1555.093	3071.000
1555.240	3345.000
1555.388	3143.000
1555.536	3294.000
1555.684	3151.000
1555.832	3342.000
1555.980	3074.000
1556.127	3340.000
1556.275	3048.000
1556.423	3288.000
1556.571	3138.000
1556.718	3352.000
1556.866	3138.000
1557.014	3374.000
1557.161	3064.000
1557.309	3251.000
1557.456	3132.000
1557.604	3313.000
1557.752	3139.000
1557.899	3365.000
1558.047	3117.000
1558.194	3307.000
1558.342	3059.000
1558.489	3327.000
1558.637	3135.000
1558.784	3385.000
1558.932	3089.000
1559.079	3331.000
1559.227	3052.000
1559.374	3372.000
1559.521	3239.000
1559.669	3285.000
1559.816	3158.000
1559.963	3276.000
1560.111	3077.000
1560.258	3309.000
1560.405	3103.000
1560.552	3370.000
1560.700	3056.000
1560.847	3338.000
1560.994	3117.000
1561.141	3297.000
1561.288	3057.000
1561.436	3370.000
1561.583	3113.000
1561.730	3306.000
1561.877	3070.000
1562.024	3283.000
1562.171	3067.000
1562.318	3302.000
1562.465	3102.000
1562.612	3326.000
1562.759	3087.000
1562.906	3341.000
1563.053	2984.000
1563.200	3340.000
1563.347	3056.000
1563.494	3311.000
1563.641	3082.000
1563.788	3362.000
1563.934	3123.000
1564.081	3302.000
1564.228	3092.000
1564.375	3350.000
1564.522	3083.000
1564.668	3307.000
1564.815	3119.000
1564.962	3328.000
1565.109	3037.000
1565.255	3284.000
1565.402	3093.000
1565.549	3294.000
1565.695	3105.000
1565.842	3305.000
1565.988	3040.000
1566.135	3321.000
1566.282	3099.000
1566.428	3308.000
1566.575	3161.000
1566.721	3369.000
1566.868	3094.000
1567.014	3249.000
1567.161	3068.000
1567.307	3295.000
1567.454	3057.000
1567.600	3353.000
1567.746	3193.000
1567.893	3370.000
1568.039	3093.000
1568.186	3381.000
1568.332	3197.000
1568.478	3311.000
1568.625	3072.000
1568.771	3353.000
1568.917	3123.000
1569.063	3294.000
1569.210	3114.000
1569.356	3344.000
1569.502	3096.000
1569.648	3302.000
1569.794	3127.000
1569.940	3306.000
1570.087	3123.000
1570.233	3324.000
1570.379	3112.000
1570.525	3336.000
1570.671	3131.000
1570.817	3388.000
1570.963	3154.000
1571.109	3291.000
1571.255	3143.000
1571.401	3370.000
1571.547	3053.000
1571.693	3337.000
1571.839	3176.000
1571.985	3358.000
1572.130	3116.000
1572.276	3295.000
1572.422	3083.000
1572.568	3306.000
1572.714	3105.000
1572.860	3308.000
1573.005	3173.000
1573.151	3346.000
1573.297	3133.000
1573.443	3332.000
1573.588	3004.000
1573.734	3345.000
1573.880	3084.000
1574.025	3282.000
1574.171	3084.000
1574.317	3358.000
1574.462	3100.000
1574.608	3306.000
1574.753	3178.000
1574.899	3213.000
1575.045	3035.000
1575.190	3340.000
1575.336	3106.000
1575.481	3293.000
1575.626	3051.000
1575.772	3363.000
1575.917	3184.000
1576.063	3329.000
1576.208	3066.000
1576.354	3319.000
1576.499	3126.000
1576.644	3309.000
1576.790	3069.000
1576.935	3332.000
1577.080	3104.000
1577.225	3233.000
1577.371	3112.000
1577.516	3273.000
1577.661	3108.000
1577.806	3408.000
1577.952	3075.000
1578.097	3203.000
1578.242	3110.000
1578.387	3334.000
1578.532	3134.000
1578.677	3252.000
1578.822	3021.000
1578.967	3351.000
1579.113	3080.000
1579.258	3297.000
1579.403	3071.000
1579.548	3337.000
1579.693	3130.000
1579.838	3284.000
1579.982	3141.000
1580.127	3322.000
1580.272	3113.000
1580.417	3353.000
1580.562	3090.000
1580.707	3264.000
1580.852	3140.000
1580.997	3299.000
1581.141	3031.000
1581.286	3333.000
1581.431	3010.000
1581.576	3242.000
1581.720	3081.000
1581.865	3311.000
1582.010	3098.000
1582.155	3280.000
1582.299	3097.000
1582.444	3200.000
1582.589	3060.000
1582.733	3298.000
1582.878	3182.000
1583.022	3235.000
1583.167	3084.000
1583.311	3277.000
1583.456	3122.000
1583.601	3285.000
1583.745	3074.000
1583.890	3216.000
1584.034	3094.000
1584.178	3273.000
1584.323	3100.000
1584.467	3277.000
1584.612	3018.000
1584.756	3322.000
1584.900	3030.000
1585.045	3301.000
1585.189	3060.000
1585.333	3338.000
1585.478	3107.000
1585.622	3345.000
1585.766	3033.000
1585.910	3388.000
1586.055	3084.000
1586.199	3281.000
1586.343	3101.000
1586.487	3300.000
1586.631	3088.000
1586.775	3265.000
1586.920	3094.000
1587.064	3313.000
1587.208	3042.000
1587.352	3301.000
1587.496	3067.000
1587.640	3298.000
1587.784	3156.000
1587.928	3330.000
1588.072	3148.000
1588.216	3262.000
1588.360	3053.000
1588.504	3347.000
1588.648	2979.000
1588.792	3331.000
1588.935	3154.000
1589.079	3304.000
1589.223	3158.000
1589.367	3224.000
1589.511	3029.000
1589.655	3267.000
1589.798	3117.000
1589.942	3371.000
1590.086	3095.000
1590.230	3299.000
1590.373	3042.000
1590.517	3305.000
1590.661	3109.000
1590.804	3260.000
1590.948	3018.000
1591.091	3328.000
1591.235	3140.000
1591.379	3289.000
1591.522	3058.000
1591.666	3305.000
1591.809	3063.000
1591.953	3329.000
1592.096	3134.000
1592.240	3249.000
1592.383	3027.000
1592.527	3273.000
1592.670	3080.000
1592.814	3365.000
1592.957	3047.000
1593.100	3341.000
1593.244	3095.000
1593.387	3297.000
1593.530	3126.000
1593.674	3337.000
1593.817	3075.000
1593.960	3316.000
1594.103	3120.000
1594.247	3292.000
1594.390	3099.000
1594.533	3362.000
1594.676	3109.000
1594.819	3368.000
1594.963	3085.000
1595.106	3237.000
1595.249	3052.000
1595.392	3351.000
1595.535	3030.000
1595.678	3277.000
1595.821	3067.000
1595.964	3233.000
1596.107	3054.000
1596.250	3270.000
1596.393	3082.000
1596.536	3311.000
1596.679	3095.000
1596.822	3327.000
1596.965	3154.000
1597.108	3279.000
1597.251	3064.000
1597.393	3328.000
1597.536	3148.000
1597.679	3310.000
1597.822	3046.000
1597.965	3362.000
1598.107	3076.000
1598.250	3270.000
1598.393	3092.000
1598.536	3294.000
1598.678	3103.000
1598.821	3291.000
1598.964	3081.000
1599.106	3305.000
1599.249	3033.000
1599.392	3233.000
1599.534	3157.000
1599.677	3266.000
1599.819	3047.000
1599.962	3290.000
1600.104	3000.000
1600.247	3348.000
1600.389	3143.000
1600.532	3261.000
1600.674	3076.000
1600.817	3232.000
1600.959	3117.000
1601.102	3322.000
1601.244	3133.000
1601.386	3321.000
1601.529	3089.000
1601.671	3300.000
1601.813	3095.000
1601.956	3287.000
1602.098	3087.000
1602.240	3362.000
1602.382	3115.000
1602.525	3349.000
1602.667	3112.000
1602.809	3231.000
1602.951	3028.000
1603.093	3319.000
1603.236	3038.000
1603.378	3318.000
1603.520	3098.000
1603.662	3293.000
1603.804	3070.000
1603.946	3291.000
1604.088	3066.000
1604.230	3318.000
1604.372	2945.000
1604.514	3324.000
1604.656	3081.000
1604.798	3277.000
1604.940	3124.000
1605.082	3318.000
1605.224	3086.000
1605.366	3275.000
1605.507	3056.000
1605.649	3259.000
1605.791	3066.000
1605.933	3296.000
1606.075	3017.000
1606.217	3264.000
1606.358	3214.000
1606.500	3306.000
1606.642	3101.000
1606.783	3339.000
1606.925	3051.000
1607.067	3302.000
1607.209	3046.000
1607.350	3302.000
1607.492	3015.000
1607.633	3419.000
1607.775	3100.000
1607.917	3331.000
1608.058	3074.000
1608.200	3284.000
1608.341	3107.000
1608.483	3328.000
1608.624	3029.000
1608.766	3268.000
1608.907	3052.000
1609.049	3319.000
1609.190	3121.000
1609.331	3306.000
1609.473	2993.000
1609.614	3283.000
1609.755	3068.000
1609.897	3260.000
1610.038	3099.000
1610.179	3295.000
1610.321	3039.000
1610.462	3274.000
1610.603	3009.000
1610.744	3325.000
1610.886	3079.000
1611.027	3362.000
1611.168	3057.000
1611.309	3300.000
1611.450	3047.000
1611.591	3226.000
1611.732	3083.000
1611.874	3367.000
1612.015	3067.000
1612.156	3321.000
1612.297	2996.000
1612.438	3278.000
1612.579	3086.000
1612.720	3317.000
1612.861	3044.000
1613.002	3258.000
1613.143	3148.000
1613.283	3244.000
1613.424	3068.000
1613.565	3327.000
1613.706	3034.000
1613.847	3287.000
1613.988	3032.000
1614.129	3341.000
1614.269	3096.000
1614.410	3220.000
1614.551	3061.000
1614.692	3286.000
1614.832	3089.000
1614.973	3200.000
1615.114	2966.000
1615.254	3269.000
1615.395	3143.000
1615.536	3287.000
1615.676	3107.000
1615.817	3350.000
1615.958	3090.000
1616.098	3292.000
1616.239	3078.000
1616.379	3249.000
1616.520	2993.000
1616.660	3223.000
1616.801	3109.000
1616.941	3312.000
1617.082	3033.000
1617.222	3289.000
1617.362	3035.000
1617.503	3302.000
1617.643	3009.000
1617.784	3265.000
1617.924	3058.000
1618.064	3220.000
1618.205	2989.000
1618.345	3226.000
1618.485	3130.000
1618.625	3226.000
1618.766	3028.000
1618.906	3245.000
1619.046	3083.000
1619.186	3262.000
1619.326	3047.000
1619.467	3285.000
1619.607	3059.000
1619.747	3221.000
1619.887	3024.000
1620.027	3274.000
1620.167	3054.000
1620.307	3218.000
1620.447	3062.000
1620.587	3214.000
1620.727	3000.000
1620.867	3207.000
1621.007	3004.000
1621.147	3284.000
1621.287	3089.000
1621.427	3235.000
1621.567	3038.000
1621.707	3218.000
1621.847	3033.000
1621.986	3219.000
1622.126	2992.000
1622.266	3206.000
1622.406	2975.000
1622.546	3231.000
1622.685	3042.000
1622.825	3256.000
1622.965	3008.000
1623.105	3208.000
1623.244	2995.000
1623.384	3255.000
1623.524	3031.000
1623.663	3230.000
1623.803	3061.000
1623.942	3244.000
1624.082	2967.000
1624.222	3212.000
1624.361	3109.000
1624.501	3291.000
1624.640	3035.000
1624.780	3201.000
1624.919	3075.000
1625.059	3173.000
1625.198	2972.000
1625.337	3245.000
1625.477	3036.000
1625.616	3230.000
1625.756	2976.000
1625.895	3239.000
1626.034	2990.000
1626.174	3265.000
1626.313	3046.000
1626.452	3282.000
1626.591	2965.000
1626.731	3278.000
1626.870	3016.000
1627.009	3256.000
1627.148	2996.000
1627.288	3288.000
1627.427	3002.000
1627.566	3218.000
1627.705	3019.000
1627.844	3197.000
1627.983	2983.000
1628.122	3287.000
1628.261	3016.000
1628.400	3203.000
1628.539	3034.000
1628.678	3221.000
1628.817	3042.000
1628.956	3268.000
1629.095	3042.000
1629.234	3194.000
1629.373	2998.000
1629.512	3241.000
1629.651	3079.000
1629.790	3203.000
1629.929	3063.000
1630.068	3220.000
1630.206	3048.000
1630.345	3293.000
1630.484	3036.000
1630.623	3187.000
1630.762	3088.000
1630.900	3261.000
1631.039	3022.000
1631.178	3309.000
1631.316	3074.000
1631.455	3260.000
1631.594	3081.000
1631.732	3271.000
1631.871	3066.000
1632.010	3229.000
1632.148	3046.000
1632.287	3294.000
1632.425	3069.000
1632.564	3222.000
1632.702	3096.000
1632.841	3279.000
1632.979	3027.000
1633.118	3185.000
1633.256	3030.000
1633.395	3307.000
1633.533	3038.000
1633.671	3251.000
1633.810	3067.000
1633.948	3329.000
1634.086	3252.000
1634.225	3280.000
1634.363	3054.000
1634.501	3243.000
1634.640	3039.000
1634.778	3307.000
1634.916	3017.000
1635.054	3327.000
1635.192	3022.000
1635.331	3178.000
1635.469	3106.000
1635.607	3242.000
1635.745	3040.000
1635.883	3251.000
1636.021	3067.000
1636.159	3318.000
1636.297	3040.000
1636.435	3243.000
1636.573	3017.000
1636.711	3196.000
1636.849	3024.000
1636.987	3266.000
1637.125	3067.000
1637.263	3251.000
1637.401	3087.000
1637.539	3247.000
1637.677	3028.000
1637.815	3322.000
1637.953	3050.000
1638.091	3268.000
1638.228	3048.000
1638.366	3189.000
1638.504	3068.000
1638.642	3219.000
1638.779	3054.000
1638.917	3184.000
1639.055	3057.000
1639.193	3178.000
1639.330	3073.000
1639.468	3243.000
1639.606	3076.000
1639.743	3273.000
1639.881	3076.000
1640.018	3293.000
1640.156	3044.000
1640.294	3213.000
1640.431	3064.000
1640.569	3200.000
1640.706	3068.000
1640.844	3210.000
1640.981	3059.000
1641.119	3208.000
1641.256	3070.000
1641.393	3275.000
1641.531	3116.000
1641.668	3223.000
1641.806	3046.000
1641.943	3190.000
1642.080	3033.000
1642.218	3205.000
1642.355	3044.000
1642.492	3296.000
1642.629	3056.000
1642.767	3255.000
1642.904	3030.000
1643.041	3234.000
1643.178	3034.000
1643.315	3202.000
1643.453	2988.000
1643.590	3283.000
1643.727	3024.000
1643.864	3306.000
1644.001	3095.000
1644.138	3303.000
1644.275	3028.000
1644.412	3266.000
1644.549	3055.000
1644.686	3216.000
1644.823	3024.000
1644.960	3267.000
1645.097	2989.000
1645.234	3309.000
1645.371	3062.000
1645.508	3287.000
1645.645	3026.000
1645.782	3264.000
1645.918	3055.000
1646.055	3255.000
1646.192	3067.000
1646.329	3255.000
1646.466	3111.000
1646.602	3306.000
1646.739	3115.000
1646.876	3230.000
1647.013	3068.000
1647.149	3315.000
1647.286	3065.000
1647.423	3309.000
1647.559	3072.000
1647.696	3307.000
1647.833	3036.000
1647.969	3289.000
1648.106	3036.000
1648.242	3308.000
1648.379	3121.000
1648.515	3295.000
1648.652	3034.000
1648.788	3254.000
1648.925	3050.000
1649.061	3222.000
1649.198	3078.000
1649.334	3300.000
1649.470	3123.000
1649.607	3263.000
1649.743	3110.000
1649.879	3291.000
1650.016	3131.000
1650.152	3256.000
1650.288	3082.000
1650.425	3318.000
1650.561	3062.000
1650.697	3264.000
1650.833	3045.000
1650.970	3266.000
1651.106	3003.000
1651.242	3310.000
1651.378	3123.000
1651.514	3221.000
1651.650	3117.000
1651.787	3365.000
1651.923	3039.000
1652.059	3292.000
1652.195	3112.000
1652.331	3283.000
1652.467	3069.000
1652.603	3227.000
1652.739	3057.000
1652.875	3262.000
1653.011	3066.000
1653.147	3284.000
1653.282	3099.000
1653.418	3258.000
1653.554	3063.000
1653.690	3323.000
1653.826	3129.000
1653.962	3284.000
1654.098	3157.000
1654.233	3293.000
1654.369	3098.000
1654.505	3319.000
1654.641	2704.000
1654.776	3269.000
1654.912	3072.000
1655.048	3230.000
1655.183	3011.000
1655.319	3279.000
1655.455	3031.000
1655.590	3279.000
1655.726	3137.000
1655.862	3282.000
1655.997	3124.000
1656.133	3247.000
1656.268	3081.000
1656.404	3278.000
1656.539	3108.000
1656.675	3264.000
1656.810	3006.000
1656.946	3302.000
1657.081	3031.000
1657.216	3241.000
1657.352	3088.000
1657.487	3223.000
1657.623	3073.000
1657.758	3280.000
1657.893	3036.000
1658.029	3298.000
1658.164	3023.000
1658.299	3363.000
1658.434	3070.000
1658.570	3228.000
1658.705	3114.000
1658.840	3219.000
1658.975	3047.000
1659.110	3185.000
1659.245	2999.000
1659.381	3201.000
1659.516	3033.000
1659.651	3318.000
1659.786	3062.000
1659.921	3273.000
1660.056	3035.000
1660.191	3175.000
1660.326	3010.000
1660.461	3226.000
1660.596	2938.000
1660.731	3210.000
1660.866	2937.000
1661.001	3203.000
1661.136	2961.000
1661.271	3189.000
1661.406	3107.000
1661.540	3232.000
1661.675	2993.000
1661.810	3299.000
1661.945	2952.000
1662.080	3225.000
1662.214	3063.000
1662.349	3275.000
1662.484	3022.000
1662.619	3322.000
1662.753	4433.000
1662.888	3270.000
1663.023	3066.000
1663.157	3262.000
1663.292	3069.000
1663.427	3232.000
1663.561	2959.000
1663.696	3206.000
1663.830	3139.000
1663.965	3304.000
1664.099	3101.000
1664.234	3220.000
1664.368	3018.000
1664.503	3245.000
1664.637	3118.000
1664.772	3314.000
1664.906	3025.000
1665.041	3228.000
1665.175	3028.000
1665.309	3259.000
1665.444	3094.000
1665.578	3284.000
1665.712	3087.000
1665.847	3282.000
1665.981	3083.000
1666.115	3236.000
1666.249	3025.000
1666.384	3191.000
1666.518	2994.000
1666.652	3323.000
1666.786	3043.000
1666.920	3271.000
1667.055	3031.000
1667.189	3309.000
1667.323	3060.000
1667.457	3329.000
1667.591	3040.000
1667.725	3252.000
1667.859	2985.000
1667.993	3262.000
1668.127	3006.000
1668.261	3283.000
1668.395	3008.000
1668.529	3324.000
1668.663	3069.000
1668.797	3256.000
1668.931	3069.000
1669.065	3317.000
1669.199	3003.000
1669.332	3266.000
1669.466	3095.000
1669.600	3220.000
1669.734	3030.000
1669.868	3274.000
1670.001	3038.000
1670.135	3246.000
1670.269	3043.000
1670.403	3231.000
1670.536	3068.000
1670.670	3237.000
1670.804	3101.000
1670.937	3244.000
1671.071	3101.000
1671.205	3307.000
1671.338	3034.000
1671.472	3251.000
1671.605	3007.000
1671.739	3235.000
1671.872	3126.000
1672.006	3310.000
1672.139	3068.000
1672.273	3255.000
1672.406	3126.000
1672.540	3302.000
1672.673	3116.000
1672.807	3342.000
1672.940	3106.000
1673.073	3338.000
1673.207	3074.000
1673.340	3231.000
1673.473	3070.000
1673.607	3299.000
1673.740	3079.000
1673.873	3195.000
1674.006	3130.000
1674.140	3323.000
1674.273	3166.000
1674.406	3241.000
1674.539	3089.000
1674.672	3184.000
1674.805	3134.000
1674.939	3324.000
