1429.840	8952.000
1429.989	8966.000
1430.138	8918.000
1430.288	9002.000
1430.437	8875.000
1430.587	9012.000
1430.736	8904.000
1430.885	8949.000
1431.035	8909.000
1431.184	8955.000
1431.333	8855.000
1431.482	8982.000
1431.632	8862.000
1431.781	8879.000
1431.930	8858.000
1432.079	8991.000
1432.229	8805.000
1432.378	8970.000
1432.527	8816.000
1432.676	8926.000
1432.825	8785.000
1432.974	8833.000
1433.123	8933.000
1433.273	8864.000
1433.422	8868.000
1433.571	8852.000
1433.720	8847.000
1433.869	8815.000
1434.018	8777.000
1434.167	8814.000
1434.316	8816.000
1434.465	8857.000
1434.614	8841.000
1434.763	8821.000
1434.911	8749.000
1435.060	8807.000
1435.209	8841.000
1435.358	8784.000
1435.507	8820.000
1435.656	8814.000
1435.805	8754.000
1435.954	8857.000
1436.102	8711.000
1436.251	8874.000
1436.400	8690.000
1436.549	8749.000
1436.697	8759.000
1436.846	8713.000
1436.995	8741.000
1437.144	8762.000
1437.292	8670.000
1437.441	8694.000
1437.590	8714.000
1437.738	8777.000
1437.887	8667.000
1438.035	8688.000
1438.184	8605.000
1438.333	8718.000
1438.481	8634.000
1438.630	8631.000
1438.778	8672.000
1438.927	8649.000
1439.075	8612.000
1439.224	8575.000
1439.372	8539.000
1439.521	8682.000
1439.669	8605.000
1439.818	8567.000
1439.966	8551.000
1440.114	8610.000
1440.263	8541.000
1440.411	8539.000
1440.559	8538.000
1440.708	8585.000
1440.856	8469.000
1441.004	8536.000
1441.153	8460.000
1441.301	8517.000
1441.449	8465.000
1441.597	8608.000
1441.746	8478.000
1441.894	8513.000
1442.042	8470.000
1442.190	8498.000
1442.338	8379.000
1442.487	8471.000
1442.635	8417.000
1442.783	8434.000
1442.931	8425.000
1443.079	8410.000
1443.227	8385.000
1443.375	8459.000
1443.523	8397.000
1443.671	8433.000
1443.819	8427.000
1443.967	8396.000
1444.115	8310.000
1444.263	8434.000
1444.411	8368.000
1444.559	8416.000
1444.707	8311.000
1444.855	8323.000
1445.003	8303.000
1445.151	8303.000
1445.299	8318.000
1445.447	8429.000
1445.594	8287.000
1445.742	8333.000
1445.890	8281.000
1446.038	8354.000
1446.186	8305.000
1446.333	8348.000
1446.481	8192.000
1446.629	8378.000
1446.776	8255.000
1446.924	8263.000
1447.072	8304.000
1447.220	8338.000
1447.367	8292.000
1447.515	8287.000
1447.662	8248.000
1447.810	8318.000
1447.958	8241.000
1448.105	8363.000
1448.253	8240.000
1448.400	8304.000
1448.548	8179.000
1448.695	8234.000
1448.843	8330.000
1448.990	8330.000
1449.138	8244.000
1449.285	8310.000
1449.433	8224.000
1449.580	8261.000
1449.728	8216.000
1449.875	8296.000
1450.022	8270.000
1450.170	8335.000
1450.317	8191.000
1450.464	8277.000
1450.612	8253.000
1450.759	8317.000
1450.906	8205.000
1451.054	8233.000
1451.201	8195.000
1451.348	8317.000
1451.495	8221.000
1451.643	8232.000
1451.790	8187.000
1451.937	8290.000
1452.084	8205.000
1452.231	8239.000
1452.378	8145.000
1452.526	8239.000
1452.673	8129.000
1452.820	8300.000
1452.967	8204.000
1453.114	8291.000
1453.261	8174.000
1453.408	8247.000
1453.555	8184.000
1453.702	8209.000
1453.849	8131.000
1453.996	8256.000
1454.143	8108.000
1454.290	8220.000
1454.437	8186.000
1454.584	8191.000
1454.731	8134.000
1454.878	8254.000
1455.024	8063.000
1455.171	8222.000
1455.318	8073.000
1455.465	8128.000
1455.612	8159.000
1455.759	8201.000
1455.905	8061.000
1456.052	8199.000
1456.199	7996.000
1456.346	8107.000
1456.492	8118.000
1456.639	8201.000
1456.786	8093.000
1456.932	8202.000
1457.079	8013.000
1457.226	8053.000
1457.372	8042.000
1457.519	8093.000
1457.665	8091.000
1457.812	8189.000
1457.959	8024.000
1458.105	8096.000
1458.252	7959.000
1458.398	8134.000
1458.545	8002.000
1458.691	8148.000
1458.838	7972.000
1458.984	8090.000
1459.131	7938.000
1459.277	8156.000
1459.423	8123.000
1459.570	8051.000
1459.716	8043.000
1459.863	8059.000
1460.009	7945.000
1460.155	8092.000
1460.302	7971.000
1460.448	8136.000
1460.594	7936.000
1460.741	8124.000
1460.887	7976.000
1461.033	8075.000
1461.179	7908.000
1461.326	8154.000
1461.472	7983.000
1461.618	8047.000
1461.764	7908.000
1461.910	8020.000
1462.056	7886.000
1462.203	8035.000
1462.349	7943.000
1462.495	8111.000
1462.641	7955.000
1462.787	8094.000
1462.933	7860.000
1463.079	8071.000
1463.225	7893.000
1463.371	8036.000
1463.517	7895.000
1463.663	8141.000
1463.809	7975.000
1463.955	8033.000
1464.101	7915.000
1464.247	8089.000
1464.393	7913.000
1464.539	8035.000
1464.684	7937.000
1464.830	8098.000
1464.976	7896.000
1465.122	7977.000
1465.268	7915.000
1465.414	8017.000
1465.559	7919.000
1465.705	8000.000
1465.851	7899.000
1465.997	8075.000
1466.142	7928.000
1466.288	8079.000
1466.434	7999.000
1466.579	8122.000
1466.725	7954.000
1466.871	7985.000
1467.016	7887.000
1467.162	7988.000
1467.308	7883.000
1467.453	8067.000
1467.599	8062.000
1467.744	8082.000
1467.890	7900.000
1468.035	8116.000
1468.181	8007.000
1468.326	8008.000
1468.472	7909.000
1468.617	8048.000
1468.763	7914.000
1468.908	8044.000
1469.054	7894.000
1469.199	8093.000
1469.344	7906.000
1469.490	8007.000
1469.635	7946.000
1469.780	8042.000
1469.926	7948.000
1470.071	8043.000
1470.216	7935.000
1470.362	8014.000
1470.507	7948.000
1470.652	8148.000
1470.797	7955.000
1470.943	7988.000
1471.088	7970.000
1471.233	8057.000
1471.378	7866.000
1471.523	8041.000
1471.668	8007.000
1471.814	8069.000
1471.959	7896.000
1472.104	8012.000
1472.249	7930.000
1472.394	8016.000
1472.539	7927.000
1472.684	8019.000
1472.829	7915.000
1472.974	8047.000
1473.119	7919.000
1473.264	8010.000
1473.409	7779.000
1473.554	8048.000
1473.699	7879.000
1473.844	7994.000
1473.989	7897.000
1474.134	8052.000
1474.279	7880.000
1474.423	7982.000
1474.568	7959.000
1474.713	7906.000
1474.858	7839.000
1475.003	8006.000
1475.147	7865.000
1475.292	7988.000
1475.437	7827.000
1475.582	8043.000
1475.726	7942.000
1475.871	8000.000
1476.016	7829.000
1476.161	7994.000
1476.305	7895.000
1476.450	8015.000
1476.594	7797.000
1476.739	8030.000
1476.884	7833.000
1477.028	7893.000
1477.173	7889.000
1477.317	7939.000
1477.462	7834.000
1477.606	8066.000
1477.751	7806.000
1477.895	7868.000
1478.040	7825.000
1478.184	8047.000
1478.329	7883.000
1478.473	7902.000
1478.618	7760.000
1478.762	7997.000
1478.907	7780.000
1479.051	7973.000
1479.195	7804.000
1479.340	7967.000
1479.484	7823.000
1479.628	7928.000
1479.773	7867.000
1479.917	7937.000
1480.061	7835.000
1480.205	7979.000
1480.350	7777.000
1480.494	7879.000
1480.638	7819.000
1480.782	7920.000
1480.926	7720.000
1481.071	7970.000
1481.215	7690.000
1481.359	7869.000
1481.503	7776.000
1481.647	7943.000
1481.791	7815.000
1481.935	7918.000
1482.079	7831.000
1482.223	7828.000
1482.367	7751.000
1482.511	7890.000
1482.655	7876.000
1482.799	7865.000
1482.943	7794.000
1483.087	7853.000
1483.231	7822.000
1483.375	7878.000
1483.519	7761.000
1483.663	7835.000
1483.807	7767.000
1483.951	7881.000
1484.095	7799.000
1484.238	7868.000
1484.382	7721.000
1484.526	7955.000
1484.670	7695.000
1484.814	7892.000
1484.957	7712.000
1485.101	7955.000
1485.245	7766.000
1485.389	7991.000
1485.532	7714.000
1485.676	8021.000
1485.820	7744.000
1485.963	7891.000
1486.107	7766.000
1486.250	7939.000
1486.394	7779.000
1486.538	7874.000
1486.681	7755.000
1486.825	7913.000
1486.968	7720.000
1487.112	7852.000
1487.255	7741.000
1487.399	7886.000
1487.542	7841.000
1487.686	7935.000
1487.829	7835.000
1487.973	7891.000
1488.116	7749.000
1488.260	7929.000
1488.403	7565.000
1488.546	7956.000
1488.690	7834.000
1488.833	7858.000
1488.976	7800.000
1489.120	7846.000
1489.263	7675.000
1489.406	7846.000
1489.550	7789.000
1489.693	7971.000
1489.836	7757.000
1489.979	7868.000
1490.123	7699.000
1490.266	7896.000
1490.409	7789.000
1490.552	7873.000
1490.695	7694.000
1490.838	7923.000
1490.981	7829.000
1491.125	7878.000
1491.268	7733.000
1491.411	7929.000
1491.554	7742.000
1491.697	7923.000
1491.840	7794.000
1491.983	7839.000
1492.126	7679.000
1492.269	7868.000
1492.412	7760.000
1492.555	7999.000
1492.698	7744.000
1492.841	7918.000
1492.984	7774.000
1493.126	7916.000
1493.269	7756.000
1493.412	7928.000
1493.555	7775.000
1493.698	7889.000
1493.841	7780.000
1493.984	7906.000
1494.126	7792.000
1494.269	7950.000
1494.412	7789.000
1494.555	7928.000
1494.697	7755.000
1494.840	7861.000
1494.983	7742.000
1495.125	7938.000
1495.268	7706.000
1495.411	7886.000
1495.553	7725.000
1495.696	7835.000
1495.839	7756.000
1495.981	7887.000
1496.124	7761.000
1496.266	7923.000
1496.409	7743.000
1496.551	7918.000
1496.694	7826.000
1496.836	7883.000
1496.979	7707.000
1497.121	7918.000
1497.264	7807.000
1497.406	7872.000
1497.549	7728.000
1497.691	7922.000
1497.834	7752.000
1497.976	7856.000
1498.118	7746.000
1498.261	7886.000
1498.403	7778.000
1498.545	7884.000
1498.688	7713.000
1498.830	7889.000
1498.972	7693.000
1499.114	7851.000
1499.257	7864.000
1499.399	7847.000
1499.541	7742.000
1499.683	7864.000
1499.826	7674.000
1499.968	7951.000
1500.110	7807.000
1500.252	7832.000
1500.394	7756.000
1500.536	7819.000
1500.678	7771.000
1500.820	7872.000
1500.962	7811.000
1501.104	7946.000
1501.247	7726.000
1501.389	7888.000
1501.531	7786.000
1501.673	7923.000
1501.815	7755.000
1501.956	7897.000
1502.098	7793.000
1502.240	7928.000
1502.382	7798.000
1502.524	7753.000
1502.666	7695.000
1502.808	7908.000
1502.950	7679.000
1503.092	7840.000
1503.233	7740.000
1503.375	7837.000
1503.517	7734.000
1503.659	7841.000
1503.801	7705.000
1503.942	7899.000
1504.084	7629.000
1504.226	7927.000
1504.367	7718.000
1504.509	7864.000
1504.651	7726.000
1504.792	7848.000
1504.934	7726.000
1505.076	7850.000
1505.217	7707.000
1505.359	7831.000
1505.501	7727.000
1505.642	7883.000
1505.784	7681.000
1505.925	7826.000
1506.067	7879.000
1506.208	7880.000
1506.350	7732.000
1506.491	7873.000
1506.633	7708.000
1506.774	7856.000
1506.915	7703.000
1507.057	7868.000
1507.198	7690.000
1507.340	7993.000
1507.481	7773.000
1507.622	7919.000
1507.764	7719.000
1507.905	7888.000
1508.046	7772.000
1508.188	7914.000
1508.329	7679.000
1508.470	7835.000
1508.611	7710.000
1508.753	7900.000
1508.894	7758.000
1509.035	7867.000
1509.176	7653.000
1509.317	7860.000
1509.459	7748.000
1509.600	7849.000
1509.741	7711.000
1509.882	7864.000
1510.023	7676.000
1510.164	7910.000
1510.305	7666.000
1510.446	7890.000
1510.587	7723.000
1510.728	7901.000
1510.869	7744.000
1511.010	7856.000
1511.151	7656.000
1511.292	7816.000
1511.433	7744.000
1511.574	7930.000
1511.715	7717.000
1511.856	7893.000
1511.997	7588.000
1512.138	7858.000
1512.279	7744.000
1512.419	7870.000
1512.560	7673.000
1512.701	7855.000
1512.842	7783.000
1512.983	7832.000
1513.123	7739.000
1513.264	7869.000
1513.405	7665.000
1513.546	7861.000
1513.686	7676.000
1513.827	7906.000
1513.968	7725.000
1514.108	7772.000
1514.249	7669.000
1514.390	7835.000
1514.530	7694.000
1514.671	7764.000
1514.811	7602.000
1514.952	7796.000
1515.093	7749.000
1515.233	7867.000
1515.374	7734.000
1515.514	7887.000
1515.655	7667.000
1515.795	7840.000
1515.936	7647.000
1516.076	7816.000
1516.216	7595.000
1516.357	7798.000
1516.497	7712.000
1516.638	7866.000
1516.778	7679.000
1516.918	7841.000
1517.059	7642.000
1517.199	7779.000
1517.339	7563.000
1517.480	7791.000
1517.620	7623.000
1517.760	7706.000
1517.900	7558.000
1518.041	7769.000
1518.181	7705.000
1518.321	7720.000
1518.461	7603.000
1518.601	7764.000
1518.742	7651.000
1518.882	7730.000
1519.022	7629.000
1519.162	7797.000
1519.302	7596.000
1519.442	7748.000
1519.582	7585.000
1519.722	7793.000
1519.862	7630.000
1520.002	7686.000
1520.142	7601.000
1520.282	7709.000
1520.422	7576.000
1520.562	7657.000
1520.702	7538.000
1520.842	7783.000
1520.982	7656.000
1521.122	7666.000
1521.262	7574.000
1521.402	7721.000
1521.542	7591.000
1521.682	7677.000
1521.821	7527.000
1521.961	7703.000
1522.101	7513.000
1522.241	7688.000
1522.380	7537.000
1522.520	7697.000
1522.660	7565.000
1522.800	7678.000
1522.939	7506.000
1523.079	7735.000
1523.219	7592.000
1523.358	7668.000
1523.498	7595.000
1523.638	7723.000
1523.777	7479.000
1523.917	7662.000
1524.057	7643.000
1524.196	7761.000
1524.336	7579.000
1524.475	7701.000
1524.615	7593.000
1524.754	7659.000
1524.894	7502.000
1525.033	7713.000
1525.173	7563.000
1525.312	7688.000
1525.452	7561.000
1525.591	7665.000
1525.730	7566.000
1525.870	7775.000
1526.009	7555.000
1526.148	7735.000
1526.288	7514.000
1526.427	7737.000
1526.566	7599.000
1526.706	7737.000
1526.845	7575.000
1526.984	7793.000
1527.124	7561.000
1527.263	7692.000
1527.402	7569.000
1527.541	7730.000
1527.680	7579.000
1527.820	7773.000
1527.959	7609.000
1528.098	7717.000
1528.237	7623.000
1528.376	7717.000
1528.515	7626.000
1528.654	7769.000
1528.793	7618.000
1528.933	7707.000
1529.072	7563.000
1529.211	7771.000
1529.350	7654.000
1529.489	7677.000
1529.628	7619.000
1529.767	7723.000
1529.905	7651.000
1530.044	7803.000
1530.183	7592.000
1530.322	7744.000
1530.461	7681.000
1530.600	7747.000
1530.739	7634.000
1530.878	7858.000
1531.017	7666.000
1531.155	7773.000
1531.294	7712.000
1531.433	7804.000
1531.572	7686.000
1531.710	7791.000
1531.849	7679.000
1531.988	7831.000
1532.127	7681.000
1532.265	7784.000
1532.404	7756.000
1532.543	7842.000
1532.681	7704.000
1532.820	7753.000
1532.959	7649.000
1533.097	7898.000
1533.236	7676.000
1533.374	7777.000
1533.513	7703.000
1533.651	7870.000
1533.790	8027.000
1533.929	7803.000
1534.067	7695.000
1534.205	7806.000
1534.344	7640.000
1534.482	7862.000
1534.621	7640.000
1534.759	7851.000
1534.898	7654.000
1535.036	7720.000
1535.174	7724.000
1535.313	7808.000
1535.451	7672.000
1535.589	7779.000
1535.728	7687.000
1535.866	7865.000
1536.004	7653.000
1536.143	7757.000
1536.281	7626.000
1536.419	7708.000
1536.557	7632.000
1536.696	7800.000
1536.834	7653.000
1536.972	7744.000
1537.110	7690.000
1537.248	7726.000
1537.386	7611.000
1537.525	7870.000
1537.663	7649.000
1537.801	7744.000
1537.939	7618.000
1538.077	7697.000
1538.215	7641.000
1538.353	7703.000
1538.491	7668.000
1538.629	7677.000
1538.767	7639.000
1538.905	7682.000
1539.043	7631.000
1539.181	7726.000
1539.319	7611.000
1539.457	7745.000
1539.595	7645.000
1539.732	7809.000
1539.870	7651.000
1540.008	7735.000
1540.146	7673.000
1540.284	7748.000
1540.422	7676.000
1540.559	7730.000
1540.697	7637.000
1540.835	7714.000
1540.973	7695.000
1541.110	7777.000
1541.248	7731.000
1541.386	7740.000
1541.523	7667.000
1541.661	7715.000
1541.799	7652.000
1541.936	7732.000
1542.074	7655.000
1542.212	7873.000
1542.349	7696.000
1542.487	7806.000
1542.624	7642.000
1542.762	7728.000
1542.899	7691.000
1543.037	7775.000
1543.174	7634.000
1543.312	7848.000
1543.449	7668.000
1543.587	7856.000
1543.724	7760.000
1543.862	7879.000
1543.999	7672.000
1544.137	7834.000
1544.274	7686.000
1544.411	7798.000
1544.549	7652.000
1544.686	7901.000
1544.823	7668.000
1544.961	7865.000
1545.098	7729.000
1545.235	7894.000
1545.372	7682.000
1545.510	7864.000
1545.647	7740.000
1545.784	7865.000
1545.921	7796.000
1546.058	7903.000
1546.196	7808.000
1546.333	7950.000
1546.470	7816.000
1546.607	7855.000
1546.744	7774.000
1546.881	7949.000
1547.018	7758.000
1547.155	7897.000
1547.292	7773.000
1547.429	7978.000
1547.567	7770.000
1547.704	7966.000
1547.841	7764.000
1547.977	8014.000
1548.114	7904.000
1548.251	7957.000
1548.388	7766.000
1548.525	7930.000
1548.662	7808.000
1548.799	7907.000
1548.936	7799.000
1549.073	7968.000
1549.210	7847.000
1549.346	7885.000
1549.483	7827.000
1549.620	7985.000
1549.757	7855.000
1549.893	7953.000
1550.030	7807.000
1550.167	8006.000
1550.304	7800.000
1550.440	7921.000
1550.577	7815.000
1550.714	7944.000
1550.850	7748.000
1550.987	7968.000
1551.124	7863.000
1551.260	7880.000
1551.397	7860.000
1551.533	8010.000
1551.670	7797.000
1551.807	7959.000
1551.943	7842.000
1552.080	7919.000
1552.216	7783.000
1552.353	7910.000
1552.489	7790.000
1552.626	7891.000
1552.762	7835.000
1552.898	7947.000
1553.035	7866.000
1553.171	7941.000
1553.308	7804.000
1553.444	8021.000
1553.580	7917.000
1553.717	7943.000
1553.853	7909.000
1553.989	7984.000
1554.126	7886.000
1554.262	7955.000
1554.398	7084.000
1554.534	7944.000
1554.671	7851.000
1554.807	7897.000
1554.943	7743.000
1555.079	7971.000
1555.215	7784.000
1555.352	7952.000
1555.488	7879.000
1555.624	7955.000
1555.760	7851.000
1555.896	7936.000
1556.032	7812.000
1556.168	8008.000
1556.304	7867.000
1556.440	7939.000
1556.576	7762.000
1556.712	7950.000
1556.848	7770.000
1556.984	7923.000
1557.120	7841.000
1557.256	7885.000
1557.392	7802.000
1557.528	7932.000
1557.664	7755.000
1557.800	7972.000
1557.936	7760.000
1558.071	7990.000
1558.207	7825.000
1558.343	7881.000
1558.479	7859.000
1558.615	7858.000
1558.751	7757.000
1558.886	7852.000
1559.022	7740.000
1559.158	7818.000
1559.293	7726.000
1559.429	7933.000
1559.565	7772.000
1559.701	7926.000
1559.836	7716.000
1559.972	7844.000
1560.107	7725.000
1560.243	7830.000
1560.379	7643.000
1560.514	7837.000
1560.650	7658.000
1560.785	7806.000
1560.921	7692.000
1561.056	7878.000
1561.192	7835.000
1561.327	7874.000
1561.463	7700.000
1561.598	7954.000
1561.734	7666.000
1561.869	7839.000
1562.005	7762.000
1562.140	7930.000
1562.275	7720.000
1562.411	7972.000
1562.546	10479.000
1562.682	7969.000
1562.817	7793.000
1562.952	7911.000
1563.087	7819.000
1563.223	7940.000
1563.358	7754.000
1563.493	7865.000
1563.628	7899.000
1563.764	8012.000
1563.899	7878.000
1564.034	7927.000
1564.169	7816.000
1564.304	7995.000
1564.440	7901.000
1564.575	8032.000
1564.710	7851.000
1564.845	8011.000
1564.980	7833.000
1565.115	8031.000
1565.250	7880.000
1565.385	8058.000
1565.520	7925.000
1565.655	8027.000
1565.790	7938.000
1565.925	8024.000
1566.060	7882.000
1566.195	7955.000
1566.330	7895.000
1566.465	8059.000
1566.600	7912.000
1566.735	8039.000
1566.870	7884.000
1567.004	8102.000
1567.139	7920.000
1567.274	8083.000
1567.409	7898.000
1567.544	8060.000
1567.678	7778.000
1567.813	8047.000
1567.948	7879.000
1568.083	8045.000
1568.217	7880.000
1568.352	8097.000
1568.487	7926.000
1568.622	8072.000
1568.756	7915.000
1568.891	8118.000
1569.025	7862.000
1569.160	8120.000
1569.295	7997.000
1569.429	7996.000
1569.564	7939.000
1569.698	8127.000
1569.833	7956.000
1569.967	8050.000
1570.102	7972.000
1570.236	8081.000
1570.371	7981.000
1570.505	8069.000
1570.640	8019.000
1570.774	8125.000
1570.909	8038.000
1571.043	8177.000
1571.177	7970.000
1571.312	8167.000
1571.446	7954.000
1571.581	8117.000
1571.715	8126.000
1571.849	8227.000
1571.983	8046.000
1572.118	8149.000
1572.252	8113.000
1572.386	8243.000
1572.521	8078.000
1572.655	8242.000
1572.789	8110.000
1572.923	8259.000
1573.057	8088.000
1573.191	8187.000
1573.326	8125.000
1573.460	8275.000
1573.594	8110.000
1573.728	8147.000
1573.862	8141.000
1573.996	8320.000
1574.130	8182.000
1574.264	8229.000
1574.398	8143.000
1574.532	8179.000
1574.666	8219.000
1574.800	8345.000
