929.762	9002.000
929.906	8946.000
930.049	8971.000
930.193	9007.000
930.337	8922.000
930.481	9012.000
930.625	8933.000
930.769	8967.000
930.913	8920.000
931.057	8925.000
931.201	8854.000
931.345	8990.000
931.488	8911.000
931.632	8873.000
931.776	8888.000
931.920	8995.000
932.064	8819.000
932.208	8983.000
932.352	8873.000
932.495	8975.000
932.639	8872.000
932.783	8893.000
932.927	9034.000
933.071	8963.000
933.215	8906.000
933.359	8957.000
933.502	8954.000
933.646	8895.000
933.790	8868.000
933.934	8902.000
934.078	8883.000
934.221	8957.000
934.365	8871.000
934.509	8880.000
934.653	8794.000
934.797	8838.000
934.940	8876.000
935.084	8799.000
935.228	8848.000
935.372	8875.000
935.515	8816.000
935.659	8895.000
935.803	8779.000
935.947	8891.000
936.090	8751.000
936.234	8853.000
936.378	8828.000
936.522	8773.000
936.665	8791.000
936.809	8848.000
936.953	8778.000
937.097	8776.000
937.240	8830.000
937.384	8848.000
937.528	8759.000
937.671	8797.000
937.815	8720.000
937.959	8819.000
938.102	8699.000
938.246	8724.000
938.390	8760.000
938.534	8721.000
938.677	8688.000
938.821	8719.000
938.965	8664.000
939.108	8776.000
939.252	8686.000
939.396	8643.000
939.539	8661.000
939.683	8753.000
939.826	8683.000
939.970	8661.000
940.114	8653.000
940.257	8727.000
940.401	8618.000
940.545	8657.000
940.688	8567.000
940.832	8590.000
940.975	8605.000
941.119	8747.000
941.263	8598.000
941.406	8659.000
941.550	8651.000
941.693	8665.000
941.837	8535.000
941.981	8577.000
942.124	8516.000
942.268	8580.000
942.411	8590.000
942.555	8603.000
942.698	8571.000
942.842	8604.000
942.986	8570.000
943.129	8603.000
943.273	8597.000
943.416	8552.000
943.560	8500.000
943.703	8572.000
943.847	8561.000
943.990	8602.000
944.134	8550.000
944.277	8499.000
944.421	8479.000
944.564	8478.000
944.708	8501.000
944.851	8624.000
944.995	8485.000
945.138	8552.000
945.282	8484.000
945.425	8534.000
945.569	8475.000
945.712	8539.000
945.856	8403.000
945.999	8596.000
946.143	8456.000
946.286	8488.000
946.430	8545.000
946.573	8568.000
946.716	8505.000
946.860	8533.000
947.003	8502.000
947.147	8546.000
947.290	8469.000
947.434	8602.000
947.577	8424.000
947.720	8560.000
947.864	8379.000
948.007	8456.000
948.151	8570.000
948.294	8594.000
948.437	8467.000
948.581	8578.000
948.724	8498.000
948.868	8511.000
949.011	8463.000
949.154	8498.000
949.298	8547.000
949.441	8592.000
949.584	8468.000
949.728	8552.000
949.871	8519.000
950.015	8563.000
950.158	8504.000
950.301	8471.000
950.445	8497.000
950.588	8557.000
950.731	8545.000
950.875	8537.000
951.018	8459.000
951.161	8548.000
951.304	8504.000
951.448	8524.000
951.591	8447.000
951.734	8515.000
951.878	8420.000
952.021	8551.000
952.164	8507.000
952.308	8572.000
952.451	8491.000
952.594	8571.000
952.737	8484.000
952.881	8470.000
953.024	8436.000
953.167	8522.000
953.310	8392.000
953.454	8500.000
953.597	8475.000
953.740	8517.000
953.883	8455.000
954.027	8565.000
954.170	8380.000
954.313	8536.000
954.456	8401.000
954.600	8438.000
954.743	8491.000
954.886	8527.000
955.029	8408.000
955.172	8531.000
955.316	8296.000
955.459	8428.000
955.602	8381.000
955.745	8536.000
955.888	8451.000
956.032	8488.000
956.175	8296.000
956.318	8375.000
956.461	8353.000
956.604	8421.000
956.747	8403.000
956.890	8491.000
957.034	8335.000
957.177	8407.000
957.320	8303.000
957.463	8435.000
957.606	8333.000
957.749	8502.000
957.892	8294.000
958.036	8420.000
958.179	8254.000
958.322	8467.000
958.465	8443.000
958.608	8381.000
958.751	8388.000
958.894	8375.000
959.037	8284.000
959.180	8413.000
959.323	8341.000
959.467	8460.000
959.610	8292.000
959.753	8426.000
959.896	8309.000
960.039	8419.000
960.182	8263.000
960.325	8490.000
960.468	8315.000
960.611	8415.000
960.754	8242.000
960.897	8418.000
961.040	8210.000
961.183	8390.000
961.326	8339.000
961.469	8427.000
961.612	8315.000
961.755	8427.000
961.898	8188.000
962.041	8463.000
962.184	8239.000
962.327	8420.000
962.470	8258.000
962.613	8477.000
962.756	8350.000
962.899	8386.000
963.042	8303.000
963.185	8431.000
963.328	8290.000
963.471	8419.000
963.614	8293.000
963.757	8456.000
963.900	8246.000
964.043	8341.000
964.186	8276.000
964.329	8367.000
964.472	8276.000
964.615	8393.000
964.758	8267.000
964.900	8460.000
965.043	8303.000
965.186	8404.000
965.329	8385.000
965.472	8474.000
965.615	8386.000
965.758	8374.000
965.901	8271.000
966.044	8380.000
966.187	8272.000
966.329	8444.000
966.472	8459.000
966.615	8486.000
966.758	8315.000
966.901	8466.000
967.044	8434.000
967.187	8395.000
967.330	8300.000
967.472	8454.000
967.615	8337.000
967.758	8455.000
967.901	8335.000
968.044	8461.000
968.187	8310.000
968.329	8389.000
968.472	8339.000
968.615	8440.000
968.758	8335.000
968.901	8436.000
969.043	8377.000
969.186	8420.000
969.329	8331.000
969.472	8570.000
969.615	8356.000
969.757	8376.000
969.900	8394.000
970.043	8477.000
970.186	8317.000
970.328	8472.000
970.471	8438.000
970.614	8499.000
970.757	8368.000
970.899	8435.000
971.042	8329.000
971.185	8439.000
971.328	8331.000
971.470	8432.000
971.613	8357.000
971.756	8485.000
971.899	8363.000
972.041	8423.000
972.184	8225.000
972.327	8531.000
972.469	8308.000
972.612	8397.000
972.755	8319.000
972.898	8470.000
973.040	8322.000
973.183	8437.000
973.326	8393.000
973.468	8370.000
973.611	8276.000
973.754	8452.000
973.896	8342.000
974.039	8410.000
974.182	8262.000
974.324	8487.000
974.467	8427.000
974.610	8423.000
974.752	8306.000
974.895	8419.000
975.037	8346.000
975.180	8450.000
975.323	8247.000
975.465	8475.000
975.608	8288.000
975.751	8327.000
975.893	8338.000
976.036	8409.000
976.178	8297.000
976.321	8502.000
976.464	8296.000
976.606	8292.000
976.749	8278.000
976.891	8481.000
977.034	8302.000
977.176	8341.000
977.319	8208.000
977.462	8443.000
977.604	8251.000
977.747	8405.000
977.889	8284.000
978.032	8423.000
978.174	8297.000
978.317	8406.000
978.459	8375.000
978.602	8458.000
978.744	8310.000
978.887	8445.000
979.029	8240.000
979.172	8328.000
979.314	8320.000
979.457	8387.000
979.599	8213.000
979.742	8459.000
979.884	8189.000
980.027	8332.000
980.169	8273.000
980.312	8402.000
980.454	8268.000
980.597	8385.000
980.739	8307.000
980.882	8283.000
981.024	8238.000
981.167	8332.000
981.309	8359.000
981.452	8349.000
981.594	8217.000
981.736	8301.000
981.879	8293.000
982.021	8366.000
982.164	8221.000
982.306	8300.000
982.449	8278.000
982.591	8376.000
982.733	8256.000
982.876	8369.000
983.018	8177.000
983.161	8417.000
983.303	8202.000
983.445	8371.000
983.588	8224.000
983.730	8445.000
983.873	8269.000
984.015	8476.000
984.157	8185.000
984.300	8493.000
984.442	8220.000
984.584	8386.000
984.727	8255.000
984.869	8407.000
985.011	8268.000
985.154	8346.000
985.296	8263.000
985.438	8406.000
985.581	8235.000
985.723	8338.000
985.865	8238.000
986.008	8412.000
986.150	8314.000
986.292	8369.000
986.435	8274.000
986.577	8395.000
986.719	8214.000
986.861	8412.000
987.004	7932.000
987.146	8458.000
987.288	8321.000
987.431	8365.000
987.573	8316.000
987.715	8317.000
987.857	8171.000
988.000	8329.000
988.142	8281.000
988.284	8461.000
988.426	8244.000
988.569	8351.000
988.711	8224.000
988.853	8403.000
988.995	8256.000
989.138	8338.000
989.280	8185.000
989.422	8436.000
989.564	8312.000
989.706	8369.000
989.849	8212.000
989.991	8425.000
990.133	8266.000
990.275	8441.000
990.417	8337.000
990.560	8332.000
990.702	8165.000
990.844	8351.000
990.986	8275.000
991.128	8526.000
991.270	8217.000
991.413	8428.000
991.555	8299.000
991.697	8404.000
991.839	8293.000
991.981	8419.000
992.123	8261.000
992.265	8413.000
992.408	8287.000
992.550	8402.000
992.692	8278.000
992.834	8462.000
992.976	8309.000
993.118	8439.000
993.260	8272.000
993.402	8352.000
993.544	8239.000
993.687	8435.000
993.829	8231.000
993.971	8338.000
994.113	8245.000
994.255	8339.000
994.397	8241.000
994.539	8396.000
994.681	8298.000
994.823	8405.000
994.965	8262.000
995.107	8453.000
995.249	8324.000
995.391	8376.000
995.533	8242.000
995.675	8421.000
995.817	8328.000
995.959	8429.000
996.101	8197.000
996.243	8474.000
996.385	8272.000
996.527	8367.000
996.669	8224.000
996.811	8385.000
996.953	8268.000
997.095	8365.000
997.237	8256.000
997.379	8417.000
997.521	8253.000
997.663	8382.000
997.805	8381.000
997.947	8367.000
998.089	8265.000
998.231	8344.000
998.373	8214.000
998.515	8450.000
998.657	8330.000
998.799	8366.000
998.941	8262.000
999.083	8316.000
999.225	8287.000
999.367	8384.000
999.509	8349.000
999.651	8453.000
999.793	8249.000
999.934	8398.000
1000.076	8268.000
1000.218	8406.000
1000.360	8257.000
1000.502	8416.000
1000.644	8319.000
1000.786	8431.000
1000.928	8294.000
1001.070	8248.000
1001.212	8205.000
1001.353	8410.000
1001.495	8178.000
1001.637	8305.000
1001.779	8233.000
1001.921	8328.000
1002.063	8227.000
1002.205	8352.000
1002.346	8219.000
1002.488	8432.000
1002.630	8120.000
1002.772	8422.000
1002.914	8242.000
1003.055	8331.000
1003.197	8249.000
1003.339	8357.000
1003.481	8242.000
1003.623	8350.000
1003.765	8188.000
1003.906	8318.000
1004.048	8221.000
1004.190	8380.000
1004.332	8154.000
1004.473	8349.000
1004.615	8367.000
1004.757	8377.000
1004.899	8252.000
1005.041	8353.000
1005.182	8201.000
1005.324	8370.000
1005.466	8209.000
1005.608	8361.000
1005.749	8171.000
1005.891	8466.000
1006.033	8276.000
1006.175	8417.000
1006.316	8227.000
1006.458	8389.000
1006.600	8280.000
1006.741	8371.000
1006.883	8206.000
1007.025	8348.000
1007.167	8216.000
1007.308	8388.000
1007.450	8294.000
1007.592	8384.000
1007.733	8181.000
1007.875	8352.000
1008.017	8253.000
1008.158	8362.000
1008.300	8216.000
1008.442	8351.000
1008.583	8145.000
1008.725	8367.000
1008.867	8136.000
1009.008	8383.000
1009.150	8267.000
1009.292	8452.000
1009.433	8243.000
1009.575	8317.000
1009.716	8191.000
1009.858	8292.000
1010.000	8272.000
1010.141	8427.000
1010.283	8228.000
1010.425	8405.000
1010.566	8104.000
1010.708	8364.000
1010.849	8200.000
1010.991	8387.000
1011.132	8202.000
1011.274	8311.000
1011.416	8317.000
1011.557	8308.000
1011.699	8221.000
1011.840	8384.000
1011.982	8193.000
1012.123	8344.000
1012.265	8166.000
1012.407	8416.000
1012.548	8216.000
1012.690	8283.000
1012.831	8177.000
1012.973	8337.000
1013.114	8222.000
1013.256	8301.000
1013.397	8109.000
1013.539	8331.000
1013.680	8271.000
1013.822	8386.000
1013.963	8206.000
1014.105	8387.000
1014.246	8190.000
1014.388	8362.000
1014.529	8168.000
1014.671	8323.000
1014.812	8123.000
1014.954	8316.000
1015.095	8214.000
1015.237	8339.000
1015.378	8191.000
1015.520	8363.000
1015.661	8161.000
1015.803	8329.000
1015.944	8099.000
1016.085	8340.000
1016.227	8166.000
1016.368	8232.000
1016.510	8085.000
1016.651	8270.000
1016.793	8223.000
1016.934	8244.000
1017.075	8147.000
1017.217	8278.000
1017.358	8157.000
1017.500	8290.000
1017.641	8127.000
1017.782	8320.000
1017.924	8094.000
1018.065	8261.000
1018.207	8107.000
1018.348	8335.000
1018.489	8138.000
1018.631	8211.000
1018.772	8139.000
1018.913	8253.000
1019.055	8065.000
1019.196	8169.000
1019.337	8095.000
1019.479	8309.000
1019.620	8165.000
1019.761	8256.000
1019.903	8113.000
1020.044	8279.000
1020.185	8142.000
1020.327	8218.000
1020.468	8073.000
1020.609	8261.000
1020.751	8050.000
1020.892	8216.000
1021.033	8128.000
1021.175	8281.000
1021.316	8138.000
1021.457	8208.000
1021.598	8054.000
1021.740	8308.000
1021.881	8127.000
1022.022	8243.000
1022.164	8145.000
1022.305	8303.000
1022.446	8083.000
1022.587	8239.000
1022.729	8228.000
1022.870	8334.000
1023.011	8154.000
1023.152	8236.000
1023.294	8154.000
1023.435	8244.000
1023.576	8098.000
1023.717	8272.000
1023.858	8130.000
1024.000	8263.000
1024.141	8131.000
1024.282	8242.000
1024.423	8101.000
1024.564	8338.000
1024.706	8184.000
1024.847	8340.000
1024.988	8109.000
1025.129	8370.000
1025.270	8132.000
1025.412	8340.000
1025.553	8143.000
1025.694	8379.000
1025.835	8161.000
1025.976	8310.000
1026.117	8187.000
1026.258	8336.000
1026.400	8164.000
1026.541	8372.000
1026.682	8222.000
1026.823	8277.000
1026.964	8245.000
1027.105	8302.000
1027.246	8248.000
1027.388	8406.000
1027.529	8250.000
1027.670	8306.000
1027.811	8190.000
1027.952	8353.000
1028.093	8249.000
1028.234	8277.000
1028.375	8243.000
1028.516	8385.000
1028.657	8257.000
1028.798	8435.000
1028.939	8273.000
1029.081	8370.000
1029.222	8324.000
1029.363	8387.000
1029.504	8236.000
1029.645	8455.000
1029.786	8316.000
1029.927	8422.000
1030.068	8355.000
1030.209	8452.000
1030.350	8353.000
1030.491	8421.000
1030.632	8309.000
1030.773	8477.000
1030.914	8309.000
1031.055	8397.000
1031.196	8417.000
1031.337	8471.000
1031.478	8337.000
1031.619	8417.000
1031.760	8314.000
1031.901	8526.000
1032.042	8303.000
1032.183	8466.000
1032.324	8351.000
1032.465	8545.000
1032.606	8882.000
1032.747	8471.000
1032.888	8338.000
1033.029	8454.000
1033.170	8325.000
1033.311	8551.000
1033.452	8333.000
1033.592	8540.000
1033.733	8322.000
1033.874	8375.000
1034.015	8430.000
1034.156	8461.000
1034.297	8385.000
1034.438	8467.000
1034.579	8366.000
1034.720	8547.000
1034.861	8349.000
1035.002	8409.000
1035.142	8371.000
1035.283	8476.000
1035.424	8343.000
1035.565	8459.000
1035.706	8378.000
1035.847	8439.000
1035.988	8438.000
1036.129	8453.000
1036.269	8331.000
1036.410	8560.000
1036.551	8372.000
1036.692	8462.000
1036.833	8334.000
1036.974	8408.000
1037.114	8379.000
1037.255	8443.000
1037.396	8361.000
1037.537	8372.000
1037.678	8374.000
1037.819	8415.000
1037.959	8358.000
1038.100	8447.000
1038.241	8364.000
1038.382	8483.000
1038.523	8349.000
1038.663	8552.000
1038.804	8413.000
1038.945	8474.000
1039.086	8438.000
1039.226	8443.000
1039.367	8410.000
1039.508	8463.000
1039.649	8388.000
1039.789	8460.000
1039.930	8407.000
1040.071	8483.000
1040.212	8466.000
1040.352	8480.000
1040.493	8419.000
1040.634	8440.000
1040.775	8385.000
1040.915	8506.000
1041.056	8391.000
1041.197	8547.000
1041.337	8410.000
1041.478	8565.000
1041.619	8413.000
1041.760	8472.000
1041.900	8415.000
1042.041	8525.000
1042.182	8332.000
1042.322	8563.000
1042.463	8449.000
1042.604	8571.000
1042.744	8475.000
1042.885	8605.000
1043.026	8408.000
1043.166	8621.000
1043.307	8430.000
1043.448	8525.000
1043.588	8404.000
1043.729	8599.000
1043.869	8403.000
1044.010	8617.000
1044.151	8449.000
1044.291	8594.000
1044.432	8406.000
1044.573	8537.000
1044.713	8459.000
1044.854	8626.000
1044.994	8525.000
1045.135	8594.000
1045.276	8542.000
1045.416	8647.000
1045.557	8551.000
1045.697	8559.000
1045.838	8504.000
1045.978	8646.000
1046.119	8462.000
1046.260	8573.000
1046.400	8508.000
1046.541	8645.000
1046.681	8457.000
1046.822	8627.000
1046.962	8471.000
1047.103	8702.000
1047.243	8599.000
1047.384	8624.000
1047.524	8448.000
1047.665	8593.000
1047.805	8457.000
1047.946	8537.000
1048.087	8465.000
1048.227	8628.000
1048.368	8524.000
1048.508	8573.000
1048.649	8497.000
1048.789	8632.000
1048.929	8523.000
1049.070	8615.000
1049.210	8432.000
1049.351	8646.000
1049.491	8449.000
1049.632	8547.000
1049.772	8444.000
1049.913	8574.000
1050.053	8367.000
1050.194	8571.000
1050.334	8485.000
1050.475	8496.000
1050.615	8467.000
1050.755	8595.000
1050.896	8395.000
1051.036	8570.000
1051.177	8454.000
1051.317	8533.000
1051.458	8377.000
1051.598	8498.000
1051.738	8395.000
1051.879	8452.000
1052.019	8411.000
1052.160	8531.000
1052.300	8427.000
1052.440	8529.000
1052.581	8336.000
1052.721	8557.000
1052.861	8453.000
1053.002	8505.000
1053.142	8468.000
1053.282	8533.000
1053.423	8410.000
1053.563	8496.000
1053.704	7285.000
1053.844	8485.000
1053.984	8405.000
1054.125	8447.000
1054.265	8279.000
1054.405	8515.000
1054.546	8342.000
1054.686	8483.000
1054.826	8413.000
1054.966	8523.000
1055.107	8358.000
1055.247	8465.000
1055.387	8295.000
1055.528	8516.000
1055.668	8387.000
1055.808	8486.000
1055.948	8270.000
1056.089	8487.000
1056.229	8288.000
1056.369	8399.000
1056.510	8365.000
1056.650	8382.000
1056.790	8317.000
1056.930	8422.000
1057.071	8266.000
1057.211	8459.000
1057.351	8254.000
1057.491	8527.000
1057.632	8323.000
1057.772	8391.000
1057.912	8345.000
1058.052	8349.000
1058.192	8273.000
1058.333	8320.000
1058.473	8229.000
1058.613	8286.000
1058.753	8269.000
1058.893	8404.000
1059.034	8243.000
1059.174	8419.000
1059.314	8240.000
1059.454	8347.000
1059.594	8196.000
1059.734	8330.000
1059.875	8152.000
1060.015	8329.000
1060.155	8128.000
1060.295	8290.000
1060.435	8176.000
1060.575	8318.000
1060.716	8264.000
1060.856	8305.000
1060.996	8224.000
1061.136	8448.000
1061.276	8177.000
1061.416	8307.000
1061.556	8253.000
1061.696	8394.000
1061.837	8253.000
1061.977	8448.000
1062.117	12831.000
1062.257	8427.000
1062.397	8268.000
1062.537	8367.000
1062.677	8285.000
1062.817	8370.000
1062.957	8170.000
1063.097	8311.000
1063.237	8371.000
1063.377	8493.000
1063.517	8336.000
1063.658	8386.000
1063.798	8285.000
1063.938	8410.000
1064.078	8385.000
1064.218	8482.000
1064.358	8337.000
1064.498	8458.000
1064.638	8266.000
1064.778	8473.000
1064.918	8362.000
1065.058	8511.000
1065.198	8340.000
1065.338	8503.000
1065.478	8371.000
1065.618	8461.000
1065.758	8317.000
1065.898	8366.000
1066.038	8319.000
1066.178	8503.000
1066.318	8310.000
1066.458	8419.000
1066.598	8309.000
1066.738	8522.000
1066.878	8339.000
1067.018	8488.000
1067.158	8286.000
1067.297	8459.000
1067.437	8237.000
1067.577	8482.000
1067.717	8275.000
1067.857	8489.000
1067.997	8266.000
1068.137	8482.000
1068.277	8335.000
1068.417	8451.000
1068.557	8334.000
1068.697	8519.000
1068.837	8241.000
1068.977	8507.000
1069.116	8408.000
1069.256	8384.000
1069.396	8316.000
1069.536	8524.000
1069.676	8327.000
1069.816	8450.000
1069.956	8354.000
1070.096	8468.000
1070.235	8372.000
1070.375	8428.000
1070.515	8386.000
1070.655	8485.000
1070.795	8365.000
1070.935	8521.000
1071.074	8304.000
1071.214	8518.000
1071.354	8264.000
1071.494	8462.000
1071.634	8437.000
1071.774	8555.000
1071.913	8344.000
1072.053	8444.000
1072.193	8399.000
1072.333	8569.000
1072.473	8390.000
1072.612	8539.000
1072.752	8391.000
1072.892	8556.000
1073.032	8366.000
1073.172	8438.000
1073.311	8402.000
1073.451	8527.000
1073.591	8367.000
1073.731	8393.000
1073.870	8386.000
1074.010	8572.000
1074.150	8423.000
1074.290	8492.000
1074.429	8389.000
1074.569	8452.000
1074.709	8467.000
1074.848	8565.000
