1109.929	9477.000
1110.074	9398.000
1110.220	9465.000
1110.366	9465.000
1110.511	9451.000
1110.657	9494.000
1110.802	9454.000
1110.948	9452.000
1111.094	9468.000
1111.239	9471.000
1111.385	9433.000
1111.530	9519.000
1111.676	9499.000
1111.821	9423.000
1111.967	9505.000
1112.112	9581.000
1112.258	9427.000
1112.403	9573.000
1112.549	9484.000
1112.694	9550.000
1112.840	9497.000
1112.985	9465.000
1113.131	9692.000
1113.276	9529.000
1113.421	9599.000
1113.567	9539.000
1113.712	9614.000
1113.858	9498.000
1114.003	9613.000
1114.149	9528.000
1114.294	9643.000
1114.439	9628.000
1114.585	9653.000
1114.730	9599.000
1114.875	9580.000
1115.021	9575.000
1115.166	9670.000
1115.311	9545.000
1115.457	9719.000
1115.602	9657.000
1115.747	9695.000
1115.893	9656.000
1116.038	9686.000
1116.183	9691.000
1116.329	9662.000
1116.474	9669.000
1116.619	9788.000
1116.764	9624.000
1116.910	9793.000
1117.055	9679.000
1117.200	9767.000
1117.345	9671.000
1117.490	9805.000
1117.636	9744.000
1117.781	9772.000
1117.926	9703.000
1118.071	9773.000
1118.216	9726.000
1118.362	9779.000
1118.507	9689.000
1118.652	9848.000
1118.797	9718.000
1118.942	9793.000
1119.087	9683.000
1119.232	9772.000
1119.377	9806.000
1119.523	9849.000
1119.668	9719.000
1119.813	9798.000
1119.958	9772.000
1120.103	9832.000
1120.248	9739.000
1120.393	9848.000
1120.538	9778.000
1120.683	9786.000
1120.828	9729.000
1120.973	9809.000
1121.118	9735.000
1121.263	9839.000
1121.408	9895.000
1121.553	9836.000
1121.698	9839.000
1121.843	9905.000
1121.988	9809.000
1122.133	9857.000
1122.278	9801.000
1122.423	9849.000
1122.568	9771.000
1122.713	9883.000
1122.858	9825.000
1123.002	9925.000
1123.147	9866.000
1123.292	9948.000
1123.437	9889.000
1123.582	10003.000
1123.727	9860.000
1123.872	9937.000
1124.017	9875.000
1124.161	9990.000
1124.306	9866.000
1124.451	9924.000
1124.596	9827.000
1124.741	9937.000
1124.885	9819.000
1125.030	9969.000
1125.175	9950.000
1125.320	9993.000
1125.465	9928.000
1125.609	9996.000
1125.754	9938.000
1125.899	10046.000
1126.044	9959.000
1126.188	9934.000
1126.333	10037.000
1126.478	10005.000
1126.622	9876.000
1126.767	10077.000
1126.912	9944.000
1127.056	10079.000
1127.201	10005.000
1127.346	10067.000
1127.490	10027.000
1127.635	10109.000
1127.780	10091.000
1127.924	10090.000
1128.069	10094.000
1128.214	10050.000
1128.358	10010.000
1128.503	10225.000
1128.647	10065.000
1128.792	10060.000
1128.937	10011.000
1129.081	10092.000
1129.226	9968.000
1129.370	10049.000
1129.515	9983.000
1129.659	10107.000
1129.804	10039.000
1129.948	10048.000
1130.093	9965.000
1130.237	10060.000
1130.382	9966.000
1130.526	9950.000
1130.671	9826.000
1130.815	9958.000
1130.960	9908.000
1131.104	9939.000
1131.249	9816.000
1131.393	9818.000
1131.537	9811.000
1131.682	9784.000
1131.826	9690.000
1131.971	9635.000
1132.115	9601.000
1132.260	9524.000
1132.404	9601.000
1132.548	9603.000
1132.693	9502.000
1132.837	9466.000
1132.981	9394.000
1133.126	9367.000
1133.270	9276.000
1133.414	9256.000
1133.559	9272.000
1133.703	9109.000
1133.847	9161.000
1133.992	9132.000
1134.136	9140.000
1134.280	9114.000
1134.424	9155.000
1134.569	8994.000
1134.713	9075.000
1134.857	9023.000
1135.001	8992.000
1135.146	9009.000
1135.290	9026.000
1135.434	8919.000
1135.578	9040.000
1135.722	8828.000
1135.867	8949.000
1136.011	8952.000
1136.155	9026.000
1136.299	8935.000
1136.443	9014.000
1136.587	8864.000
1136.732	8899.000
1136.876	8936.000
1137.020	8951.000
1137.164	8949.000
1137.308	9068.000
1137.452	8921.000
1137.596	8958.000
1137.740	8817.000
1137.884	8919.000
1138.028	8877.000
1138.172	8996.000
1138.316	8821.000
1138.461	8897.000
1138.605	8731.000
1138.749	8938.000
1138.893	8930.000
1139.037	8810.000
1139.181	8872.000
1139.325	8805.000
1139.469	8752.000
1139.613	8819.000
1139.757	8796.000
1139.900	8873.000
1140.044	8711.000
1140.188	8843.000
1140.332	8748.000
1140.476	8776.000
1140.620	8696.000
1140.764	8883.000
1140.908	8739.000
1141.052	8772.000
1141.196	8676.000
1141.340	8792.000
1141.484	8647.000
1141.627	8792.000
1141.771	8740.000
1141.915	8851.000
1142.059	8717.000
1142.203	8859.000
1142.347	8603.000
1142.490	8865.000
1142.634	8652.000
1142.778	8798.000
1142.922	8682.000
1143.066	8896.000
1143.209	8741.000
1143.353	8809.000
1143.497	8721.000
1143.641	8854.000
1143.784	8693.000
1143.928	8794.000
1144.072	8736.000
1144.216	8846.000
1144.359	8688.000
1144.503	8776.000
1144.647	8716.000
1144.790	8803.000
1144.934	8719.000
1145.078	8810.000
1145.221	8689.000
1145.365	8862.000
1145.509	8737.000
1145.652	8882.000
1145.796	8854.000
1145.940	8910.000
1146.083	8792.000
1146.227	8779.000
1146.370	8711.000
1146.514	8836.000
1146.657	8716.000
1146.801	8846.000
1146.945	8898.000
1147.088	8900.000
1147.232	8754.000
1147.375	8925.000
1147.519	8896.000
1147.662	8833.000
1147.806	8765.000
1147.949	8904.000
1148.093	8784.000
1148.236	8872.000
1148.380	8751.000
1148.523	8887.000
1148.667	8768.000
1148.810	8833.000
1148.954	8782.000
1149.097	8870.000
1149.241	8822.000
1149.384	8862.000
1149.527	8831.000
1149.671	8853.000
1149.814	8784.000
1149.958	8970.000
1150.101	8827.000
1150.244	8850.000
1150.388	8819.000
1150.531	8906.000
1150.674	8748.000
1150.818	8928.000
1150.961	8935.000
1151.104	8943.000
1151.248	8832.000
1151.391	8888.000
1151.534	8825.000
1151.678	8872.000
1151.821	8820.000
1151.964	8884.000
1152.108	8847.000
1152.251	8934.000
1152.394	8829.000
1152.537	8912.000
1152.681	8682.000
1152.824	8955.000
1152.967	8778.000
1153.110	8856.000
1153.253	8789.000
1153.397	8940.000
1153.540	8798.000
1153.683	8854.000
1153.826	8891.000
1153.969	8800.000
1154.113	8763.000
1154.256	8923.000
1154.399	8813.000
1154.542	8856.000
1154.685	8767.000
1154.828	8984.000
1154.971	8878.000
1155.114	8895.000
1155.258	8813.000
1155.401	8905.000
1155.544	8847.000
1155.687	8917.000
1155.830	8744.000
1155.973	8916.000
1156.116	8781.000
1156.259	8814.000
1156.402	8786.000
1156.545	8876.000
1156.688	8786.000
1156.831	9021.000
1156.974	8752.000
1157.117	8773.000
1157.260	8746.000
1157.403	8943.000
1157.546	8832.000
1157.689	8820.000
1157.832	8703.000
1157.975	8930.000
1158.118	8760.000
1158.261	8892.000
1158.404	8778.000
1158.547	8919.000
1158.689	8774.000
1158.832	8882.000
1158.975	8823.000
1159.118	8932.000
1159.261	8775.000
1159.404	8929.000
1159.547	8712.000
1159.690	8818.000
1159.832	8804.000
1159.975	8863.000
1160.118	8661.000
1160.261	8927.000
1160.404	8681.000
1160.546	8797.000
1160.689	8731.000
1160.832	8875.000
1160.975	8773.000
1161.118	8850.000
1161.260	8764.000
1161.403	8741.000
1161.546	8688.000
1161.689	8813.000
1161.831	8849.000
1161.974	8775.000
1162.117	8722.000
1162.259	8757.000
1162.402	8726.000
1162.545	8782.000
1162.687	8640.000
1162.830	8750.000
1162.973	8709.000
1163.115	8777.000
1163.258	8727.000
1163.401	8756.000
1163.543	8622.000
1163.686	8824.000
1163.829	8609.000
1163.971	8747.000
1164.114	8620.000
1164.256	8830.000
1164.399	8633.000
1164.541	8847.000
1164.684	8575.000
1164.827	8878.000
1164.969	8616.000
1165.112	8758.000
1165.254	8634.000
1165.397	8769.000
1165.539	8667.000
1165.682	8667.000
1165.824	8620.000
1165.967	8721.000
1166.109	8594.000
1166.252	8696.000
1166.394	8614.000
1166.537	8695.000
1166.679	8641.000
1166.822	8703.000
1166.964	8607.000
1167.106	8668.000
1167.249	8509.000
1167.391	8705.000
1167.534	8250.000
1167.676	8734.000
1167.818	8600.000
1167.961	8644.000
1168.103	8647.000
1168.246	8612.000
1168.388	8480.000
1168.530	8627.000
1168.673	8597.000
1168.815	8750.000
1168.957	8522.000
1169.100	8643.000
1169.242	8521.000
1169.384	8707.000
1169.526	8539.000
1169.669	8613.000
1169.811	8487.000
1169.953	8679.000
1170.095	8581.000
1170.238	8645.000
1170.380	8494.000
1170.522	8662.000
1170.664	8541.000
1170.807	8679.000
1170.949	8595.000
1171.091	8584.000
1171.233	8430.000
1171.375	8616.000
1171.518	8524.000
1171.660	8789.000
1171.802	8527.000
1171.944	8670.000
1172.086	8540.000
1172.228	8680.000
1172.371	8540.000
1172.513	8671.000
1172.655	8541.000
1172.797	8680.000
1172.939	8550.000
1173.081	8659.000
1173.223	8539.000
1173.365	8707.000
1173.507	8589.000
1173.649	8695.000
1173.791	8522.000
1173.933	8631.000
1174.075	8502.000
1174.217	8693.000
1174.359	8499.000
1174.501	8622.000
1174.643	8516.000
1174.785	8589.000
1174.927	8519.000
1175.069	8660.000
1175.211	8535.000
1175.353	8668.000
1175.495	8556.000
1175.637	8719.000
1175.779	8565.000
1175.921	8640.000
1176.063	8521.000
1176.205	8702.000
1176.347	8615.000
1176.489	8680.000
1176.631	8498.000
1176.772	8729.000
1176.914	8574.000
1177.056	8634.000
1177.198	8528.000
1177.340	8675.000
1177.482	8530.000
1177.624	8624.000
1177.765	8521.000
1177.907	8689.000
1178.049	8520.000
1178.191	8640.000
1178.333	8647.000
1178.474	8660.000
1178.616	8549.000
1178.758	8634.000
1178.900	8546.000
1179.041	8739.000
1179.183	8645.000
1179.325	8649.000
1179.467	8556.000
1179.608	8604.000
1179.750	8625.000
1179.892	8689.000
1180.033	8636.000
1180.175	8789.000
1180.317	8577.000
1180.458	8694.000
1180.600	8575.000
1180.742	8742.000
1180.883	8565.000
1181.025	8724.000
1181.167	8690.000
1181.308	8749.000
1181.450	8634.000
1181.591	8600.000
1181.733	8540.000
1181.875	8756.000
1182.016	8517.000
1182.158	8675.000
1182.299	8568.000
1182.441	8667.000
1182.582	8538.000
1182.724	8688.000
1182.866	8580.000
1183.007	8776.000
1183.149	8486.000
1183.290	8715.000
1183.432	8587.000
1183.573	8677.000
1183.715	8601.000
1183.856	8719.000
1183.998	8586.000
1184.139	8734.000
1184.280	8518.000
1184.422	8687.000
1184.563	8588.000
1184.705	8708.000
1184.846	8557.000
1184.988	8677.000
1185.129	8719.000
1185.270	8718.000
1185.412	8623.000
1185.553	8773.000
1185.694	8569.000
1185.836	8703.000
1185.977	8571.000
1186.119	8743.000
1186.260	8537.000
1186.401	8863.000
1186.543	8627.000
1186.684	8820.000
1186.825	8561.000
1186.966	8759.000
1187.108	8661.000
1187.249	8762.000
1187.390	8583.000
1187.532	8723.000
1187.673	8592.000
1187.814	8761.000
1187.955	8665.000
1188.097	8765.000
1188.238	8550.000
1188.379	8679.000
1188.520	8639.000
1188.661	8708.000
1188.803	8629.000
1188.944	8748.000
1189.085	8553.000
1189.226	8758.000
1189.367	8560.000
1189.508	8780.000
1189.650	8614.000
1189.791	8806.000
1189.932	8608.000
1190.073	8726.000
1190.214	8554.000
1190.355	8678.000
1190.496	8645.000
1190.637	8790.000
1190.778	8573.000
1190.919	8791.000
1191.061	8479.000
1191.202	8760.000
1191.343	8614.000
1191.484	8734.000
1191.625	8600.000
1191.766	8710.000
1191.907	8696.000
1192.048	8694.000
1192.189	8589.000
1192.330	8756.000
1192.471	8582.000
1192.612	8739.000
1192.753	8537.000
1192.894	8777.000
1193.035	8627.000
1193.175	8711.000
1193.316	8568.000
1193.457	8727.000
1193.598	8603.000
1193.739	8645.000
1193.880	8522.000
1194.021	8709.000
1194.162	8656.000
1194.303	8751.000
1194.444	8625.000
1194.584	8792.000
1194.725	8562.000
1194.866	8731.000
1195.007	8532.000
1195.148	8695.000
1195.289	8478.000
1195.429	8701.000
1195.570	8606.000
1195.711	8749.000
1195.852	8559.000
1195.993	8729.000
1196.133	8550.000
1196.274	8731.000
1196.415	8496.000
1196.556	8692.000
1196.696	8533.000
1196.837	8590.000
1196.978	8458.000
1197.119	8650.000
1197.259	8602.000
1197.400	8590.000
1197.541	8517.000
1197.681	8646.000
1197.822	8564.000
1197.963	8655.000
1198.103	8507.000
1198.244	8697.000
1198.385	8501.000
1198.525	8609.000
1198.666	8472.000
1198.807	8710.000
1198.947	8541.000
1199.088	8579.000
1199.228	8510.000
1199.369	8584.000
1199.509	8481.000
1199.650	8554.000
1199.791	8439.000
1199.931	8692.000
1200.072	8548.000
1200.212	8614.000
1200.353	8517.000
1200.493	8642.000
1200.634	8495.000
1200.774	8547.000
1200.915	8455.000
1201.055	8610.000
1201.196	8409.000
1201.336	8579.000
1201.477	8448.000
1201.617	8602.000
1201.758	8476.000
1201.898	8531.000
1202.039	8421.000
1202.179	8596.000
1202.319	8487.000
1202.460	8593.000
1202.600	8499.000
1202.741	8642.000
1202.881	8413.000
1203.021	8580.000
1203.162	8561.000
1203.302	8683.000
1203.442	8495.000
1203.583	8568.000
1203.723	8500.000
1203.863	8559.000
1204.004	8452.000
1204.144	8604.000
1204.284	8472.000
1204.425	8603.000
1204.565	8486.000
1204.705	8605.000
1204.845	8462.000
1204.986	8669.000
1205.126	8510.000
1205.266	8660.000
1205.406	8452.000
1205.547	8691.000
1205.687	8491.000
1205.827	8653.000
1205.967	8472.000
1206.108	8683.000
1206.248	8470.000
1206.388	8621.000
1206.528	8473.000
1206.668	8649.000
1206.808	8495.000
1206.949	8673.000
1207.089	8536.000
1207.229	8644.000
1207.369	8562.000
1207.509	8606.000
1207.649	8547.000
1207.789	8706.000
1207.929	8544.000
1208.070	8603.000
1208.210	8505.000
1208.350	8687.000
1208.490	8539.000
1208.630	8610.000
1208.770	8544.000
1208.910	8669.000
1209.050	8605.000
1209.190	8730.000
1209.330	8535.000
1209.470	8650.000
1209.610	8651.000
1209.750	8693.000
1209.890	8525.000
1210.030	8769.000
1210.170	8637.000
1210.310	8711.000
1210.450	8662.000
1210.590	8745.000
1210.730	8628.000
1210.870	8699.000
1211.009	8600.000
1211.149	8749.000
1211.289	8585.000
1211.429	8667.000
1211.569	8699.000
1211.709	8719.000
1211.849	8625.000
1211.989	8680.000
1212.128	8612.000
1212.268	8827.000
1212.408	8598.000
1212.548	8716.000
1212.688	8637.000
1212.828	8855.000
1212.967	9123.000
1213.107	8730.000
1213.247	8648.000
1213.387	8764.000
1213.527	8559.000
1213.666	8820.000
1213.806	8580.000
1213.946	8820.000
1214.086	8608.000
1214.225	8670.000
1214.365	8686.000
1214.505	8769.000
1214.644	8624.000
1214.784	8736.000
1214.924	8649.000
1215.064	8840.000
1215.203	8614.000
1215.343	8691.000
1215.483	8621.000
1215.622	8707.000
1215.762	8631.000
1215.901	8741.000
1216.041	8651.000
1216.181	8707.000
1216.320	8688.000
1216.460	8679.000
1216.599	8585.000
1216.739	8891.000
1216.879	8674.000
1217.018	8718.000
1217.158	8627.000
1217.297	8710.000
1217.437	8652.000
1217.576	8665.000
1217.716	8640.000
1217.855	8642.000
1217.995	8626.000
1218.134	8655.000
1218.274	8641.000
1218.413	8731.000
1218.553	8637.000
1218.692	8736.000
1218.832	8632.000
1218.971	8830.000
1219.111	8635.000
1219.250	8711.000
1219.390	8699.000
1219.529	8718.000
1219.669	8679.000
1219.808	8736.000
1219.947	8638.000
1220.087	8732.000
1220.226	8692.000
1220.365	8764.000
1220.505	8723.000
1220.644	8735.000
1220.784	8671.000
1220.923	8715.000
1221.062	8681.000
1221.202	8709.000
1221.341	8639.000
1221.480	8809.000
1221.619	8698.000
1221.759	8808.000
1221.898	8664.000
1222.037	8725.000
1222.177	8705.000
1222.316	8769.000
1222.455	8612.000
1222.594	8846.000
1222.734	8664.000
1222.873	8861.000
1223.012	8731.000
1223.151	8889.000
1223.290	8704.000
1223.430	8864.000
1223.569	8695.000
1223.708	8792.000
1223.847	8679.000
1223.986	8882.000
1224.126	8679.000
1224.265	8880.000
1224.404	8724.000
1224.543	8895.000
1224.682	8702.000
1224.821	8855.000
1224.960	8766.000
1225.099	8872.000
1225.239	8794.000
1225.378	8904.000
1225.517	8854.000
1225.656	8974.000
1225.795	8830.000
1225.934	8918.000
1226.073	8808.000
1226.212	8983.000
1226.351	8815.000
1226.490	8926.000
1226.629	8852.000
1226.768	9008.000
1226.907	8775.000
1227.046	8973.000
1227.185	8816.000
1227.324	9053.000
1227.463	8922.000
1227.602	9001.000
1227.741	8794.000
1227.880	8927.000
1228.019	8817.000
1228.158	8937.000
1228.297	8853.000
1228.435	8969.000
1228.574	8897.000
1228.713	8939.000
1228.852	8875.000
1228.991	8957.000
1229.130	8907.000
1229.269	8959.000
1229.408	8883.000
1229.546	9044.000
1229.685	8847.000
1229.824	8966.000
1229.963	8828.000
1230.102	8936.000
1230.241	8750.000
1230.379	9008.000
1230.518	8898.000
1230.657	8878.000
1230.796	8876.000
1230.934	9022.000
1231.073	8851.000
1231.212	9008.000
1231.351	8898.000
1231.489	8943.000
1231.628	8810.000
1231.767	8909.000
1231.906	8819.000
1232.044	8935.000
1232.183	8875.000
1232.322	8945.000
1232.460	8856.000
1232.599	8957.000
1232.738	8813.000
1232.876	9019.000
1233.015	8931.000
1233.154	8932.000
1233.292	8920.000
1233.431	8983.000
1233.569	8866.000
1233.708	8944.000
1233.847	7717.000
1233.985	8944.000
1234.124	8821.000
1234.262	8918.000
1234.401	8779.000
1234.539	8976.000
1234.678	8818.000
1234.816	8980.000
1234.955	8911.000
1235.094	8973.000
1235.232	8825.000
1235.371	8933.000
1235.509	8814.000
1235.648	9017.000
1235.786	8882.000
1235.924	8943.000
1236.063	8764.000
1236.201	8946.000
1236.340	8756.000
1236.478	8886.000
1236.617	8867.000
1236.755	8890.000
1236.894	8815.000
1237.032	8917.000
1237.170	8750.000
1237.309	8989.000
1237.447	8747.000
1237.586	8991.000
1237.724	8820.000
1237.862	8913.000
1238.001	8824.000
1238.139	8851.000
1238.277	8717.000
1238.416	8840.000
1238.554	8710.000
1238.692	8782.000
1238.831	8705.000
1238.969	8887.000
1239.107	8752.000
1239.245	8896.000
1239.384	8712.000
1239.522	8827.000
1239.660	8689.000
1239.798	8803.000
1239.937	8614.000
1240.075	8778.000
1240.213	8609.000
1240.351	8788.000
1240.490	8674.000
1240.628	8806.000
1240.766	8777.000
1240.904	8790.000
1241.042	8690.000
1241.180	8906.000
1241.319	8681.000
1241.457	8783.000
1241.595	8729.000
1241.733	8866.000
1241.871	8676.000
1242.009	8956.000
1242.147	13294.000
1242.285	8945.000
1242.424	8742.000
1242.562	8847.000
1242.700	8759.000
1242.838	8829.000
1242.976	8687.000
1243.114	8830.000
1243.252	8834.000
1243.390	8989.000
1243.528	8809.000
1243.666	8884.000
1243.804	8755.000
1243.942	8894.000
1244.080	8865.000
1244.218	8959.000
1244.356	8783.000
1244.494	8936.000
1244.632	8770.000
1244.770	8954.000
1244.908	8859.000
1245.046	8979.000
1245.184	8856.000
1245.322	8965.000
1245.460	8859.000
1245.597	8955.000
1245.735	8789.000
1245.873	8861.000
1246.011	8815.000
1246.149	8989.000
1246.287	8806.000
1246.425	8924.000
1246.563	8783.000
1246.700	8996.000
1246.838	8837.000
1246.976	8967.000
1247.114	8782.000
1247.252	8956.000
1247.390	8706.000
1247.527	8939.000
1247.665	8781.000
1247.803	8956.000
1247.941	8764.000
1248.078	8945.000
1248.216	8819.000
1248.354	8947.000
1248.492	8820.000
1248.629	9004.000
1248.767	8733.000
1248.905	9019.000
1249.042	8870.000
1249.180	8894.000
1249.318	8812.000
1249.456	8974.000
1249.593	8816.000
1249.731	8915.000
1249.869	8834.000
1250.006	8921.000
1250.144	8891.000
1250.281	8920.000
1250.419	8905.000
1250.557	9006.000
1250.694	8869.000
1250.832	9034.000
1250.970	8843.000
1251.107	9022.000
1251.245	8750.000
1251.382	8947.000
1251.520	8922.000
1251.657	9086.000
1251.795	8860.000
1251.932	8957.000
1252.070	8882.000
1252.207	9093.000
1252.345	8926.000
1252.483	9047.000
1252.620	8869.000
1252.757	9085.000
1252.895	8879.000
1253.032	8981.000
1253.170	8901.000
1253.307	9057.000
1253.445	8912.000
1253.582	8962.000
1253.720	8951.000
1253.857	9112.000
1253.995	8982.000
1254.132	9020.000
1254.269	8956.000
1254.407	8949.000
1254.544	9012.000
1254.681	9102.000
