1059.898	6767.000
1060.043	6788.000
1060.188	6757.000
1060.333	6885.000
1060.479	6761.000
1060.624	6932.000
1060.769	6714.000
1060.914	6841.000
1061.059	6749.000
1061.204	6867.000
1061.349	6715.000
1061.494	6910.000
1061.639	6728.000
1061.784	6793.000
1061.929	6751.000
1062.074	6929.000
1062.219	6686.000
1062.364	6968.000
1062.509	6846.000
1062.654	7157.000
1062.799	7063.000
1062.944	7144.000
1063.089	7253.000
1063.234	7218.000
1063.379	7168.000
1063.524	7188.000
1063.669	7078.000
1063.814	7061.000
1063.959	6901.000
1064.104	6876.000
1064.249	6823.000
1064.394	6890.000
1064.538	6799.000
1064.683	6837.000
1064.828	6708.000
1064.973	6851.000
1065.118	6819.000
1065.263	6839.000
1065.408	6813.000
1065.553	6885.000
1065.697	6787.000
1065.842	6883.000
1065.987	6762.000
1066.132	6887.000
1066.277	6747.000
1066.422	6886.000
1066.566	6805.000
1066.711	6845.000
1066.856	6795.000
1067.001	6855.000
1067.146	6780.000
1067.290	6844.000
1067.435	6831.000
1067.580	6924.000
1067.725	6755.000
1067.869	6888.000
1068.014	6761.000
1068.159	6883.000
1068.303	6746.000
1068.448	6824.000
1068.593	6831.000
1068.738	6845.000
1068.882	6761.000
1069.027	6856.000
1069.172	6754.000
1069.316	6921.000
1069.461	6795.000
1069.606	6802.000
1069.750	6760.000
1069.895	6863.000
1070.040	6788.000
1070.184	6778.000
1070.329	6800.000
1070.473	6871.000
1070.618	6712.000
1070.763	6816.000
1070.907	6745.000
1071.052	6820.000
1071.196	6779.000
1071.341	6897.000
1071.486	6710.000
1071.630	6845.000
1071.775	6822.000
1071.919	6840.000
1072.064	6725.000
1072.208	6818.000
1072.353	6739.000
1072.497	6836.000
1072.642	6806.000
1072.786	6842.000
1072.931	6785.000
1073.075	6867.000
1073.220	6808.000
1073.364	6868.000
1073.509	6810.000
1073.653	6823.000
1073.798	6772.000
1073.942	6839.000
1074.087	6798.000
1074.231	6857.000
1074.376	6752.000
1074.520	6813.000
1074.664	6753.000
1074.809	6775.000
1074.953	6764.000
1075.098	6868.000
1075.242	6752.000
1075.386	6855.000
1075.531	6784.000
1075.675	6846.000
1075.819	6819.000
1075.964	6892.000
1076.108	6675.000
1076.252	6924.000
1076.397	6810.000
1076.541	6835.000
1076.685	6852.000
1076.830	6959.000
1076.974	6862.000
1077.118	6913.000
1077.263	6838.000
1077.407	6956.000
1077.551	6911.000
1077.695	6999.000
1077.840	6902.000
1077.984	7021.000
1078.128	6850.000
1078.272	6933.000
1078.417	7047.000
1078.561	7081.000
1078.705	7024.000
1078.849	7086.000
1078.994	7028.000
1079.138	7040.000
1079.282	7015.000
1079.426	7071.000
1079.570	7078.000
1079.714	7129.000
1079.859	7023.000
1080.003	7099.000
1080.147	7102.000
1080.291	7146.000
1080.435	7043.000
1080.579	7049.000
1080.723	7071.000
1080.868	7169.000
1081.012	7130.000
1081.156	7125.000
1081.300	7075.000
1081.444	7198.000
1081.588	7133.000
1081.732	7111.000
1081.876	7055.000
1082.020	7165.000
1082.164	7100.000
1082.308	7197.000
1082.452	7190.000
1082.596	7265.000
1082.740	7144.000
1082.884	7235.000
1083.028	7190.000
1083.172	7197.000
1083.316	7180.000
1083.460	7298.000
1083.604	7163.000
1083.748	7249.000
1083.892	7268.000
1084.036	7254.000
1084.180	7245.000
1084.324	7362.000
1084.468	7185.000
1084.612	7368.000
1084.756	7335.000
1084.900	7321.000
1085.044	7365.000
1085.188	7417.000
1085.332	7298.000
1085.476	7467.000
1085.619	7280.000
1085.763	7365.000
1085.907	7418.000
1086.051	7508.000
1086.195	7421.000
1086.339	7510.000
1086.483	7357.000
1086.626	7441.000
1086.770	7467.000
1086.914	7470.000
1087.058	7487.000
1087.202	7594.000
1087.346	7423.000
1087.489	7485.000
1087.633	7423.000
1087.777	7516.000
1087.921	7466.000
1088.064	7557.000
1088.208	7411.000
1088.352	7484.000
1088.496	7326.000
1088.639	7572.000
1088.783	7508.000
1088.927	7494.000
1089.071	7529.000
1089.214	7477.000
1089.358	7412.000
1089.502	7532.000
1089.645	7430.000
1089.789	7552.000
1089.933	7396.000
1090.076	7535.000
1090.220	7409.000
1090.364	7515.000
1090.507	7340.000
1090.651	7543.000
1090.795	7447.000
1090.938	7452.000
1091.082	7366.000
1091.226	7429.000
1091.369	7320.000
1091.513	7484.000
1091.656	7383.000
1091.800	7504.000
1091.944	7370.000
1092.087	7482.000
1092.231	7218.000
1092.374	7489.000
1092.518	7268.000
1092.661	7437.000
1092.805	7268.000
1092.948	7480.000
1093.092	7337.000
1093.235	7389.000
1093.379	7281.000
1093.522	7398.000
1093.666	7226.000
1093.809	7374.000
1093.953	7267.000
1094.096	7399.000
1094.240	7233.000
1094.383	7370.000
1094.527	7272.000
1094.670	7377.000
1094.814	7319.000
1094.957	7397.000
1095.101	7280.000
1095.244	7437.000
1095.387	7329.000
1095.531	7482.000
1095.674	7435.000
1095.818	7572.000
1095.961	7484.000
1096.104	7474.000
1096.248	7416.000
1096.391	7566.000
1096.534	7459.000
1096.678	7610.000
1096.821	7680.000
1096.964	7679.000
1097.108	7539.000
1097.251	7728.000
1097.394	7681.000
1097.538	7657.000
1097.681	7575.000
1097.824	7735.000
1097.968	7597.000
1098.111	7718.000
1098.254	7611.000
1098.397	7730.000
1098.541	7623.000
1098.684	7707.000
1098.827	7655.000
1098.970	7750.000
1099.114	7690.000
1099.257	7768.000
1099.400	7710.000
1099.543	7807.000
1099.686	7736.000
1099.830	7940.000
1099.973	7742.000
1100.116	7815.000
1100.259	7796.000
1100.402	7904.000
1100.545	7751.000
1100.689	7940.000
1100.832	7931.000
1100.975	7955.000
1101.118	7886.000
1101.261	7937.000
1101.404	7910.000
1101.547	8027.000
1101.691	7939.000
1101.834	8037.000
1101.977	7998.000
1102.120	8145.000
1102.263	8009.000
1102.406	8122.000
1102.549	7954.000
1102.692	8251.000
1102.835	8067.000
1102.978	8182.000
1103.121	8128.000
1103.264	8274.000
1103.407	8159.000
1103.550	8280.000
1103.693	8316.000
1103.836	8264.000
1103.979	8254.000
1104.122	8433.000
1104.265	8339.000
1104.408	8430.000
1104.551	8331.000
1104.694	8587.000
1104.837	8520.000
1104.980	8594.000
1105.123	8492.000
1105.266	8674.000
1105.409	8657.000
1105.552	8737.000
1105.695	8624.000
1105.838	8810.000
1105.980	8714.000
1106.123	8771.000
1106.266	8792.000
1106.409	8885.000
1106.552	8832.000
1106.695	9074.000
1106.838	8875.000
1106.980	8943.000
1107.123	8984.000
1107.266	9191.000
1107.409	9127.000
1107.552	9146.000
1107.695	9088.000
1107.837	9344.000
1107.980	9244.000
1108.123	9386.000
1108.266	9345.000
1108.409	9490.000
1108.551	9460.000
1108.694	9587.000
1108.837	9607.000
1108.980	9734.000
1109.122	9642.000
1109.265	9854.000
1109.408	9715.000
1109.551	9835.000
1109.693	9913.000
1109.836	10022.000
1109.979	9911.000
1110.121	10178.000
1110.264	10005.000
1110.407	10170.000
1110.549	10230.000
1110.692	10404.000
1110.835	10370.000
1110.977	10457.000
1111.120	10484.000
1111.263	10543.000
1111.405	10593.000
1111.548	10719.000
1111.691	10859.000
1111.833	10851.000
1111.976	10863.000
1112.118	10971.000
1112.261	11072.000
1112.404	11137.000
1112.546	11132.000
1112.689	11214.000
1112.831	11328.000
1112.974	11434.000
1113.116	11478.000
1113.259	11635.000
1113.401	11573.000
1113.544	11778.000
1113.686	11745.000
1113.829	11936.000
1113.971	11940.000
1114.114	12176.000
1114.256	12130.000
1114.399	12421.000
1114.541	12244.000
1114.684	12586.000
1114.826	12482.000
1114.969	12649.000
1115.111	12703.000
1115.254	12865.000
1115.396	12925.000
1115.539	13008.000
1115.681	13152.000
1115.823	13302.000
1115.966	13257.000
1116.108	13385.000
1116.251	13464.000
1116.393	13598.000
1116.535	13706.000
1116.678	13810.000
1116.820	13972.000
1116.962	14057.000
1117.105	14100.000
1117.247	14286.000
1117.389	14125.000
1117.532	14585.000
1117.674	14754.000
1117.816	14777.000
1117.959	14890.000
1118.101	14869.000
1118.243	14956.000
1118.386	15152.000
1118.528	15362.000
1118.670	15472.000
1118.812	15512.000
1118.955	15638.000
1119.097	15738.000
1119.239	16004.000
1119.381	16091.000
1119.524	16187.000
1119.666	16298.000
1119.808	16480.000
1119.950	16567.000
1120.093	16574.000
1120.235	16699.000
1120.377	16941.000
1120.519	17116.000
1120.661	17377.000
1120.803	17491.000
1120.946	17501.000
1121.088	17560.000
1121.230	17703.000
1121.372	17921.000
1121.514	18192.000
1121.656	18169.000
1121.798	18257.000
1121.941	18345.000
1122.083	18420.000
1122.225	18558.000
1122.367	18707.000
1122.509	18815.000
1122.651	19075.000
1122.793	19303.000
1122.935	19592.000
1123.077	19846.000
1123.219	19946.000
1123.361	19994.000
1123.503	19967.000
1123.645	20023.000
1123.787	20173.000
1123.929	20585.000
1124.071	20924.000
1124.213	21002.000
1124.355	21160.000
1124.497	21392.000
1124.639	21415.000
1124.781	21702.000
1124.923	21715.000
1125.065	21690.000
1125.207	21581.000
1125.349	21644.000
1125.491	21813.000
1125.633	22232.000
1125.775	22409.000
1125.917	22639.000
1126.059	22755.000
1126.201	22946.000
1126.343	23073.000
1126.485	23334.000
1126.626	23437.000
1126.768	23620.000
1126.910	23604.000
1127.052	23754.000
1127.194	23724.000
1127.336	23804.000
1127.478	23760.000
1127.619	23779.000
1127.761	23771.000
1127.903	23946.000
1128.045	24122.000
1128.187	24403.000
1128.329	24206.000
1128.470	24353.000
1128.612	24274.000
1128.754	24336.000
1128.896	24432.000
1129.037	24447.000
1129.179	24242.000
1129.321	24316.000
1129.463	23845.000
1129.604	23877.000
1129.746	23614.000
1129.888	23732.000
1130.030	23662.000
1130.171	23578.000
1130.313	23436.000
1130.455	23300.000
1130.596	23068.000
1130.738	22794.000
1130.880	22559.000
1131.021	22391.000
1131.163	21874.000
1131.305	21619.000
1131.446	21108.000
1131.588	20784.000
1131.730	20472.000
1131.871	20012.000
1132.013	19605.000
1132.155	19213.000
1132.296	18740.000
1132.438	18411.000
1132.579	18012.000
1132.721	17649.000
1132.863	17338.000
1133.004	16808.000
1133.146	16587.000
1133.287	16153.000
1133.429	15842.000
1133.570	15548.000
1133.712	15289.000
1133.853	15000.000
1133.995	14771.000
1134.136	14461.000
1134.278	14271.000
1134.419	13961.000
1134.561	13758.000
1134.702	13382.000
1134.844	13372.000
1134.985	13507.000
1135.127	13425.000
1135.268	13442.000
1135.410	13502.000
1135.551	13420.000
1135.693	13513.000
1135.834	13313.000
1135.975	13308.000
1136.117	13166.000
1136.258	13450.000
1136.400	13415.000
1136.541	13530.000
1136.682	13347.000
1136.824	13384.000
1136.965	13212.000
1137.107	13141.000
1137.248	12864.000
1137.389	12795.000
1137.531	12530.000
1137.672	12506.000
1137.813	12225.000
1137.955	12122.000
1138.096	11752.000
1138.237	11735.000
1138.379	11444.000
1138.520	11363.000
1138.661	11090.000
1138.802	11114.000
1138.944	10786.000
1139.085	10842.000
1139.226	10539.000
1139.368	10637.000
1139.509	10331.000
1139.650	10448.000
1139.791	10098.000
1139.933	10095.000
1140.074	9891.000
1140.215	9871.000
1140.356	9740.000
1140.497	9827.000
1140.639	9529.000
1140.780	9598.000
1140.921	9253.000
1141.062	9426.000
1141.203	9280.000
1141.344	9362.000
1141.486	9116.000
1141.627	9204.000
1141.768	9117.000
1141.909	9098.000
1142.050	8963.000
1142.191	9097.000
1142.332	8828.000
1142.473	9003.000
1142.615	8758.000
1142.756	8974.000
1142.897	8715.000
1143.038	8797.000
1143.179	8689.000
1143.320	8776.000
1143.461	8624.000
1143.602	8652.000
1143.743	8485.000
1143.884	8694.000
1144.025	8617.000
1144.166	8674.000
1144.307	8522.000
1144.448	8653.000
1144.589	8433.000
1144.730	8605.000
1144.871	8437.000
1145.012	8558.000
1145.153	8328.000
1145.294	8523.000
1145.435	8442.000
1145.576	8539.000
1145.717	8366.000
1145.858	8516.000
1145.999	8301.000
1146.140	8463.000
1146.281	8239.000
1146.422	8391.000
1146.562	8181.000
1146.703	8239.000
1146.844	8094.000
1146.985	8251.000
1147.126	8211.000
1147.267	8227.000
1147.408	8125.000
1147.549	8234.000
1147.689	8096.000
1147.830	8220.000
1147.971	8059.000
1148.112	8233.000
1148.253	8041.000
1148.394	8153.000
1148.534	8013.000
1148.675	8198.000
1148.816	7998.000
1148.957	8087.000
1149.097	7982.000
1149.238	8070.000
1149.379	7917.000
1149.520	8055.000
1149.661	7911.000
1149.801	8107.000
1149.942	7969.000
1150.083	8057.000
1150.223	7934.000
1150.364	8066.000
1150.505	7942.000
1150.646	8034.000
1150.786	7913.000
1150.927	8090.000
1151.068	7890.000
1151.208	8052.000
1151.349	7899.000
1151.490	8080.000
1151.630	7933.000
1151.771	8006.000
1151.912	7879.000
1152.052	8091.000
1152.193	7943.000
1152.333	8059.000
1152.474	7935.000
1152.615	8084.000
1152.755	7814.000
1152.896	8009.000
1153.036	8024.000
1153.177	8169.000
1153.318	7961.000
1153.458	8076.000
1153.599	8001.000
1153.739	8046.000
1153.880	7932.000
1154.020	8107.000
1154.161	7949.000
1154.301	8086.000
1154.442	7919.000
1154.582	8084.000
1154.723	7933.000
1154.863	8143.000
1155.004	8020.000
1155.144	8170.000
1155.285	7929.000
1155.425	8163.000
1155.566	7963.000
1155.706	8153.000
1155.847	7998.000
1155.987	8225.000
1156.127	7975.000
1156.268	8135.000
1156.408	8012.000
1156.549	8140.000
1156.689	7998.000
1156.829	8188.000
1156.970	8065.000
1157.110	8142.000
1157.251	8069.000
1157.391	8148.000
1157.531	8044.000
1157.672	8211.000
1157.812	8051.000
1157.952	8102.000
1158.093	7986.000
1158.233	8206.000
1158.373	8094.000
1158.514	8133.000
1158.654	8073.000
1158.794	8145.000
1158.935	8102.000
1159.075	8244.000
1159.215	8053.000
1159.355	8177.000
1159.496	8134.000
1159.636	8195.000
1159.776	8063.000
1159.916	8254.000
1160.057	8126.000
1160.197	8215.000
1160.337	8120.000
1160.477	8221.000
1160.617	8068.000
1160.758	8189.000
1160.898	8040.000
1161.038	8227.000
1161.178	8062.000
1161.318	8140.000
1161.459	8072.000
1161.599	8145.000
1161.739	7999.000
1161.879	8081.000
1162.019	7967.000
1162.159	8194.000
1162.299	7978.000
1162.439	8065.000
1162.580	7972.000
1162.720	8178.000
1162.860	8329.000
1163.000	8050.000
1163.140	7921.000
1163.280	8004.000
1163.420	7827.000
1163.560	8051.000
1163.700	7833.000
1163.840	8035.000
1163.980	7790.000
1164.120	7841.000
1164.260	7877.000
1164.400	7931.000
1164.540	7780.000
1164.680	7851.000
1164.820	7730.000
1164.960	7924.000
1165.100	7694.000
1165.240	7791.000
1165.380	7635.000
1165.520	7747.000
1165.660	7642.000
1165.800	7768.000
1165.940	7634.000
1166.080	7690.000
1166.220	7663.000
1166.360	7689.000
1166.500	7561.000
1166.640	7794.000
1166.780	7555.000
1166.919	7684.000
1167.059	7544.000
1167.199	7618.000
1167.339	7525.000
1167.479	7628.000
1167.619	7508.000
1167.759	7537.000
1167.898	7548.000
1168.038	7552.000
1168.178	7488.000
1168.318	7599.000
1168.458	7459.000
1168.598	7616.000
1168.737	7476.000
1168.877	7653.000
1169.017	7498.000
1169.157	7547.000
1169.297	7514.000
1169.436	7545.000
1169.576	7465.000
1169.716	7554.000
1169.856	7453.000
1169.995	7531.000
1170.135	7495.000
1170.275	7587.000
1170.414	7529.000
1170.554	7548.000
1170.694	7433.000
1170.834	7523.000
1170.973	7436.000
1171.113	7508.000
1171.253	7389.000
1171.392	7619.000
1171.532	7424.000
1171.672	7581.000
1171.811	7403.000
1171.951	7523.000
1172.091	7411.000
1172.230	7532.000
1172.370	7375.000
1172.509	7583.000
1172.649	7388.000
1172.789	7586.000
1172.928	7484.000
1173.068	7607.000
1173.207	7426.000
1173.347	7567.000
1173.486	7410.000
1173.626	7531.000
1173.766	7395.000
1173.905	7585.000
1174.045	7367.000
1174.184	7602.000
1174.324	7428.000
1174.463	7605.000
1174.603	7389.000
1174.742	7575.000
1174.882	7445.000
1175.021	7623.000
1175.161	7482.000
1175.300	7593.000
1175.440	7530.000
1175.579	7644.000
1175.719	7500.000
1175.858	7571.000
1175.997	7481.000
1176.137	7680.000
1176.276	7448.000
1176.416	7602.000
1176.555	7479.000
1176.695	7678.000
1176.834	7471.000
1176.973	7667.000
1177.113	7483.000
1177.252	7734.000
1177.391	7589.000
1177.531	7683.000
1177.670	7476.000
1177.809	7640.000
1177.949	7475.000
1178.088	7639.000
1178.227	7562.000
1178.367	7675.000
1178.506	7544.000
1178.645	7671.000
1178.785	7575.000
1178.924	7668.000
1179.063	7600.000
1179.203	7689.000
1179.342	7550.000
1179.481	7754.000
1179.620	7541.000
1179.760	7663.000
1179.899	7540.000
1180.038	7687.000
1180.177	7480.000
1180.317	7719.000
1180.456	7609.000
1180.595	7626.000
1180.734	7589.000
1180.873	7770.000
1181.013	7566.000
1181.152	7745.000
1181.291	7633.000
1181.430	7686.000
1181.569	7583.000
1181.708	7658.000
1181.848	7565.000
1181.987	7674.000
1182.126	7620.000
1182.265	7740.000
1182.404	7648.000
1182.543	7712.000
1182.682	7573.000
1182.821	7809.000
1182.960	7700.000
1183.100	7741.000
1183.239	7713.000
1183.378	7775.000
1183.517	7650.000
1183.656	7749.000
1183.795	6833.000
1183.934	7742.000
1184.073	7636.000
1184.212	7715.000
1184.351	7569.000
1184.490	7785.000
1184.629	7600.000
1184.768	7765.000
1184.907	7696.000
1185.046	7762.000
1185.185	7644.000
1185.324	7725.000
1185.463	7567.000
1185.602	7818.000
1185.741	7645.000
1185.880	7742.000
1186.019	7580.000
1186.158	7791.000
1186.296	7558.000
1186.435	7701.000
1186.574	7628.000
1186.713	7706.000
1186.852	7637.000
1186.991	7764.000
1187.130	7583.000
1187.269	7780.000
1187.408	7544.000
1187.546	7839.000
1187.685	7645.000
1187.824	7699.000
1187.963	7670.000
1188.102	7716.000
1188.241	7622.000
1188.379	7704.000
1188.518	7608.000
1188.657	7708.000
1188.796	7628.000
1188.935	7811.000
1189.073	7669.000
1189.212	7832.000
1189.351	7662.000
1189.490	7721.000
1189.629	7596.000
1189.767	7756.000
1189.906	7558.000
1190.045	7757.000
1190.183	7555.000
1190.322	7723.000
1190.461	7583.000
1190.600	7760.000
1190.738	7692.000
1190.877	7764.000
1191.016	7648.000
1191.154	7846.000
1191.293	7582.000
1191.432	7740.000
1191.570	7680.000
1191.709	7863.000
1191.848	7656.000
1191.986	7901.000
1192.125	10617.000
1192.264	7908.000
1192.402	7701.000
1192.541	7832.000
1192.679	7727.000
1192.818	7828.000
1192.957	7623.000
1193.095	7792.000
1193.234	7770.000
1193.372	7912.000
1193.511	7779.000
1193.649	7817.000
1193.788	7706.000
1193.926	7850.000
1194.065	7832.000
1194.204	7923.000
1194.342	7721.000
1194.481	7898.000
1194.619	7722.000
1194.758	7905.000
1194.896	7771.000
1195.035	7915.000
1195.173	7799.000
1195.311	7905.000
1195.450	7785.000
1195.588	7875.000
1195.727	7737.000
1195.865	7802.000
1196.004	7696.000
1196.142	7901.000
1196.281	7716.000
1196.419	7877.000
1196.557	7683.000
1196.696	7919.000
1196.834	7732.000
1196.973	7908.000
1197.111	7695.000
1197.249	7861.000
1197.388	7590.000
1197.526	7833.000
1197.664	7618.000
1197.803	7855.000
1197.941	7617.000
1198.079	7868.000
1198.218	7678.000
1198.356	7784.000
1198.494	7641.000
1198.633	7840.000
1198.771	7540.000
1198.909	7817.000
1199.048	7665.000
1199.186	7703.000
1199.324	7576.000
1199.462	7767.000
1199.601	7591.000
1199.739	7698.000
1199.877	7557.000
1200.015	7697.000
1200.154	7606.000
1200.292	7663.000
1200.430	7562.000
1200.568	7670.000
1200.706	7570.000
1200.845	7715.000
1200.983	7471.000
1201.121	7676.000
1201.259	7438.000
1201.397	7617.000
1201.535	7553.000
1201.674	7666.000
1201.812	7438.000
1201.950	7557.000
1202.088	7459.000
1202.226	7633.000
1202.364	7430.000
1202.502	7614.000
1202.640	7408.000
1202.778	7575.000
1202.917	7378.000
1203.055	7452.000
1203.193	7354.000
1203.331	7505.000
1203.469	7322.000
1203.607	7351.000
1203.745	7323.000
1203.883	7527.000
1204.021	7349.000
1204.159	7376.000
1204.297	7289.000
1204.435	7338.000
1204.573	7310.000
1204.711	7431.000
