1159.948	7739.000
1160.095	7605.000
1160.241	7733.000
1160.387	7680.000
1160.533	7676.000
1160.679	7670.000
1160.825	7676.000
1160.971	7631.000
1161.117	7674.000
1161.263	7626.000
1161.410	7618.000
1161.556	7664.000
1161.702	7674.000
1161.848	7550.000
1161.994	7646.000
1162.140	7652.000
1162.286	7560.000
1162.432	7623.000
1162.578	7587.000
1162.724	7605.000
1162.870	7537.000
1163.016	7527.000
1163.162	7713.000
1163.308	7569.000
1163.454	7619.000
1163.599	7532.000
1163.745	7576.000
1163.891	7483.000
1164.037	7510.000
1164.183	7498.000
1164.329	7568.000
1164.475	7556.000
1164.621	7597.000
1164.767	7479.000
1164.912	7487.000
1165.058	7488.000
1165.204	7572.000
1165.350	7452.000
1165.496	7523.000
1165.642	7522.000
1165.787	7500.000
1165.933	7507.000
1166.079	7474.000
1166.225	7532.000
1166.370	7418.000
1166.516	7460.000
1166.662	7514.000
1166.808	7414.000
1166.953	7461.000
1167.099	7472.000
1167.245	7440.000
1167.390	7407.000
1167.536	7532.000
1167.682	7514.000
1167.827	7430.000
1167.973	7452.000
1168.119	7443.000
1168.264	7482.000
1168.410	7433.000
1168.556	7417.000
1168.701	7483.000
1168.847	7455.000
1168.992	7441.000
1169.138	7426.000
1169.284	7395.000
1169.429	7490.000
1169.575	7462.000
1169.720	7404.000
1169.866	7427.000
1170.011	7437.000
1170.157	7439.000
1170.302	7380.000
1170.448	7446.000
1170.593	7457.000
1170.739	7377.000
1170.884	7429.000
1171.030	7390.000
1171.175	7371.000
1171.321	7417.000
1171.466	7514.000
1171.611	7388.000
1171.757	7431.000
1171.902	7442.000
1172.048	7410.000
1172.193	7371.000
1172.338	7405.000
1172.484	7382.000
1172.629	7402.000
1172.775	7394.000
1172.920	7383.000
1173.065	7388.000
1173.211	7437.000
1173.356	7403.000
1173.501	7424.000
1173.646	7449.000
1173.792	7401.000
1173.937	7364.000
1174.082	7440.000
1174.228	7447.000
1174.373	7459.000
1174.518	7407.000
1174.663	7384.000
1174.809	7380.000
1174.954	7382.000
1175.099	7397.000
1175.244	7516.000
1175.389	7397.000
1175.535	7452.000
1175.680	7439.000
1175.825	7419.000
1175.970	7448.000
1176.115	7488.000
1176.260	7365.000
1176.405	7494.000
1176.550	7392.000
1176.696	7422.000
1176.841	7468.000
1176.986	7494.000
1177.131	7494.000
1177.276	7489.000
1177.421	7474.000
1177.566	7496.000
1177.711	7486.000
1177.856	7592.000
1178.001	7468.000
1178.146	7554.000
1178.291	7427.000
1178.436	7478.000
1178.581	7584.000
1178.726	7572.000
1178.871	7525.000
1179.016	7557.000
1179.161	7562.000
1179.306	7547.000
1179.451	7558.000
1179.596	7552.000
1179.741	7584.000
1179.886	7650.000
1180.030	7541.000
1180.175	7608.000
1180.320	7634.000
1180.465	7637.000
1180.610	7621.000
1180.755	7570.000
1180.900	7606.000
1181.044	7677.000
1181.189	7674.000
1181.334	7640.000
1181.479	7594.000
1181.624	7692.000
1181.768	7651.000
1181.913	7640.000
1182.058	7609.000
1182.203	7663.000
1182.348	7581.000
1182.492	7742.000
1182.637	7682.000
1182.782	7755.000
1182.926	7687.000
1183.071	7705.000
1183.216	7688.000
1183.360	7669.000
1183.505	7686.000
1183.650	7733.000
1183.794	7640.000
1183.939	7714.000
1184.084	7715.000
1184.228	7722.000
1184.373	7695.000
1184.518	7764.000
1184.662	7632.000
1184.807	7728.000
1184.951	7689.000
1185.096	7710.000
1185.241	7756.000
1185.385	7756.000
1185.530	7635.000
1185.674	7771.000
1185.819	7599.000
1185.963	7728.000
1186.108	7722.000
1186.252	7788.000
1186.397	7746.000
1186.541	7798.000
1186.686	7642.000
1186.830	7704.000
1186.975	7736.000
1187.119	7739.000
1187.263	7790.000
1187.408	7861.000
1187.552	7686.000
1187.697	7747.000
1187.841	7688.000
1187.985	7767.000
1188.130	7755.000
1188.274	7922.000
1188.419	7709.000
1188.563	7790.000
1188.707	7650.000
1188.852	7873.000
1188.996	7868.000
1189.140	7746.000
1189.285	7821.000
1189.429	7776.000
1189.573	7702.000
1189.717	7819.000
1189.862	7747.000
1190.006	7877.000
1190.150	7708.000
1190.294	7857.000
1190.439	7743.000
1190.583	7831.000
1190.727	7712.000
1190.871	7903.000
1191.016	7784.000
1191.160	7835.000
1191.304	7726.000
1191.448	7819.000
1191.592	7705.000
1191.736	7843.000
1191.881	7797.000
1192.025	7893.000
1192.169	7773.000
1192.313	7871.000
1192.457	7662.000
1192.601	7876.000
1192.745	7729.000
1192.889	7890.000
1193.033	7726.000
1193.177	7936.000
1193.321	7807.000
1193.465	7854.000
1193.610	7795.000
1193.754	7902.000
1193.898	7733.000
1194.042	7836.000
1194.186	7785.000
1194.330	7912.000
1194.474	7723.000
1194.617	7805.000
1194.761	7745.000
1194.905	7835.000
1195.049	7773.000
1195.193	7812.000
1195.337	7723.000
1195.481	7905.000
1195.625	7748.000
1195.769	7859.000
1195.913	7815.000
1196.057	7888.000
1196.201	7784.000
1196.344	7777.000
1196.488	7692.000
1196.632	7841.000
1196.776	7669.000
1196.920	7846.000
1197.064	7833.000
1197.207	7840.000
1197.351	7671.000
1197.495	7838.000
1197.639	7803.000
1197.782	7784.000
1197.926	7661.000
1198.070	7803.000
1198.214	7655.000
1198.357	7756.000
1198.501	7641.000
1198.645	7783.000
1198.789	7603.000
1198.932	7715.000
1199.076	7612.000
1199.220	7712.000
1199.363	7650.000
1199.507	7749.000
1199.651	7634.000
1199.794	7712.000
1199.938	7617.000
1200.081	7755.000
1200.225	7606.000
1200.369	7591.000
1200.512	7559.000
1200.656	7637.000
1200.799	7475.000
1200.943	7650.000
1201.087	7585.000
1201.230	7630.000
1201.374	7491.000
1201.517	7540.000
1201.661	7466.000
1201.804	7522.000
1201.948	7424.000
1202.091	7513.000
1202.235	7433.000
1202.378	7533.000
1202.522	7408.000
1202.665	7500.000
1202.808	7179.000
1202.952	7502.000
1203.095	7295.000
1203.239	7387.000
1203.382	7268.000
1203.526	7404.000
1203.669	7266.000
1203.812	7359.000
1203.956	7317.000
1204.099	7285.000
1204.242	7148.000
1204.386	7363.000
1204.529	7225.000
1204.672	7293.000
1204.816	7148.000
1204.959	7381.000
1205.102	7253.000
1205.246	7326.000
1205.389	7142.000
1205.532	7294.000
1205.675	7208.000
1205.819	7326.000
1205.962	7113.000
1206.105	7334.000
1206.248	7138.000
1206.392	7175.000
1206.535	7161.000
1206.678	7245.000
1206.821	7112.000
1206.964	7345.000
1207.108	7102.000
1207.251	7127.000
1207.394	7101.000
1207.537	7299.000
1207.680	7169.000
1207.823	7193.000
1207.966	7013.000
1208.109	7240.000
1208.253	7069.000
1208.396	7214.000
1208.539	7057.000
1208.682	7236.000
1208.825	7077.000
1208.968	7201.000
1209.111	7127.000
1209.254	7216.000
1209.397	7079.000
1209.540	7222.000
1209.683	7011.000
1209.826	7119.000
1209.969	7064.000
1210.112	7144.000
1210.255	6943.000
1210.398	7234.000
1210.541	6915.000
1210.684	7100.000
1210.827	6992.000
1210.970	7162.000
1211.113	7011.000
1211.255	7142.000
1211.398	6997.000
1211.541	7021.000
1211.684	6952.000
1211.827	7098.000
1211.970	7075.000
1212.113	7049.000
1212.256	6942.000
1212.398	7050.000
1212.541	6974.000
1212.684	7093.000
1212.827	6910.000
1212.970	7024.000
1213.112	6977.000
1213.255	7065.000
1213.398	6965.000
1213.541	7089.000
1213.683	6887.000
1213.826	7126.000
1213.969	6900.000
1214.112	7093.000
1214.254	6917.000
1214.397	7137.000
1214.540	6942.000
1214.682	7192.000
1214.825	6858.000
1214.968	7166.000
1215.110	6947.000
1215.253	7121.000
1215.396	6970.000
1215.538	7116.000
1215.681	6959.000
1215.824	7024.000
1215.966	6937.000
1216.109	7105.000
1216.251	6911.000
1216.394	7061.000
1216.536	6951.000
1216.679	7088.000
1216.822	7033.000
1216.964	7119.000
1217.107	7007.000
1217.249	7100.000
1217.392	6883.000
1217.534	7131.000
1217.677	6703.000
1217.819	7145.000
1217.962	7004.000
1218.104	7071.000
1218.247	7035.000
1218.389	7040.000
1218.531	6874.000
1218.674	7014.000
1218.816	6985.000
1218.959	7154.000
1219.101	6931.000
1219.243	7069.000
1219.386	6900.000
1219.528	7116.000
1219.671	6962.000
1219.813	7057.000
1219.955	6926.000
1220.098	7120.000
1220.240	6994.000
1220.382	7113.000
1220.525	6934.000
1220.667	7110.000
1220.809	6960.000
1220.951	7137.000
1221.094	6998.000
1221.236	7042.000
1221.378	6860.000
1221.520	7071.000
1221.663	6969.000
1221.805	7214.000
1221.947	6909.000
1222.089	7123.000
1222.232	6977.000
1222.374	7115.000
1222.516	6979.000
1222.658	7125.000
1222.800	6941.000
1222.942	7133.000
1223.084	6967.000
1223.227	7106.000
1223.369	6991.000
1223.511	7183.000
1223.653	7004.000
1223.795	7139.000
1223.937	6964.000
1224.079	7058.000
1224.221	6940.000
1224.363	7145.000
1224.505	6917.000
1224.647	7058.000
1224.789	6939.000
1224.932	7064.000
1225.074	6926.000
1225.216	7094.000
1225.358	6978.000
1225.500	7108.000
1225.641	6936.000
1225.783	7129.000
1225.925	7013.000
1226.067	7080.000
1226.209	6939.000
1226.351	7143.000
1226.493	7006.000
1226.635	7103.000
1226.777	6915.000
1226.919	7145.000
1227.061	6958.000
1227.203	7058.000
1227.345	6968.000
1227.486	7110.000
1227.628	6938.000
1227.770	7092.000
1227.912	6951.000
1228.054	7088.000
1228.196	6935.000
1228.337	7049.000
1228.479	7045.000
1228.621	7049.000
1228.763	6947.000
1228.904	7072.000
1229.046	6896.000
1229.188	7151.000
1229.330	7038.000
1229.471	7080.000
1229.613	6948.000
1229.755	7023.000
1229.897	6978.000
1230.038	7103.000
1230.180	7015.000
1230.322	7136.000
1230.463	6917.000
1230.605	7107.000
1230.747	6965.000
1230.888	7138.000
1231.030	6974.000
1231.171	7135.000
1231.313	7012.000
1231.455	7143.000
1231.596	6978.000
1231.738	6997.000
1231.879	6909.000
1232.021	7143.000
1232.163	6861.000
1232.304	7041.000
1232.446	6919.000
1232.587	7063.000
1232.729	6934.000
1232.870	7050.000
1233.012	6916.000
1233.153	7136.000
1233.295	6809.000
1233.436	7122.000
1233.578	6915.000
1233.719	7031.000
1233.860	6936.000
1234.002	7104.000
1234.143	6904.000
1234.285	7050.000
1234.426	6904.000
1234.568	7036.000
1234.709	6926.000
1234.850	7066.000
1234.992	6868.000
1235.133	7075.000
1235.274	7073.000
1235.416	7088.000
1235.557	6931.000
1235.698	7093.000
1235.840	6891.000
1235.981	7083.000
1236.122	6883.000
1236.264	7089.000
1236.405	6843.000
1236.546	7181.000
1236.687	6928.000
1236.829	7114.000
1236.970	6876.000
1237.111	7078.000
1237.252	6951.000
1237.394	7099.000
1237.535	6857.000
1237.676	7026.000
1237.817	6890.000
1237.958	7083.000
1238.100	6924.000
1238.241	7068.000
1238.382	6851.000
1238.523	7039.000
1238.664	6911.000
1238.805	7042.000
1238.946	6920.000
1239.088	7040.000
1239.229	6811.000
1239.370	7053.000
1239.511	6831.000
1239.652	7101.000
1239.793	6906.000
1239.934	7118.000
1240.075	6913.000
1240.216	7032.000
1240.357	6828.000
1240.498	6973.000
1240.639	6907.000
1240.780	7107.000
1240.921	6859.000
1241.062	7079.000
1241.203	6752.000
1241.344	7047.000
1241.485	6929.000
1241.626	7055.000
1241.767	6861.000
1241.908	7001.000
1242.049	6944.000
1242.190	6994.000
1242.330	6876.000
1242.471	7050.000
1242.612	6820.000
1242.753	7021.000
1242.894	6817.000
1243.035	7058.000
1243.176	6874.000
1243.316	6956.000
1243.457	6810.000
1243.598	7019.000
1243.739	6863.000
1243.880	6914.000
1244.020	6771.000
1244.161	6977.000
1244.302	6906.000
1244.443	7037.000
1244.584	6890.000
1244.724	7064.000
1244.865	6821.000
1245.006	7016.000
1245.146	6799.000
1245.287	6959.000
1245.428	6758.000
1245.568	6958.000
1245.709	6894.000
1245.850	7014.000
1245.990	6825.000
1246.131	7000.000
1246.272	6789.000
1246.412	6965.000
1246.553	6741.000
1246.694	6980.000
1246.834	6742.000
1246.975	6874.000
1247.115	6725.000
1247.256	6929.000
1247.397	6854.000
1247.537	6903.000
1247.678	6761.000
1247.818	6916.000
1247.959	6821.000
1248.099	6921.000
1248.240	6753.000
1248.380	6973.000
1248.521	6742.000
1248.661	6922.000
1248.802	6741.000
1248.942	6986.000
1249.083	6730.000
1249.223	6851.000
1249.364	6753.000
1249.504	6872.000
1249.644	6738.000
1249.785	6824.000
1249.925	6698.000
1250.066	6923.000
1250.206	6799.000
1250.346	6859.000
1250.487	6750.000
1250.627	6889.000
1250.767	6736.000
1250.908	6858.000
1251.048	6677.000
1251.188	6878.000
1251.329	6646.000
1251.469	6878.000
1251.609	6742.000
1251.750	6871.000
1251.890	6704.000
1252.030	6835.000
1252.170	6667.000
1252.311	6874.000
1252.451	6722.000
1252.591	6836.000
1252.731	6766.000
1252.871	6876.000
1253.012	6672.000
1253.152	6853.000
1253.292	6766.000
1253.432	6934.000
1253.572	6718.000
1253.712	6833.000
1253.853	6713.000
1253.993	6812.000
1254.133	6674.000
1254.273	6881.000
1254.413	6692.000
1254.553	6843.000
1254.693	6671.000
1254.833	6861.000
1254.973	6654.000
1255.114	6925.000
1255.254	6732.000
1255.394	6883.000
1255.534	6656.000
1255.674	6913.000
1255.814	6689.000
1255.954	6878.000
1256.094	6707.000
1256.234	6910.000
1256.374	6683.000
1256.514	6826.000
1256.654	6662.000
1256.794	6836.000
1256.933	6654.000
1257.073	6894.000
1257.213	6693.000
1257.353	6819.000
1257.493	6734.000
1257.633	6862.000
1257.773	6724.000
1257.913	6916.000
1258.053	6716.000
1258.193	6808.000
1258.332	6683.000
1258.472	6858.000
1258.612	6743.000
1258.752	6816.000
1258.892	6717.000
1259.031	6849.000
1259.171	6725.000
1259.311	6941.000
1259.451	6694.000
1259.591	6823.000
1259.730	6788.000
1259.870	6878.000
1260.010	6717.000
1260.150	6914.000
1260.289	6776.000
1260.429	6918.000
1260.569	6776.000
1260.708	6914.000
1260.848	6755.000
1260.988	6843.000
1261.127	6707.000
1261.267	6906.000
1261.407	6731.000
1261.546	6845.000
1261.686	6813.000
1261.826	6912.000
1261.965	6737.000
1262.105	6827.000
1262.244	6695.000
1262.384	6981.000
1262.524	6733.000
1262.663	6858.000
1262.803	6757.000
1262.942	6956.000
1263.082	7115.000
1263.221	6872.000
1263.361	6702.000
1263.500	6874.000
1263.640	6700.000
1263.779	6934.000
1263.919	6695.000
1264.058	6926.000
1264.198	6702.000
1264.337	6782.000
1264.477	6781.000
1264.616	6863.000
1264.756	6687.000
1264.895	6860.000
1265.034	6724.000
1265.174	6921.000
1265.313	6706.000
1265.453	6802.000
1265.592	6672.000
1265.731	6795.000
1265.871	6650.000
1266.010	6847.000
1266.149	6711.000
1266.289	6778.000
1266.428	6775.000
1266.567	6821.000
1266.707	6665.000
1266.846	6942.000
1266.985	6701.000
1267.124	6820.000
1267.264	6691.000
1267.403	6784.000
1267.542	6671.000
1267.681	6761.000
1267.821	6696.000
1267.960	6715.000
1268.099	6691.000
1268.238	6739.000
1268.377	6680.000
1268.517	6782.000
1268.656	6650.000
1268.795	6819.000
1268.934	6656.000
1269.073	6843.000
1269.212	6672.000
1269.352	6772.000
1269.491	6717.000
1269.630	6769.000
1269.769	6709.000
1269.908	6789.000
1270.047	6665.000
1270.186	6752.000
1270.325	6685.000
1270.464	6788.000
1270.603	6730.000
1270.742	6786.000
1270.881	6669.000
1271.020	6717.000
1271.159	6654.000
1271.298	6776.000
1271.437	6645.000
1271.576	6811.000
1271.715	6664.000
1271.854	6814.000
1271.993	6655.000
1272.132	6761.000
1272.271	6657.000
1272.410	6757.000
1272.549	6585.000
1272.688	6828.000
1272.827	6655.000
1272.966	6842.000
1273.104	6692.000
1273.243	6863.000
1273.382	6634.000
1273.521	6847.000
1273.660	6665.000
1273.799	6781.000
1273.938	6595.000
1274.076	6845.000
1274.215	6626.000
1274.354	6833.000
1274.493	6684.000
1274.632	6849.000
1274.770	6619.000
1274.909	6789.000
1275.048	6657.000
1275.187	6839.000
1275.325	6688.000
1275.464	6814.000
1275.603	6729.000
1275.741	6872.000
1275.880	6716.000
1276.019	6774.000
1276.157	6692.000
1276.296	6880.000
1276.435	6667.000
1276.573	6816.000
1276.712	6676.000
1276.851	6863.000
1276.989	6639.000
1277.128	6861.000
1277.267	6659.000
1277.405	6903.000
1277.544	6758.000
1277.682	6884.000
1277.821	6616.000
1277.959	6807.000
1278.098	6671.000
1278.236	6770.000
1278.375	6694.000
1278.514	6811.000
1278.652	6712.000
1278.791	6811.000
1278.929	6663.000
1279.068	6813.000
1279.206	6705.000
1279.344	6788.000
1279.483	6697.000
1279.621	6846.000
1279.760	6653.000
1279.898	6776.000
1280.037	6651.000
1280.175	6808.000
1280.313	6557.000
1280.452	6841.000
1280.590	6711.000
1280.729	6730.000
1280.867	6704.000
1281.005	6870.000
1281.144	6617.000
1281.282	6797.000
1281.420	6667.000
1281.559	6767.000
1281.697	6610.000
1281.835	6699.000
1281.974	6631.000
1282.112	6734.000
1282.250	6645.000
1282.388	6785.000
1282.527	6609.000
1282.665	6737.000
1282.803	6595.000
1282.941	6826.000
1283.080	6691.000
1283.218	6751.000
1283.356	6689.000
1283.494	6786.000
1283.632	6661.000
1283.771	6778.000
1283.909	5847.000
1284.047	6734.000
1284.185	6596.000
1284.323	6698.000
1284.461	6538.000
1284.599	6735.000
1284.737	6568.000
1284.876	6736.000
1285.014	6616.000
1285.152	6727.000
1285.290	6579.000
1285.428	6707.000
1285.566	6545.000
1285.704	6759.000
1285.842	6594.000
1285.980	6706.000
1286.118	6495.000
1286.256	6724.000
1286.394	6514.000
1286.532	6671.000
1286.670	6571.000
1286.808	6646.000
1286.946	6535.000
1287.084	6694.000
1287.222	6484.000
1287.360	6700.000
1287.498	6466.000
1287.636	6755.000
1287.774	6545.000
1287.911	6626.000
1288.049	6575.000
1288.187	6618.000
1288.325	6487.000
1288.463	6591.000
1288.601	6454.000
1288.739	6577.000
1288.876	6467.000
1289.014	6650.000
1289.152	6483.000
1289.290	6682.000
1289.428	6419.000
1289.565	6563.000
1289.703	6424.000
1289.841	6562.000
1289.979	6349.000
1290.117	6598.000
1290.254	6340.000
1290.392	6550.000
1290.530	6395.000
1290.667	6569.000
1290.805	6477.000
1290.943	6544.000
1291.080	6460.000
1291.218	6672.000
1291.356	6386.000
1291.493	6543.000
1291.631	6433.000
1291.769	6622.000
1291.906	6399.000
1292.044	6657.000
1292.182	9449.000
1292.319	6618.000
1292.457	6437.000
1292.594	6569.000
1292.732	6471.000
1292.870	6591.000
1293.007	6346.000
1293.145	6572.000
1293.282	6526.000
1293.420	6689.000
1293.557	6488.000
1293.695	6579.000
1293.832	6418.000
1293.970	6568.000
1294.107	6529.000
1294.245	6627.000
1294.382	6447.000
1294.520	6602.000
1294.657	6405.000
1294.795	6630.000
1294.932	6476.000
1295.069	6645.000
1295.207	6493.000
1295.344	6638.000
1295.482	6487.000
1295.619	6576.000
1295.756	6416.000
1295.894	6534.000
1296.031	6413.000
1296.168	6652.000
1296.306	6435.000
1296.443	6597.000
1296.580	6429.000
1296.718	6619.000
1296.855	6425.000
1296.992	6620.000
1297.130	6381.000
1297.267	6596.000
1297.404	6325.000
1297.541	6582.000
1297.679	6353.000
1297.816	6579.000
1297.953	6342.000
1298.090	6607.000
1298.228	6399.000
1298.365	6563.000
1298.502	6382.000
1298.639	6612.000
1298.776	6330.000
1298.913	6591.000
1299.051	6437.000
1299.188	6493.000
1299.325	6360.000
1299.462	6601.000
1299.599	6376.000
1299.736	6505.000
1299.873	6375.000
1300.010	6544.000
1300.147	6411.000
1300.285	6506.000
1300.422	6383.000
1300.559	6563.000
1300.696	6419.000
1300.833	6584.000
1300.970	6344.000
1301.107	6560.000
1301.244	6297.000
1301.381	6542.000
1301.518	6434.000
1301.655	6597.000
1301.792	6345.000
1301.929	6490.000
1302.066	6421.000
1302.203	6597.000
1302.340	6386.000
1302.476	6621.000
1302.613	6370.000
1302.750	6612.000
1302.887	6334.000
1303.024	6489.000
1303.161	6365.000
1303.298	6605.000
1303.435	6357.000
1303.572	6451.000
1303.708	6389.000
1303.845	6594.000
1303.982	6401.000
1304.119	6501.000
1304.256	6378.000
1304.392	6453.000
1304.529	6413.000
1304.666	6599.000
