1029.870	3284.000
1030.015	3391.000
1030.160	3255.000
1030.305	3499.000
1030.449	3216.000
1030.594	3489.000
1030.739	3225.000
1030.884	3453.000
1031.029	3223.000
1031.173	3469.000
1031.318	3177.000
1031.463	3509.000
1031.608	3259.000
1031.752	3408.000
1031.897	3228.000
1032.042	3509.000
1032.187	3189.000
1032.331	3506.000
1032.476	3185.000
1032.621	3501.000
1032.765	3183.000
1032.910	3415.000
1033.055	3340.000
1033.200	3440.000
1033.344	3288.000
1033.489	3430.000
1033.634	3267.000
1033.778	3434.000
1033.923	3240.000
1034.068	3418.000
1034.212	3254.000
1034.357	3501.000
1034.502	3282.000
1034.646	3436.000
1034.791	3206.000
1034.935	3427.000
1035.080	3329.000
1035.225	3430.000
1035.369	3304.000
1035.514	3484.000
1035.658	3215.000
1035.803	3486.000
1035.947	3208.000
1036.092	3515.000
1036.237	3214.000
1036.381	3449.000
1036.526	3278.000
1036.670	3411.000
1036.815	3260.000
1036.959	3453.000
1037.104	3212.000
1037.248	3416.000
1037.393	3267.000
1037.537	3464.000
1037.682	3198.000
1037.826	3456.000
1037.971	3201.000
1038.115	3457.000
1038.260	3179.000
1038.404	3407.000
1038.549	3258.000
1038.693	3398.000
1038.838	3214.000
1038.982	3341.000
1039.126	3157.000
1039.271	3465.000
1039.415	3236.000
1039.560	3385.000
1039.704	3180.000
1039.848	3415.000
1039.993	3209.000
1040.137	3414.000
1040.282	3221.000
1040.426	3422.000
1040.570	3129.000
1040.715	3394.000
1040.859	3194.000
1041.003	3381.000
1041.148	3219.000
1041.292	3459.000
1041.436	3151.000
1041.581	3383.000
1041.725	3208.000
1041.869	3412.000
1042.014	3158.000
1042.158	3357.000
1042.302	3171.000
1042.447	3384.000
1042.591	3206.000
1042.735	3356.000
1042.879	3166.000
1043.024	3397.000
1043.168	3228.000
1043.312	3388.000
1043.456	3225.000
1043.601	3375.000
1043.745	3146.000
1043.889	3358.000
1044.033	3190.000
1044.178	3382.000
1044.322	3152.000
1044.466	3301.000
1044.610	3131.000
1044.754	3298.000
1044.899	3158.000
1045.043	3417.000
1045.187	3165.000
1045.331	3357.000
1045.475	3156.000
1045.619	3330.000
1045.763	3176.000
1045.908	3345.000
1046.052	3057.000
1046.196	3372.000
1046.340	3139.000
1046.484	3316.000
1046.628	3178.000
1046.772	3398.000
1046.916	3181.000
1047.060	3322.000
1047.205	3164.000
1047.349	3334.000
1047.493	3133.000
1047.637	3403.000
1047.781	3134.000
1047.925	3380.000
1048.069	3090.000
1048.213	3277.000
1048.357	3235.000
1048.501	3376.000
1048.645	3155.000
1048.789	3363.000
1048.933	3143.000
1049.077	3295.000
1049.221	3135.000
1049.365	3324.000
1049.509	3181.000
1049.653	3360.000
1049.797	3107.000
1049.941	3349.000
1050.085	3184.000
1050.229	3348.000
1050.373	3122.000
1050.517	3296.000
1050.660	3160.000
1050.804	3365.000
1050.948	3191.000
1051.092	3308.000
1051.236	3158.000
1051.380	3356.000
1051.524	3178.000
1051.668	3339.000
1051.812	3126.000
1051.956	3303.000
1052.099	3134.000
1052.243	3379.000
1052.387	3163.000
1052.531	3387.000
1052.675	3162.000
1052.819	3387.000
1052.962	3171.000
1053.106	3300.000
1053.250	3140.000
1053.394	3347.000
1053.538	3091.000
1053.681	3334.000
1053.825	3164.000
1053.969	3311.000
1054.113	3136.000
1054.257	3376.000
1054.400	3068.000
1054.544	3353.000
1054.688	3110.000
1054.832	3273.000
1054.975	3171.000
1055.119	3352.000
1055.263	3088.000
1055.407	3352.000
1055.550	3073.000
1055.694	3291.000
1055.838	3149.000
1055.981	3360.000
1056.125	3132.000
1056.269	3359.000
1056.412	3062.000
1056.556	3239.000
1056.700	3141.000
1056.843	3287.000
1056.987	3161.000
1057.131	3368.000
1057.274	3111.000
1057.418	3321.000
1057.562	3085.000
1057.705	3321.000
1057.849	3129.000
1057.992	3402.000
1058.136	3060.000
1058.280	3296.000
1058.423	3020.000
1058.567	3368.000
1058.710	3215.000
1058.854	3297.000
1058.997	3157.000
1059.141	3289.000
1059.285	3087.000
1059.428	3319.000
1059.572	3134.000
1059.715	3374.000
1059.859	3075.000
1060.002	3340.000
1060.146	3098.000
1060.289	3319.000
1060.433	3067.000
1060.576	3399.000
1060.720	3132.000
1060.863	3310.000
1061.007	3055.000
1061.150	3276.000
1061.294	3040.000
1061.437	3272.000
1061.580	3108.000
1061.724	3329.000
1061.867	3110.000
1062.011	3345.000
1062.154	3000.000
1062.298	3342.000
1062.441	3067.000
1062.584	3304.000
1062.728	3064.000
1062.871	3368.000
1063.015	3099.000
1063.158	3300.000
1063.301	3071.000
1063.445	3331.000
1063.588	3094.000
1063.731	3277.000
1063.875	3106.000
1064.018	3348.000
1064.161	3046.000
1064.305	3278.000
1064.448	3095.000
1064.591	3302.000
1064.735	3112.000
1064.878	3307.000
1065.021	3060.000
1065.165	3336.000
1065.308	3132.000
1065.451	3300.000
1065.594	3147.000
1065.738	3330.000
1065.881	3106.000
1066.024	3276.000
1066.167	3078.000
1066.311	3300.000
1066.454	3059.000
1066.597	3346.000
1066.740	3203.000
1066.884	3355.000
1067.027	3083.000
1067.170	3389.000
1067.313	3222.000
1067.456	3286.000
1067.599	3090.000
1067.743	3368.000
1067.886	3086.000
1068.029	3306.000
1068.172	3102.000
1068.315	3347.000
1068.458	3078.000
1068.602	3303.000
1068.745	3084.000
1068.888	3316.000
1069.031	3121.000
1069.174	3314.000
1069.317	3111.000
1069.460	3346.000
1069.603	3110.000
1069.746	3387.000
1069.890	3148.000
1070.033	3296.000
1070.176	3143.000
1070.319	3338.000
1070.462	3073.000
1070.605	3318.000
1070.748	3203.000
1070.891	3346.000
1071.034	3108.000
1071.177	3280.000
1071.320	3099.000
1071.463	3304.000
1071.606	3135.000
1071.749	3317.000
1071.892	3116.000
1072.035	3335.000
1072.178	3114.000
1072.321	3315.000
1072.464	2994.000
1072.607	3364.000
1072.750	3087.000
1072.893	3289.000
1073.036	3090.000
1073.179	3344.000
1073.322	3114.000
1073.465	3276.000
1073.607	3202.000
1073.750	3228.000
1073.893	3042.000
1074.036	3328.000
1074.179	3108.000
1074.322	3306.000
1074.465	3072.000
1074.608	3349.000
1074.751	3170.000
1074.893	3320.000
1075.036	3072.000
1075.179	3313.000
1075.322	3170.000
1075.465	3321.000
1075.608	3060.000
1075.750	3351.000
1075.893	3079.000
1076.036	3224.000
1076.179	3129.000
1076.322	3283.000
1076.464	3096.000
1076.607	3384.000
1076.750	3071.000
1076.893	3191.000
1077.036	3094.000
1077.178	3354.000
1077.321	3141.000
1077.464	3259.000
1077.607	3019.000
1077.749	3333.000
1077.892	3106.000
1078.035	3287.000
1078.177	3099.000
1078.320	3305.000
1078.463	3126.000
1078.606	3308.000
1078.748	3164.000
1078.891	3327.000
1079.034	3097.000
1079.176	3323.000
1079.319	3070.000
1079.462	3240.000
1079.604	3123.000
1079.747	3306.000
1079.890	3005.000
1080.032	3319.000
1080.175	3010.000
1080.317	3260.000
1080.460	3071.000
1080.603	3331.000
1080.745	3098.000
1080.888	3268.000
1081.030	3121.000
1081.173	3219.000
1081.316	3060.000
1081.458	3284.000
1081.601	3178.000
1081.743	3214.000
1081.886	3101.000
1082.028	3247.000
1082.171	3132.000
1082.313	3289.000
1082.456	3056.000
1082.598	3227.000
1082.741	3093.000
1082.883	3271.000
1083.026	3088.000
1083.168	3307.000
1083.311	3026.000
1083.453	3336.000
1083.596	3008.000
1083.738	3270.000
1083.881	3049.000
1084.023	3327.000
1084.166	3091.000
1084.308	3381.000
1084.451	3021.000
1084.593	3395.000
1084.736	3089.000
1084.878	3304.000
1085.020	3106.000
1085.163	3282.000
1085.305	3085.000
1085.448	3229.000
1085.590	3096.000
1085.732	3324.000
1085.875	3044.000
1086.017	3273.000
1086.159	3076.000
1086.302	3298.000
1086.444	3150.000
1086.586	3321.000
1086.729	3136.000
1086.871	3279.000
1087.013	3050.000
1087.156	3349.000
1087.298	2978.000
1087.440	3312.000
1087.583	3107.000
1087.725	3265.000
1087.867	3154.000
1088.010	3229.000
1088.152	3015.000
1088.294	3241.000
1088.436	3087.000
1088.579	3374.000
1088.721	3103.000
1088.863	3309.000
1089.005	3040.000
1089.148	3316.000
1089.290	3121.000
1089.432	3273.000
1089.574	3010.000
1089.716	3340.000
1089.859	3146.000
1090.001	3283.000
1090.143	3075.000
1090.285	3310.000
1090.427	3079.000
1090.569	3324.000
1090.712	3128.000
1090.854	3222.000
1090.996	2977.000
1091.138	3288.000
1091.280	3100.000
1091.422	3384.000
1091.564	3070.000
1091.707	3315.000
1091.849	3108.000
1091.991	3285.000
1092.133	3115.000
1092.275	3327.000
1092.417	3067.000
1092.559	3324.000
1092.701	3120.000
1092.843	3287.000
1092.985	3128.000
1093.127	3367.000
1093.269	3111.000
1093.411	3335.000
1093.554	3103.000
1093.696	3244.000
1093.838	3050.000
1093.980	3350.000
1094.122	3055.000
1094.264	3278.000
1094.406	3049.000
1094.548	3255.000
1094.690	3070.000
1094.832	3252.000
1094.973	3099.000
1095.115	3292.000
1095.257	3089.000
1095.399	3320.000
1095.541	3132.000
1095.683	3284.000
1095.825	3063.000
1095.967	3331.000
1096.109	3135.000
1096.251	3296.000
1096.393	3063.000
1096.535	3362.000
1096.677	3090.000
1096.819	3270.000
1096.960	3055.000
1097.102	3293.000
1097.244	3109.000
1097.386	3325.000
1097.528	3072.000
1097.670	3290.000
1097.812	3073.000
1097.953	3240.000
1098.095	3151.000
1098.237	3254.000
1098.379	3027.000
1098.521	3278.000
1098.662	3012.000
1098.804	3323.000
1098.946	3141.000
1099.088	3231.000
1099.230	3071.000
1099.371	3214.000
1099.513	3112.000
1099.655	3302.000
1099.797	3133.000
1099.938	3330.000
1100.080	3088.000
1100.222	3284.000
1100.364	3113.000
1100.505	3310.000
1100.647	3075.000
1100.789	3345.000
1100.931	3135.000
1101.072	3343.000
1101.214	3093.000
1101.356	3191.000
1101.497	3021.000
1101.639	3309.000
1101.781	3033.000
1101.922	3266.000
1102.064	3075.000
1102.206	3296.000
1102.347	3085.000
1102.489	3268.000
1102.631	3067.000
1102.772	3326.000
1102.914	2965.000
1103.055	3341.000
1103.197	3081.000
1103.339	3273.000
1103.480	3117.000
1103.622	3299.000
1103.763	3074.000
1103.905	3271.000
1104.046	3051.000
1104.188	3263.000
1104.330	3104.000
1104.471	3268.000
1104.613	3038.000
1104.754	3278.000
1104.896	3208.000
1105.037	3311.000
1105.179	3099.000
1105.320	3333.000
1105.462	3045.000
1105.603	3274.000
1105.745	3043.000
1105.886	3319.000
1106.028	3039.000
1106.169	3395.000
1106.311	3098.000
1106.452	3335.000
1106.594	3081.000
1106.735	3295.000
1106.876	3116.000
1107.018	3335.000
1107.159	3007.000
1107.301	3264.000
1107.442	3062.000
1107.584	3302.000
1107.725	3121.000
1107.866	3275.000
1108.008	3002.000
1108.149	3310.000
1108.291	3091.000
1108.432	3241.000
1108.573	3078.000
1108.715	3293.000
1108.856	3039.000
1108.997	3285.000
1109.139	3040.000
1109.280	3329.000
1109.421	3076.000
1109.563	3372.000
1109.704	3095.000
1109.845	3242.000
1109.987	3033.000
1110.128	3226.000
1110.269	3095.000
1110.410	3367.000
1110.552	3049.000
1110.693	3283.000
1110.834	2972.000
1110.975	3272.000
1111.117	3086.000
1111.258	3307.000
1111.399	3075.000
1111.540	3247.000
1111.682	3172.000
1111.823	3230.000
1111.964	3068.000
1112.105	3317.000
1112.247	3045.000
1112.388	3283.000
1112.529	3017.000
1112.670	3339.000
1112.811	3101.000
1112.952	3196.000
1113.094	3058.000
1113.235	3280.000
1113.376	3061.000
1113.517	3199.000
1113.658	2980.000
1113.799	3241.000
1113.940	3148.000
1114.082	3293.000
1114.223	3100.000
1114.364	3344.000
1114.505	3059.000
1114.646	3288.000
1114.787	3053.000
1114.928	3258.000
1115.069	2968.000
1115.210	3243.000
1115.351	3135.000
1115.492	3271.000
1115.633	3033.000
1115.774	3295.000
1115.916	3053.000
1116.057	3281.000
1116.198	3017.000
1116.339	3246.000
1116.480	3030.000
1116.621	3213.000
1116.762	3007.000
1116.903	3222.000
1117.044	3132.000
1117.185	3214.000
1117.326	3031.000
1117.466	3236.000
1117.607	3067.000
1117.748	3224.000
1117.889	3035.000
1118.030	3277.000
1118.171	3061.000
1118.312	3217.000
1118.453	3020.000
1118.594	3286.000
1118.735	3048.000
1118.876	3225.000
1119.017	3042.000
1119.158	3210.000
1119.298	3004.000
1119.439	3179.000
1119.580	2975.000
1119.721	3267.000
1119.862	3095.000
1120.003	3216.000
1120.144	3024.000
1120.284	3251.000
1120.425	3021.000
1120.566	3196.000
1120.707	2969.000
1120.848	3218.000
1120.989	2979.000
1121.129	3221.000
1121.270	3059.000
1121.411	3233.000
1121.552	3031.000
1121.693	3194.000
1121.833	2993.000
1121.974	3257.000
1122.115	3032.000
1122.256	3225.000
1122.396	3062.000
1122.537	3218.000
1122.678	2971.000
1122.819	3221.000
1122.959	3096.000
1123.100	3278.000
1123.241	3039.000
1123.381	3214.000
1123.522	3040.000
1123.663	3191.000
1123.803	2983.000
1123.944	3232.000
1124.085	3007.000
1124.225	3224.000
1124.366	3006.000
1124.507	3207.000
1124.647	2985.000
1124.788	3278.000
1124.929	3050.000
1125.069	3281.000
1125.210	2964.000
1125.351	3254.000
1125.491	3014.000
1125.632	3269.000
1125.772	2987.000
1125.913	3247.000
1126.054	2955.000
1126.194	3200.000
1126.335	3038.000
1126.475	3213.000
1126.616	3014.000
1126.756	3283.000
1126.897	3001.000
1127.037	3212.000
1127.178	3037.000
1127.318	3204.000
1127.459	3031.000
1127.600	3267.000
1127.740	3068.000
1127.881	3170.000
1128.021	3027.000
1128.162	3232.000
1128.302	3063.000
1128.442	3213.000
1128.583	3039.000
1128.723	3216.000
1128.864	3069.000
1129.004	3296.000
1129.145	3020.000
1129.285	3202.000
1129.426	3075.000
1129.566	3246.000
1129.706	3016.000
1129.847	3310.000
1129.987	3090.000
1130.128	3286.000
1130.268	3093.000
1130.408	3283.000
1130.549	3082.000
1130.689	3236.000
1130.830	3031.000
1130.970	3289.000
1131.110	3084.000
1131.251	3189.000
1131.391	3111.000
1131.531	3278.000
1131.672	3039.000
1131.812	3198.000
1131.952	3005.000
1132.093	3311.000
1132.233	3054.000
1132.373	3244.000
1132.513	3075.000
1132.654	3304.000
1132.794	3252.000
1132.934	3244.000
1133.075	3070.000
1133.215	3260.000
1133.355	3014.000
1133.495	3315.000
1133.636	3039.000
1133.776	3288.000
1133.916	3027.000
1134.056	3184.000
1134.196	3082.000
1134.337	3230.000
1134.477	3037.000
1134.617	3222.000
1134.757	3083.000
1134.897	3275.000
1135.038	3031.000
1135.178	3225.000
1135.318	3006.000
1135.458	3202.000
1135.598	3031.000
1135.738	3244.000
1135.879	3056.000
1136.019	3224.000
1136.159	3110.000
1136.299	3239.000
1136.439	3023.000
1136.579	3321.000
1136.719	3035.000
1136.859	3237.000
1136.999	3018.000
1137.140	3207.000
1137.280	3051.000
1137.420	3208.000
1137.560	3060.000
1137.700	3149.000
1137.840	3049.000
1137.980	3147.000
1138.120	3065.000
1138.260	3237.000
1138.400	3059.000
1138.540	3255.000
1138.680	3022.000
1138.820	3261.000
1138.960	3036.000
1139.100	3223.000
1139.240	3069.000
1139.380	3217.000
1139.520	3081.000
1139.660	3213.000
1139.800	3072.000
1139.940	3191.000
1140.080	3053.000
1140.220	3253.000
1140.360	3123.000
1140.500	3222.000
1140.640	3028.000
1140.780	3167.000
1140.919	3025.000
1141.059	3197.000
1141.199	3049.000
1141.339	3300.000
1141.479	3069.000
1141.619	3260.000
1141.759	3018.000
1141.899	3212.000
1142.039	3029.000
1142.178	3189.000
1142.318	2978.000
1142.458	3248.000
1142.598	3045.000
1142.738	3271.000
1142.878	3077.000
1143.017	3298.000
1143.157	3024.000
1143.297	3259.000
1143.437	3024.000
1143.577	3212.000
1143.716	3009.000
1143.856	3301.000
1143.996	3003.000
1144.136	3303.000
1144.275	3067.000
1144.415	3292.000
1144.555	3011.000
1144.695	3243.000
1144.834	3044.000
1144.974	3262.000
1145.114	3059.000
1145.254	3274.000
1145.393	3104.000
1145.533	3302.000
1145.673	3093.000
1145.812	3211.000
1145.952	3058.000
1146.092	3301.000
1146.231	3050.000
1146.371	3285.000
1146.511	3051.000
1146.650	3256.000
1146.790	3060.000
1146.930	3297.000
1147.069	3024.000
1147.209	3312.000
1147.349	3132.000
1147.488	3296.000
1147.628	3033.000
1147.767	3263.000
1147.907	3068.000
1148.047	3216.000
1148.186	3093.000
1148.326	3280.000
1148.465	3131.000
1148.605	3275.000
1148.744	3093.000
1148.884	3284.000
1149.024	3104.000
1149.163	3278.000
1149.303	3067.000
1149.442	3318.000
1149.582	3059.000
1149.721	3240.000
1149.861	3069.000
1150.000	3242.000
1150.140	2993.000
1150.279	3301.000
1150.419	3122.000
1150.558	3224.000
1150.698	3128.000
1150.837	3352.000
1150.977	3044.000
1151.116	3298.000
1151.255	3124.000
1151.395	3260.000
1151.534	3070.000
1151.674	3188.000
1151.813	3066.000
1151.953	3235.000
1152.092	3080.000
1152.231	3263.000
1152.371	3113.000
1152.510	3256.000
1152.650	3080.000
1152.789	3308.000
1152.928	3111.000
1153.068	3245.000
1153.207	3151.000
1153.346	3274.000
1153.486	3106.000
1153.625	3296.000
1153.764	2708.000
1153.904	3249.000
1154.043	3070.000
1154.182	3239.000
1154.322	3009.000
1154.461	3252.000
1154.600	3031.000
1154.740	3253.000
1154.879	3142.000
1155.018	3254.000
1155.157	3115.000
1155.297	3251.000
1155.436	3072.000
1155.575	3293.000
1155.714	3112.000
1155.854	3272.000
1155.993	3021.000
1156.132	3292.000
1156.271	3021.000
1156.411	3220.000
1156.550	3061.000
1156.689	3195.000
1156.828	3053.000
1156.967	3291.000
1157.107	3049.000
1157.246	3318.000
1157.385	3018.000
1157.524	3337.000
1157.663	3081.000
1157.802	3211.000
1157.941	3106.000
1158.081	3193.000
1158.220	3070.000
1158.359	3194.000
1158.498	2983.000
1158.637	3177.000
1158.776	3002.000
1158.915	3281.000
1159.054	3069.000
1159.193	3261.000
1159.333	3014.000
1159.472	3171.000
1159.611	3019.000
1159.750	3212.000
1159.889	2936.000
1160.028	3209.000
1160.167	2944.000
1160.306	3181.000
1160.445	2988.000
1160.584	3211.000
1160.723	3086.000
1160.862	3223.000
1161.001	3015.000
1161.140	3302.000
1161.279	2953.000
1161.418	3194.000
1161.557	3035.000
1161.696	3259.000
1161.835	3020.000
1161.974	3319.000
1162.113	4472.000
1162.252	3277.000
1162.391	3078.000
1162.530	3248.000
1162.669	3074.000
1162.808	3220.000
1162.946	2964.000
1163.085	3179.000
1163.224	3140.000
1163.363	3307.000
1163.502	3109.000
1163.641	3192.000
1163.780	3045.000
1163.919	3237.000
1164.058	3109.000
1164.196	3290.000
1164.335	3045.000
1164.474	3220.000
1164.613	3026.000
1164.752	3289.000
1164.891	3079.000
1165.029	3276.000
1165.168	3101.000
1165.307	3273.000
1165.446	3111.000
1165.585	3245.000
1165.723	3021.000
1165.862	3205.000
1166.001	3028.000
1166.140	3296.000
1166.279	3058.000
1166.417	3263.000
1166.556	3011.000
1166.695	3324.000
1166.834	3022.000
1166.972	3305.000
1167.111	3051.000
1167.250	3284.000
1167.388	2978.000
1167.527	3268.000
1167.666	3005.000
1167.805	3303.000
1167.943	3012.000
1168.082	3268.000
1168.221	3058.000
1168.359	3263.000
1168.498	3058.000
1168.637	3327.000
1168.775	2984.000
1168.914	3283.000
1169.052	3101.000
1169.191	3229.000
1169.330	3045.000
1169.468	3312.000
1169.607	3024.000
1169.746	3247.000
1169.884	3066.000
1170.023	3241.000
1170.161	3055.000
1170.300	3224.000
1170.439	3076.000
1170.577	3255.000
1170.716	3108.000
1170.854	3307.000
1170.993	3011.000
1171.131	3242.000
1171.270	2996.000
1171.408	3228.000
1171.547	3121.000
1171.685	3311.000
1171.824	3051.000
1171.962	3242.000
1172.101	3105.000
1172.239	3308.000
1172.378	3068.000
1172.516	3336.000
1172.655	3099.000
1172.793	3305.000
1172.932	3084.000
1173.070	3252.000
1173.209	3062.000
1173.347	3284.000
1173.486	3079.000
1173.624	3179.000
1173.762	3119.000
1173.901	3323.000
1174.039	3137.000
1174.178	3239.000
1174.316	3068.000
1174.454	3180.000
1174.593	3129.000
1174.731	3291.000
