829.593	3248.000
829.736	3366.000
829.879	3198.000
830.022	3492.000
830.166	3221.000
830.309	3481.000
830.452	3194.000
830.595	3423.000
830.738	3239.000
830.881	3435.000
831.024	3174.000
831.167	3465.000
831.310	3235.000
831.453	3392.000
831.597	3234.000
831.740	3486.000
831.883	3143.000
832.026	3483.000
832.169	3170.000
832.312	3464.000
832.455	3146.000
832.598	3380.000
832.741	3314.000
832.884	3417.000
833.027	3283.000
833.170	3423.000
833.314	3253.000
833.457	3404.000
833.600	3207.000
833.743	3411.000
833.886	3229.000
834.029	3461.000
834.172	3268.000
834.315	3406.000
834.458	3175.000
834.601	3429.000
834.744	3277.000
834.887	3385.000
835.030	3269.000
835.173	3446.000
835.316	3215.000
835.459	3463.000
835.602	3211.000
835.745	3484.000
835.889	3190.000
836.032	3423.000
836.175	3251.000
836.318	3377.000
836.461	3215.000
836.604	3422.000
836.747	3169.000
836.890	3376.000
837.033	3255.000
837.176	3477.000
837.319	3174.000
837.462	3403.000
837.605	3193.000
837.748	3440.000
837.891	3166.000
838.034	3363.000
838.177	3231.000
838.320	3389.000
838.463	3190.000
838.606	3345.000
838.749	3142.000
838.892	3431.000
839.035	3217.000
839.178	3358.000
839.321	3196.000
839.464	3400.000
839.607	3187.000
839.750	3375.000
839.893	3194.000
840.036	3381.000
840.179	3129.000
840.322	3391.000
840.465	3166.000
840.608	3317.000
840.751	3197.000
840.894	3463.000
841.037	3142.000
841.180	3359.000
841.323	3173.000
841.465	3386.000
841.608	3140.000
841.751	3337.000
841.894	3116.000
842.037	3346.000
842.180	3193.000
842.323	3345.000
842.466	3122.000
842.609	3385.000
842.752	3203.000
842.895	3366.000
843.038	3200.000
843.181	3350.000
843.324	3120.000
843.467	3361.000
843.610	3169.000
843.753	3394.000
843.896	3142.000
844.039	3291.000
844.181	3091.000
844.324	3277.000
844.467	3115.000
844.610	3382.000
844.753	3131.000
844.896	3335.000
845.039	3136.000
845.182	3300.000
845.325	3142.000
845.468	3350.000
845.611	3015.000
845.753	3352.000
845.896	3110.000
846.039	3294.000
846.182	3148.000
846.325	3348.000
846.468	3171.000
846.611	3303.000
846.754	3136.000
846.897	3297.000
847.040	3128.000
847.182	3414.000
847.325	3099.000
847.468	3355.000
847.611	3082.000
847.754	3270.000
847.897	3196.000
848.040	3344.000
848.183	3133.000
848.325	3356.000
848.468	3127.000
848.611	3263.000
848.754	3121.000
848.897	3306.000
849.040	3156.000
849.183	3351.000
849.326	3109.000
849.468	3333.000
849.611	3174.000
849.754	3367.000
849.897	3121.000
850.040	3253.000
850.183	3139.000
850.325	3357.000
850.468	3174.000
850.611	3290.000
850.754	3105.000
850.897	3341.000
851.040	3154.000
851.183	3333.000
851.325	3119.000
851.468	3292.000
851.611	3108.000
851.754	3352.000
851.897	3174.000
852.039	3368.000
852.182	3152.000
852.325	3366.000
852.468	3149.000
852.611	3274.000
852.754	3138.000
852.896	3331.000
853.039	3080.000
853.182	3300.000
853.325	3172.000
853.468	3331.000
853.610	3127.000
853.753	3364.000
853.896	3083.000
854.039	3338.000
854.182	3130.000
854.324	3251.000
854.467	3133.000
854.610	3335.000
854.753	3078.000
854.895	3328.000
855.038	3042.000
855.181	3254.000
855.324	3122.000
855.467	3319.000
855.609	3137.000
855.752	3330.000
855.895	3061.000
856.038	3235.000
856.180	3121.000
856.323	3275.000
856.466	3142.000
856.609	3338.000
856.752	3084.000
856.894	3291.000
857.037	3060.000
857.180	3316.000
857.323	3095.000
857.465	3344.000
857.608	3059.000
857.751	3292.000
857.894	3038.000
858.036	3347.000
858.179	3228.000
858.322	3253.000
858.464	3144.000
858.607	3272.000
858.750	3067.000
858.893	3295.000
859.035	3112.000
859.178	3360.000
859.321	3059.000
859.464	3298.000
859.606	3090.000
859.749	3283.000
859.892	3065.000
860.034	3352.000
860.177	3098.000
860.320	3289.000
860.463	3039.000
860.605	3282.000
860.748	3024.000
860.891	3255.000
861.033	3080.000
861.176	3307.000
861.319	3089.000
861.461	3304.000
861.604	3003.000
861.747	3314.000
861.890	3045.000
862.032	3307.000
862.175	3082.000
862.318	3336.000
862.460	3105.000
862.603	3302.000
862.746	3071.000
862.888	3304.000
863.031	3075.000
863.174	3267.000
863.316	3123.000
863.459	3303.000
863.602	3034.000
863.744	3245.000
863.887	3066.000
864.030	3280.000
864.172	3102.000
864.315	3288.000
864.458	3049.000
864.600	3308.000
864.743	3094.000
864.886	3298.000
865.028	3144.000
865.171	3345.000
865.314	3122.000
865.456	3231.000
865.599	3061.000
865.741	3274.000
865.884	3053.000
866.027	3317.000
866.169	3165.000
866.312	3324.000
866.455	3081.000
866.597	3355.000
866.740	3149.000
866.882	3255.000
867.025	3079.000
867.168	3331.000
867.310	3106.000
867.453	3312.000
867.596	3055.000
867.738	3327.000
867.881	3085.000
868.023	3263.000
868.166	3077.000
868.309	3290.000
868.451	3103.000
868.594	3295.000
868.736	3103.000
868.879	3316.000
869.022	3098.000
869.164	3378.000
869.307	3127.000
869.449	3248.000
869.592	3104.000
869.735	3317.000
869.877	3050.000
870.020	3291.000
870.162	3176.000
870.305	3324.000
870.447	3092.000
870.590	3246.000
870.733	3087.000
870.875	3301.000
871.018	3117.000
871.160	3273.000
871.303	3107.000
871.445	3317.000
871.588	3071.000
871.731	3298.000
871.873	2962.000
872.016	3344.000
872.158	3092.000
872.301	3255.000
872.443	3068.000
872.586	3338.000
872.728	3058.000
872.871	3292.000
873.013	3161.000
873.156	3199.000
873.299	3007.000
873.441	3303.000
873.584	3081.000
873.726	3261.000
873.869	3040.000
874.011	3328.000
874.154	3127.000
874.296	3309.000
874.439	3056.000
874.581	3293.000
874.724	3148.000
874.866	3289.000
875.009	3027.000
875.151	3335.000
875.294	3053.000
875.436	3212.000
875.579	3097.000
875.721	3269.000
875.864	3092.000
876.006	3366.000
876.149	3034.000
876.291	3163.000
876.434	3074.000
876.576	3306.000
876.719	3114.000
876.861	3241.000
877.004	3012.000
877.146	3314.000
877.289	3070.000
877.431	3269.000
877.574	3060.000
877.716	3312.000
877.859	3087.000
878.001	3291.000
878.144	3132.000
878.286	3315.000
878.429	3082.000
878.571	3340.000
878.714	3086.000
878.856	3232.000
878.998	3146.000
879.141	3281.000
879.283	2972.000
879.426	3303.000
879.568	2989.000
879.711	3250.000
879.853	3064.000
879.996	3276.000
880.138	3084.000
880.281	3251.000
880.423	3106.000
880.565	3192.000
880.708	3055.000
880.850	3251.000
880.993	3142.000
881.135	3220.000
881.278	3072.000
881.420	3227.000
881.562	3094.000
881.705	3267.000
881.847	3022.000
881.990	3208.000
882.132	3056.000
882.275	3254.000
882.417	3067.000
882.559	3275.000
882.702	3002.000
882.844	3298.000
882.987	3000.000
883.129	3255.000
883.271	3024.000
883.414	3306.000
883.556	3060.000
883.699	3355.000
883.841	3001.000
883.983	3374.000
884.126	3050.000
884.268	3262.000
884.411	3057.000
884.553	3264.000
884.695	3085.000
884.838	3235.000
884.980	3070.000
885.122	3298.000
885.265	3026.000
885.407	3294.000
885.550	3075.000
885.692	3283.000
885.834	3131.000
885.977	3330.000
886.119	3137.000
886.261	3270.000
886.404	3016.000
886.546	3307.000
886.689	2969.000
886.831	3299.000
886.973	3103.000
887.116	3240.000
887.258	3126.000
887.400	3234.000
887.543	2998.000
887.685	3222.000
887.827	3093.000
887.970	3332.000
888.112	3079.000
888.254	3274.000
888.397	3003.000
888.539	3293.000
888.681	3083.000
888.824	3242.000
888.966	3015.000
889.108	3331.000
889.251	3110.000
889.393	3250.000
889.535	3046.000
889.678	3289.000
889.820	3043.000
889.962	3285.000
890.105	3092.000
890.247	3207.000
890.389	2987.000
890.531	3257.000
890.674	3062.000
890.816	3349.000
890.958	3042.000
891.101	3316.000
891.243	3087.000
891.385	3256.000
891.528	3117.000
891.670	3303.000
891.812	3085.000
891.954	3274.000
892.097	3064.000
892.239	3295.000
892.381	3103.000
892.524	3328.000
892.666	3109.000
892.808	3325.000
892.950	3079.000
893.093	3238.000
893.235	3025.000
893.377	3305.000
893.519	3048.000
893.662	3257.000
893.804	3043.000
893.946	3229.000
894.088	3043.000
894.231	3241.000
894.373	3099.000
894.515	3270.000
894.657	3079.000
894.800	3302.000
894.942	3114.000
895.084	3250.000
895.226	3050.000
895.369	3318.000
895.511	3128.000
895.653	3256.000
895.795	3052.000
895.938	3327.000
896.080	3064.000
896.222	3266.000
896.364	3065.000
896.507	3266.000
896.649	3063.000
896.791	3300.000
896.933	3061.000
897.075	3284.000
897.218	3052.000
897.360	3249.000
897.502	3130.000
897.644	3258.000
897.787	3046.000
897.929	3279.000
898.071	2995.000
898.213	3318.000
898.355	3130.000
898.498	3221.000
898.640	3058.000
898.782	3220.000
898.924	3111.000
899.066	3267.000
899.208	3122.000
899.351	3310.000
899.493	3042.000
899.635	3299.000
899.777	3100.000
899.919	3309.000
900.062	3087.000
900.204	3315.000
900.346	3105.000
900.488	3301.000
900.630	3093.000
900.772	3175.000
900.915	3028.000
901.057	3283.000
901.199	3015.000
901.341	3243.000
901.483	3064.000
901.625	3250.000
901.768	3036.000
901.910	3260.000
902.052	3077.000
902.194	3339.000
902.336	2968.000
902.478	3313.000
902.620	3060.000
902.763	3250.000
902.905	3081.000
903.047	3290.000
903.189	3048.000
903.331	3248.000
903.473	3043.000
903.615	3263.000
903.758	3064.000
903.900	3272.000
904.042	3002.000
904.184	3262.000
904.326	3211.000
904.468	3295.000
904.610	3092.000
904.752	3306.000
904.895	3023.000
905.037	3259.000
905.179	3027.000
905.321	3291.000
905.463	3010.000
905.605	3368.000
905.747	3082.000
905.889	3333.000
906.031	3066.000
906.173	3300.000
906.316	3100.000
906.458	3294.000
906.600	2998.000
906.742	3242.000
906.884	3034.000
907.026	3267.000
907.168	3105.000
907.310	3249.000
907.452	2987.000
907.594	3274.000
907.736	3083.000
907.878	3242.000
908.021	3047.000
908.163	3275.000
908.305	3000.000
908.447	3275.000
908.589	3004.000
908.731	3307.000
908.873	3070.000
909.015	3318.000
909.157	3061.000
909.299	3253.000
909.441	3015.000
909.583	3204.000
909.725	3094.000
909.867	3346.000
910.009	3043.000
910.151	3285.000
910.293	2955.000
910.435	3247.000
910.577	3075.000
910.719	3297.000
910.862	3046.000
911.004	3238.000
911.146	3147.000
911.288	3221.000
911.430	3076.000
911.572	3311.000
911.714	3019.000
911.856	3261.000
911.998	3004.000
912.140	3294.000
912.282	3086.000
912.424	3187.000
912.566	3020.000
912.708	3256.000
912.850	3071.000
912.992	3185.000
913.134	2954.000
913.276	3254.000
913.418	3106.000
913.560	3265.000
913.702	3088.000
913.844	3293.000
913.986	3047.000
914.128	3258.000
914.270	3021.000
914.412	3234.000
914.554	2963.000
914.696	3229.000
914.838	3089.000
914.980	3283.000
915.122	3018.000
915.264	3264.000
915.406	3036.000
915.548	3273.000
915.690	2947.000
915.831	3207.000
915.973	3026.000
916.115	3194.000
916.257	2968.000
916.399	3185.000
916.541	3108.000
916.683	3201.000
916.825	3027.000
916.967	3237.000
917.109	3049.000
917.251	3233.000
917.393	3025.000
917.535	3263.000
917.677	3011.000
917.819	3214.000
917.961	2999.000
918.103	3264.000
918.245	3044.000
918.387	3191.000
918.528	3034.000
918.670	3216.000
918.812	2979.000
918.954	3171.000
919.096	2963.000
919.238	3271.000
919.380	3064.000
919.522	3194.000
919.664	2988.000
919.806	3220.000
919.948	3009.000
920.090	3190.000
920.231	2995.000
920.373	3184.000
920.515	2943.000
920.657	3168.000
920.799	3032.000
920.941	3225.000
921.083	2992.000
921.225	3173.000
921.367	2975.000
921.509	3240.000
921.650	3037.000
921.792	3200.000
921.934	3041.000
922.076	3186.000
922.218	2933.000
922.360	3182.000
922.502	3056.000
922.644	3300.000
922.785	3008.000
922.927	3178.000
923.069	3065.000
923.211	3168.000
923.353	2990.000
923.495	3226.000
923.637	3007.000
923.779	3216.000
923.920	2966.000
924.062	3215.000
924.204	2969.000
924.346	3238.000
924.488	3017.000
924.630	3250.000
924.771	2946.000
924.913	3248.000
925.055	3001.000
925.197	3231.000
925.339	2966.000
925.481	3271.000
925.623	2998.000
925.764	3207.000
925.906	3016.000
926.048	3195.000
926.190	2986.000
926.332	3254.000
926.473	2968.000
926.615	3183.000
926.757	3039.000
926.899	3198.000
927.041	3001.000
927.183	3238.000
927.324	3005.000
927.466	3146.000
927.608	2970.000
927.750	3211.000
927.892	3072.000
928.033	3168.000
928.175	3051.000
928.317	3203.000
928.459	3019.000
928.601	3299.000
928.742	2994.000
928.884	3178.000
929.026	3066.000
929.168	3235.000
929.310	3016.000
929.451	3291.000
929.593	3073.000
929.735	3238.000
929.877	3089.000
930.018	3253.000
930.160	3065.000
930.302	3223.000
930.444	3027.000
930.585	3276.000
930.727	3055.000
930.869	3206.000
931.011	3079.000
931.153	3236.000
931.294	3018.000
931.436	3195.000
931.578	2981.000
931.720	3285.000
931.861	3042.000
932.003	3207.000
932.145	3063.000
932.287	3300.000
932.428	3240.000
932.570	3217.000
932.712	3054.000
932.854	3220.000
932.995	3003.000
933.137	3290.000
933.279	3017.000
933.420	3270.000
933.562	3032.000
933.704	3160.000
933.846	3073.000
933.987	3227.000
934.129	3011.000
934.271	3225.000
934.412	3047.000
934.554	3255.000
934.696	3023.000
934.838	3211.000
934.979	3019.000
935.121	3161.000
935.263	3023.000
935.404	3240.000
935.546	3044.000
935.688	3198.000
935.830	3079.000
935.971	3213.000
936.113	3010.000
936.255	3327.000
936.396	3009.000
936.538	3213.000
936.680	3013.000
936.821	3174.000
936.963	3051.000
937.105	3233.000
937.246	3038.000
937.388	3141.000
937.530	3060.000
937.671	3129.000
937.813	3067.000
937.955	3215.000
938.096	3025.000
938.238	3240.000
938.380	3051.000
938.521	3245.000
938.663	3014.000
938.805	3202.000
938.946	3065.000
939.088	3192.000
939.230	3039.000
939.371	3200.000
939.513	3039.000
939.655	3169.000
939.796	3054.000
939.938	3251.000
940.080	3089.000
940.221	3198.000
940.363	3040.000
940.504	3168.000
940.646	3025.000
940.788	3199.000
940.929	3038.000
941.071	3240.000
941.213	3043.000
941.354	3229.000
941.496	2999.000
941.637	3175.000
941.779	3036.000
941.921	3192.000
942.062	2970.000
942.204	3260.000
942.346	2996.000
942.487	3248.000
942.629	3083.000
942.770	3281.000
942.912	2993.000
943.054	3251.000
943.195	3014.000
943.337	3185.000
943.478	2983.000
943.620	3252.000
943.761	2990.000
943.903	3281.000
944.045	3068.000
944.186	3277.000
944.328	2997.000
944.469	3213.000
944.611	3046.000
944.753	3259.000
944.894	3031.000
945.036	3236.000
945.177	3126.000
945.319	3281.000
945.460	3072.000
945.602	3208.000
945.744	3054.000
945.885	3274.000
946.027	3044.000
946.168	3275.000
946.310	3019.000
946.451	3288.000
946.593	3025.000
946.734	3292.000
946.876	3021.000
947.018	3306.000
947.159	3090.000
947.301	3251.000
947.442	3004.000
947.584	3247.000
947.725	3042.000
947.867	3206.000
948.008	3078.000
948.150	3248.000
948.291	3080.000
948.433	3234.000
948.574	3060.000
948.716	3263.000
948.857	3070.000
948.999	3272.000
949.140	3057.000
949.282	3298.000
949.424	3070.000
949.565	3224.000
949.707	3027.000
949.848	3214.000
949.990	2974.000
950.131	3280.000
950.273	3110.000
950.414	3198.000
950.556	3098.000
950.697	3352.000
950.839	3019.000
950.980	3272.000
951.122	3093.000
951.263	3250.000
951.404	3049.000
951.546	3202.000
951.687	3033.000
951.829	3231.000
951.970	3091.000
952.112	3243.000
952.253	3077.000
952.395	3240.000
952.536	3029.000
952.678	3320.000
952.819	3101.000
952.961	3247.000
953.102	3132.000
953.244	3254.000
953.385	3089.000
953.527	3263.000
953.668	2687.000
953.809	3231.000
953.951	3070.000
954.092	3201.000
954.234	2999.000
954.375	3243.000
954.517	3016.000
954.658	3265.000
954.800	3139.000
954.941	3265.000
955.082	3113.000
955.224	3238.000
955.365	3042.000
955.507	3280.000
955.648	3099.000
955.790	3238.000
955.931	2981.000
956.072	3280.000
956.214	3019.000
956.355	3230.000
956.497	3066.000
956.638	3207.000
956.780	3041.000
956.921	3266.000
957.062	3030.000
957.204	3281.000
957.345	3011.000
957.487	3322.000
957.628	3070.000
957.769	3190.000
957.911	3088.000
958.052	3203.000
958.194	3056.000
958.335	3167.000
958.476	3007.000
958.618	3161.000
958.759	3015.000
958.901	3267.000
959.042	3007.000
959.183	3248.000
959.325	2999.000
959.466	3165.000
959.607	2977.000
959.749	3169.000
959.890	2928.000
960.032	3207.000
960.173	2928.000
960.314	3151.000
960.456	2962.000
960.597	3198.000
960.738	3092.000
960.880	3216.000
961.021	2986.000
961.162	3292.000
961.304	2920.000
961.445	3197.000
961.586	3023.000
961.728	3234.000
961.869	2990.000
962.011	3287.000
962.152	4401.000
962.293	3251.000
962.435	3045.000
962.576	3216.000
962.717	3066.000
962.859	3202.000
963.000	2934.000
963.141	3143.000
963.283	3100.000
963.424	3315.000
963.565	3082.000
963.706	3195.000
963.848	3006.000
963.989	3216.000
964.130	3080.000
964.272	3284.000
964.413	3051.000
964.554	3199.000
964.696	2989.000
964.837	3253.000
964.978	3059.000
965.120	3269.000
965.261	3058.000
965.402	3262.000
965.543	3082.000
965.685	3231.000
965.826	2997.000
965.967	3190.000
966.109	2994.000
966.250	3275.000
966.391	3017.000
966.532	3238.000
966.674	3024.000
966.815	3282.000
966.956	3061.000
967.098	3295.000
967.239	3033.000
967.380	3255.000
967.521	2949.000
967.663	3239.000
967.804	2977.000
967.945	3259.000
968.086	2993.000
968.228	3260.000
968.369	3056.000
968.510	3248.000
968.651	3051.000
968.793	3320.000
968.934	3005.000
969.075	3247.000
969.216	3094.000
969.358	3208.000
969.499	2999.000
969.640	3252.000
969.781	3003.000
969.923	3257.000
970.064	3050.000
970.205	3200.000
970.346	3055.000
970.488	3208.000
970.629	3062.000
970.770	3242.000
970.911	3108.000
971.053	3311.000
971.194	2989.000
971.335	3231.000
971.476	3009.000
971.617	3229.000
971.759	3115.000
971.900	3300.000
972.041	3058.000
972.182	3237.000
972.323	3060.000
972.465	3284.000
972.606	3064.000
972.747	3326.000
972.888	3077.000
973.029	3338.000
973.171	3054.000
973.312	3232.000
973.453	3073.000
973.594	3267.000
973.735	3071.000
973.877	3158.000
974.018	3124.000
974.159	3284.000
974.300	3134.000
974.441	3215.000
974.582	3055.000
974.724	3153.000
974.865	3139.000
975.006	3294.000
