1059.898	6388.000
1060.043	6456.000
1060.188	6392.000
1060.333	6515.000
1060.479	6333.000
1060.624	6530.000
1060.769	6384.000
1060.914	6498.000
1061.059	6389.000
1061.204	6498.000
1061.349	6321.000
1061.494	6532.000
1061.639	6392.000
1061.784	6417.000
1061.929	6394.000
1062.074	6606.000
1062.219	6346.000
1062.364	6655.000
1062.509	6559.000
1062.654	6844.000
1062.799	6666.000
1062.944	6827.000
1063.089	6865.000
1063.234	6898.000
1063.379	6800.000
1063.524	6831.000
1063.669	6717.000
1063.814	6669.000
1063.959	6460.000
1064.104	6482.000
1064.249	6413.000
1064.394	6557.000
1064.538	6410.000
1064.683	6523.000
1064.828	6324.000
1064.973	6496.000
1065.118	6480.000
1065.263	6450.000
1065.408	6443.000
1065.553	6512.000
1065.697	6411.000
1065.842	6544.000
1065.987	6403.000
1066.132	6546.000
1066.277	6390.000
1066.422	6530.000
1066.566	6453.000
1066.711	6468.000
1066.856	6426.000
1067.001	6524.000
1067.146	6398.000
1067.290	6476.000
1067.435	6455.000
1067.580	6542.000
1067.725	6394.000
1067.869	6511.000
1068.014	6390.000
1068.159	6509.000
1068.303	6366.000
1068.448	6468.000
1068.593	6463.000
1068.738	6486.000
1068.882	6387.000
1069.027	6457.000
1069.172	6386.000
1069.316	6563.000
1069.461	6430.000
1069.606	6432.000
1069.750	6403.000
1069.895	6505.000
1070.040	6415.000
1070.184	6439.000
1070.329	6448.000
1070.473	6500.000
1070.618	6350.000
1070.763	6458.000
1070.907	6354.000
1071.052	6467.000
1071.196	6410.000
1071.341	6563.000
1071.486	6368.000
1071.630	6510.000
1071.775	6427.000
1071.919	6486.000
1072.064	6347.000
1072.208	6450.000
1072.353	6366.000
1072.497	6477.000
1072.642	6418.000
1072.786	6468.000
1072.931	6389.000
1073.075	6511.000
1073.220	6423.000
1073.364	6493.000
1073.509	6441.000
1073.653	6470.000
1073.798	6357.000
1073.942	6489.000
1074.087	6446.000
1074.231	6540.000
1074.376	6413.000
1074.520	6462.000
1074.664	6366.000
1074.809	6410.000
1074.953	6407.000
1075.098	6548.000
1075.242	6413.000
1075.386	6479.000
1075.531	6407.000
1075.675	6475.000
1075.819	6441.000
1075.964	6538.000
1076.108	6313.000
1076.252	6563.000
1076.397	6425.000
1076.541	6477.000
1076.685	6496.000
1076.830	6544.000
1076.974	6513.000
1077.118	6563.000
1077.263	6525.000
1077.407	6577.000
1077.551	6534.000
1077.695	6641.000
1077.840	6545.000
1077.984	6672.000
1078.128	6499.000
1078.272	6584.000
1078.417	6720.000
1078.561	6710.000
1078.705	6628.000
1078.849	6744.000
1078.994	6638.000
1079.138	6698.000
1079.282	6630.000
1079.426	6707.000
1079.570	6697.000
1079.714	6772.000
1079.859	6632.000
1080.003	6763.000
1080.147	6684.000
1080.291	6758.000
1080.435	6673.000
1080.579	6681.000
1080.723	6684.000
1080.868	6794.000
1081.012	6761.000
1081.156	6748.000
1081.300	6686.000
1081.444	6799.000
1081.588	6754.000
1081.732	6792.000
1081.876	6699.000
1082.020	6793.000
1082.164	6692.000
1082.308	6866.000
1082.452	6788.000
1082.596	6858.000
1082.740	6783.000
1082.884	6873.000
1083.028	6790.000
1083.172	6810.000
1083.316	6798.000
1083.460	6883.000
1083.604	6755.000
1083.748	6877.000
1083.892	6849.000
1084.036	6915.000
1084.180	6868.000
1084.324	6967.000
1084.468	6810.000
1084.612	6983.000
1084.756	6937.000
1084.900	6924.000
1085.044	6985.000
1085.188	7037.000
1085.332	6941.000
1085.476	7096.000
1085.619	6864.000
1085.763	7015.000
1085.907	6993.000
1086.051	7105.000
1086.195	7043.000
1086.339	7149.000
1086.483	6974.000
1086.626	7063.000
1086.770	7055.000
1086.914	7105.000
1087.058	7112.000
1087.202	7189.000
1087.346	7053.000
1087.489	7124.000
1087.633	6988.000
1087.777	7147.000
1087.921	7037.000
1088.064	7181.000
1088.208	7006.000
1088.352	7108.000
1088.496	6947.000
1088.639	7163.000
1088.783	7146.000
1088.927	7046.000
1089.071	7102.000
1089.214	7058.000
1089.358	6994.000
1089.502	7090.000
1089.645	7042.000
1089.789	7150.000
1089.933	6965.000
1090.076	7149.000
1090.220	6989.000
1090.364	7089.000
1090.507	6939.000
1090.651	7151.000
1090.795	7029.000
1090.938	7049.000
1091.082	6940.000
1091.226	7058.000
1091.369	6923.000
1091.513	7032.000
1091.656	7013.000
1091.800	7079.000
1091.944	6965.000
1092.087	7043.000
1092.231	6783.000
1092.374	7044.000
1092.518	6828.000
1092.661	6985.000
1092.805	6874.000
1092.948	7053.000
1093.092	6907.000
1093.235	6940.000
1093.379	6860.000
1093.522	7001.000
1093.666	6823.000
1093.809	6916.000
1093.953	6866.000
1094.096	7012.000
1094.240	6808.000
1094.383	6926.000
1094.527	6815.000
1094.670	6952.000
1094.814	6868.000
1094.957	6970.000
1095.101	6828.000
1095.244	7026.000
1095.387	6922.000
1095.531	7081.000
1095.674	7048.000
1095.818	7192.000
1095.961	7050.000
1096.104	7085.000
1096.248	7016.000
1096.391	7183.000
1096.534	7048.000
1096.678	7213.000
1096.821	7230.000
1096.964	7276.000
1097.108	7096.000
1097.251	7305.000
1097.394	7235.000
1097.538	7243.000
1097.681	7132.000
1097.824	7283.000
1097.968	7147.000
1098.111	7263.000
1098.254	7155.000
1098.397	7311.000
1098.541	7173.000
1098.684	7271.000
1098.827	7202.000
1098.970	7290.000
1099.114	7234.000
1099.257	7312.000
1099.400	7253.000
1099.543	7331.000
1099.686	7245.000
1099.830	7454.000
1099.973	7328.000
1100.116	7363.000
1100.259	7314.000
1100.402	7456.000
1100.545	7269.000
1100.689	7463.000
1100.832	7424.000
1100.975	7519.000
1101.118	7389.000
1101.261	7476.000
1101.404	7413.000
1101.547	7548.000
1101.691	7430.000
1101.834	7545.000
1101.977	7503.000
1102.120	7617.000
1102.263	7537.000
1102.406	7657.000
1102.549	7405.000
1102.692	7742.000
1102.835	7567.000
1102.978	7677.000
1103.121	7626.000
1103.264	7766.000
1103.407	7645.000
1103.550	7789.000
1103.693	7817.000
1103.836	7767.000
1103.979	7708.000
1104.122	7940.000
1104.265	7827.000
1104.408	7937.000
1104.551	7827.000
1104.694	8048.000
1104.837	7995.000
1104.980	8039.000
1105.123	7945.000
1105.266	8103.000
1105.409	8067.000
1105.552	8214.000
1105.695	8011.000
1105.838	8286.000
1105.980	8137.000
1106.123	8210.000
1106.266	8259.000
1106.409	8333.000
1106.552	8269.000
1106.695	8484.000
1106.838	8314.000
1106.980	8375.000
1107.123	8399.000
1107.266	8610.000
1107.409	8519.000
1107.552	8573.000
1107.695	8497.000
1107.837	8771.000
1107.980	8620.000
1108.123	8787.000
1108.266	8719.000
1108.409	8897.000
1108.551	8823.000
1108.694	8959.000
1108.837	8986.000
1108.980	9114.000
1109.122	9020.000
1109.265	9261.000
1109.408	9082.000
1109.551	9236.000
1109.693	9255.000
1109.836	9366.000
1109.979	9240.000
1110.121	9539.000
1110.264	9331.000
1110.407	9539.000
1110.549	9564.000
1110.692	9696.000
1110.835	9708.000
1110.977	9819.000
1111.120	9775.000
1111.263	9878.000
1111.405	9906.000
1111.548	10018.000
1111.691	10159.000
1111.833	10124.000
1111.976	10184.000
1112.118	10276.000
1112.261	10376.000
1112.404	10448.000
1112.546	10408.000
1112.689	10558.000
1112.831	10600.000
1112.974	10738.000
1113.116	10727.000
1113.259	10867.000
1113.401	10829.000
1113.544	11059.000
1113.686	11000.000
1113.829	11238.000
1113.971	11182.000
1114.114	11419.000
1114.256	11389.000
1114.399	11636.000
1114.541	11440.000
1114.684	11790.000
1114.826	11696.000
1114.969	11890.000
1115.111	11906.000
1115.254	12112.000
1115.396	12137.000
1115.539	12207.000
1115.681	12331.000
1115.823	12502.000
1115.966	12434.000
1116.108	12559.000
1116.251	12639.000
1116.393	12791.000
1116.535	12904.000
1116.678	13075.000
1116.820	13152.000
1116.962	13269.000
1117.105	13199.000
1117.247	13495.000
1117.389	13324.000
1117.532	13756.000
1117.674	13849.000
1117.816	13896.000
1117.959	14016.000
1118.101	14049.000
1118.243	14104.000
1118.386	14301.000
1118.528	14434.000
1118.670	14587.000
1118.812	14602.000
1118.955	14781.000
1119.097	14866.000
1119.239	15106.000
1119.381	15202.000
1119.524	15309.000
1119.666	15359.000
1119.808	15565.000
1119.950	15630.000
1120.093	15686.000
1120.235	15816.000
1120.377	16082.000
1120.519	16237.000
1120.661	16441.000
1120.803	16594.000
1120.946	16548.000
1121.088	16607.000
1121.230	16820.000
1121.372	17011.000
1121.514	17246.000
1121.656	17139.000
1121.798	17317.000
1121.941	17401.000
1122.083	17517.000
1122.225	17643.000
1122.367	17771.000
1122.509	17922.000
1122.651	18198.000
1122.793	18394.000
1122.935	18705.000
1123.077	18835.000
1123.219	18901.000
1123.361	18930.000
1123.503	18959.000
1123.645	19123.000
1123.787	19328.000
1123.929	19712.000
1124.071	19976.000
1124.213	20023.000
1124.355	20214.000
1124.497	20407.000
1124.639	20518.000
1124.781	20687.000
1124.923	20654.000
1125.065	20583.000
1125.207	20606.000
1125.349	20748.000
1125.491	20986.000
1125.633	21335.000
1125.775	21512.000
1125.917	21640.000
1126.059	21841.000
1126.201	22006.000
1126.343	22124.000
1126.485	22380.000
1126.626	22521.000
1126.768	22658.000
1126.910	22611.000
1127.052	22759.000
1127.194	22787.000
1127.336	22843.000
1127.478	22772.000
1127.619	22788.000
1127.761	22832.000
1127.903	22993.000
1128.045	23262.000
1128.187	23450.000
1128.329	23247.000
1128.470	23391.000
1128.612	23249.000
1128.754	23373.000
1128.896	23408.000
1129.037	23489.000
1129.179	23259.000
1129.321	23247.000
1129.463	22718.000
1129.604	22787.000
1129.746	22653.000
1129.888	22748.000
1130.030	22596.000
1130.171	22500.000
1130.313	22324.000
1130.455	22165.000
1130.596	21897.000
1130.738	21611.000
1130.880	21321.000
1131.021	21145.000
1131.163	20644.000
1131.305	20342.000
1131.446	19805.000
1131.588	19460.000
1131.730	19149.000
1131.871	18694.000
1132.013	18287.000
1132.155	17900.000
1132.296	17435.000
1132.438	17129.000
1132.579	16734.000
1132.721	16382.000
1132.863	16097.000
1133.004	15578.000
1133.146	15381.000
1133.287	14985.000
1133.429	14717.000
1133.570	14435.000
1133.712	14228.000
1133.853	13912.000
1133.995	13775.000
1134.136	13480.000
1134.278	13315.000
1134.419	12999.000
1134.561	12870.000
1134.702	12580.000
1134.844	12662.000
1134.985	12813.000
1135.127	12817.000
1135.268	12791.000
1135.410	12892.000
1135.551	12811.000
1135.693	12893.000
1135.834	12714.000
1135.975	12821.000
1136.117	12703.000
1136.258	13049.000
1136.400	12993.000
1136.541	13104.000
1136.682	12834.000
1136.824	12840.000
1136.965	12657.000
1137.107	12580.000
1137.248	12233.000
1137.389	12167.000
1137.531	11861.000
1137.672	11807.000
1137.813	11533.000
1137.955	11447.000
1138.096	11093.000
1138.237	11046.000
1138.379	10815.000
1138.520	10717.000
1138.661	10447.000
1138.802	10505.000
1138.944	10171.000
1139.085	10245.000
1139.226	9903.000
1139.368	10007.000
1139.509	9758.000
1139.650	9859.000
1139.791	9561.000
1139.933	9538.000
1140.074	9326.000
1140.215	9323.000
1140.356	9227.000
1140.497	9301.000
1140.639	9004.000
1140.780	9084.000
1140.921	8797.000
1141.062	8980.000
1141.203	8853.000
1141.344	8903.000
1141.486	8652.000
1141.627	8760.000
1141.768	8676.000
1141.909	8634.000
1142.050	8530.000
1142.191	8651.000
1142.332	8455.000
1142.473	8586.000
1142.615	8357.000
1142.756	8578.000
1142.897	8319.000
1143.038	8406.000
1143.179	8253.000
1143.320	8397.000
1143.461	8212.000
1143.602	8287.000
1143.743	8110.000
1143.884	8290.000
1144.025	8205.000
1144.166	8297.000
1144.307	8157.000
1144.448	8293.000
1144.589	8105.000
1144.730	8253.000
1144.871	8055.000
1145.012	8180.000
1145.153	7963.000
1145.294	8168.000
1145.435	8082.000
1145.576	8183.000
1145.717	7996.000
1145.858	8157.000
1145.999	7951.000
1146.140	8099.000
1146.281	7836.000
1146.422	8069.000
1146.562	7846.000
1146.703	7915.000
1146.844	7763.000
1146.985	7940.000
1147.126	7879.000
1147.267	7904.000
1147.408	7769.000
1147.549	7893.000
1147.689	7796.000
1147.830	7883.000
1147.971	7706.000
1148.112	7919.000
1148.253	7704.000
1148.394	7863.000
1148.534	7683.000
1148.675	7881.000
1148.816	7668.000
1148.957	7744.000
1149.097	7651.000
1149.238	7774.000
1149.379	7631.000
1149.520	7709.000
1149.661	7583.000
1149.801	7844.000
1149.942	7694.000
1150.083	7762.000
1150.223	7659.000
1150.364	7814.000
1150.505	7633.000
1150.646	7718.000
1150.786	7591.000
1150.927	7769.000
1151.068	7578.000
1151.208	7747.000
1151.349	7611.000
1151.490	7793.000
1151.630	7636.000
1151.771	7750.000
1151.912	7595.000
1152.052	7806.000
1152.193	7660.000
1152.333	7770.000
1152.474	7671.000
1152.615	7796.000
1152.755	7552.000
1152.896	7755.000
1153.036	7736.000
1153.177	7886.000
1153.318	7670.000
1153.458	7802.000
1153.599	7721.000
1153.739	7779.000
1153.880	7638.000
1154.020	7818.000
1154.161	7680.000
1154.301	7805.000
1154.442	7641.000
1154.582	7809.000
1154.723	7661.000
1154.863	7901.000
1155.004	7726.000
1155.144	7877.000
1155.285	7655.000
1155.425	7892.000
1155.566	7723.000
1155.706	7864.000
1155.847	7710.000
1155.987	7917.000
1156.127	7735.000
1156.268	7916.000
1156.408	7728.000
1156.549	7876.000
1156.689	7725.000
1156.829	7958.000
1156.970	7759.000
1157.110	7895.000
1157.251	7795.000
1157.391	7892.000
1157.531	7818.000
1157.672	7984.000
1157.812	7794.000
1157.952	7903.000
1158.093	7786.000
1158.233	7978.000
1158.373	7847.000
1158.514	7920.000
1158.654	7822.000
1158.794	7918.000
1158.935	7851.000
1159.075	8019.000
1159.215	7810.000
1159.355	7919.000
1159.496	7878.000
1159.636	7982.000
1159.776	7830.000
1159.916	8025.000
1160.057	7887.000
1160.197	7998.000
1160.337	7873.000
1160.477	8001.000
1160.617	7838.000
1160.758	7934.000
1160.898	7847.000
1161.038	7997.000
1161.178	7820.000
1161.318	7916.000
1161.459	7897.000
1161.599	7937.000
1161.739	7797.000
1161.879	7842.000
1162.019	7730.000
1162.159	8007.000
1162.299	7742.000
1162.439	7902.000
1162.580	7756.000
1162.720	7956.000
1162.860	8117.000
1163.000	7843.000
1163.140	7681.000
1163.280	7835.000
1163.420	7604.000
1163.560	7843.000
1163.700	7600.000
1163.840	7827.000
1163.980	7573.000
1164.120	7641.000
1164.260	7666.000
1164.400	7712.000
1164.540	7572.000
1164.680	7665.000
1164.820	7560.000
1164.960	7735.000
1165.100	7508.000
1165.240	7590.000
1165.380	7459.000
1165.520	7557.000
1165.660	7408.000
1165.800	7593.000
1165.940	7441.000
1166.080	7502.000
1166.220	7454.000
1166.360	7495.000
1166.500	7379.000
1166.640	7611.000
1166.780	7380.000
1166.919	7460.000
1167.059	7375.000
1167.199	7417.000
1167.339	7377.000
1167.479	7438.000
1167.619	7351.000
1167.759	7362.000
1167.898	7356.000
1168.038	7413.000
1168.178	7304.000
1168.318	7443.000
1168.458	7308.000
1168.598	7446.000
1168.737	7320.000
1168.877	7493.000
1169.017	7297.000
1169.157	7391.000
1169.297	7333.000
1169.436	7395.000
1169.576	7339.000
1169.716	7409.000
1169.856	7317.000
1169.995	7360.000
1170.135	7280.000
1170.275	7438.000
1170.414	7361.000
1170.554	7405.000
1170.694	7309.000
1170.834	7350.000
1170.973	7302.000
1171.113	7372.000
1171.253	7281.000
1171.392	7467.000
1171.532	7303.000
1171.672	7434.000
1171.811	7324.000
1171.951	7344.000
1172.091	7268.000
1172.230	7371.000
1172.370	7237.000
1172.509	7439.000
1172.649	7293.000
1172.789	7471.000
1172.928	7332.000
1173.068	7473.000
1173.207	7273.000
1173.347	7466.000
1173.486	7295.000
1173.626	7423.000
1173.766	7255.000
1173.905	7496.000
1174.045	7281.000
1174.184	7472.000
1174.324	7309.000
1174.463	7476.000
1174.603	7285.000
1174.742	7430.000
1174.882	7319.000
1175.021	7483.000
1175.161	7332.000
1175.300	7470.000
1175.440	7391.000
1175.579	7548.000
1175.719	7405.000
1175.858	7468.000
1175.997	7349.000
1176.137	7556.000
1176.276	7360.000
1176.416	7519.000
1176.555	7370.000
1176.695	7565.000
1176.834	7352.000
1176.973	7560.000
1177.113	7343.000
1177.252	7606.000
1177.391	7488.000
1177.531	7568.000
1177.670	7374.000
1177.809	7517.000
1177.949	7398.000
1178.088	7533.000
1178.227	7421.000
1178.367	7591.000
1178.506	7457.000
1178.645	7555.000
1178.785	7447.000
1178.924	7595.000
1179.063	7497.000
1179.203	7602.000
1179.342	7419.000
1179.481	7651.000
1179.620	7461.000
1179.760	7563.000
1179.899	7433.000
1180.038	7574.000
1180.177	7384.000
1180.317	7613.000
1180.456	7503.000
1180.595	7541.000
1180.734	7553.000
1180.873	7708.000
1181.013	7483.000
1181.152	7642.000
1181.291	7548.000
1181.430	7611.000
1181.569	7472.000
1181.708	7584.000
1181.848	7495.000
1181.987	7584.000
1182.126	7504.000
1182.265	7630.000
1182.404	7544.000
1182.543	7643.000
1182.682	7463.000
1182.821	7723.000
1182.960	7585.000
1183.100	7658.000
1183.239	7634.000
1183.378	7671.000
1183.517	7561.000
1183.656	7669.000
1183.795	6714.000
1183.934	7648.000
1184.073	7535.000
1184.212	7617.000
1184.351	7460.000
1184.490	7667.000
1184.629	7556.000
1184.768	7685.000
1184.907	7579.000
1185.046	7697.000
1185.185	7573.000
1185.324	7628.000
1185.463	7513.000
1185.602	7698.000
1185.741	7566.000
1185.880	7662.000
1186.019	7462.000
1186.158	7673.000
1186.296	7456.000
1186.435	7620.000
1186.574	7579.000
1186.713	7637.000
1186.852	7536.000
1186.991	7666.000
1187.130	7503.000
1187.269	7733.000
1187.408	7495.000
1187.546	7771.000
1187.685	7552.000
1187.824	7625.000
1187.963	7623.000
1188.102	7649.000
1188.241	7553.000
1188.379	7634.000
1188.518	7531.000
1188.657	7622.000
1188.796	7547.000
1188.935	7730.000
1189.073	7566.000
1189.212	7762.000
1189.351	7550.000
1189.490	7687.000
1189.629	7540.000
1189.767	7689.000
1189.906	7469.000
1190.045	7667.000
1190.183	7471.000
1190.322	7629.000
1190.461	7490.000
1190.600	7685.000
1190.738	7647.000
1190.877	7724.000
1191.016	7538.000
1191.154	7779.000
1191.293	7539.000
1191.432	7667.000
1191.570	7598.000
1191.709	7751.000
1191.848	7572.000
1191.986	7815.000
1192.125	10510.000
1192.264	7779.000
1192.402	7619.000
1192.541	7729.000
1192.679	7649.000
1192.818	7744.000
1192.957	7510.000
1193.095	7751.000
1193.234	7690.000
1193.372	7819.000
1193.511	7697.000
1193.649	7745.000
1193.788	7652.000
1193.926	7774.000
1194.065	7722.000
1194.204	7832.000
1194.342	7684.000
1194.481	7797.000
1194.619	7629.000
1194.758	7843.000
1194.896	7682.000
1195.035	7873.000
1195.173	7711.000
1195.311	7839.000
1195.450	7711.000
1195.588	7791.000
1195.727	7631.000
1195.865	7748.000
1196.004	7655.000
1196.142	7827.000
1196.281	7649.000
1196.419	7781.000
1196.557	7607.000
1196.696	7854.000
1196.834	7667.000
1196.973	7835.000
1197.111	7614.000
1197.249	7766.000
1197.388	7508.000
1197.526	7753.000
1197.664	7576.000
1197.803	7738.000
1197.941	7535.000
1198.079	7780.000
1198.218	7572.000
1198.356	7718.000
1198.494	7544.000
1198.633	7743.000
1198.771	7439.000
1198.909	7743.000
1199.048	7548.000
1199.186	7593.000
1199.324	7495.000
1199.462	7691.000
1199.601	7481.000
1199.739	7632.000
1199.877	7467.000
1200.015	7623.000
1200.154	7508.000
1200.292	7569.000
1200.430	7490.000
1200.568	7601.000
1200.706	7457.000
1200.845	7612.000
1200.983	7371.000
1201.121	7597.000
1201.259	7341.000
1201.397	7514.000
1201.535	7451.000
1201.674	7601.000
1201.812	7358.000
1201.950	7490.000
1202.088	7355.000
1202.226	7539.000
1202.364	7350.000
1202.502	7515.000
1202.640	7316.000
1202.778	7522.000
1202.917	7274.000
1203.055	7392.000
1203.193	7251.000
1203.331	7406.000
1203.469	7223.000
1203.607	7278.000
1203.745	7274.000
1203.883	7427.000
1204.021	7259.000
1204.159	7295.000
1204.297	7167.000
1204.435	7232.000
1204.573	7225.000
1204.711	7331.000
