1129.938	9002.000
1130.084	8946.000
1130.229	8971.000
1130.375	9007.000
1130.521	8922.000
1130.667	9012.000
1130.813	8933.000
1130.958	8967.000
1131.104	8920.000
1131.250	8925.000
1131.396	8854.000
1131.542	8990.000
1131.687	8911.000
1131.833	8873.000
1131.979	8888.000
1132.124	8995.000
1132.270	8819.000
1132.416	8983.000
1132.561	8873.000
1132.707	8975.000
1132.853	8872.000
1132.998	8893.000
1133.144	9034.000
1133.290	8963.000
1133.435	8906.000
1133.581	8957.000
1133.727	8954.000
1133.872	8895.000
1134.018	8868.000
1134.163	8902.000
1134.309	8883.000
1134.455	8957.000
1134.600	8871.000
1134.746	8880.000
1134.891	8794.000
1135.037	8838.000
1135.182	8876.000
1135.328	8799.000
1135.473	8848.000
1135.619	8875.000
1135.764	8816.000
1135.910	8895.000
1136.055	8779.000
1136.201	8891.000
1136.346	8751.000
1136.492	8853.000
1136.637	8828.000
1136.783	8773.000
1136.928	8791.000
1137.074	8848.000
1137.219	8778.000
1137.364	8776.000
1137.510	8830.000
1137.655	8848.000
1137.801	8759.000
1137.946	8797.000
1138.091	8720.000
1138.237	8819.000
1138.382	8699.000
1138.527	8724.000
1138.673	8760.000
1138.818	8721.000
1138.963	8688.000
1139.109	8719.000
1139.254	8664.000
1139.399	8776.000
1139.544	8686.000
1139.690	8643.000
1139.835	8661.000
1139.980	8753.000
1140.125	8683.000
1140.271	8661.000
1140.416	8653.000
1140.561	8727.000
1140.706	8618.000
1140.851	8657.000
1140.997	8567.000
1141.142	8590.000
1141.287	8605.000
1141.432	8747.000
1141.577	8598.000
1141.723	8659.000
1141.868	8651.000
1142.013	8665.000
1142.158	8535.000
1142.303	8577.000
1142.448	8516.000
1142.593	8580.000
1142.738	8590.000
1142.883	8603.000
1143.028	8571.000
1143.174	8604.000
1143.319	8570.000
1143.464	8603.000
1143.609	8597.000
1143.754	8552.000
1143.899	8500.000
1144.044	8572.000
1144.189	8561.000
1144.334	8602.000
1144.479	8550.000
1144.624	8499.000
1144.769	8479.000
1144.914	8478.000
1145.059	8501.000
1145.204	8624.000
1145.348	8485.000
1145.493	8552.000
1145.638	8484.000
1145.783	8534.000
1145.928	8475.000
1146.073	8539.000
1146.218	8403.000
1146.363	8596.000
1146.508	8456.000
1146.653	8488.000
1146.797	8545.000
1146.942	8568.000
1147.087	8505.000
1147.232	8533.000
1147.377	8502.000
1147.522	8546.000
1147.666	8469.000
1147.811	8602.000
1147.956	8424.000
1148.101	8560.000
1148.245	8379.000
1148.390	8456.000
1148.535	8570.000
1148.680	8594.000
1148.824	8467.000
1148.969	8578.000
1149.114	8498.000
1149.259	8511.000
1149.403	8463.000
1149.548	8498.000
1149.693	8547.000
1149.837	8592.000
1149.982	8468.000
1150.127	8552.000
1150.271	8519.000
1150.416	8563.000
1150.561	8504.000
1150.705	8471.000
1150.850	8497.000
1150.994	8557.000
1151.139	8545.000
1151.284	8537.000
1151.428	8459.000
1151.573	8548.000
1151.717	8504.000
1151.862	8524.000
1152.006	8447.000
1152.151	8515.000
1152.295	8420.000
1152.440	8551.000
1152.584	8507.000
1152.729	8572.000
1152.873	8491.000
1153.018	8571.000
1153.162	8484.000
1153.307	8470.000
1153.451	8436.000
1153.596	8522.000
1153.740	8392.000
1153.885	8500.000
1154.029	8475.000
1154.174	8517.000
1154.318	8455.000
1154.462	8565.000
1154.607	8380.000
1154.751	8536.000
1154.896	8401.000
1155.040	8438.000
1155.184	8491.000
1155.329	8527.000
1155.473	8408.000
1155.617	8531.000
1155.762	8296.000
1155.906	8428.000
1156.050	8381.000
1156.194	8536.000
1156.339	8451.000
1156.483	8488.000
1156.627	8296.000
1156.772	8375.000
1156.916	8353.000
1157.060	8421.000
1157.204	8403.000
1157.349	8491.000
1157.493	8335.000
1157.637	8407.000
1157.781	8303.000
1157.925	8435.000
1158.070	8333.000
1158.214	8502.000
1158.358	8294.000
1158.502	8420.000
1158.646	8254.000
1158.790	8467.000
1158.935	8443.000
1159.079	8381.000
1159.223	8388.000
1159.367	8375.000
1159.511	8284.000
1159.655	8413.000
1159.799	8341.000
1159.943	8460.000
1160.087	8292.000
1160.231	8426.000
1160.375	8309.000
1160.519	8419.000
1160.664	8263.000
1160.808	8490.000
1160.952	8315.000
1161.096	8415.000
1161.240	8242.000
1161.384	8418.000
1161.528	8210.000
1161.672	8390.000
1161.815	8339.000
1161.959	8427.000
1162.103	8315.000
1162.247	8427.000
1162.391	8188.000
1162.535	8463.000
1162.679	8239.000
1162.823	8420.000
1162.967	8258.000
1163.111	8477.000
1163.255	8350.000
1163.399	8386.000
1163.542	8303.000
1163.686	8431.000
1163.830	8290.000
1163.974	8419.000
1164.118	8293.000
1164.262	8456.000
1164.405	8246.000
1164.549	8341.000
1164.693	8276.000
1164.837	8367.000
1164.981	8276.000
1165.124	8393.000
1165.268	8267.000
1165.412	8460.000
1165.556	8303.000
1165.699	8404.000
1165.843	8385.000
1165.987	8474.000
1166.131	8386.000
1166.274	8374.000
1166.418	8271.000
1166.562	8380.000
1166.705	8272.000
1166.849	8444.000
1166.993	8459.000
1167.136	8486.000
1167.280	8315.000
1167.424	8466.000
1167.567	8434.000
1167.711	8395.000
1167.854	8300.000
1167.998	8454.000
1168.142	8337.000
1168.285	8455.000
1168.429	8335.000
1168.572	8461.000
1168.716	8310.000
1168.859	8389.000
1169.003	8339.000
1169.147	8440.000
1169.290	8335.000
1169.434	8436.000
1169.577	8377.000
1169.721	8420.000
1169.864	8331.000
1170.008	8570.000
1170.151	8356.000
1170.294	8376.000
1170.438	8394.000
1170.581	8477.000
1170.725	8317.000
1170.868	8472.000
1171.012	8438.000
1171.155	8499.000
1171.298	8368.000
1171.442	8435.000
1171.585	8329.000
1171.729	8439.000
1171.872	8331.000
1172.015	8432.000
1172.159	8357.000
1172.302	8485.000
1172.445	8363.000
1172.589	8423.000
1172.732	8225.000
1172.875	8531.000
1173.019	8308.000
1173.162	8397.000
1173.305	8319.000
1173.449	8470.000
1173.592	8322.000
1173.735	8437.000
1173.878	8393.000
1174.022	8370.000
1174.165	8276.000
1174.308	8452.000
1174.451	8342.000
1174.594	8410.000
1174.738	8262.000
1174.881	8487.000
1175.024	8427.000
1175.167	8423.000
1175.310	8306.000
1175.454	8419.000
1175.597	8346.000
1175.740	8450.000
1175.883	8247.000
1176.026	8475.000
1176.169	8288.000
1176.312	8327.000
1176.455	8338.000
1176.598	8409.000
1176.742	8297.000
1176.885	8502.000
1177.028	8296.000
1177.171	8292.000
1177.314	8278.000
1177.457	8481.000
1177.600	8302.000
1177.743	8341.000
1177.886	8208.000
1178.029	8443.000
1178.172	8251.000
1178.315	8405.000
1178.458	8284.000
1178.601	8423.000
1178.744	8297.000
1178.887	8406.000
1179.030	8375.000
1179.173	8458.000
1179.316	8310.000
1179.458	8445.000
1179.601	8240.000
1179.744	8328.000
1179.887	8320.000
1180.030	8387.000
1180.173	8213.000
1180.316	8459.000
1180.459	8189.000
1180.602	8332.000
1180.744	8273.000
1180.887	8402.000
1181.030	8268.000
1181.173	8385.000
1181.316	8307.000
1181.458	8283.000
1181.601	8238.000
1181.744	8332.000
1181.887	8359.000
1182.030	8349.000
1182.172	8217.000
1182.315	8301.000
1182.458	8293.000
1182.601	8366.000
1182.743	8221.000
1182.886	8300.000
1183.029	8278.000
1183.171	8376.000
1183.314	8256.000
1183.457	8369.000
1183.599	8177.000
1183.742	8417.000
1183.885	8202.000
1184.027	8371.000
1184.170	8224.000
1184.313	8445.000
1184.455	8269.000
1184.598	8476.000
1184.741	8185.000
1184.883	8493.000
1185.026	8220.000
1185.168	8386.000
1185.311	8255.000
1185.453	8407.000
1185.596	8268.000
1185.739	8346.000
1185.881	8263.000
1186.024	8406.000
1186.166	8235.000
1186.309	8338.000
1186.451	8238.000
1186.594	8412.000
1186.736	8314.000
1186.879	8369.000
1187.021	8274.000
1187.164	8395.000
1187.306	8214.000
1187.448	8412.000
1187.591	7932.000
1187.733	8458.000
1187.876	8321.000
1188.018	8365.000
1188.160	8316.000
1188.303	8317.000
1188.445	8171.000
1188.588	8329.000
1188.730	8281.000
1188.872	8461.000
1189.015	8244.000
1189.157	8351.000
1189.299	8224.000
1189.442	8403.000
1189.584	8256.000
1189.726	8338.000
1189.869	8185.000
1190.011	8436.000
1190.153	8312.000
1190.295	8369.000
1190.438	8212.000
1190.580	8425.000
1190.722	8266.000
1190.864	8441.000
1191.007	8337.000
1191.149	8332.000
1191.291	8165.000
1191.433	8351.000
1191.576	8275.000
1191.718	8526.000
1191.860	8217.000
1192.002	8428.000
1192.144	8299.000
1192.286	8404.000
1192.429	8293.000
1192.571	8419.000
1192.713	8261.000
1192.855	8413.000
1192.997	8287.000
1193.139	8402.000
1193.281	8278.000
1193.423	8462.000
1193.565	8309.000
1193.707	8439.000
1193.850	8272.000
1193.992	8352.000
1194.134	8239.000
1194.276	8435.000
1194.418	8231.000
1194.560	8338.000
1194.702	8245.000
1194.844	8339.000
1194.986	8241.000
1195.128	8396.000
1195.270	8298.000
1195.412	8405.000
1195.554	8262.000
1195.696	8453.000
1195.837	8324.000
1195.979	8376.000
1196.121	8242.000
1196.263	8421.000
1196.405	8328.000
1196.547	8429.000
1196.689	8197.000
1196.831	8474.000
1196.973	8272.000
1197.115	8367.000
1197.256	8224.000
1197.398	8385.000
1197.540	8268.000
1197.682	8365.000
1197.824	8256.000
1197.966	8417.000
1198.107	8253.000
1198.249	8382.000
1198.391	8381.000
1198.533	8367.000
1198.675	8265.000
1198.816	8344.000
1198.958	8214.000
1199.100	8450.000
1199.242	8330.000
1199.383	8366.000
1199.525	8262.000
1199.667	8316.000
1199.808	8287.000
1199.950	8384.000
1200.092	8349.000
1200.233	8453.000
1200.375	8249.000
1200.517	8398.000
1200.658	8268.000
1200.800	8406.000
1200.942	8257.000
1201.083	8416.000
1201.225	8319.000
1201.367	8431.000
1201.508	8294.000
1201.650	8248.000
1201.791	8205.000
1201.933	8410.000
1202.074	8178.000
1202.216	8305.000
1202.358	8233.000
1202.499	8328.000
1202.641	8227.000
1202.782	8352.000
1202.924	8219.000
1203.065	8432.000
1203.207	8120.000
1203.348	8422.000
1203.490	8242.000
1203.631	8331.000
1203.773	8249.000
1203.914	8357.000
1204.056	8242.000
1204.197	8350.000
1204.338	8188.000
1204.480	8318.000
1204.621	8221.000
1204.763	8380.000
1204.904	8154.000
1205.045	8349.000
1205.187	8367.000
1205.328	8377.000
1205.470	8252.000
1205.611	8353.000
1205.752	8201.000
1205.894	8370.000
1206.035	8209.000
1206.176	8361.000
1206.318	8171.000
1206.459	8466.000
1206.600	8276.000
1206.741	8417.000
1206.883	8227.000
1207.024	8389.000
1207.165	8280.000
1207.306	8371.000
1207.448	8206.000
1207.589	8348.000
1207.730	8216.000
1207.871	8388.000
1208.013	8294.000
1208.154	8384.000
1208.295	8181.000
1208.436	8352.000
1208.577	8253.000
1208.719	8362.000
1208.860	8216.000
1209.001	8351.000
1209.142	8145.000
1209.283	8367.000
1209.424	8136.000
1209.565	8383.000
1209.706	8267.000
1209.848	8452.000
1209.989	8243.000
1210.130	8317.000
1210.271	8191.000
1210.412	8292.000
1210.553	8272.000
1210.694	8427.000
1210.835	8228.000
1210.976	8405.000
1211.117	8104.000
1211.258	8364.000
1211.399	8200.000
1211.540	8387.000
1211.681	8202.000
1211.822	8311.000
1211.963	8317.000
1212.104	8308.000
1212.245	8221.000
1212.386	8384.000
1212.527	8193.000
1212.668	8344.000
1212.809	8166.000
1212.950	8416.000
1213.090	8216.000
1213.231	8283.000
1213.372	8177.000
1213.513	8337.000
1213.654	8222.000
1213.795	8301.000
1213.936	8109.000
1214.077	8331.000
1214.217	8271.000
1214.358	8386.000
1214.499	8206.000
1214.640	8387.000
1214.781	8190.000
1214.921	8362.000
1215.062	8168.000
1215.203	8323.000
1215.344	8123.000
1215.485	8316.000
1215.625	8214.000
1215.766	8339.000
1215.907	8191.000
1216.047	8363.000
1216.188	8161.000
1216.329	8329.000
1216.470	8099.000
1216.610	8340.000
1216.751	8166.000
1216.892	8232.000
1217.032	8085.000
1217.173	8270.000
1217.314	8223.000
1217.454	8244.000
1217.595	8147.000
1217.735	8278.000
1217.876	8157.000
1218.017	8290.000
1218.157	8127.000
1218.298	8320.000
1218.438	8094.000
1218.579	8261.000
1218.720	8107.000
1218.860	8335.000
1219.001	8138.000
1219.141	8211.000
1219.282	8139.000
1219.422	8253.000
1219.563	8065.000
1219.703	8169.000
1219.844	8095.000
1219.984	8309.000
1220.125	8165.000
1220.265	8256.000
1220.406	8113.000
1220.546	8279.000
1220.687	8142.000
1220.827	8218.000
1220.967	8073.000
1221.108	8261.000
1221.248	8050.000
1221.389	8216.000
1221.529	8128.000
1221.669	8281.000
1221.810	8138.000
1221.950	8208.000
1222.091	8054.000
1222.231	8308.000
1222.371	8127.000
1222.512	8243.000
1222.652	8145.000
1222.792	8303.000
1222.933	8083.000
1223.073	8239.000
1223.213	8228.000
1223.353	8334.000
1223.494	8154.000
1223.634	8236.000
1223.774	8154.000
1223.914	8244.000
1224.055	8098.000
1224.195	8272.000
1224.335	8130.000
1224.475	8263.000
1224.616	8131.000
1224.756	8242.000
1224.896	8101.000
1225.036	8338.000
1225.176	8184.000
1225.316	8340.000
1225.457	8109.000
1225.597	8370.000
1225.737	8132.000
1225.877	8340.000
1226.017	8143.000
1226.157	8379.000
1226.297	8161.000
1226.437	8310.000
1226.578	8187.000
1226.718	8336.000
1226.858	8164.000
1226.998	8372.000
1227.138	8222.000
1227.278	8277.000
1227.418	8245.000
1227.558	8302.000
1227.698	8248.000
1227.838	8406.000
1227.978	8250.000
1228.118	8306.000
1228.258	8190.000
1228.398	8353.000
1228.538	8249.000
1228.678	8277.000
1228.818	8243.000
1228.958	8385.000
1229.098	8257.000
1229.238	8435.000
1229.377	8273.000
1229.517	8370.000
1229.657	8324.000
1229.797	8387.000
1229.937	8236.000
1230.077	8455.000
1230.217	8316.000
1230.357	8422.000
1230.496	8355.000
1230.636	8452.000
1230.776	8353.000
1230.916	8421.000
1231.056	8309.000
1231.196	8477.000
1231.335	8309.000
1231.475	8397.000
1231.615	8417.000
1231.755	8471.000
1231.894	8337.000
1232.034	8417.000
1232.174	8314.000
1232.314	8526.000
1232.453	8303.000
1232.593	8466.000
1232.733	8351.000
1232.873	8545.000
1233.012	8882.000
1233.152	8471.000
1233.292	8338.000
1233.431	8454.000
1233.571	8325.000
1233.711	8551.000
1233.850	8333.000
1233.990	8540.000
1234.129	8322.000
1234.269	8375.000
1234.409	8430.000
1234.548	8461.000
1234.688	8385.000
1234.828	8467.000
1234.967	8366.000
1235.107	8547.000
1235.246	8349.000
1235.386	8409.000
1235.525	8371.000
1235.665	8476.000
1235.804	8343.000
1235.944	8459.000
1236.083	8378.000
1236.223	8439.000
1236.362	8438.000
1236.502	8453.000
1236.641	8331.000
1236.781	8560.000
1236.920	8372.000
1237.060	8462.000
1237.199	8334.000
1237.339	8408.000
1237.478	8379.000
1237.617	8443.000
1237.757	8361.000
1237.896	8372.000
1238.036	8374.000
1238.175	8415.000
1238.314	8358.000
1238.454	8447.000
1238.593	8364.000
1238.732	8483.000
1238.872	8349.000
1239.011	8552.000
1239.150	8413.000
1239.290	8474.000
1239.429	8438.000
1239.568	8443.000
1239.708	8410.000
1239.847	8463.000
1239.986	8388.000
1240.125	8460.000
1240.265	8407.000
1240.404	8483.000
1240.543	8466.000
1240.682	8480.000
1240.822	8419.000
1240.961	8440.000
1241.100	8385.000
1241.239	8506.000
1241.378	8391.000
1241.518	8547.000
1241.657	8410.000
1241.796	8565.000
1241.935	8413.000
1242.074	8472.000
1242.213	8415.000
1242.352	8525.000
1242.492	8332.000
1242.631	8563.000
1242.770	8449.000
1242.909	8571.000
1243.048	8475.000
1243.187	8605.000
1243.326	8408.000
1243.465	8621.000
1243.604	8430.000
1243.743	8525.000
1243.882	8404.000
1244.021	8599.000
1244.160	8403.000
1244.299	8617.000
1244.438	8449.000
1244.577	8594.000
1244.716	8406.000
1244.855	8537.000
1244.994	8459.000
1245.133	8626.000
1245.272	8525.000
1245.411	8594.000
1245.550	8542.000
1245.689	8647.000
1245.828	8551.000
1245.967	8559.000
1246.106	8504.000
1246.244	8646.000
1246.383	8462.000
1246.522	8573.000
1246.661	8508.000
1246.800	8645.000
1246.939	8457.000
1247.078	8627.000
1247.216	8471.000
1247.355	8702.000
1247.494	8599.000
1247.633	8624.000
1247.772	8448.000
1247.910	8593.000
1248.049	8457.000
1248.188	8537.000
1248.327	8465.000
1248.465	8628.000
1248.604	8524.000
1248.743	8573.000
1248.882	8497.000
1249.020	8632.000
1249.159	8523.000
1249.298	8615.000
1249.436	8432.000
1249.575	8646.000
1249.714	8449.000
1249.852	8547.000
1249.991	8444.000
1250.130	8574.000
1250.268	8367.000
1250.407	8571.000
1250.546	8485.000
1250.684	8496.000
1250.823	8467.000
1250.961	8595.000
1251.100	8395.000
1251.239	8570.000
1251.377	8454.000
1251.516	8533.000
1251.654	8377.000
1251.793	8498.000
1251.931	8395.000
1252.070	8452.000
1252.208	8411.000
1252.347	8531.000
1252.485	8427.000
1252.624	8529.000
1252.762	8336.000
1252.901	8557.000
1253.039	8453.000
1253.178	8505.000
1253.316	8468.000
1253.455	8533.000
1253.593	8410.000
1253.732	8496.000
1253.870	7285.000
1254.008	8485.000
1254.147	8405.000
1254.285	8447.000
1254.424	8279.000
1254.562	8515.000
1254.700	8342.000
1254.839	8483.000
1254.977	8413.000
1255.115	8523.000
1255.254	8358.000
1255.392	8465.000
1255.530	8295.000
1255.669	8516.000
1255.807	8387.000
1255.945	8486.000
1256.084	8270.000
1256.222	8487.000
1256.360	8288.000
1256.498	8399.000
1256.637	8365.000
1256.775	8382.000
1256.913	8317.000
1257.051	8422.000
1257.189	8266.000
1257.328	8459.000
1257.466	8254.000
1257.604	8527.000
1257.742	8323.000
1257.880	8391.000
1258.019	8345.000
1258.157	8349.000
1258.295	8273.000
1258.433	8320.000
1258.571	8229.000
1258.709	8286.000
1258.847	8269.000
1258.986	8404.000
1259.124	8243.000
1259.262	8419.000
1259.400	8240.000
1259.538	8347.000
1259.676	8196.000
1259.814	8330.000
1259.952	8152.000
1260.090	8329.000
1260.228	8128.000
1260.366	8290.000
1260.504	8176.000
1260.642	8318.000
1260.780	8264.000
1260.918	8305.000
1261.056	8224.000
1261.194	8448.000
1261.332	8177.000
1261.470	8307.000
1261.608	8253.000
1261.746	8394.000
1261.884	8253.000
1262.022	8448.000
1262.160	12831.000
1262.297	8427.000
1262.435	8268.000
1262.573	8367.000
1262.711	8285.000
1262.849	8370.000
1262.987	8170.000
1263.125	8311.000
1263.262	8371.000
1263.400	8493.000
1263.538	8336.000
1263.676	8386.000
1263.814	8285.000
1263.952	8410.000
1264.089	8385.000
1264.227	8482.000
1264.365	8337.000
1264.503	8458.000
1264.640	8266.000
1264.778	8473.000
1264.916	8362.000
1265.054	8511.000
1265.191	8340.000
1265.329	8503.000
1265.467	8371.000
1265.604	8461.000
1265.742	8317.000
1265.880	8366.000
1266.017	8319.000
1266.155	8503.000
1266.293	8310.000
1266.430	8419.000
1266.568	8309.000
1266.706	8522.000
1266.843	8339.000
1266.981	8488.000
1267.119	8286.000
1267.256	8459.000
1267.394	8237.000
1267.531	8482.000
1267.669	8275.000
1267.806	8489.000
1267.944	8266.000
1268.081	8482.000
1268.219	8335.000
1268.357	8451.000
1268.494	8334.000
1268.632	8519.000
1268.769	8241.000
1268.907	8507.000
1269.044	8408.000
1269.182	8384.000
1269.319	8316.000
1269.456	8524.000
1269.594	8327.000
1269.731	8450.000
1269.869	8354.000
1270.006	8468.000
1270.144	8372.000
1270.281	8428.000
1270.418	8386.000
1270.556	8485.000
1270.693	8365.000
1270.831	8521.000
1270.968	8304.000
1271.105	8518.000
1271.243	8264.000
1271.380	8462.000
1271.517	8437.000
1271.655	8555.000
1271.792	8344.000
1271.929	8444.000
1272.066	8399.000
1272.204	8569.000
1272.341	8390.000
1272.478	8539.000
1272.616	8391.000
1272.753	8556.000
1272.890	8366.000
1273.027	8438.000
1273.165	8402.000
1273.302	8527.000
1273.439	8367.000
1273.576	8393.000
1273.713	8386.000
1273.851	8572.000
1273.988	8423.000
1274.125	8492.000
1274.262	8389.000
1274.399	8452.000
1274.536	8467.000
1274.673	8565.000
