1029.870	8878.000
1030.015	8884.000
1030.160	8876.000
1030.305	8960.000
1030.449	8834.000
1030.594	8947.000
1030.739	8854.000
1030.884	8886.000
1031.029	8854.000
1031.173	8889.000
1031.318	8815.000
1031.463	8913.000
1031.608	8823.000
1031.752	8825.000
1031.897	8840.000
1032.042	8976.000
1032.187	8746.000
1032.331	8906.000
1032.476	8775.000
1032.621	8915.000
1032.765	8797.000
1032.910	8801.000
1033.055	8932.000
1033.200	8858.000
1033.344	8823.000
1033.489	8827.000
1033.634	8867.000
1033.778	8816.000
1033.923	8804.000
1034.068	8842.000
1034.212	8837.000
1034.357	8885.000
1034.502	8841.000
1034.646	8843.000
1034.791	8745.000
1034.935	8812.000
1035.080	8851.000
1035.225	8805.000
1035.369	8841.000
1035.514	8844.000
1035.658	8791.000
1035.803	8879.000
1035.947	8760.000
1036.092	8880.000
1036.237	8736.000
1036.381	8811.000
1036.526	8831.000
1036.670	8780.000
1036.815	8773.000
1036.959	8813.000
1037.104	8781.000
1037.248	8755.000
1037.393	8802.000
1037.537	8845.000
1037.682	8731.000
1037.826	8807.000
1037.971	8740.000
1038.115	8793.000
1038.260	8705.000
1038.404	8739.000
1038.549	8776.000
1038.693	8769.000
1038.838	8713.000
1038.982	8697.000
1039.126	8674.000
1039.271	8796.000
1039.415	8695.000
1039.560	8667.000
1039.704	8703.000
1039.848	8696.000
1039.993	8667.000
1040.137	8678.000
1040.282	8691.000
1040.426	8721.000
1040.570	8614.000
1040.715	8679.000
1040.859	8603.000
1041.003	8640.000
1041.148	8607.000
1041.292	8754.000
1041.436	8580.000
1041.581	8677.000
1041.725	8662.000
1041.869	8609.000
1042.014	8552.000
1042.158	8623.000
1042.302	8568.000
1042.447	8591.000
1042.591	8586.000
1042.735	8626.000
1042.879	8599.000
1043.024	8605.000
1043.168	8600.000
1043.312	8604.000
1043.456	8609.000
1043.601	8572.000
1043.745	8520.000
1043.889	8599.000
1044.033	8568.000
1044.178	8621.000
1044.322	8539.000
1044.466	8542.000
1044.610	8495.000
1044.754	8491.000
1044.899	8515.000
1045.043	8612.000
1045.187	8491.000
1045.331	8544.000
1045.475	8501.000
1045.619	8542.000
1045.763	8521.000
1045.908	8586.000
1046.052	8403.000
1046.196	8620.000
1046.340	8459.000
1046.484	8478.000
1046.628	8537.000
1046.772	8577.000
1046.916	8548.000
1047.060	8510.000
1047.205	8531.000
1047.349	8560.000
1047.493	8522.000
1047.637	8623.000
1047.781	8474.000
1047.925	8577.000
1048.069	8394.000
1048.213	8474.000
1048.357	8577.000
1048.501	8595.000
1048.645	8526.000
1048.789	8582.000
1048.933	8510.000
1049.077	8519.000
1049.221	8506.000
1049.365	8523.000
1049.509	8542.000
1049.653	8597.000
1049.797	8479.000
1049.941	8567.000
1050.085	8540.000
1050.229	8582.000
1050.373	8533.000
1050.517	8456.000
1050.660	8503.000
1050.804	8619.000
1050.948	8531.000
1051.092	8535.000
1051.236	8462.000
1051.380	8576.000
1051.524	8491.000
1051.668	8519.000
1051.812	8404.000
1051.956	8540.000
1052.099	8414.000
1052.243	8594.000
1052.387	8524.000
1052.531	8587.000
1052.675	8468.000
1052.819	8541.000
1052.962	8473.000
1053.106	8494.000
1053.250	8458.000
1053.394	8596.000
1053.538	8388.000
1053.681	8524.000
1053.825	8511.000
1053.969	8503.000
1054.113	8505.000
1054.257	8567.000
1054.400	8394.000
1054.544	8554.000
1054.688	8466.000
1054.832	8484.000
1054.975	8509.000
1055.119	8537.000
1055.263	8422.000
1055.407	8548.000
1055.550	8326.000
1055.694	8423.000
1055.838	8413.000
1055.981	8546.000
1056.125	8471.000
1056.269	8509.000
1056.412	8342.000
1056.556	8430.000
1056.700	8383.000
1056.843	8454.000
1056.987	8430.000
1057.131	8502.000
1057.274	8363.000
1057.418	8432.000
1057.562	8303.000
1057.705	8438.000
1057.849	8393.000
1057.992	8513.000
1058.136	8314.000
1058.280	8423.000
1058.423	8289.000
1058.567	8498.000
1058.710	8464.000
1058.854	8398.000
1058.997	8399.000
1059.141	8382.000
1059.285	8294.000
1059.428	8438.000
1059.572	8359.000
1059.715	8493.000
1059.859	8323.000
1060.002	8461.000
1060.146	8348.000
1060.289	8451.000
1060.433	8274.000
1060.576	8530.000
1060.720	8317.000
1060.863	8413.000
1061.007	8269.000
1061.150	8378.000
1061.294	8283.000
1061.437	8407.000
1061.580	8381.000
1061.724	8454.000
1061.867	8378.000
1062.011	8454.000
1062.154	8208.000
1062.298	8467.000
1062.441	8268.000
1062.584	8456.000
1062.728	8312.000
1062.871	8533.000
1063.015	8445.000
1063.158	8636.000
1063.301	8700.000
1063.445	8952.000
1063.588	8878.000
1063.731	9023.000
1063.875	8954.000
1064.018	9120.000
1064.161	8985.000
1064.305	9180.000
1064.448	9184.000
1064.591	9275.000
1064.735	9077.000
1064.878	8776.000
1065.021	8421.000
1065.165	8513.000
1065.308	8342.000
1065.451	8469.000
1065.594	8435.000
1065.738	8479.000
1065.881	8401.000
1066.024	8379.000
1066.167	8295.000
1066.311	8397.000
1066.454	8288.000
1066.597	8428.000
1066.740	8441.000
1066.884	8484.000
1067.027	8275.000
1067.170	8503.000
1067.313	8472.000
1067.456	8400.000
1067.599	8322.000
1067.743	8463.000
1067.886	8346.000
1068.029	8428.000
1068.172	8314.000
1068.315	8492.000
1068.458	8325.000
1068.602	8419.000
1068.745	8353.000
1068.888	8433.000
1069.031	8369.000
1069.174	8467.000
1069.317	8377.000
1069.460	8449.000
1069.603	8336.000
1069.746	8558.000
1069.890	8391.000
1070.033	8397.000
1070.176	8394.000
1070.319	8486.000
1070.462	8311.000
1070.605	8482.000
1070.748	8452.000
1070.891	8516.000
1071.034	8341.000
1071.177	8426.000
1071.320	8385.000
1071.463	8449.000
1071.606	8386.000
1071.749	8422.000
1071.892	8411.000
1072.035	8465.000
1072.178	8356.000
1072.321	8429.000
1072.464	8181.000
1072.607	8492.000
1072.750	8293.000
1072.893	8416.000
1073.036	8304.000
1073.179	8499.000
1073.322	8313.000
1073.465	8370.000
1073.607	8424.000
1073.750	8366.000
1073.893	8284.000
1074.036	8453.000
1074.179	8343.000
1074.322	8395.000
1074.465	8254.000
1074.608	8510.000
1074.751	8377.000
1074.893	8421.000
1075.036	8311.000
1075.179	8429.000
1075.322	8336.000
1075.465	8461.000
1075.608	8247.000
1075.750	8465.000
1075.893	8327.000
1076.036	8315.000
1076.179	8308.000
1076.322	8420.000
1076.464	8277.000
1076.607	8497.000
1076.750	8248.000
1076.893	8264.000
1077.036	8291.000
1077.178	8447.000
1077.321	8322.000
1077.464	8336.000
1077.607	8190.000
1077.749	8446.000
1077.892	8247.000
1078.035	8381.000
1078.177	8282.000
1078.320	8391.000
1078.463	8302.000
1078.606	8365.000
1078.748	8314.000
1078.891	8430.000
1079.034	8252.000
1079.176	8421.000
1079.319	8202.000
1079.462	8339.000
1079.604	8298.000
1079.747	8359.000
1079.890	8201.000
1080.032	8424.000
1080.175	8182.000
1080.317	8312.000
1080.460	8270.000
1080.603	8387.000
1080.745	8281.000
1080.888	8373.000
1081.030	8291.000
1081.173	8283.000
1081.316	8238.000
1081.458	8346.000
1081.601	8345.000
1081.743	8289.000
1081.886	8235.000
1082.028	8301.000
1082.171	8276.000
1082.313	8370.000
1082.456	8249.000
1082.598	8275.000
1082.741	8269.000
1082.883	8351.000
1083.026	8246.000
1083.168	8340.000
1083.311	8167.000
1083.453	8395.000
1083.596	8187.000
1083.738	8366.000
1083.881	8218.000
1084.023	8385.000
1084.166	8242.000
1084.308	8470.000
1084.451	8166.000
1084.593	8455.000
1084.736	8234.000
1084.878	8370.000
1085.020	8248.000
1085.163	8410.000
1085.305	8256.000
1085.448	8306.000
1085.590	8232.000
1085.732	8387.000
1085.875	8208.000
1086.017	8333.000
1086.159	8298.000
1086.302	8354.000
1086.444	8318.000
1086.586	8370.000
1086.729	8318.000
1086.871	8360.000
1087.013	8226.000
1087.156	8373.000
1087.298	7911.000
1087.440	8399.000
1087.583	8273.000
1087.725	8371.000
1087.867	8360.000
1088.010	8340.000
1088.152	8210.000
1088.294	8310.000
1088.436	8283.000
1088.579	8476.000
1088.721	8207.000
1088.863	8357.000
1089.005	8216.000
1089.148	8404.000
1089.290	8277.000
1089.432	8332.000
1089.574	8206.000
1089.716	8416.000
1089.859	8302.000
1090.001	8385.000
1090.143	8246.000
1090.285	8409.000
1090.427	8250.000
1090.569	8422.000
1090.712	8285.000
1090.854	8332.000
1090.996	8173.000
1091.138	8323.000
1091.280	8254.000
1091.422	8525.000
1091.564	8247.000
1091.707	8396.000
1091.849	8238.000
1091.991	8390.000
1092.133	8285.000
1092.275	8400.000
1092.417	8268.000
1092.559	8444.000
1092.701	8291.000
1092.843	8402.000
1092.985	8283.000
1093.127	8449.000
1093.269	8267.000
1093.411	8409.000
1093.554	8203.000
1093.696	8330.000
1093.838	8218.000
1093.980	8420.000
1094.122	8193.000
1094.264	8324.000
1094.406	8232.000
1094.548	8315.000
1094.690	8195.000
1094.832	8366.000
1094.973	8298.000
1095.115	8388.000
1095.257	8220.000
1095.399	8425.000
1095.541	8312.000
1095.683	8317.000
1095.825	8257.000
1095.967	8379.000
1096.109	8321.000
1096.251	8390.000
1096.393	8205.000
1096.535	8414.000
1096.677	8291.000
1096.819	8344.000
1096.960	8240.000
1097.102	8370.000
1097.244	8252.000
1097.386	8351.000
1097.528	8230.000
1097.670	8355.000
1097.812	8212.000
1097.953	8337.000
1098.095	8311.000
1098.237	8315.000
1098.379	8241.000
1098.521	8324.000
1098.662	8204.000
1098.804	8409.000
1098.946	8338.000
1099.088	8323.000
1099.230	8240.000
1099.371	8283.000
1099.513	8251.000
1099.655	8372.000
1099.797	8306.000
1099.938	8441.000
1100.080	8231.000
1100.222	8370.000
1100.364	8237.000
1100.505	8409.000
1100.647	8272.000
1100.789	8372.000
1100.931	8316.000
1101.072	8388.000
1101.214	8282.000
1101.356	8231.000
1101.497	8194.000
1101.639	8400.000
1101.781	8166.000
1101.922	8311.000
1102.064	8226.000
1102.206	8306.000
1102.347	8186.000
1102.489	8327.000
1102.631	8199.000
1102.772	8394.000
1102.914	8092.000
1103.055	8380.000
1103.197	8206.000
1103.339	8325.000
1103.480	8257.000
1103.622	8343.000
1103.763	8189.000
1103.905	8327.000
1104.046	8187.000
1104.188	8317.000
1104.330	8207.000
1104.471	8331.000
1104.613	8165.000
1104.754	8320.000
1104.896	8351.000
1105.037	8357.000
1105.179	8236.000
1105.320	8368.000
1105.462	8188.000
1105.603	8332.000
1105.745	8176.000
1105.886	8340.000
1106.028	8156.000
1106.169	8480.000
1106.311	8270.000
1106.452	8420.000
1106.594	8183.000
1106.735	8397.000
1106.876	8275.000
1107.018	8379.000
1107.159	8194.000
1107.301	8315.000
1107.442	8202.000
1107.584	8368.000
1107.725	8259.000
1107.866	8333.000
1108.008	8160.000
1108.149	8328.000
1108.291	8222.000
1108.432	8300.000
1108.573	8232.000
1108.715	8364.000
1108.856	8168.000
1108.997	8338.000
1109.139	8152.000
1109.280	8351.000
1109.421	8222.000
1109.563	8421.000
1109.704	8185.000
1109.845	8343.000
1109.987	8171.000
1110.128	8277.000
1110.269	8239.000
1110.410	8375.000
1110.552	8196.000
1110.693	8373.000
1110.834	8089.000
1110.975	8316.000
1111.117	8234.000
1111.258	8366.000
1111.399	8183.000
1111.540	8303.000
1111.682	8274.000
1111.823	8281.000
1111.964	8215.000
1112.105	8375.000
1112.247	8166.000
1112.388	8339.000
1112.529	8166.000
1112.670	8375.000
1112.811	8169.000
1112.952	8264.000
1113.094	8138.000
1113.235	8274.000
1113.376	8200.000
1113.517	8201.000
1113.658	8092.000
1113.799	8291.000
1113.940	8247.000
1114.082	8353.000
1114.223	8186.000
1114.364	8352.000
1114.505	8188.000
1114.646	8359.000
1114.787	8156.000
1114.928	8276.000
1115.069	8063.000
1115.210	8239.000
1115.351	8217.000
1115.492	8327.000
1115.633	8164.000
1115.774	8353.000
1115.916	8133.000
1116.057	8269.000
1116.198	8095.000
1116.339	8297.000
1116.480	8129.000
1116.621	8184.000
1116.762	8037.000
1116.903	8240.000
1117.044	8228.000
1117.185	8194.000
1117.326	8137.000
1117.466	8241.000
1117.607	8172.000
1117.748	8268.000
1117.889	8147.000
1118.030	8306.000
1118.171	8141.000
1118.312	8265.000
1118.453	8099.000
1118.594	8344.000
1118.735	8139.000
1118.876	8228.000
1119.017	8137.000
1119.158	8189.000
1119.298	8100.000
1119.439	8158.000
1119.580	8105.000
1119.721	8299.000
1119.862	8191.000
1120.003	8244.000
1120.144	8135.000
1120.284	8290.000
1120.425	8167.000
1120.566	8212.000
1120.707	8079.000
1120.848	8236.000
1120.989	8082.000
1121.129	8240.000
1121.270	8102.000
1121.411	8259.000
1121.552	8169.000
1121.693	8235.000
1121.833	8099.000
1121.974	8341.000
1122.115	8162.000
1122.256	8284.000
1122.396	8198.000
1122.537	8316.000
1122.678	8110.000
1122.819	8291.000
1122.959	8285.000
1123.100	8424.000
1123.241	8233.000
1123.381	8313.000
1123.522	8267.000
1123.663	8340.000
1123.803	8194.000
1123.944	8358.000
1124.085	8267.000
1124.225	8396.000
1124.366	8260.000
1124.507	8373.000
1124.647	8269.000
1124.788	8510.000
1124.929	8343.000
1125.069	8528.000
1125.210	8259.000
1125.351	8525.000
1125.491	8355.000
1125.632	8521.000
1125.772	8357.000
1125.913	8596.000
1126.054	8416.000
1126.194	8550.000
1126.335	8402.000
1126.475	8601.000
1126.616	8448.000
1126.756	8647.000
1126.897	8543.000
1127.037	8620.000
1127.178	8592.000
1127.318	8616.000
1127.459	8581.000
1127.600	8763.000
1127.740	8584.000
1127.881	8675.000
1128.021	8555.000
1128.162	8747.000
1128.302	8630.000
1128.442	8715.000
1128.583	8647.000
1128.723	8737.000
1128.864	8681.000
1129.004	8864.000
1129.145	8654.000
1129.285	8818.000
1129.426	8779.000
1129.566	8823.000
1129.706	8665.000
1129.847	8860.000
1129.987	8668.000
1130.128	8760.000
1130.268	8648.000
1130.408	8720.000
1130.549	8582.000
1130.689	8642.000
1130.830	8494.000
1130.970	8634.000
1131.110	8461.000
1131.251	8491.000
1131.391	8494.000
1131.531	8517.000
1131.672	8394.000
1131.812	8400.000
1131.952	8312.000
1132.093	8528.000
1132.233	8288.000
1132.373	8399.000
1132.513	8340.000
1132.654	8521.000
1132.794	8838.000
1132.934	8386.000
1133.075	8297.000
1133.215	8385.000
1133.355	8219.000
1133.495	8448.000
1133.636	8231.000
1133.776	8445.000
1133.916	8266.000
1134.056	8315.000
1134.196	8339.000
1134.337	8416.000
1134.477	8277.000
1134.617	8366.000
1134.757	8301.000
1134.897	8495.000
1135.038	8272.000
1135.178	8380.000
1135.318	8270.000
1135.458	8339.000
1135.598	8269.000
1135.738	8374.000
1135.879	8240.000
1136.019	8273.000
1136.159	8283.000
1136.299	8281.000
1136.439	8160.000
1136.579	8392.000
1136.719	8175.000
1136.859	8242.000
1136.999	8167.000
1137.140	8185.000
1137.280	8178.000
1137.420	8230.000
1137.560	8129.000
1137.700	8140.000
1137.840	8147.000
1137.980	8158.000
1138.120	8105.000
1138.260	8190.000
1138.400	8091.000
1138.540	8206.000
1138.680	8110.000
1138.820	8279.000
1138.960	8134.000
1139.100	8180.000
1139.240	8168.000
1139.380	8217.000
1139.520	8112.000
1139.660	8179.000
1139.800	8125.000
1139.940	8152.000
1140.080	8116.000
1140.220	8196.000
1140.360	8178.000
1140.500	8214.000
1140.640	8106.000
1140.780	8161.000
1140.919	8104.000
1141.059	8178.000
1141.199	8093.000
1141.339	8259.000
1141.479	8133.000
1141.619	8216.000
1141.759	8122.000
1141.899	8167.000
1142.039	8120.000
1142.178	8172.000
1142.318	8017.000
1142.458	8254.000
1142.598	8130.000
1142.738	8287.000
1142.878	8164.000
1143.017	8306.000
1143.157	8113.000
1143.297	8282.000
1143.437	8122.000
1143.577	8235.000
1143.716	8114.000
1143.856	8272.000
1143.996	8082.000
1144.136	8302.000
1144.275	8174.000
1144.415	8293.000
1144.555	8098.000
1144.695	8232.000
1144.834	8175.000
1144.974	8340.000
1145.114	8210.000
1145.254	8281.000
1145.393	8247.000
1145.533	8377.000
1145.673	8250.000
1145.812	8292.000
1145.952	8241.000
1146.092	8390.000
1146.231	8200.000
1146.371	8301.000
1146.511	8231.000
1146.650	8380.000
1146.790	8168.000
1146.930	8366.000
1147.069	8211.000
1147.209	8455.000
1147.349	8302.000
1147.488	8354.000
1147.628	8185.000
1147.767	8347.000
1147.907	8214.000
1148.047	8307.000
1148.186	8241.000
1148.326	8379.000
1148.465	8247.000
1148.605	8341.000
1148.744	8261.000
1148.884	8343.000
1149.024	8296.000
1149.163	8340.000
1149.303	8223.000
1149.442	8390.000
1149.582	8196.000
1149.721	8325.000
1149.861	8194.000
1150.000	8348.000
1150.140	8136.000
1150.279	8373.000
1150.419	8267.000
1150.558	8276.000
1150.698	8234.000
1150.837	8375.000
1150.977	8222.000
1151.116	8390.000
1151.255	8241.000
1151.395	8331.000
1151.534	8183.000
1151.674	8289.000
1151.813	8176.000
1151.953	8281.000
1152.092	8208.000
1152.231	8313.000
1152.371	8228.000
1152.510	8311.000
1152.650	8199.000
1152.789	8408.000
1152.928	8299.000
1153.068	8340.000
1153.207	8308.000
1153.346	8367.000
1153.486	8231.000
1153.625	8340.000
1153.764	7084.000
1153.904	8337.000
1154.043	8216.000
1154.182	8262.000
1154.322	8158.000
1154.461	8331.000
1154.600	8172.000
1154.740	8332.000
1154.879	8245.000
1155.018	8314.000
1155.157	8227.000
1155.297	8288.000
1155.436	8176.000
1155.575	8371.000
1155.714	8215.000
1155.854	8314.000
1155.993	8122.000
1156.132	8313.000
1156.271	8165.000
1156.411	8235.000
1156.550	8212.000
1156.689	8239.000
1156.828	8163.000
1156.967	8269.000
1157.107	8127.000
1157.246	8328.000
1157.385	8103.000
1157.524	8376.000
1157.663	8176.000
1157.802	8219.000
1157.941	8206.000
1158.081	8189.000
1158.220	8112.000
1158.359	8177.000
1158.498	8052.000
1158.637	8160.000
1158.776	8069.000
1158.915	8275.000
1159.054	8111.000
1159.193	8243.000
1159.333	8041.000
1159.472	8171.000
1159.611	8040.000
1159.750	8156.000
1159.889	7985.000
1160.028	8167.000
1160.167	7985.000
1160.306	8137.000
1160.445	8019.000
1160.584	8171.000
1160.723	8121.000
1160.862	8168.000
1161.001	8036.000
1161.140	8275.000
1161.279	8014.000
1161.418	8169.000
1161.557	8073.000
1161.696	8215.000
1161.835	8056.000
1161.974	8308.000
1162.113	12805.000
1162.252	8282.000
1162.391	8123.000
1162.530	8207.000
1162.669	8111.000
1162.808	8210.000
1162.946	8018.000
1163.085	8195.000
1163.224	8218.000
1163.363	8334.000
1163.502	8173.000
1163.641	8217.000
1163.780	8133.000
1163.919	8228.000
1164.058	8216.000
1164.196	8335.000
1164.335	8156.000
1164.474	8275.000
1164.613	8147.000
1164.752	8303.000
1164.891	8194.000
1165.029	8355.000
1165.168	8228.000
1165.307	8290.000
1165.446	8236.000
1165.585	8289.000
1165.723	8158.000
1165.862	8245.000
1166.001	8157.000
1166.140	8345.000
1166.279	8151.000
1166.417	8287.000
1166.556	8119.000
1166.695	8385.000
1166.834	8173.000
1166.972	8349.000
1167.111	8147.000
1167.250	8318.000
1167.388	8054.000
1167.527	8283.000
1167.666	8120.000
1167.805	8331.000
1167.943	8134.000
1168.082	8345.000
1168.221	8195.000
1168.359	8295.000
1168.498	8146.000
1168.637	8347.000
1168.775	8082.000
1168.914	8358.000
1169.052	8237.000
1169.191	8240.000
1169.330	8164.000
1169.468	8372.000
1169.607	8219.000
1169.746	8285.000
1169.884	8196.000
1170.023	8299.000
1170.161	8220.000
1170.300	8278.000
1170.439	8263.000
1170.577	8341.000
1170.716	8237.000
1170.854	8394.000
1170.993	8172.000
1171.131	8355.000
1171.270	8150.000
1171.408	8315.000
1171.547	8292.000
1171.685	8459.000
1171.824	8229.000
1171.962	8309.000
1172.101	8264.000
1172.239	8436.000
1172.378	8279.000
1172.516	8411.000
1172.655	8232.000
1172.793	8448.000
1172.932	8225.000
1173.070	8324.000
1173.209	8282.000
1173.347	8429.000
1173.486	8284.000
1173.624	8268.000
1173.762	8308.000
1173.901	8468.000
1174.039	8328.000
1174.178	8351.000
1174.316	8325.000
1174.454	8320.000
1174.593	8363.000
1174.731	8450.000
