929.762	9023.000
929.906	8972.000
930.049	8978.000
930.193	9049.000
930.337	8940.000
930.481	9062.000
930.625	8947.000
930.769	9025.000
930.913	8957.000
931.057	9021.000
931.201	8883.000
931.345	9020.000
931.488	8912.000
931.632	8932.000
931.776	8919.000
931.920	9041.000
932.064	8825.000
932.208	9024.000
932.352	8887.000
932.495	9031.000
932.639	8882.000
932.783	8925.000
932.927	9033.000
933.071	8991.000
933.215	8964.000
933.359	8945.000
933.502	8952.000
933.646	8938.000
933.790	8915.000
933.934	8952.000
934.078	8928.000
934.221	8994.000
934.365	8941.000
934.509	8934.000
934.653	8883.000
934.797	8921.000
934.940	8982.000
935.084	8872.000
935.228	8957.000
935.372	8937.000
935.515	8914.000
935.659	8962.000
935.803	8851.000
935.947	8983.000
936.090	8856.000
936.234	8964.000
936.378	8953.000
936.522	8874.000
936.665	8849.000
936.809	8918.000
936.953	8840.000
937.097	8874.000
937.240	8914.000
937.384	8969.000
937.528	8885.000
937.671	8875.000
937.815	8842.000
937.959	8922.000
938.102	8845.000
938.246	8803.000
938.390	8867.000
938.534	8836.000
938.677	8804.000
938.821	8815.000
938.965	8761.000
939.108	8882.000
939.252	8817.000
939.396	8741.000
939.539	8791.000
939.683	8818.000
939.826	8761.000
939.970	8732.000
940.114	8805.000
940.257	8836.000
940.401	8712.000
940.545	8749.000
940.688	8727.000
940.832	8743.000
940.975	8750.000
941.119	8822.000
941.263	8681.000
941.406	8787.000
941.550	8758.000
941.693	8725.000
941.837	8659.000
941.981	8690.000
942.124	8664.000
942.268	8668.000
942.411	8673.000
942.555	8707.000
942.698	8666.000
942.842	8716.000
942.986	8662.000
943.129	8701.000
943.273	8695.000
943.416	8654.000
943.560	8616.000
943.703	8669.000
943.847	8673.000
943.990	8710.000
944.134	8621.000
944.277	8628.000
944.421	8584.000
944.564	8558.000
944.708	8589.000
944.851	8700.000
944.995	8572.000
945.138	8637.000
945.282	8578.000
945.425	8625.000
945.569	8617.000
945.712	8675.000
945.856	8479.000
945.999	8695.000
946.143	8544.000
946.286	8555.000
946.430	8614.000
946.573	8627.000
946.716	8597.000
946.860	8622.000
947.003	8576.000
947.147	8613.000
947.290	8581.000
947.434	8695.000
947.577	8564.000
947.720	8679.000
947.864	8469.000
948.007	8570.000
948.151	8648.000
948.294	8656.000
948.437	8569.000
948.581	8646.000
948.724	8597.000
948.868	8606.000
949.011	8566.000
949.154	8624.000
949.298	8652.000
949.441	8685.000
949.584	8576.000
949.728	8641.000
949.871	8577.000
950.015	8700.000
950.158	8611.000
950.301	8520.000
950.445	8578.000
950.588	8688.000
950.731	8634.000
950.875	8613.000
951.018	8554.000
951.161	8678.000
951.304	8571.000
951.448	8599.000
951.591	8507.000
951.734	8612.000
951.878	8497.000
952.021	8706.000
952.164	8639.000
952.308	8657.000
952.451	8575.000
952.594	8614.000
952.737	8574.000
952.881	8563.000
953.024	8514.000
953.167	8635.000
953.310	8472.000
953.454	8608.000
953.597	8568.000
953.740	8560.000
953.883	8523.000
954.027	8643.000
954.170	8481.000
954.313	8601.000
954.456	8519.000
954.600	8520.000
954.743	8570.000
954.886	8616.000
955.029	8449.000
955.172	8591.000
955.316	8363.000
955.459	8505.000
955.602	8502.000
955.745	8622.000
955.888	8484.000
956.032	8595.000
956.175	8376.000
956.318	8475.000
956.461	8461.000
956.604	8509.000
956.747	8503.000
956.890	8606.000
957.034	8435.000
957.177	8512.000
957.320	8394.000
957.463	8507.000
957.606	8463.000
957.749	8576.000
957.892	8414.000
958.036	8526.000
958.179	8345.000
958.322	8567.000
958.465	8552.000
958.608	8454.000
958.751	8481.000
958.894	8445.000
959.037	8339.000
959.180	8483.000
959.323	8413.000
959.467	8541.000
959.610	8382.000
959.753	8515.000
959.896	8417.000
960.039	8463.000
960.182	8354.000
960.325	8531.000
960.468	8410.000
960.611	8474.000
960.754	8368.000
960.897	8442.000
961.040	8304.000
961.183	8448.000
961.326	8416.000
961.469	8520.000
961.612	8365.000
961.755	8487.000
961.898	8274.000
962.041	8516.000
962.184	8300.000
962.327	8486.000
962.470	8355.000
962.613	8570.000
962.756	8418.000
962.899	8474.000
963.042	8376.000
963.185	8528.000
963.328	8364.000
963.471	8433.000
963.614	8384.000
963.757	8507.000
963.900	8329.000
964.043	8434.000
964.186	8361.000
964.329	8478.000
964.472	8382.000
964.615	8481.000
964.758	8354.000
964.900	8545.000
965.043	8364.000
965.186	8527.000
965.329	8516.000
965.472	8550.000
965.615	8464.000
965.758	8460.000
965.901	8354.000
966.044	8476.000
966.187	8368.000
966.329	8518.000
966.472	8493.000
966.615	8555.000
966.758	8383.000
966.901	8563.000
967.044	8505.000
967.187	8488.000
967.330	8402.000
967.472	8528.000
967.615	8419.000
967.758	8540.000
967.901	8400.000
968.044	8549.000
968.187	8415.000
968.329	8479.000
968.472	8440.000
968.615	8522.000
968.758	8438.000
968.901	8512.000
969.043	8446.000
969.186	8519.000
969.329	8424.000
969.472	8585.000
969.615	8434.000
969.757	8475.000
969.900	8458.000
970.043	8573.000
970.186	8362.000
970.328	8544.000
970.471	8536.000
970.614	8588.000
970.757	8436.000
970.899	8485.000
971.042	8430.000
971.185	8498.000
971.328	8458.000
971.470	8519.000
971.613	8451.000
971.756	8573.000
971.899	8443.000
972.041	8504.000
972.184	8291.000
972.327	8591.000
972.469	8398.000
972.612	8471.000
972.755	8400.000
972.898	8566.000
973.040	8407.000
973.183	8501.000
973.326	8511.000
973.468	8427.000
973.611	8362.000
973.754	8524.000
973.896	8423.000
974.039	8489.000
974.182	8352.000
974.324	8565.000
974.467	8488.000
974.610	8495.000
974.752	8373.000
974.895	8507.000
975.037	8427.000
975.180	8529.000
975.323	8331.000
975.465	8522.000
975.608	8348.000
975.751	8375.000
975.893	8406.000
976.036	8462.000
976.178	8353.000
976.321	8593.000
976.464	8353.000
976.606	8358.000
976.749	8357.000
976.891	8557.000
977.034	8419.000
977.176	8436.000
977.319	8301.000
977.462	8528.000
977.604	8315.000
977.747	8505.000
977.889	8369.000
978.032	8479.000
978.174	8382.000
978.317	8462.000
978.459	8411.000
978.602	8480.000
978.744	8373.000
978.887	8523.000
979.029	8307.000
979.172	8425.000
979.314	8399.000
979.457	8472.000
979.599	8242.000
979.742	8516.000
979.884	8274.000
980.027	8408.000
980.169	8331.000
980.312	8505.000
980.454	8339.000
980.597	8435.000
980.739	8361.000
980.882	8370.000
981.024	8291.000
981.167	8413.000
981.309	8428.000
981.452	8366.000
981.594	8302.000
981.736	8357.000
981.879	8337.000
982.021	8437.000
982.164	8286.000
982.306	8346.000
982.449	8325.000
982.591	8423.000
982.733	8308.000
982.876	8440.000
983.018	8265.000
983.161	8495.000
983.303	8267.000
983.445	8428.000
983.588	8295.000
983.730	8492.000
983.873	8292.000
984.015	8531.000
984.157	8247.000
984.300	8540.000
984.442	8298.000
984.584	8467.000
984.727	8282.000
984.869	8468.000
985.011	8332.000
985.154	8367.000
985.296	8294.000
985.438	8445.000
985.581	8278.000
985.723	8419.000
985.865	8328.000
986.008	8444.000
986.150	8387.000
986.292	8434.000
986.435	8346.000
986.577	8429.000
986.719	8272.000
986.861	8481.000
987.004	7976.000
987.146	8497.000
987.288	8359.000
987.431	8420.000
987.573	8391.000
987.715	8387.000
987.857	8269.000
988.000	8379.000
988.142	8324.000
988.284	8506.000
988.426	8318.000
988.569	8406.000
988.711	8262.000
988.853	8473.000
988.995	8328.000
989.138	8388.000
989.280	8259.000
989.422	8425.000
989.564	8352.000
989.706	8390.000
989.849	8290.000
989.991	8479.000
990.133	8292.000
990.275	8461.000
990.417	8357.000
990.560	8405.000
990.702	8246.000
990.844	8404.000
990.986	8315.000
991.128	8571.000
991.270	8292.000
991.413	8458.000
991.555	8325.000
991.697	8468.000
991.839	8329.000
991.981	8459.000
992.123	8333.000
992.265	8460.000
992.408	8349.000
992.550	8433.000
992.692	8329.000
992.834	8485.000
992.976	8384.000
993.118	8500.000
993.260	8348.000
993.402	8384.000
993.544	8300.000
993.687	8485.000
993.829	8273.000
993.971	8412.000
994.113	8305.000
994.255	8402.000
994.397	8278.000
994.539	8431.000
994.681	8323.000
994.823	8447.000
994.965	8299.000
995.107	8473.000
995.249	8357.000
995.391	8418.000
995.533	8297.000
995.675	8439.000
995.817	8389.000
995.959	8465.000
996.101	8292.000
996.243	8496.000
996.385	8349.000
996.527	8465.000
996.669	8296.000
996.811	8457.000
996.953	8307.000
997.095	8421.000
997.237	8286.000
997.379	8456.000
997.521	8311.000
997.663	8390.000
997.805	8410.000
997.947	8430.000
998.089	8319.000
998.231	8379.000
998.373	8255.000
998.515	8479.000
998.657	8389.000
998.799	8415.000
998.941	8307.000
999.083	8366.000
999.225	8354.000
999.367	8458.000
999.509	8396.000
999.651	8493.000
999.793	8311.000
999.934	8441.000
1000.076	8339.000
1000.218	8487.000
1000.360	8319.000
1000.502	8474.000
1000.644	8367.000
1000.786	8520.000
1000.928	8374.000
1001.070	8337.000
1001.212	8281.000
1001.353	8492.000
1001.495	8240.000
1001.637	8407.000
1001.779	8301.000
1001.921	8404.000
1002.063	8300.000
1002.205	8404.000
1002.346	8335.000
1002.488	8481.000
1002.630	8207.000
1002.772	8463.000
1002.914	8303.000
1003.055	8419.000
1003.197	8300.000
1003.339	8438.000
1003.481	8271.000
1003.623	8419.000
1003.765	8249.000
1003.906	8370.000
1004.048	8302.000
1004.190	8403.000
1004.332	8245.000
1004.473	8420.000
1004.615	8452.000
1004.757	8460.000
1004.899	8308.000
1005.041	8431.000
1005.182	8273.000
1005.324	8443.000
1005.466	8289.000
1005.608	8433.000
1005.749	8206.000
1005.891	8545.000
1006.033	8364.000
1006.175	8475.000
1006.316	8263.000
1006.458	8447.000
1006.600	8337.000
1006.741	8469.000
1006.883	8258.000
1007.025	8437.000
1007.167	8265.000
1007.308	8434.000
1007.450	8350.000
1007.592	8426.000
1007.733	8242.000
1007.875	8410.000
1008.017	8323.000
1008.158	8414.000
1008.300	8307.000
1008.442	8454.000
1008.583	8234.000
1008.725	8462.000
1008.867	8206.000
1009.008	8435.000
1009.150	8301.000
1009.292	8507.000
1009.433	8320.000
1009.575	8358.000
1009.716	8240.000
1009.858	8339.000
1010.000	8310.000
1010.141	8483.000
1010.283	8255.000
1010.425	8438.000
1010.566	8169.000
1010.708	8395.000
1010.849	8331.000
1010.991	8451.000
1011.132	8248.000
1011.274	8382.000
1011.416	8386.000
1011.557	8357.000
1011.699	8298.000
1011.840	8453.000
1011.982	8250.000
1012.123	8450.000
1012.265	8214.000
1012.407	8468.000
1012.548	8256.000
1012.690	8352.000
1012.831	8230.000
1012.973	8407.000
1013.114	8297.000
1013.256	8482.000
1013.397	8362.000
1013.539	8645.000
1013.680	8605.000
1013.822	8754.000
1013.963	8663.000
1014.105	8826.000
1014.246	8699.000
1014.388	9008.000
1014.529	9012.000
1014.671	9246.000
1014.812	8763.000
1014.954	8681.000
1015.095	8443.000
1015.237	8466.000
1015.378	8268.000
1015.520	8416.000
1015.661	8205.000
1015.803	8358.000
1015.944	8134.000
1016.085	8354.000
1016.227	8211.000
1016.368	8226.000
1016.510	8114.000
1016.651	8295.000
1016.793	8270.000
1016.934	8242.000
1017.075	8171.000
1017.217	8320.000
1017.358	8223.000
1017.500	8312.000
1017.641	8157.000
1017.782	8339.000
1017.924	8139.000
1018.065	8278.000
1018.207	8147.000
1018.348	8353.000
1018.489	8163.000
1018.631	8250.000
1018.772	8148.000
1018.913	8259.000
1019.055	8099.000
1019.196	8215.000
1019.337	8104.000
1019.479	8308.000
1019.620	8189.000
1019.761	8244.000
1019.903	8138.000
1020.044	8301.000
1020.185	8128.000
1020.327	8189.000
1020.468	8088.000
1020.609	8248.000
1020.751	8091.000
1020.892	8232.000
1021.033	8086.000
1021.175	8222.000
1021.316	8098.000
1021.457	8163.000
1021.598	8053.000
1021.740	8246.000
1021.881	8112.000
1022.022	8217.000
1022.164	8151.000
1022.305	8285.000
1022.446	8061.000
1022.587	8215.000
1022.729	8183.000
1022.870	8292.000
1023.011	8106.000
1023.152	8219.000
1023.294	8109.000
1023.435	8203.000
1023.576	8080.000
1023.717	8242.000
1023.858	8085.000
1024.000	8233.000
1024.141	8121.000
1024.282	8188.000
1024.423	8109.000
1024.564	8308.000
1024.706	8148.000
1024.847	8312.000
1024.988	8099.000
1025.129	8308.000
1025.270	8131.000
1025.412	8281.000
1025.553	8100.000
1025.694	8304.000
1025.835	8057.000
1025.976	8253.000
1026.117	8102.000
1026.258	8245.000
1026.400	8091.000
1026.541	8298.000
1026.682	8123.000
1026.823	8235.000
1026.964	8151.000
1027.105	8216.000
1027.246	8180.000
1027.388	8317.000
1027.529	8147.000
1027.670	8219.000
1027.811	8090.000
1027.952	8306.000
1028.093	8150.000
1028.234	8208.000
1028.375	8182.000
1028.516	8257.000
1028.657	8167.000
1028.798	8306.000
1028.939	8159.000
1029.081	8258.000
1029.222	8222.000
1029.363	8289.000
1029.504	8153.000
1029.645	8328.000
1029.786	8201.000
1029.927	8326.000
1030.068	8219.000
1030.209	8324.000
1030.350	8213.000
1030.491	8291.000
1030.632	8216.000
1030.773	8359.000
1030.914	8193.000
1031.055	8282.000
1031.196	8273.000
1031.337	8329.000
1031.478	8183.000
1031.619	8259.000
1031.760	8168.000
1031.901	8418.000
1032.042	8165.000
1032.183	8291.000
1032.324	8233.000
1032.465	8416.000
1032.606	8733.000
1032.747	8322.000
1032.888	8201.000
1033.029	8309.000
1033.170	8174.000
1033.311	8352.000
1033.452	8150.000
1033.592	8376.000
1033.733	8174.000
1033.874	8224.000
1034.015	8266.000
1034.156	8313.000
1034.297	8202.000
1034.438	8326.000
1034.579	8170.000
1034.720	8382.000
1034.861	8186.000
1035.002	8261.000
1035.142	8164.000
1035.283	8234.000
1035.424	8142.000
1035.565	8304.000
1035.706	8187.000
1035.847	8260.000
1035.988	8240.000
1036.129	8229.000
1036.269	8125.000
1036.410	8369.000
1036.551	8195.000
1036.692	8272.000
1036.833	8151.000
1036.974	8203.000
1037.114	8127.000
1037.255	8233.000
1037.396	8161.000
1037.537	8171.000
1037.678	8162.000
1037.819	8201.000
1037.959	8168.000
1038.100	8251.000
1038.241	8124.000
1038.382	8255.000
1038.523	8146.000
1038.663	8309.000
1038.804	8179.000
1038.945	8225.000
1039.086	8167.000
1039.226	8234.000
1039.367	8158.000
1039.508	8243.000
1039.649	8166.000
1039.789	8182.000
1039.930	8218.000
1040.071	8271.000
1040.212	8221.000
1040.352	8242.000
1040.493	8158.000
1040.634	8193.000
1040.775	8133.000
1040.915	8259.000
1041.056	8138.000
1041.197	8312.000
1041.337	8186.000
1041.478	8299.000
1041.619	8155.000
1041.760	8242.000
1041.900	8193.000
1042.041	8274.000
1042.182	8085.000
1042.322	8314.000
1042.463	8219.000
1042.604	8341.000
1042.744	8220.000
1042.885	8349.000
1043.026	8162.000
1043.166	8334.000
1043.307	8189.000
1043.448	8282.000
1043.588	8170.000
1043.729	8359.000
1043.869	8107.000
1044.010	8375.000
1044.151	8224.000
1044.291	8372.000
1044.432	8149.000
1044.573	8334.000
1044.713	8212.000
1044.854	8391.000
1044.994	8286.000
1045.135	8368.000
1045.276	8327.000
1045.416	8414.000
1045.557	8312.000
1045.697	8344.000
1045.838	8302.000
1045.978	8461.000
1046.119	8261.000
1046.260	8367.000
1046.400	8266.000
1046.541	8475.000
1046.681	8251.000
1046.822	8449.000
1046.962	8272.000
1047.103	8500.000
1047.243	8386.000
1047.384	8453.000
1047.524	8270.000
1047.665	8405.000
1047.805	8298.000
1047.946	8421.000
1048.087	8284.000
1048.227	8431.000
1048.368	8315.000
1048.508	8415.000
1048.649	8338.000
1048.789	8413.000
1048.929	8354.000
1049.070	8409.000
1049.210	8326.000
1049.351	8510.000
1049.491	8302.000
1049.632	8390.000
1049.772	8281.000
1049.913	8437.000
1050.053	8211.000
1050.194	8454.000
1050.334	8377.000
1050.475	8346.000
1050.615	8331.000
1050.755	8488.000
1050.896	8285.000
1051.036	8438.000
1051.177	8326.000
1051.317	8396.000
1051.458	8273.000
1051.598	8383.000
1051.738	8275.000
1051.879	8377.000
1052.019	8300.000
1052.160	8395.000
1052.300	8337.000
1052.440	8385.000
1052.581	8262.000
1052.721	8497.000
1052.861	8381.000
1053.002	8414.000
1053.142	8427.000
1053.282	8414.000
1053.423	8368.000
1053.563	8409.000
1053.704	7174.000
1053.844	8398.000
1053.984	8278.000
1054.125	8364.000
1054.265	8253.000
1054.405	8441.000
1054.546	8239.000
1054.686	8426.000
1054.826	8354.000
1054.966	8440.000
1055.107	8303.000
1055.247	8399.000
1055.387	8288.000
1055.528	8444.000
1055.668	8336.000
1055.808	8381.000
1055.948	8217.000
1056.089	8438.000
1056.229	8229.000
1056.369	8315.000
1056.510	8266.000
1056.650	8314.000
1056.790	8250.000
1056.930	8366.000
1057.071	8208.000
1057.211	8436.000
1057.351	8196.000
1057.491	8449.000
1057.632	8243.000
1057.772	8335.000
1057.912	8292.000
1058.052	8299.000
1058.192	8202.000
1058.333	8270.000
1058.473	8174.000
1058.613	8235.000
1058.753	8172.000
1058.893	8342.000
1059.034	8176.000
1059.174	8342.000
1059.314	8139.000
1059.454	8266.000
1059.594	8154.000
1059.734	8255.000
1059.875	8062.000
1060.015	8275.000
1060.155	8064.000
1060.295	8253.000
1060.435	8074.000
1060.575	8259.000
1060.716	8235.000
1060.856	8270.000
1060.996	8142.000
1061.136	8359.000
1061.276	8102.000
1061.416	8255.000
1061.556	8172.000
1061.696	8328.000
1061.837	8137.000
1061.977	8387.000
1062.117	12565.000
1062.257	8405.000
1062.397	8194.000
1062.537	8302.000
1062.677	8214.000
1062.817	8333.000
1062.957	8118.000
1063.097	8261.000
1063.237	8275.000
1063.377	8432.000
1063.517	8337.000
1063.658	8490.000
1063.798	8429.000
1063.938	8594.000
1064.078	8597.000
1064.218	8704.000
1064.358	8601.000
1064.498	8763.000
1064.638	8647.000
1064.778	8874.000
1064.918	8856.000
1065.058	9074.000
1065.198	8900.000
1065.338	8810.000
1065.478	8495.000
1065.618	8453.000
1065.758	8259.000
1065.898	8299.000
1066.038	8239.000
1066.178	8408.000
1066.318	8241.000
1066.458	8399.000
1066.598	8211.000
1066.738	8457.000
1066.878	8279.000
1067.018	8441.000
1067.158	8192.000
1067.297	8404.000
1067.437	8153.000
1067.577	8381.000
1067.717	8202.000
1067.857	8386.000
1067.997	8202.000
1068.137	8412.000
1068.277	8250.000
1068.417	8378.000
1068.557	8266.000
1068.697	8409.000
1068.837	8189.000
1068.977	8431.000
1069.116	8338.000
1069.256	8302.000
1069.396	8279.000
1069.536	8427.000
1069.676	8311.000
1069.816	8378.000
1069.956	8297.000
1070.096	8379.000
1070.235	8326.000
1070.375	8384.000
1070.515	8327.000
1070.655	8445.000
1070.795	8316.000
1070.935	8486.000
1071.074	8288.000
1071.214	8432.000
1071.354	8233.000
1071.494	8403.000
1071.634	8354.000
1071.774	8513.000
1071.913	8325.000
1072.053	8403.000
1072.193	8345.000
1072.333	8516.000
1072.473	8354.000
1072.612	8532.000
1072.752	8349.000
1072.892	8534.000
1073.032	8315.000
1073.172	8436.000
1073.311	8346.000
1073.451	8524.000
1073.591	8336.000
1073.731	8351.000
1073.870	8388.000
1074.010	8536.000
1074.150	8403.000
1074.290	8415.000
1074.429	8367.000
1074.569	8412.000
1074.709	8464.000
1074.848	8510.000
