1229.956	9372.000
1230.103	9284.000
1230.250	9352.000
1230.397	9388.000
1230.544	9307.000
1230.691	9386.000
1230.838	9307.000
1230.985	9333.000
1231.132	9325.000
1231.278	9319.000
1231.425	9244.000
1231.572	9351.000
1231.719	9307.000
1231.866	9278.000
1232.013	9330.000
1232.159	9394.000
1232.306	9229.000
1232.453	9390.000
1232.600	9286.000
1232.746	9361.000
1232.893	9280.000
1233.040	9246.000
1233.186	9427.000
1233.333	9332.000
1233.480	9326.000
1233.627	9323.000
1233.773	9359.000
1233.920	9295.000
1234.066	9326.000
1234.213	9301.000
1234.360	9364.000
1234.506	9353.000
1234.653	9355.000
1234.800	9308.000
1234.946	9261.000
1235.093	9299.000
1235.239	9373.000
1235.386	9253.000
1235.532	9342.000
1235.679	9358.000
1235.825	9293.000
1235.972	9345.000
1236.118	9278.000
1236.265	9387.000
1236.411	9287.000
1236.558	9301.000
1236.704	9366.000
1236.851	9281.000
1236.997	9289.000
1237.143	9326.000
1237.290	9342.000
1237.436	9250.000
1237.583	9371.000
1237.729	9346.000
1237.875	9303.000
1238.022	9310.000
1238.168	9264.000
1238.314	9286.000
1238.461	9247.000
1238.607	9239.000
1238.753	9351.000
1238.900	9227.000
1239.046	9276.000
1239.192	9225.000
1239.338	9203.000
1239.485	9304.000
1239.631	9261.000
1239.777	9168.000
1239.923	9254.000
1240.070	9252.000
1240.216	9235.000
1240.362	9198.000
1240.508	9276.000
1240.654	9255.000
1240.800	9193.000
1240.947	9204.000
1241.093	9168.000
1241.239	9178.000
1241.385	9204.000
1241.531	9281.000
1241.677	9162.000
1241.823	9239.000
1241.969	9235.000
1242.115	9187.000
1242.261	9152.000
1242.407	9152.000
1242.553	9150.000
1242.699	9174.000
1242.845	9198.000
1242.991	9165.000
1243.137	9188.000
1243.283	9182.000
1243.429	9197.000
1243.575	9169.000
1243.721	9240.000
1243.867	9180.000
1244.013	9166.000
1244.159	9196.000
1244.305	9210.000
1244.451	9214.000
1244.596	9186.000
1244.742	9148.000
1244.888	9147.000
1245.034	9113.000
1245.180	9186.000
1245.326	9237.000
1245.471	9194.000
1245.617	9196.000
1245.763	9183.000
1245.909	9156.000
1246.055	9195.000
1246.200	9212.000
1246.346	9102.000
1246.492	9255.000
1246.638	9188.000
1246.783	9141.000
1246.929	9229.000
1247.075	9265.000
1247.220	9250.000
1247.366	9243.000
1247.512	9199.000
1247.657	9224.000
1247.803	9219.000
1247.949	9309.000
1248.094	9210.000
1248.240	9268.000
1248.385	9166.000
1248.531	9173.000
1248.676	9316.000
1248.822	9307.000
1248.968	9249.000
1249.113	9315.000
1249.259	9312.000
1249.404	9295.000
1249.550	9247.000
1249.695	9264.000
1249.841	9343.000
1249.986	9343.000
1250.132	9306.000
1250.277	9332.000
1250.422	9343.000
1250.568	9373.000
1250.713	9318.000
1250.859	9253.000
1251.004	9342.000
1251.150	9373.000
1251.295	9388.000
1251.440	9356.000
1251.586	9360.000
1251.731	9416.000
1251.876	9353.000
1252.022	9309.000
1252.167	9260.000
1252.312	9335.000
1252.458	9298.000
1252.603	9443.000
1252.748	9435.000
1252.893	9415.000
1253.039	9396.000
1253.184	9377.000
1253.329	9402.000
1253.474	9362.000
1253.619	9365.000
1253.765	9408.000
1253.910	9356.000
1254.055	9424.000
1254.200	9401.000
1254.345	9373.000
1254.490	9417.000
1254.636	9459.000
1254.781	9308.000
1254.926	9430.000
1255.071	9375.000
1255.216	9357.000
1255.361	9458.000
1255.506	9434.000
1255.651	9362.000
1255.796	9426.000
1255.941	9287.000
1256.086	9379.000
1256.231	9377.000
1256.376	9469.000
1256.521	9413.000
1256.666	9449.000
1256.811	9307.000
1256.956	9352.000
1257.101	9382.000
1257.246	9378.000
1257.391	9444.000
1257.536	9479.000
1257.681	9350.000
1257.826	9401.000
1257.971	9320.000
1258.116	9423.000
1258.260	9372.000
1258.405	9487.000
1258.550	9341.000
1258.695	9384.000
1258.840	9259.000
1258.985	9458.000
1259.129	9474.000
1259.274	9364.000
1259.419	9429.000
1259.564	9402.000
1259.708	9312.000
1259.853	9408.000
1259.998	9397.000
1260.143	9466.000
1260.287	9285.000
1260.432	9428.000
1260.577	9326.000
1260.721	9387.000
1260.866	9289.000
1261.011	9463.000
1261.155	9340.000
1261.300	9393.000
1261.445	9285.000
1261.589	9361.000
1261.734	9242.000
1261.878	9367.000
1262.023	9356.000
1262.168	9415.000
1262.312	9305.000
1262.457	9380.000
1262.601	9199.000
1262.746	9387.000
1262.890	9241.000
1263.035	9372.000
1263.179	9253.000
1263.324	9447.000
1263.468	9310.000
1263.613	9330.000
1263.757	9286.000
1263.902	9393.000
1264.046	9236.000
1264.191	9331.000
1264.335	9257.000
1264.479	9370.000
1264.624	9215.000
1264.768	9289.000
1264.912	9251.000
1265.057	9306.000
1265.201	9268.000
1265.346	9316.000
1265.490	9211.000
1265.634	9363.000
1265.778	9212.000
1265.923	9341.000
1266.067	9337.000
1266.211	9379.000
1266.356	9267.000
1266.500	9232.000
1266.644	9187.000
1266.788	9268.000
1266.933	9159.000
1267.077	9278.000
1267.221	9300.000
1267.365	9324.000
1267.509	9177.000
1267.653	9311.000
1267.798	9302.000
1267.942	9211.000
1268.086	9141.000
1268.230	9263.000
1268.374	9175.000
1268.518	9256.000
1268.662	9182.000
1268.806	9255.000
1268.950	9159.000
1269.095	9230.000
1269.239	9172.000
1269.383	9221.000
1269.527	9168.000
1269.671	9237.000
1269.815	9181.000
1269.959	9195.000
1270.103	9132.000
1270.247	9350.000
1270.391	9179.000
1270.535	9140.000
1270.679	9171.000
1270.822	9251.000
1270.966	9068.000
1271.110	9219.000
1271.254	9186.000
1271.398	9254.000
1271.542	9123.000
1271.686	9152.000
1271.830	9114.000
1271.973	9127.000
1272.117	9057.000
1272.261	9144.000
1272.405	9112.000
1272.549	9200.000
1272.693	9057.000
1272.836	9127.000
1272.980	8889.000
1273.124	9213.000
1273.268	9018.000
1273.411	9092.000
1273.555	9008.000
1273.699	9151.000
1273.843	8969.000
1273.986	9069.000
1274.130	9081.000
1274.274	9022.000
1274.417	8971.000
1274.561	9127.000
1274.705	8995.000
1274.848	9044.000
1274.992	8930.000
1275.135	9171.000
1275.279	9071.000
1275.423	9079.000
1275.566	8954.000
1275.710	9070.000
1275.853	8993.000
1275.997	9099.000
1276.140	8905.000
1276.284	9091.000
1276.427	8953.000
1276.571	8958.000
1276.714	8970.000
1276.858	9029.000
1277.001	8922.000
1277.145	9134.000
1277.288	8857.000
1277.432	8892.000
1277.575	8901.000
1277.719	9094.000
1277.862	8966.000
1278.005	8951.000
1278.149	8824.000
1278.292	9081.000
1278.435	8864.000
1278.579	9024.000
1278.722	8882.000
1278.865	9010.000
1279.009	8893.000
1279.152	8977.000
1279.295	8958.000
1279.439	9050.000
1279.582	8947.000
1279.725	9025.000
1279.868	8821.000
1280.012	8934.000
1280.155	8920.000
1280.298	8962.000
1280.441	8791.000
1280.585	9070.000
1280.728	8772.000
1280.871	8900.000
1281.014	8818.000
1281.157	8970.000
1281.300	8875.000
1281.444	8956.000
1281.587	8842.000
1281.730	8895.000
1281.873	8828.000
1282.016	8915.000
1282.159	8943.000
1282.302	8902.000
1282.445	8846.000
1282.588	8870.000
1282.731	8876.000
1282.874	8957.000
1283.017	8787.000
1283.160	8857.000
1283.303	8812.000
1283.446	8897.000
1283.589	8850.000
1283.732	8938.000
1283.875	8778.000
1284.018	8989.000
1284.161	8763.000
1284.304	8933.000
1284.447	8815.000
1284.590	8995.000
1284.733	8835.000
1284.876	9012.000
1285.019	8737.000
1285.161	9046.000
1285.304	8806.000
1285.447	8930.000
1285.590	8843.000
1285.733	8978.000
1285.876	8840.000
1286.018	8879.000
1286.161	8814.000
1286.304	8966.000
1286.447	8827.000
1286.589	8888.000
1286.732	8827.000
1286.875	8956.000
1287.018	8916.000
1287.160	8942.000
1287.303	8882.000
1287.446	8965.000
1287.588	8813.000
1287.731	8956.000
1287.874	8475.000
1288.016	9008.000
1288.159	8884.000
1288.302	8903.000
1288.444	8917.000
1288.587	8893.000
1288.729	8803.000
1288.872	8879.000
1289.015	8865.000
1289.157	9011.000
1289.300	8807.000
1289.442	8929.000
1289.585	8801.000
1289.727	8991.000
1289.870	8838.000
1290.012	8909.000
1290.155	8780.000
1290.297	8975.000
1290.440	8881.000
1290.582	8958.000
1290.725	8797.000
1290.867	8981.000
1291.009	8823.000
1291.152	8984.000
1291.294	8866.000
1291.437	8909.000
1291.579	8743.000
1291.721	8922.000
1291.864	8851.000
1292.006	9091.000
1292.148	8818.000
1292.291	8979.000
1292.433	8864.000
1292.575	8965.000
1292.718	8850.000
1292.860	8986.000
1293.002	8835.000
1293.145	8959.000
1293.287	8900.000
1293.429	8962.000
1293.571	8849.000
1293.713	9001.000
1293.856	8897.000
1293.998	8976.000
1294.140	8794.000
1294.282	8903.000
1294.424	8787.000
1294.567	9023.000
1294.709	8782.000
1294.851	8894.000
1294.993	8804.000
1295.135	8908.000
1295.277	8820.000
1295.419	8955.000
1295.561	8853.000
1295.703	8974.000
1295.845	8849.000
1295.987	9020.000
1296.129	8898.000
1296.272	8907.000
1296.414	8804.000
1296.556	8979.000
1296.698	8893.000
1296.840	8969.000
1296.981	8813.000
1297.123	8989.000
1297.265	8873.000
1297.407	8900.000
1297.549	8822.000
1297.691	8954.000
1297.833	8851.000
1297.975	8924.000
1298.117	8798.000
1298.259	8950.000
1298.401	8784.000
1298.542	8929.000
1298.684	8904.000
1298.826	8906.000
1298.968	8823.000
1299.110	8876.000
1299.252	8772.000
1299.393	9007.000
1299.535	8909.000
1299.677	8873.000
1299.819	8807.000
1299.960	8841.000
1300.102	8833.000
1300.244	8926.000
1300.386	8919.000
1300.527	8993.000
1300.669	8791.000
1300.811	8946.000
1300.952	8834.000
1301.094	8971.000
1301.236	8796.000
1301.377	8950.000
1301.519	8888.000
1301.661	8979.000
1301.802	8850.000
1301.944	8839.000
1302.085	8769.000
1302.227	8963.000
1302.368	8712.000
1302.510	8883.000
1302.652	8772.000
1302.793	8889.000
1302.935	8774.000
1303.076	8914.000
1303.218	8780.000
1303.359	8948.000
1303.501	8694.000
1303.642	8967.000
1303.783	8781.000
1303.925	8893.000
1304.066	8798.000
1304.208	8917.000
1304.349	8781.000
1304.491	8889.000
1304.632	8749.000
1304.773	8854.000
1304.915	8758.000
1305.056	8902.000
1305.197	8711.000
1305.339	8905.000
1305.480	8919.000
1305.621	8893.000
1305.763	8773.000
1305.904	8929.000
1306.045	8747.000
1306.187	8884.000
1306.328	8734.000
1306.469	8912.000
1306.610	8695.000
1306.752	9010.000
1306.893	8785.000
1307.034	8959.000
1307.175	8761.000
1307.316	8903.000
1307.458	8773.000
1307.599	8907.000
1307.740	8735.000
1307.881	8897.000
1308.022	8736.000
1308.163	8922.000
1308.304	8774.000
1308.446	8887.000
1308.587	8704.000
1308.728	8864.000
1308.869	8774.000
1309.010	8826.000
1309.151	8779.000
1309.292	8871.000
1309.433	8660.000
1309.574	8889.000
1309.715	8645.000
1309.856	8912.000
1309.997	8755.000
1310.138	8941.000
1310.279	8732.000
1310.420	8835.000
1310.561	8688.000
1310.702	8823.000
1310.843	8763.000
1310.984	8915.000
1311.124	8696.000
1311.265	8884.000
1311.406	8589.000
1311.547	8818.000
1311.688	8758.000
1311.829	8875.000
1311.970	8682.000
1312.110	8800.000
1312.251	8792.000
1312.392	8794.000
1312.533	8719.000
1312.674	8879.000
1312.814	8722.000
1312.955	8819.000
1313.096	8636.000
1313.237	8860.000
1313.377	8678.000
1313.518	8752.000
1313.659	8640.000
1313.800	8796.000
1313.940	8679.000
1314.081	8767.000
1314.222	8575.000
1314.362	8781.000
1314.503	8713.000
1314.644	8824.000
1314.784	8677.000
1314.925	8849.000
1315.065	8619.000
1315.206	8818.000
1315.347	8613.000
1315.487	8772.000
1315.628	8569.000
1315.768	8732.000
1315.909	8683.000
1316.049	8810.000
1316.190	8653.000
1316.330	8748.000
1316.471	8594.000
1316.611	8778.000
1316.752	8516.000
1316.892	8738.000
1317.033	8582.000
1317.173	8633.000
1317.313	8519.000
1317.454	8700.000
1317.594	8674.000
1317.735	8652.000
1317.875	8563.000
1318.015	8689.000
1318.156	8612.000
1318.296	8686.000
1318.437	8543.000
1318.577	8721.000
1318.717	8553.000
1318.857	8648.000
1318.998	8515.000
1319.138	8744.000
1319.278	8539.000
1319.419	8606.000
1319.559	8548.000
1319.699	8611.000
1319.839	8488.000
1319.980	8570.000
1320.120	8495.000
1320.260	8660.000
1320.400	8533.000
1320.540	8614.000
1320.681	8501.000
1320.821	8645.000
1320.961	8534.000
1321.101	8601.000
1321.241	8472.000
1321.381	8641.000
1321.521	8427.000
1321.661	8577.000
1321.802	8497.000
1321.942	8630.000
1322.082	8518.000
1322.222	8546.000
1322.362	8459.000
1322.502	8608.000
1322.642	8479.000
1322.782	8579.000
1322.922	8515.000
1323.062	8610.000
1323.202	8426.000
1323.342	8594.000
1323.482	8548.000
1323.622	8667.000
1323.762	8497.000
1323.902	8572.000
1324.041	8486.000
1324.181	8535.000
1324.321	8450.000
1324.461	8573.000
1324.601	8475.000
1324.741	8602.000
1324.881	8425.000
1325.021	8555.000
1325.160	8447.000
1325.300	8662.000
1325.440	8500.000
1325.580	8629.000
1325.720	8417.000
1325.859	8641.000
1325.999	8469.000
1326.139	8628.000
1326.279	8459.000
1326.418	8668.000
1326.558	8451.000
1326.698	8573.000
1326.838	8465.000
1326.977	8606.000
1327.117	8436.000
1327.257	8658.000
1327.396	8507.000
1327.536	8545.000
1327.675	8533.000
1327.815	8573.000
1327.955	8532.000
1328.094	8674.000
1328.234	8502.000
1328.374	8579.000
1328.513	8418.000
1328.653	8632.000
1328.792	8492.000
1328.932	8533.000
1329.071	8510.000
1329.211	8576.000
1329.350	8521.000
1329.490	8650.000
1329.629	8487.000
1329.769	8570.000
1329.908	8559.000
1330.048	8643.000
1330.187	8451.000
1330.327	8708.000
1330.466	8548.000
1330.605	8667.000
1330.745	8578.000
1330.884	8634.000
1331.024	8586.000
1331.163	8611.000
1331.302	8496.000
1331.442	8691.000
1331.581	8528.000
1331.720	8632.000
1331.860	8616.000
1331.999	8665.000
1332.138	8525.000
1332.277	8570.000
1332.417	8501.000
1332.556	8698.000
1332.695	8500.000
1332.834	8613.000
1332.974	8519.000
1333.113	8756.000
1333.252	9038.000
1333.391	8620.000
1333.531	8549.000
1333.670	8659.000
1333.809	8487.000
1333.948	8701.000
1334.087	8480.000
1334.226	8697.000
1334.365	8492.000
1334.505	8558.000
1334.644	8575.000
1334.783	8604.000
1334.922	8492.000
1335.061	8571.000
1335.200	8541.000
1335.339	8662.000
1335.478	8522.000
1335.617	8599.000
1335.756	8464.000
1335.895	8562.000
1336.034	8476.000
1336.173	8599.000
1336.312	8499.000
1336.451	8537.000
1336.590	8544.000
1336.729	8549.000
1336.868	8432.000
1337.007	8689.000
1337.146	8459.000
1337.285	8554.000
1337.423	8446.000
1337.562	8486.000
1337.701	8472.000
1337.840	8511.000
1337.979	8466.000
1338.118	8456.000
1338.256	8473.000
1338.395	8466.000
1338.534	8468.000
1338.673	8542.000
1338.812	8403.000
1338.950	8573.000
1339.089	8462.000
1339.228	8591.000
1339.367	8471.000
1339.505	8510.000
1339.644	8488.000
1339.783	8528.000
1339.922	8466.000
1340.060	8525.000
1340.199	8448.000
1340.338	8559.000
1340.476	8459.000
1340.615	8571.000
1340.753	8538.000
1340.892	8532.000
1341.031	8481.000
1341.169	8487.000
1341.308	8450.000
1341.446	8519.000
1341.585	8432.000
1341.724	8595.000
1341.862	8472.000
1342.001	8566.000
1342.139	8447.000
1342.278	8508.000
1342.416	8467.000
1342.555	8506.000
1342.693	8377.000
1342.832	8573.000
1342.970	8485.000
1343.109	8622.000
1343.247	8525.000
1343.385	8631.000
1343.524	8462.000
1343.662	8604.000
1343.801	8444.000
1343.939	8552.000
1344.077	8451.000
1344.216	8603.000
1344.354	8443.000
1344.492	8621.000
1344.631	8468.000
1344.769	8620.000
1344.907	8418.000
1345.046	8570.000
1345.184	8499.000
1345.322	8639.000
1345.460	8525.000
1345.599	8603.000
1345.737	8567.000
1345.875	8686.000
1346.013	8551.000
1346.152	8564.000
1346.290	8542.000
1346.428	8683.000
1346.566	8512.000
1346.704	8609.000
1346.843	8533.000
1346.981	8683.000
1347.119	8505.000
1347.257	8695.000
1347.395	8485.000
1347.533	8724.000
1347.671	8624.000
1347.809	8651.000
1347.947	8514.000
1348.085	8647.000
1348.224	8512.000
1348.362	8633.000
1348.500	8555.000
1348.638	8651.000
1348.776	8557.000
1348.914	8589.000
1349.052	8523.000
1349.190	8660.000
1349.328	8564.000
1349.466	8617.000
1349.603	8486.000
1349.741	8701.000
1349.879	8519.000
1350.017	8652.000
1350.155	8463.000
1350.293	8649.000
1350.431	8431.000
1350.569	8647.000
1350.707	8578.000
1350.844	8529.000
1350.982	8556.000
1351.120	8672.000
1351.258	8473.000
1351.396	8627.000
1351.534	8519.000
1351.671	8604.000
1351.809	8488.000
1351.947	8566.000
1352.085	8474.000
1352.222	8571.000
1352.360	8517.000
1352.498	8583.000
1352.636	8477.000
1352.773	8587.000
1352.911	8463.000
1353.049	8642.000
1353.186	8550.000
1353.324	8569.000
1353.462	8573.000
1353.599	8604.000
1353.737	8478.000
1353.874	8611.000
1354.012	7338.000
1354.150	8585.000
1354.287	8480.000
1354.425	8525.000
1354.562	8422.000
1354.700	8593.000
1354.837	8427.000
1354.975	8578.000
1355.112	8469.000
1355.250	8562.000
1355.387	8449.000
1355.525	8511.000
1355.662	8382.000
1355.800	8588.000
1355.937	8431.000
1356.075	8542.000
1356.212	8367.000
1356.350	8570.000
1356.487	8375.000
1356.624	8449.000
1356.762	8406.000
1356.899	8449.000
1357.037	8406.000
1357.174	8512.000
1357.311	8353.000
1357.449	8562.000
1357.586	8333.000
1357.723	8577.000
1357.860	8404.000
1357.998	8436.000
1358.135	8412.000
1358.272	8407.000
1358.410	8332.000
1358.547	8389.000
1358.684	8276.000
1358.821	8343.000
1358.959	8342.000
1359.096	8480.000
1359.233	8303.000
1359.370	8467.000
1359.507	8245.000
1359.644	8405.000
1359.782	8275.000
1359.919	8403.000
1360.056	8191.000
1360.193	8366.000
1360.330	8186.000
1360.467	8312.000
1360.604	8222.000
1360.741	8364.000
1360.878	8324.000
1361.015	8385.000
1361.152	8248.000
1361.290	8536.000
1361.427	8203.000
1361.564	8331.000
1361.701	8277.000
1361.838	8408.000
1361.975	8236.000
1362.112	8490.000
1362.248	12949.000
1362.385	8459.000
1362.522	8295.000
1362.659	8359.000
1362.796	8298.000
1362.933	8378.000
1363.070	8165.000
1363.207	8349.000
1363.344	8347.000
1363.481	8499.000
1363.617	8369.000
1363.754	8424.000
1363.891	8334.000
1364.028	8462.000
1364.165	8423.000
1364.302	8514.000
1364.438	8346.000
1364.575	8489.000
1364.712	8306.000
1364.849	8484.000
1364.985	8411.000
1365.122	8509.000
1365.259	8369.000
1365.396	8499.000
1365.532	8371.000
1365.669	8442.000
1365.806	8325.000
1365.942	8408.000
1366.079	8311.000
1366.216	8483.000
1366.352	8321.000
1366.489	8471.000
1366.625	8334.000
1366.762	8555.000
1366.899	8384.000
1367.035	8523.000
1367.172	8345.000
1367.308	8493.000
1367.445	8241.000
1367.581	8491.000
1367.718	8283.000
1367.855	8516.000
1367.991	8294.000
1368.128	8501.000
1368.264	8363.000
1368.401	8453.000
1368.537	8331.000
1368.673	8486.000
1368.810	8272.000
1368.946	8532.000
1369.083	8428.000
1369.219	8378.000
1369.356	8292.000
1369.492	8503.000
1369.628	8364.000
1369.765	8462.000
1369.901	8371.000
1370.037	8493.000
1370.174	8403.000
1370.310	8454.000
1370.446	8415.000
1370.583	8521.000
1370.719	8410.000
1370.855	8539.000
1370.992	8352.000
1371.128	8567.000
1371.264	8314.000
1371.400	8491.000
1371.537	8467.000
1371.673	8577.000
1371.809	8373.000
1371.945	8479.000
1372.081	8449.000
1372.218	8604.000
1372.354	8472.000
1372.490	8589.000
1372.626	8435.000
1372.762	8596.000
1372.898	8407.000
1373.034	8488.000
1373.170	8458.000
1373.307	8617.000
1373.443	8431.000
1373.579	8452.000
1373.715	8461.000
1373.851	8664.000
1373.987	8481.000
1374.123	8549.000
1374.259	8447.000
1374.395	8486.000
1374.531	8537.000
1374.667	8636.000
