1029.870	8988.000
1030.015	8951.000
1030.160	8962.000
1030.305	9004.000
1030.449	8940.000
1030.594	9037.000
1030.739	8902.000
1030.884	9022.000
1031.029	8915.000
1031.173	8973.000
1031.318	8888.000
1031.463	9001.000
1031.608	8934.000
1031.752	8909.000
1031.897	8928.000
1032.042	9043.000
1032.187	8830.000
1032.331	8993.000
1032.476	8898.000
1032.621	8987.000
1032.765	8882.000
1032.910	8913.000
1033.055	9019.000
1033.200	8939.000
1033.344	8924.000
1033.489	8942.000
1033.634	8949.000
1033.778	8875.000
1033.923	8873.000
1034.068	8921.000
1034.212	8919.000
1034.357	9004.000
1034.502	8916.000
1034.646	8916.000
1034.791	8824.000
1034.935	8900.000
1035.080	8955.000
1035.225	8899.000
1035.369	8916.000
1035.514	8929.000
1035.658	8900.000
1035.803	8955.000
1035.947	8865.000
1036.092	8954.000
1036.237	8813.000
1036.381	8907.000
1036.526	8892.000
1036.670	8853.000
1036.815	8871.000
1036.959	8895.000
1037.104	8836.000
1037.248	8860.000
1037.393	8936.000
1037.537	8934.000
1037.682	8824.000
1037.826	8860.000
1037.971	8794.000
1038.115	8890.000
1038.260	8807.000
1038.404	8826.000
1038.549	8857.000
1038.693	8839.000
1038.838	8779.000
1038.982	8815.000
1039.126	8720.000
1039.271	8840.000
1039.415	8792.000
1039.560	8759.000
1039.704	8740.000
1039.848	8792.000
1039.993	8745.000
1040.137	8752.000
1040.282	8743.000
1040.426	8795.000
1040.570	8695.000
1040.715	8779.000
1040.859	8699.000
1041.003	8711.000
1041.148	8705.000
1041.292	8831.000
1041.436	8669.000
1041.581	8757.000
1041.725	8684.000
1041.869	8715.000
1042.014	8633.000
1042.158	8689.000
1042.302	8636.000
1042.447	8663.000
1042.591	8667.000
1042.735	8682.000
1042.879	8624.000
1043.024	8663.000
1043.168	8680.000
1043.312	8660.000
1043.456	8721.000
1043.601	8632.000
1043.745	8576.000
1043.889	8667.000
1044.033	8649.000
1044.178	8660.000
1044.322	8572.000
1044.466	8607.000
1044.610	8563.000
1044.754	8553.000
1044.899	8611.000
1045.043	8692.000
1045.187	8548.000
1045.331	8658.000
1045.475	8533.000
1045.619	8584.000
1045.763	8601.000
1045.908	8631.000
1046.052	8480.000
1046.196	8695.000
1046.340	8531.000
1046.484	8564.000
1046.628	8625.000
1046.772	8646.000
1046.916	8584.000
1047.060	8598.000
1047.205	8562.000
1047.349	8627.000
1047.493	8540.000
1047.637	8684.000
1047.781	8553.000
1047.925	8628.000
1048.069	8463.000
1048.213	8533.000
1048.357	8661.000
1048.501	8651.000
1048.645	8554.000
1048.789	8636.000
1048.933	8604.000
1049.077	8578.000
1049.221	8550.000
1049.365	8614.000
1049.509	8615.000
1049.653	8668.000
1049.797	8590.000
1049.941	8629.000
1050.085	8569.000
1050.229	8700.000
1050.373	8588.000
1050.517	8542.000
1050.660	8625.000
1050.804	8672.000
1050.948	8631.000
1051.092	8620.000
1051.236	8545.000
1051.380	8670.000
1051.524	8573.000
1051.668	8591.000
1051.812	8495.000
1051.956	8610.000
1052.099	8517.000
1052.243	8658.000
1052.387	8641.000
1052.531	8672.000
1052.675	8550.000
1052.819	8613.000
1052.962	8576.000
1053.106	8548.000
1053.250	8529.000
1053.394	8645.000
1053.538	8485.000
1053.681	8607.000
1053.825	8591.000
1053.969	8548.000
1054.113	8548.000
1054.257	8645.000
1054.400	8487.000
1054.544	8635.000
1054.688	8539.000
1054.832	8551.000
1054.975	8571.000
1055.119	8583.000
1055.263	8460.000
1055.407	8619.000
1055.550	8398.000
1055.694	8503.000
1055.838	8458.000
1055.981	8634.000
1056.125	8503.000
1056.269	8595.000
1056.412	8409.000
1056.556	8472.000
1056.700	8482.000
1056.843	8515.000
1056.987	8523.000
1057.131	8595.000
1057.274	8439.000
1057.418	8496.000
1057.562	8402.000
1057.705	8528.000
1057.849	8440.000
1057.992	8593.000
1058.136	8404.000
1058.280	8513.000
1058.423	8362.000
1058.567	8585.000
1058.710	8523.000
1058.854	8468.000
1058.997	8496.000
1059.141	8487.000
1059.285	8378.000
1059.428	8487.000
1059.572	8439.000
1059.715	8539.000
1059.859	8382.000
1060.002	8539.000
1060.146	8392.000
1060.289	8513.000
1060.433	8332.000
1060.576	8574.000
1060.720	8396.000
1060.863	8448.000
1061.007	8348.000
1061.150	8475.000
1061.294	8367.000
1061.437	8481.000
1061.580	8408.000
1061.724	8553.000
1061.867	8404.000
1062.011	8517.000
1062.154	8267.000
1062.298	8534.000
1062.441	8368.000
1062.584	8476.000
1062.728	8377.000
1062.871	8602.000
1063.015	8475.000
1063.158	8703.000
1063.301	8707.000
1063.445	8992.000
1063.588	8858.000
1063.731	9026.000
1063.875	8977.000
1064.018	9170.000
1064.161	9006.000
1064.305	9161.000
1064.448	9205.000
1064.591	9337.000
1064.735	9165.000
1064.878	8895.000
1065.021	8549.000
1065.165	8635.000
1065.308	8389.000
1065.451	8552.000
1065.594	8529.000
1065.738	8579.000
1065.881	8456.000
1066.024	8445.000
1066.167	8374.000
1066.311	8450.000
1066.454	8367.000
1066.597	8497.000
1066.740	8527.000
1066.884	8571.000
1067.027	8366.000
1067.170	8557.000
1067.313	8485.000
1067.456	8469.000
1067.599	8391.000
1067.743	8529.000
1067.886	8411.000
1068.029	8503.000
1068.172	8412.000
1068.315	8541.000
1068.458	8392.000
1068.602	8475.000
1068.745	8426.000
1068.888	8519.000
1069.031	8407.000
1069.174	8547.000
1069.317	8469.000
1069.460	8491.000
1069.603	8413.000
1069.746	8625.000
1069.890	8455.000
1070.033	8459.000
1070.176	8460.000
1070.319	8574.000
1070.462	8381.000
1070.605	8540.000
1070.748	8536.000
1070.891	8592.000
1071.034	8439.000
1071.177	8517.000
1071.320	8440.000
1071.463	8494.000
1071.606	8405.000
1071.749	8506.000
1071.892	8445.000
1072.035	8557.000
1072.178	8436.000
1072.321	8487.000
1072.464	8268.000
1072.607	8571.000
1072.750	8415.000
1072.893	8486.000
1073.036	8379.000
1073.179	8535.000
1073.322	8384.000
1073.465	8488.000
1073.607	8502.000
1073.750	8428.000
1073.893	8374.000
1074.036	8510.000
1074.179	8408.000
1074.322	8483.000
1074.465	8333.000
1074.608	8541.000
1074.751	8467.000
1074.893	8498.000
1075.036	8357.000
1075.179	8486.000
1075.322	8427.000
1075.465	8513.000
1075.608	8295.000
1075.750	8517.000
1075.893	8367.000
1076.036	8365.000
1076.179	8367.000
1076.322	8449.000
1076.464	8347.000
1076.607	8572.000
1076.750	8323.000
1076.893	8363.000
1077.036	8316.000
1077.178	8548.000
1077.321	8423.000
1077.464	8424.000
1077.607	8255.000
1077.749	8526.000
1077.892	8321.000
1078.035	8513.000
1078.177	8330.000
1078.320	8503.000
1078.463	8367.000
1078.606	8473.000
1078.748	8423.000
1078.891	8525.000
1079.034	8356.000
1079.176	8540.000
1079.319	8313.000
1079.462	8416.000
1079.604	8396.000
1079.747	8439.000
1079.890	8229.000
1080.032	8542.000
1080.175	8278.000
1080.317	8385.000
1080.460	8332.000
1080.603	8477.000
1080.745	8341.000
1080.888	8437.000
1081.030	8367.000
1081.173	8352.000
1081.316	8259.000
1081.458	8418.000
1081.601	8399.000
1081.743	8397.000
1081.886	8302.000
1082.028	8361.000
1082.171	8356.000
1082.313	8432.000
1082.456	8281.000
1082.598	8335.000
1082.741	8339.000
1082.883	8432.000
1083.026	8317.000
1083.168	8404.000
1083.311	8272.000
1083.453	8460.000
1083.596	8267.000
1083.738	8424.000
1083.881	8307.000
1084.023	8473.000
1084.166	8284.000
1084.308	8525.000
1084.451	8233.000
1084.593	8550.000
1084.736	8306.000
1084.878	8466.000
1085.020	8342.000
1085.163	8490.000
1085.305	8379.000
1085.448	8378.000
1085.590	8364.000
1085.732	8501.000
1085.875	8329.000
1086.017	8405.000
1086.159	8364.000
1086.302	8460.000
1086.444	8417.000
1086.586	8472.000
1086.729	8380.000
1086.871	8445.000
1087.013	8287.000
1087.156	8454.000
1087.298	7982.000
1087.440	8507.000
1087.583	8379.000
1087.725	8419.000
1087.867	8410.000
1088.010	8442.000
1088.152	8250.000
1088.294	8371.000
1088.436	8386.000
1088.579	8536.000
1088.721	8271.000
1088.863	8436.000
1089.005	8275.000
1089.148	8469.000
1089.290	8367.000
1089.432	8398.000
1089.574	8296.000
1089.716	8499.000
1089.859	8353.000
1090.001	8458.000
1090.143	8303.000
1090.285	8501.000
1090.427	8361.000
1090.569	8494.000
1090.712	8381.000
1090.854	8418.000
1090.996	8254.000
1091.138	8394.000
1091.280	8318.000
1091.422	8617.000
1091.564	8298.000
1091.707	8484.000
1091.849	8332.000
1091.991	8484.000
1092.133	8350.000
1092.275	8493.000
1092.417	8373.000
1092.559	8506.000
1092.701	8365.000
1092.843	8462.000
1092.985	8357.000
1093.127	8519.000
1093.269	8385.000
1093.411	8458.000
1093.554	8346.000
1093.696	8413.000
1093.838	8260.000
1093.980	8480.000
1094.122	8290.000
1094.264	8444.000
1094.406	8295.000
1094.548	8396.000
1094.690	8308.000
1094.832	8479.000
1094.973	8371.000
1095.115	8485.000
1095.257	8334.000
1095.399	8487.000
1095.541	8429.000
1095.683	8434.000
1095.825	8326.000
1095.967	8523.000
1096.109	8449.000
1096.251	8470.000
1096.393	8309.000
1096.535	8531.000
1096.677	8395.000
1096.819	8468.000
1096.960	8326.000
1097.102	8462.000
1097.244	8369.000
1097.386	8457.000
1097.528	8357.000
1097.670	8504.000
1097.812	8357.000
1097.953	8475.000
1098.095	8424.000
1098.237	8459.000
1098.379	8351.000
1098.521	8430.000
1098.662	8308.000
1098.804	8551.000
1098.946	8438.000
1099.088	8408.000
1099.230	8392.000
1099.371	8402.000
1099.513	8396.000
1099.655	8489.000
1099.797	8466.000
1099.938	8563.000
1100.080	8391.000
1100.222	8512.000
1100.364	8405.000
1100.505	8541.000
1100.647	8415.000
1100.789	8551.000
1100.931	8477.000
1101.072	8562.000
1101.214	8450.000
1101.356	8408.000
1101.497	8323.000
1101.639	8547.000
1101.781	8325.000
1101.922	8479.000
1102.064	8367.000
1102.206	8512.000
1102.347	8386.000
1102.489	8494.000
1102.631	8383.000
1102.772	8568.000
1102.914	8301.000
1103.055	8578.000
1103.197	8378.000
1103.339	8541.000
1103.480	8410.000
1103.622	8526.000
1103.763	8425.000
1103.905	8524.000
1104.046	8380.000
1104.188	8533.000
1104.330	8433.000
1104.471	8527.000
1104.613	8393.000
1104.754	8544.000
1104.896	8577.000
1105.037	8574.000
1105.179	8497.000
1105.320	8608.000
1105.462	8429.000
1105.603	8609.000
1105.745	8455.000
1105.886	8635.000
1106.028	8430.000
1106.169	8730.000
1106.311	8533.000
1106.452	8679.000
1106.594	8462.000
1106.735	8652.000
1106.876	8524.000
1107.018	8649.000
1107.159	8484.000
1107.301	8605.000
1107.442	8480.000
1107.584	8662.000
1107.725	8544.000
1107.866	8661.000
1108.008	8452.000
1108.149	8638.000
1108.291	8546.000
1108.432	8647.000
1108.573	8589.000
1108.715	8707.000
1108.856	8530.000
1108.997	8745.000
1109.139	8494.000
1109.280	8756.000
1109.421	8579.000
1109.563	8793.000
1109.704	8608.000
1109.845	8727.000
1109.987	8587.000
1110.128	8664.000
1110.269	8630.000
1110.410	8776.000
1110.552	8583.000
1110.693	8789.000
1110.834	8532.000
1110.975	8754.000
1111.117	8651.000
1111.258	8800.000
1111.399	8615.000
1111.540	8773.000
1111.682	8770.000
1111.823	8725.000
1111.964	8678.000
1112.105	8831.000
1112.247	8653.000
1112.388	8828.000
1112.529	8649.000
1112.670	8894.000
1112.811	8719.000
1112.952	8788.000
1113.094	8667.000
1113.235	8850.000
1113.376	8763.000
1113.517	8787.000
1113.658	8614.000
1113.799	8827.000
1113.940	8776.000
1114.082	8890.000
1114.223	8774.000
1114.364	8922.000
1114.505	8759.000
1114.646	8912.000
1114.787	8749.000
1114.928	8918.000
1115.069	8690.000
1115.210	8903.000
1115.351	8852.000
1115.492	8966.000
1115.633	8821.000
1115.774	8974.000
1115.916	8811.000
1116.057	8938.000
1116.198	8764.000
1116.339	8964.000
1116.480	8788.000
1116.621	8848.000
1116.762	8744.000
1116.903	8925.000
1117.044	8907.000
1117.185	8907.000
1117.326	8819.000
1117.466	8961.000
1117.607	8921.000
1117.748	9010.000
1117.889	8854.000
1118.030	9059.000
1118.171	8909.000
1118.312	9032.000
1118.453	8880.000
1118.594	9113.000
1118.735	8925.000
1118.876	9012.000
1119.017	8933.000
1119.158	8990.000
1119.298	8859.000
1119.439	8967.000
1119.580	8897.000
1119.721	9139.000
1119.862	9015.000
1120.003	9057.000
1120.144	8933.000
1120.284	9112.000
1120.425	8996.000
1120.566	9034.000
1120.707	8962.000
1120.848	9133.000
1120.989	8969.000
1121.129	9165.000
1121.270	9010.000
1121.411	9136.000
1121.552	9032.000
1121.693	9093.000
1121.833	8957.000
1121.974	9197.000
1122.115	9090.000
1122.256	9184.000
1122.396	9103.000
1122.537	9243.000
1122.678	9030.000
1122.819	9203.000
1122.959	9187.000
1123.100	9297.000
1123.241	9165.000
1123.381	9229.000
1123.522	9228.000
1123.663	9233.000
1123.803	9135.000
1123.944	9290.000
1124.085	9192.000
1124.225	9321.000
1124.366	9219.000
1124.507	9322.000
1124.647	9227.000
1124.788	9455.000
1124.929	9298.000
1125.069	9427.000
1125.210	9230.000
1125.351	9429.000
1125.491	9254.000
1125.632	9462.000
1125.772	9282.000
1125.913	9511.000
1126.054	9342.000
1126.194	9438.000
1126.335	9365.000
1126.475	9512.000
1126.616	9339.000
1126.756	9559.000
1126.897	9450.000
1127.037	9554.000
1127.178	9502.000
1127.318	9539.000
1127.459	9533.000
1127.600	9646.000
1127.740	9509.000
1127.881	9564.000
1128.021	9458.000
1128.162	9634.000
1128.302	9513.000
1128.442	9578.000
1128.583	9547.000
1128.723	9647.000
1128.864	9570.000
1129.004	9698.000
1129.145	9576.000
1129.285	9687.000
1129.426	9674.000
1129.566	9730.000
1129.706	9592.000
1129.847	9752.000
1129.987	9583.000
1130.128	9646.000
1130.268	9550.000
1130.408	9622.000
1130.549	9504.000
1130.689	9571.000
1130.830	9491.000
1130.970	9585.000
1131.110	9434.000
1131.251	9474.000
1131.391	9499.000
1131.531	9517.000
1131.672	9355.000
1131.812	9389.000
1131.952	9320.000
1132.093	9523.000
1132.233	9290.000
1132.373	9369.000
1132.513	9258.000
1132.654	9469.000
1132.794	9781.000
1132.934	9332.000
1133.075	9240.000
1133.215	9340.000
1133.355	9166.000
1133.495	9377.000
1133.636	9177.000
1133.776	9348.000
1133.916	9150.000
1134.056	9242.000
1134.196	9250.000
1134.337	9301.000
1134.477	9202.000
1134.617	9322.000
1134.757	9208.000
1134.897	9425.000
1135.038	9262.000
1135.178	9319.000
1135.318	9305.000
1135.458	9377.000
1135.598	9328.000
1135.738	9408.000
1135.879	9327.000
1136.019	9339.000
1136.159	9309.000
1136.299	9282.000
1136.439	9147.000
1136.579	9386.000
1136.719	9152.000
1136.859	9218.000
1136.999	9107.000
1137.140	9122.000
1137.280	9111.000
1137.420	9140.000
1137.560	9091.000
1137.700	9055.000
1137.840	9054.000
1137.980	9098.000
1138.120	9039.000
1138.260	9095.000
1138.400	8986.000
1138.540	9077.000
1138.680	9006.000
1138.820	9137.000
1138.960	9011.000
1139.100	9064.000
1139.240	9019.000
1139.380	9079.000
1139.520	8988.000
1139.660	9059.000
1139.800	8990.000
1139.940	9042.000
1140.080	9022.000
1140.220	9084.000
1140.360	9104.000
1140.500	9053.000
1140.640	9054.000
1140.780	9040.000
1140.919	8995.000
1141.059	9091.000
1141.199	8964.000
1141.339	9143.000
1141.479	9046.000
1141.619	9180.000
1141.759	9026.000
1141.899	9106.000
1142.039	9031.000
1142.178	9122.000
1142.318	8987.000
1142.458	9156.000
1142.598	9057.000
1142.738	9222.000
1142.878	9099.000
1143.017	9224.000
1143.157	9090.000
1143.297	9211.000
1143.437	9088.000
1143.577	9166.000
1143.716	9066.000
1143.856	9209.000
1143.996	9059.000
1144.136	9249.000
1144.275	9133.000
1144.415	9254.000
1144.555	9059.000
1144.695	9203.000
1144.834	9137.000
1144.974	9313.000
1145.114	9160.000
1145.254	9256.000
1145.393	9233.000
1145.533	9346.000
1145.673	9206.000
1145.812	9282.000
1145.952	9218.000
1146.092	9357.000
1146.231	9190.000
1146.371	9287.000
1146.511	9239.000
1146.650	9372.000
1146.790	9140.000
1146.930	9325.000
1147.069	9152.000
1147.209	9413.000
1147.349	9326.000
1147.488	9354.000
1147.628	9216.000
1147.767	9336.000
1147.907	9188.000
1148.047	9338.000
1148.186	9247.000
1148.326	9395.000
1148.465	9270.000
1148.605	9336.000
1148.744	9235.000
1148.884	9371.000
1149.024	9264.000
1149.163	9350.000
1149.303	9228.000
1149.442	9440.000
1149.582	9209.000
1149.721	9317.000
1149.861	9210.000
1150.000	9347.000
1150.140	9134.000
1150.279	9379.000
1150.419	9275.000
1150.558	9263.000
1150.698	9227.000
1150.837	9402.000
1150.977	9199.000
1151.116	9355.000
1151.255	9272.000
1151.395	9270.000
1151.534	9160.000
1151.674	9240.000
1151.813	9146.000
1151.953	9232.000
1152.092	9183.000
1152.231	9249.000
1152.371	9167.000
1152.510	9243.000
1152.650	9093.000
1152.789	9305.000
1152.928	9202.000
1153.068	9215.000
1153.207	9189.000
1153.346	9243.000
1153.486	9119.000
1153.625	9211.000
1153.764	7951.000
1153.904	9164.000
1154.043	9067.000
1154.182	9132.000
1154.322	8986.000
1154.461	9144.000
1154.600	9016.000
1154.740	9125.000
1154.879	9066.000
1155.018	9129.000
1155.157	9020.000
1155.297	9061.000
1155.436	8975.000
1155.575	9128.000
1155.714	8950.000
1155.854	9017.000
1155.993	8862.000
1156.132	9063.000
1156.271	8826.000
1156.411	8971.000
1156.550	8919.000
1156.689	8927.000
1156.828	8865.000
1156.967	8939.000
1157.107	8792.000
1157.246	9007.000
1157.385	8760.000
1157.524	8991.000
1157.663	8809.000
1157.802	8875.000
1157.941	8830.000
1158.081	8804.000
1158.220	8726.000
1158.359	8790.000
1158.498	8699.000
1158.637	8773.000
1158.776	8717.000
1158.915	8862.000
1159.054	8690.000
1159.193	8839.000
1159.333	8674.000
1159.472	8809.000
1159.611	8665.000
1159.750	8738.000
1159.889	8560.000
1160.028	8754.000
1160.167	8580.000
1160.306	8712.000
1160.445	8622.000
1160.584	8768.000
1160.723	8716.000
1160.862	8763.000
1161.001	8657.000
1161.140	8843.000
1161.279	8595.000
1161.418	8724.000
1161.557	8691.000
1161.696	8827.000
1161.835	8639.000
1161.974	8903.000
1162.113	13090.000
1162.252	8891.000
1162.391	8719.000
1162.530	8803.000
1162.669	8738.000
1162.808	8811.000
1162.946	8664.000
1163.085	8826.000
1163.224	8824.000
1163.363	8933.000
1163.502	8847.000
1163.641	8854.000
1163.780	8736.000
1163.919	8874.000
1164.058	8879.000
1164.196	8963.000
1164.335	8784.000
1164.474	8899.000
1164.613	8797.000
1164.752	8951.000
1164.891	8866.000
1165.029	9003.000
1165.168	8891.000
1165.307	8978.000
1165.446	8883.000
1165.585	8969.000
1165.723	8883.000
1165.862	8948.000
1166.001	8849.000
1166.140	9088.000
1166.279	8912.000
1166.417	9037.000
1166.556	8903.000
1166.695	9136.000
1166.834	8940.000
1166.972	9102.000
1167.111	8928.000
1167.250	9069.000
1167.388	8818.000
1167.527	9085.000
1167.666	8922.000
1167.805	9128.000
1167.943	8961.000
1168.082	9150.000
1168.221	9021.000
1168.359	9137.000
1168.498	9014.000
1168.637	9226.000
1168.775	8972.000
1168.914	9250.000
1169.052	9148.000
1169.191	9157.000
1169.330	9111.000
1169.468	9296.000
1169.607	9175.000
1169.746	9277.000
1169.884	9164.000
1170.023	9295.000
1170.161	9228.000
1170.300	9287.000
1170.439	9277.000
1170.577	9374.000
1170.716	9278.000
1170.854	9438.000
1170.993	9231.000
1171.131	9448.000
1171.270	9253.000
1171.408	9407.000
1171.547	9395.000
1171.685	9572.000
1171.824	9378.000
1171.962	9480.000
1172.101	9446.000
1172.239	9624.000
1172.378	9465.000
1172.516	9647.000
1172.655	9489.000
1172.793	9655.000
1172.932	9508.000
1173.070	9609.000
1173.209	9555.000
1173.347	9687.000
1173.486	9565.000
1173.624	9571.000
1173.762	9639.000
1173.901	9836.000
1174.039	9683.000
1174.178	9701.000
1174.316	9691.000
1174.454	9736.000
1174.593	9807.000
1174.731	9848.000
