1029.870	8906.000
1030.015	8865.000
1030.160	8856.000
1030.305	8932.000
1030.449	8837.000
1030.594	8957.000
1030.739	8839.000
1030.884	8913.000
1031.029	8824.000
1031.173	8918.000
1031.318	8779.000
1031.463	8931.000
1031.608	8866.000
1031.752	8847.000
1031.897	8838.000
1032.042	8962.000
1032.187	8730.000
1032.331	8929.000
1032.476	8799.000
1032.621	8934.000
1032.765	8776.000
1032.910	8807.000
1033.055	8947.000
1033.200	8893.000
1033.344	8818.000
1033.489	8858.000
1033.634	8853.000
1033.778	8828.000
1033.923	8825.000
1034.068	8839.000
1034.212	8836.000
1034.357	8899.000
1034.502	8849.000
1034.646	8852.000
1034.791	8775.000
1034.935	8849.000
1035.080	8880.000
1035.225	8790.000
1035.369	8827.000
1035.514	8874.000
1035.658	8805.000
1035.803	8873.000
1035.947	8798.000
1036.092	8883.000
1036.237	8735.000
1036.381	8823.000
1036.526	8826.000
1036.670	8775.000
1036.815	8779.000
1036.959	8839.000
1037.104	8782.000
1037.248	8754.000
1037.393	8824.000
1037.537	8870.000
1037.682	8739.000
1037.826	8801.000
1037.971	8747.000
1038.115	8776.000
1038.260	8696.000
1038.404	8754.000
1038.549	8761.000
1038.693	8754.000
1038.838	8719.000
1038.982	8721.000
1039.126	8680.000
1039.271	8769.000
1039.415	8712.000
1039.560	8668.000
1039.704	8661.000
1039.848	8734.000
1039.993	8673.000
1040.137	8643.000
1040.282	8709.000
1040.426	8720.000
1040.570	8593.000
1040.715	8677.000
1040.859	8619.000
1041.003	8665.000
1041.148	8621.000
1041.292	8748.000
1041.436	8585.000
1041.581	8692.000
1041.725	8665.000
1041.869	8659.000
1042.014	8559.000
1042.158	8623.000
1042.302	8567.000
1042.447	8610.000
1042.591	8607.000
1042.735	8619.000
1042.879	8601.000
1043.024	8616.000
1043.168	8592.000
1043.312	8595.000
1043.456	8620.000
1043.601	8573.000
1043.745	8544.000
1043.889	8575.000
1044.033	8585.000
1044.178	8629.000
1044.322	8539.000
1044.466	8547.000
1044.610	8502.000
1044.754	8503.000
1044.899	8518.000
1045.043	8636.000
1045.187	8499.000
1045.331	8574.000
1045.475	8515.000
1045.619	8556.000
1045.763	8519.000
1045.908	8607.000
1046.052	8407.000
1046.196	8629.000
1046.340	8492.000
1046.484	8500.000
1046.628	8557.000
1046.772	8588.000
1046.916	8554.000
1047.060	8539.000
1047.205	8504.000
1047.349	8541.000
1047.493	8507.000
1047.637	8616.000
1047.781	8471.000
1047.925	8581.000
1048.069	8390.000
1048.213	8500.000
1048.357	8595.000
1048.501	8590.000
1048.645	8502.000
1048.789	8609.000
1048.933	8531.000
1049.077	8528.000
1049.221	8513.000
1049.365	8554.000
1049.509	8579.000
1049.653	8636.000
1049.797	8528.000
1049.941	8615.000
1050.085	8551.000
1050.229	8582.000
1050.373	8519.000
1050.517	8493.000
1050.660	8538.000
1050.804	8612.000
1050.948	8588.000
1051.092	8583.000
1051.236	8516.000
1051.380	8615.000
1051.524	8543.000
1051.668	8527.000
1051.812	8431.000
1051.956	8538.000
1052.099	8452.000
1052.243	8611.000
1052.387	8549.000
1052.531	8626.000
1052.675	8539.000
1052.819	8565.000
1052.962	8521.000
1053.106	8543.000
1053.250	8487.000
1053.394	8603.000
1053.538	8426.000
1053.681	8530.000
1053.825	8522.000
1053.969	8550.000
1054.113	8496.000
1054.257	8593.000
1054.400	8416.000
1054.544	8547.000
1054.688	8464.000
1054.832	8500.000
1054.975	8544.000
1055.119	8564.000
1055.263	8423.000
1055.407	8556.000
1055.550	8345.000
1055.694	8468.000
1055.838	8440.000
1055.981	8585.000
1056.125	8460.000
1056.269	8533.000
1056.412	8348.000
1056.556	8420.000
1056.700	8433.000
1056.843	8498.000
1056.987	8482.000
1057.131	8559.000
1057.274	8393.000
1057.418	8454.000
1057.562	8342.000
1057.705	8485.000
1057.849	8396.000
1057.992	8519.000
1058.136	8372.000
1058.280	8482.000
1058.423	8286.000
1058.567	8533.000
1058.710	8505.000
1058.854	8406.000
1058.997	8431.000
1059.141	8442.000
1059.285	8370.000
1059.428	8430.000
1059.572	8396.000
1059.715	8528.000
1059.859	8343.000
1060.002	8496.000
1060.146	8389.000
1060.289	8444.000
1060.433	8297.000
1060.576	8515.000
1060.720	8369.000
1060.863	8423.000
1061.007	8356.000
1061.150	8421.000
1061.294	8287.000
1061.437	8418.000
1061.580	8381.000
1061.724	8487.000
1061.867	8338.000
1062.011	8476.000
1062.154	8233.000
1062.298	8491.000
1062.441	8309.000
1062.584	8470.000
1062.728	8316.000
1062.871	8578.000
1063.015	8461.000
1063.158	8668.000
1063.301	8732.000
1063.445	8980.000
1063.588	8890.000
1063.731	9059.000
1063.875	8940.000
1064.018	9157.000
1064.161	8994.000
1064.305	9159.000
1064.448	9161.000
1064.591	9296.000
1064.735	9086.000
1064.878	8851.000
1065.021	8498.000
1065.165	8564.000
1065.308	8386.000
1065.451	8535.000
1065.594	8476.000
1065.738	8547.000
1065.881	8450.000
1066.024	8429.000
1066.167	8346.000
1066.311	8476.000
1066.454	8322.000
1066.597	8486.000
1066.740	8492.000
1066.884	8527.000
1067.027	8349.000
1067.170	8552.000
1067.313	8443.000
1067.456	8459.000
1067.599	8370.000
1067.743	8521.000
1067.886	8423.000
1068.029	8501.000
1068.172	8369.000
1068.315	8556.000
1068.458	8350.000
1068.602	8463.000
1068.745	8400.000
1068.888	8467.000
1069.031	8408.000
1069.174	8515.000
1069.317	8436.000
1069.460	8512.000
1069.603	8403.000
1069.746	8625.000
1069.890	8420.000
1070.033	8468.000
1070.176	8482.000
1070.319	8553.000
1070.462	8360.000
1070.605	8520.000
1070.748	8479.000
1070.891	8538.000
1071.034	8410.000
1071.177	8513.000
1071.320	8444.000
1071.463	8524.000
1071.606	8419.000
1071.749	8499.000
1071.892	8464.000
1072.035	8551.000
1072.178	8436.000
1072.321	8504.000
1072.464	8279.000
1072.607	8594.000
1072.750	8408.000
1072.893	8485.000
1073.036	8387.000
1073.179	8564.000
1073.322	8395.000
1073.465	8504.000
1073.607	8475.000
1073.750	8399.000
1073.893	8371.000
1074.036	8505.000
1074.179	8408.000
1074.322	8468.000
1074.465	8375.000
1074.608	8557.000
1074.751	8509.000
1074.893	8524.000
1075.036	8380.000
1075.179	8503.000
1075.322	8419.000
1075.465	8494.000
1075.608	8326.000
1075.750	8509.000
1075.893	8355.000
1076.036	8391.000
1076.179	8416.000
1076.322	8487.000
1076.464	8361.000
1076.607	8607.000
1076.750	8367.000
1076.893	8405.000
1077.036	8415.000
1077.178	8625.000
1077.321	8511.000
1077.464	8550.000
1077.607	8452.000
1077.749	8689.000
1077.892	8555.000
1078.035	8744.000
1078.177	8683.000
1078.320	8864.000
1078.463	8737.000
1078.606	8772.000
1078.748	8696.000
1078.891	8746.000
1079.034	8576.000
1079.176	8706.000
1079.319	8435.000
1079.462	8545.000
1079.604	8516.000
1079.747	8553.000
1079.890	8403.000
1080.032	8629.000
1080.175	8348.000
1080.317	8484.000
1080.460	8411.000
1080.603	8566.000
1080.745	8437.000
1080.888	8559.000
1081.030	8468.000
1081.173	8475.000
1081.316	8399.000
1081.458	8542.000
1081.601	8506.000
1081.743	8487.000
1081.886	8451.000
1082.028	8525.000
1082.171	8480.000
1082.313	8553.000
1082.456	8459.000
1082.598	8539.000
1082.741	8485.000
1082.883	8566.000
1083.026	8474.000
1083.168	8604.000
1083.311	8429.000
1083.453	8626.000
1083.596	8456.000
1083.738	8632.000
1083.881	8523.000
1084.023	8709.000
1084.166	8570.000
1084.308	8806.000
1084.451	8513.000
1084.593	8865.000
1084.736	8640.000
1084.878	8787.000
1085.020	8717.000
1085.163	8914.000
1085.305	8778.000
1085.448	8824.000
1085.590	8761.000
1085.732	8899.000
1085.875	8721.000
1086.017	8823.000
1086.159	8734.000
1086.302	8849.000
1086.444	8801.000
1086.586	8855.000
1086.729	8756.000
1086.871	8817.000
1087.013	8625.000
1087.156	8832.000
1087.298	8325.000
1087.440	8822.000
1087.583	8723.000
1087.725	8748.000
1087.867	8723.000
1088.010	8738.000
1088.152	8578.000
1088.294	8717.000
1088.436	8698.000
1088.579	8875.000
1088.721	8639.000
1088.863	8761.000
1089.005	8635.000
1089.148	8800.000
1089.290	8692.000
1089.432	8764.000
1089.574	8617.000
1089.716	8860.000
1089.859	8755.000
1090.001	8792.000
1090.143	8699.000
1090.285	8847.000
1090.427	8707.000
1090.569	8849.000
1090.712	8721.000
1090.854	8753.000
1090.996	8607.000
1091.138	8766.000
1091.280	8683.000
1091.422	8925.000
1091.564	8629.000
1091.707	8777.000
1091.849	8658.000
1091.991	8756.000
1092.133	8622.000
1092.275	8768.000
1092.417	8578.000
1092.559	8720.000
1092.701	8602.000
1092.843	8694.000
1092.985	8556.000
1093.127	8727.000
1093.269	8567.000
1093.411	8694.000
1093.554	8536.000
1093.696	8608.000
1093.838	8497.000
1093.980	8694.000
1094.122	8469.000
1094.264	8628.000
1094.406	8509.000
1094.548	8628.000
1094.690	8542.000
1094.832	8703.000
1094.973	8657.000
1095.115	8810.000
1095.257	8712.000
1095.399	8939.000
1095.541	8914.000
1095.683	8926.000
1095.825	8839.000
1095.967	9072.000
1096.109	8953.000
1096.251	9014.000
1096.393	8830.000
1096.535	8975.000
1096.677	8827.000
1096.819	8897.000
1096.960	8752.000
1097.102	8864.000
1097.244	8751.000
1097.386	8872.000
1097.528	8707.000
1097.670	8840.000
1097.812	8664.000
1097.953	8803.000
1098.095	8805.000
1098.237	8792.000
1098.379	8685.000
1098.521	8727.000
1098.662	8637.000
1098.804	8833.000
1098.946	8765.000
1099.088	8775.000
1099.230	8705.000
1099.371	8773.000
1099.513	8758.000
1099.655	8827.000
1099.797	8809.000
1099.938	8935.000
1100.080	8747.000
1100.222	8880.000
1100.364	8778.000
1100.505	8944.000
1100.647	8780.000
1100.789	8910.000
1100.931	8851.000
1101.072	8980.000
1101.214	8801.000
1101.356	8790.000
1101.497	8733.000
1101.639	8947.000
1101.781	8736.000
1101.922	8874.000
1102.064	8773.000
1102.206	8866.000
1102.347	8780.000
1102.489	8903.000
1102.631	8836.000
1102.772	8991.000
1102.914	8743.000
1103.055	9018.000
1103.197	8854.000
1103.339	9004.000
1103.480	8888.000
1103.622	9048.000
1103.763	8874.000
1103.905	9021.000
1104.046	8890.000
1104.188	9008.000
1104.330	8919.000
1104.471	9071.000
1104.613	8873.000
1104.754	9028.000
1104.896	9081.000
1105.037	9072.000
1105.179	8972.000
1105.320	9099.000
1105.462	8974.000
1105.603	9139.000
1105.745	9043.000
1105.886	9189.000
1106.028	8968.000
1106.169	9277.000
1106.311	9041.000
1106.452	9178.000
1106.594	9012.000
1106.735	9191.000
1106.876	9070.000
1107.018	9197.000
1107.159	9030.000
1107.301	9150.000
1107.442	9059.000
1107.584	9234.000
1107.725	9130.000
1107.866	9204.000
1108.008	9050.000
1108.149	9259.000
1108.291	9176.000
1108.432	9278.000
1108.573	9243.000
1108.715	9382.000
1108.856	9231.000
1108.997	9465.000
1109.139	9280.000
1109.280	9481.000
1109.421	9298.000
1109.563	9518.000
1109.704	9316.000
1109.845	9424.000
1109.987	9346.000
1110.128	9435.000
1110.269	9433.000
1110.410	9575.000
1110.552	9389.000
1110.693	9602.000
1110.834	9350.000
1110.975	9577.000
1111.117	9500.000
1111.258	9636.000
1111.399	9504.000
1111.540	9698.000
1111.682	9663.000
1111.823	9667.000
1111.964	9585.000
1112.105	9766.000
1112.247	9619.000
1112.388	9791.000
1112.529	9656.000
1112.670	9934.000
1112.811	9754.000
1112.952	9877.000
1113.094	9816.000
1113.235	9961.000
1113.376	9866.000
1113.517	9913.000
1113.658	9783.000
1113.799	9949.000
1113.940	9945.000
1114.082	10065.000
1114.223	9943.000
1114.364	10085.000
1114.505	9988.000
1114.646	10229.000
1114.787	10080.000
1114.928	10237.000
1115.069	10059.000
1115.210	10299.000
1115.351	10268.000
1115.492	10431.000
1115.633	10296.000
1115.774	10475.000
1115.916	10366.000
1116.057	10533.000
1116.198	10339.000
1116.339	10565.000
1116.480	10439.000
1116.621	10528.000
1116.762	10470.000
1116.903	10654.000
1117.044	10662.000
1117.185	10665.000
1117.326	10667.000
1117.466	10796.000
1117.607	10775.000
1117.748	10972.000
1117.889	10895.000
1118.030	11117.000
1118.171	11027.000
1118.312	11163.000
1118.453	11057.000
1118.594	11330.000
1118.735	11212.000
1118.876	11323.000
1119.017	11293.000
1119.158	11336.000
1119.298	11317.000
1119.439	11428.000
1119.580	11458.000
1119.721	11724.000
1119.862	11680.000
1120.003	11779.000
1120.144	11753.000
1120.284	11887.000
1120.425	11853.000
1120.566	11948.000
1120.707	11981.000
1120.848	12232.000
1120.989	12171.000
1121.129	12361.000
1121.270	12340.000
1121.411	12479.000
1121.552	12459.000
1121.693	12571.000
1121.833	12558.000
1121.974	12755.000
1122.115	12719.000
1122.256	12961.000
1122.396	12933.000
1122.537	13120.000
1122.678	12983.000
1122.819	13230.000
1122.959	13371.000
1123.100	13592.000
1123.241	13596.000
1123.381	13789.000
1123.522	13869.000
1123.663	13894.000
1123.803	13889.000
1123.944	14095.000
1124.085	14157.000
1124.225	14413.000
1124.366	14489.000
1124.507	14701.000
1124.647	14821.000
1124.788	15092.000
1124.929	15121.000
1125.069	15295.000
1125.210	15213.000
1125.351	15394.000
1125.491	15341.000
1125.632	15488.000
1125.772	15539.000
1125.913	15899.000
1126.054	16002.000
1126.194	16220.000
1126.335	16284.000
1126.475	16475.000
1126.616	16587.000
1126.756	16879.000
1126.897	16989.000
1127.037	17061.000
1127.178	17285.000
1127.318	17266.000
1127.459	17455.000
1127.600	17618.000
1127.740	17585.000
1127.881	17610.000
1128.021	17650.000
1128.162	17825.000
1128.302	17951.000
1128.442	18115.000
1128.583	18134.000
1128.723	18145.000
1128.864	18222.000
1129.004	18288.000
1129.145	18130.000
1129.285	18119.000
1129.426	18181.000
1129.566	18034.000
1129.706	17815.000
1129.847	17690.000
1129.987	17475.000
1130.128	17284.000
1130.268	17141.000
1130.408	16947.000
1130.549	16638.000
1130.689	16307.000
1130.830	16035.000
1130.970	15796.000
1131.110	15460.000
1131.251	15198.000
1131.391	15028.000
1131.531	14764.000
1131.672	14472.000
1131.812	14162.000
1131.952	13889.000
1132.093	13804.000
1132.233	13382.000
1132.373	13212.000
1132.513	12963.000
1132.654	12924.000
1132.794	13163.000
1132.934	12638.000
1133.075	12470.000
1133.215	12483.000
1133.355	12293.000
1133.495	12439.000
1133.636	12258.000
1133.776	12457.000
1133.916	12340.000
1134.056	12395.000
1134.196	12562.000
1134.337	12737.000
1134.477	12847.000
1134.617	13100.000
1134.757	13315.000
1134.897	13827.000
1135.038	14132.000
1135.178	14721.000
1135.318	15160.000
1135.458	15544.000
1135.598	15528.000
1135.738	15511.000
1135.879	15109.000
1136.019	14693.000
1136.159	14263.000
1136.299	13816.000
1136.439	13403.000
1136.579	13353.000
1136.719	12900.000
1136.859	12688.000
1136.999	12399.000
1137.140	12205.000
1137.280	12047.000
1137.420	11862.000
1137.560	11746.000
1137.700	11539.000
1137.840	11469.000
1137.980	11386.000
1138.120	11275.000
1138.260	11261.000
1138.400	11023.000
1138.540	11043.000
1138.680	10903.000
1138.820	10960.000
1138.960	10785.000
1139.100	10759.000
1139.240	10706.000
1139.380	10666.000
1139.520	10586.000
1139.660	10543.000
1139.800	10507.000
1139.940	10535.000
1140.080	10448.000
1140.220	10498.000
1140.360	10461.000
1140.500	10443.000
1140.640	10388.000
1140.780	10376.000
1140.919	10307.000
1141.059	10352.000
1141.199	10252.000
1141.339	10421.000
1141.479	10288.000
1141.619	10421.000
1141.759	10305.000
1141.899	10327.000
1142.039	10316.000
1142.178	10358.000
1142.318	10236.000
1142.458	10442.000
1142.598	10319.000
1142.738	10442.000
1142.878	10391.000
1143.017	10496.000
1143.157	10314.000
1143.297	10506.000
1143.437	10371.000
1143.577	10468.000
1143.716	10383.000
1143.856	10556.000
1143.996	10385.000
1144.136	10528.000
1144.275	10393.000
1144.415	10470.000
1144.555	10273.000
1144.695	10401.000
1144.834	10300.000
1144.974	10448.000
1145.114	10342.000
1145.254	10417.000
1145.393	10337.000
1145.533	10422.000
1145.673	10276.000
1145.812	10275.000
1145.952	10248.000
1146.092	10400.000
1146.231	10176.000
1146.371	10275.000
1146.511	10160.000
1146.650	10299.000
1146.790	10069.000
1146.930	10287.000
1147.069	10102.000
1147.209	10313.000
1147.349	10215.000
1147.488	10266.000
1147.628	10082.000
1147.767	10212.000
1147.907	10121.000
1148.047	10219.000
1148.186	10170.000
1148.326	10296.000
1148.465	10203.000
1148.605	10263.000
1148.744	10167.000
1148.884	10290.000
1149.024	10227.000
1149.163	10267.000
1149.303	10199.000
1149.442	10333.000
1149.582	10171.000
1149.721	10249.000
1149.861	10115.000
1150.000	10285.000
1150.140	10084.000
1150.279	10298.000
1150.419	10244.000
1150.558	10232.000
1150.698	10228.000
1150.837	10339.000
1150.977	10170.000
1151.116	10295.000
1151.255	10205.000
1151.395	10207.000
1151.534	10131.000
1151.674	10210.000
1151.813	10110.000
1151.953	10166.000
1152.092	10131.000
1152.231	10199.000
1152.371	10106.000
1152.510	10174.000
1152.650	9999.000
1152.789	10205.000
1152.928	10157.000
1153.068	10152.000
1153.207	10165.000
1153.346	10203.000
1153.486	10090.000
1153.625	10143.000
1153.764	8858.000
1153.904	10097.000
1154.043	9999.000
1154.182	10076.000
1154.322	9910.000
1154.461	10114.000
1154.600	9978.000
1154.740	10124.000
1154.879	10022.000
1155.018	10100.000
1155.157	10008.000
1155.297	10055.000
1155.436	9922.000
1155.575	10121.000
1155.714	9961.000
1155.854	10038.000
1155.993	9896.000
1156.132	10061.000
1156.271	9884.000
1156.411	9950.000
1156.550	9937.000
1156.689	9980.000
1156.828	9928.000
1156.967	10001.000
1157.107	9873.000
1157.246	10074.000
1157.385	9870.000
1157.524	10084.000
1157.663	9909.000
1157.802	9970.000
1157.941	9939.000
1158.081	9940.000
1158.220	9894.000
1158.359	9924.000
1158.498	9845.000
1158.637	9912.000
1158.776	9880.000
1158.915	10035.000
1159.054	9919.000
1159.193	10049.000
1159.333	9850.000
1159.472	9974.000
1159.611	9876.000
1159.750	9983.000
1159.889	9868.000
1160.028	10015.000
1160.167	9872.000
1160.306	10039.000
1160.445	9896.000
1160.584	10054.000
1160.723	10018.000
1160.862	10085.000
1161.001	9948.000
1161.140	10130.000
1161.279	9918.000
1161.418	10044.000
1161.557	10011.000
1161.696	10138.000
1161.835	9972.000
1161.974	10223.000
1162.113	14400.000
1162.252	10206.000
1162.391	10083.000
1162.530	10140.000
1162.669	10100.000
1162.808	10155.000
1162.946	9994.000
1163.085	10173.000
1163.224	10165.000
1163.363	10290.000
1163.502	10164.000
1163.641	10207.000
1163.780	10066.000
1163.919	10190.000
1164.058	10173.000
1164.196	10240.000
1164.335	10136.000
1164.474	10233.000
1164.613	10078.000
1164.752	10288.000
1164.891	10195.000
1165.029	10337.000
1165.168	10208.000
1165.307	10313.000
1165.446	10193.000
1165.585	10290.000
1165.723	10198.000
1165.862	10259.000
1166.001	10184.000
1166.140	10381.000
1166.279	10237.000
1166.417	10339.000
1166.556	10222.000
1166.695	10435.000
1166.834	10271.000
1166.972	10422.000
1167.111	10259.000
1167.250	10434.000
1167.388	10181.000
1167.527	10423.000
1167.666	10277.000
1167.805	10486.000
1167.943	10286.000
1168.082	10554.000
1168.221	10412.000
1168.359	10498.000
1168.498	10417.000
1168.637	10581.000
1168.775	10410.000
1168.914	10647.000
1169.052	10545.000
1169.191	10566.000
1169.330	10552.000
1169.468	10706.000
1169.607	10659.000
1169.746	10728.000
1169.884	10656.000
1170.023	10771.000
1170.161	10707.000
1170.300	10767.000
1170.439	10711.000
1170.577	10810.000
1170.716	10761.000
1170.854	10899.000
1170.993	10767.000
1171.131	10929.000
1171.270	10736.000
1171.408	10857.000
1171.547	10869.000
1171.685	11042.000
1171.824	10860.000
1171.962	10950.000
1172.101	10923.000
1172.239	11081.000
1172.378	10960.000
1172.516	11122.000
1172.655	10987.000
1172.793	11172.000
1172.932	11028.000
1173.070	11105.000
1173.209	11070.000
1173.347	11213.000
1173.486	11115.000
1173.624	11076.000
1173.762	11190.000
1173.901	11354.000
1174.039	11220.000
1174.178	11270.000
1174.316	11257.000
1174.454	11251.000
1174.593	11325.000
1174.731	11440.000
