1129.938	8680.000
1130.084	8229.000
1130.229	8686.000
1130.375	8355.000
1130.521	8694.000
1130.667	8394.000
1130.813	8667.000
1130.958	8352.000
1131.104	8724.000
1131.250	8311.000
1131.396	8582.000
1131.542	8386.000
1131.687	8625.000
1131.833	8272.000
1131.979	8625.000
1132.124	8367.000
1132.270	8517.000
1132.416	8213.000
1132.561	8389.000
1132.707	8192.000
1132.853	8463.000
1132.998	8200.000
1133.144	8751.000
1133.290	8377.000
1133.435	8777.000
1133.581	8409.000
1133.727	8751.000
1133.872	8289.000
1134.018	8644.000
1134.163	8339.000
1134.309	8731.000
1134.455	8472.000
1134.600	8813.000
1134.746	8502.000
1134.891	8730.000
1135.037	8462.000
1135.182	8860.000
1135.328	8473.000
1135.473	8800.000
1135.619	8533.000
1135.764	8800.000
1135.910	8549.000
1136.055	8772.000
1136.201	8556.000
1136.346	8719.000
1136.492	8466.000
1136.637	8773.000
1136.783	8458.000
1136.928	8802.000
1137.074	8526.000
1137.219	8790.000
1137.364	8508.000
1137.510	8824.000
1137.655	8577.000
1137.801	8771.000
1137.946	8539.000
1138.091	8773.000
1138.237	8524.000
1138.382	8746.000
1138.527	8495.000
1138.673	8806.000
1138.818	8463.000
1138.963	8742.000
1139.109	8450.000
1139.254	8731.000
1139.399	8517.000
1139.544	8783.000
1139.690	8470.000
1139.835	8755.000
1139.980	8533.000
1140.125	8775.000
1140.271	8492.000
1140.416	8797.000
1140.561	8571.000
1140.706	8742.000
1140.851	8539.000
1140.997	8790.000
1141.142	8509.000
1141.287	8795.000
1141.432	8602.000
1141.577	8755.000
1141.723	8556.000
1141.868	8790.000
1142.013	8533.000
1142.158	8715.000
1142.303	8442.000
1142.448	8615.000
1142.593	8442.000
1142.738	8675.000
1142.883	8439.000
1143.028	8659.000
1143.174	8534.000
1143.319	8732.000
1143.464	8502.000
1143.609	8734.000
1143.754	8476.000
1143.899	8662.000
1144.044	8502.000
1144.189	8738.000
1144.334	8568.000
1144.479	8688.000
1144.624	8430.000
1144.769	8574.000
1144.914	8382.000
1145.059	8607.000
1145.204	8523.000
1145.348	8624.000
1145.493	8467.000
1145.638	8623.000
1145.783	8407.000
1145.928	8627.000
1146.073	8515.000
1146.218	8559.000
1146.363	8543.000
1146.508	8636.000
1146.653	8485.000
1146.797	8672.000
1146.942	8469.000
1147.087	8670.000
1147.232	8465.000
1147.377	8603.000
1147.522	8477.000
1147.666	8640.000
1147.811	8493.000
1147.956	8537.000
1148.101	8437.000
1148.245	8493.000
1148.390	8343.000
1148.535	8637.000
1148.680	8506.000
1148.824	8599.000
1148.969	8489.000
1149.114	8540.000
1149.259	8372.000
1149.403	8493.000
1149.548	8371.000
1149.693	8577.000
1149.837	8405.000
1149.982	8492.000
1150.127	8408.000
1150.271	8520.000
1150.416	8379.000
1150.561	8441.000
1150.705	8283.000
1150.850	8446.000
1150.994	8317.000
1151.139	8416.000
1151.284	8254.000
1151.428	8393.000
1151.573	8364.000
1151.717	8483.000
1151.862	8322.000
1152.006	8356.000
1152.151	8286.000
1152.295	8309.000
1152.440	8333.000
1152.584	8396.000
1152.729	8324.000
1152.873	8327.000
1153.018	8261.000
1153.162	8354.000
1153.307	8219.000
1153.451	8313.000
1153.596	8259.000
1153.740	8225.000
1153.885	8233.000
1154.029	8269.000
1154.174	8173.000
1154.318	8244.000
1154.462	8194.000
1154.607	8147.000
1154.751	8185.000
1154.896	8189.000
1155.040	8076.000
1155.184	8194.000
1155.329	8146.000
1155.473	8107.000
1155.617	8143.000
1155.762	8026.000
1155.906	8033.000
1156.050	8087.000
1156.194	8086.000
1156.339	8058.000
1156.483	8065.000
1156.627	7923.000
1156.772	7927.000
1156.916	8014.000
1157.060	7981.000
1157.204	8053.000
1157.349	7990.000
1157.493	7905.000
1157.637	7897.000
1157.781	7862.000
1157.925	7932.000
1158.070	7899.000
1158.214	7952.000
1158.358	7834.000
1158.502	7807.000
1158.646	7761.000
1158.790	7874.000
1158.935	7938.000
1159.079	7759.000
1159.223	7823.000
1159.367	7765.000
1159.511	7736.000
1159.655	7772.000
1159.799	7765.000
1159.943	7785.000
1160.087	7651.000
1160.231	7730.000
1160.375	7676.000
1160.519	7662.000
1160.664	7599.000
1160.808	7719.000
1160.952	7624.000
1161.096	7610.000
1161.240	7540.000
1161.384	7542.000
1161.528	7496.000
1161.672	7569.000
1161.815	7545.000
1161.959	7566.000
1162.103	7480.000
1162.247	7532.000
1162.391	7333.000
1162.535	7487.000
1162.679	7395.000
1162.823	7484.000
1162.967	7369.000
1163.111	7477.000
1163.255	7401.000
1163.399	7397.000
1163.542	7306.000
1163.686	7402.000
1163.830	7270.000
1163.974	7314.000
1164.118	7245.000
1164.262	7358.000
1164.405	7167.000
1164.549	7232.000
1164.693	7175.000
1164.837	7245.000
1164.981	7149.000
1165.124	7184.000
1165.268	7067.000
1165.412	7217.000
1165.556	7079.000
1165.699	7164.000
1165.843	7113.000
1165.987	7162.000
1166.131	7018.000
1166.274	7028.000
1166.418	6950.000
1166.562	7004.000
1166.705	6896.000
1166.849	7039.000
1166.993	6989.000
1167.136	7010.000
1167.280	6835.000
1167.424	6965.000
1167.567	6914.000
1167.711	6839.000
1167.854	6755.000
1167.998	6905.000
1168.142	6758.000
1168.285	6804.000
1168.429	6670.000
1168.572	6813.000
1168.716	6643.000
1168.859	6716.000
1169.003	6602.000
1169.147	6697.000
1169.290	6598.000
1169.434	6671.000
1169.577	6529.000
1169.721	6639.000
1169.864	6471.000
1170.008	6668.000
1170.151	6476.000
1170.294	6510.000
1170.438	6430.000
1170.581	6533.000
1170.725	6318.000
1170.868	6491.000
1171.012	6404.000
1171.155	6433.000
1171.298	6281.000
1171.442	6335.000
1171.585	6222.000
1171.729	6309.000
1171.872	6199.000
1172.015	6253.000
1172.159	6176.000
1172.302	6243.000
1172.445	6092.000
1172.589	6184.000
1172.732	5893.000
1172.875	6206.000
1173.019	5989.000
1173.162	6080.000
1173.305	5920.000
1173.449	6101.000
1173.592	5904.000
1173.735	5987.000
1173.878	5950.000
1174.022	5880.000
1174.165	5746.000
1174.308	5957.000
1174.451	5770.000
1174.594	5861.000
1174.738	5676.000
1174.881	5909.000
1175.024	5760.000
1175.167	5809.000
1175.310	5621.000
1175.454	5751.000
1175.597	5610.000
1175.740	5717.000
1175.883	5523.000
1176.026	5737.000
1176.169	5485.000
1176.312	5572.000
1176.455	5465.000
1176.598	5579.000
1176.742	5436.000
1176.885	5642.000
1177.028	5335.000
1177.171	5421.000
1177.314	5328.000
1177.457	5533.000
1177.600	5368.000
1177.743	5408.000
1177.886	5183.000
1178.029	5454.000
1178.172	5201.000
1178.315	5375.000
1178.458	5173.000
1178.601	5334.000
1178.744	5140.000
1178.887	5289.000
1179.030	5151.000
1179.173	5263.000
1179.316	5042.000
1179.458	5271.000
1179.601	4978.000
1179.744	5163.000
1179.887	5042.000
1180.030	5152.000
1180.173	4909.000
1180.316	5153.000
1180.459	4847.000
1180.602	5059.000
1180.744	4891.000
1180.887	5070.000
1181.030	4877.000
1181.173	5020.000
1181.316	4849.000
1181.458	4886.000
1181.601	4759.000
1181.744	4940.000
1181.887	4831.000
1182.030	4876.000
1182.172	4729.000
1182.315	4868.000
1182.458	4738.000
1182.601	4884.000
1182.743	4660.000
1182.886	4824.000
1183.029	4659.000
1183.171	4811.000
1183.314	4659.000
1183.457	4815.000
1183.599	4547.000
1183.742	4837.000
1183.885	4500.000
1184.027	4749.000
1184.170	4544.000
1184.313	4749.000
1184.455	4531.000
1184.598	4793.000
1184.741	4454.000
1184.883	4793.000
1185.026	4470.000
1185.168	4680.000
1185.311	4513.000
1185.453	4674.000
1185.596	4493.000
1185.739	4604.000
1185.881	4431.000
1186.024	4627.000
1186.166	4373.000
1186.309	4574.000
1186.451	4391.000
1186.594	4593.000
1186.736	4455.000
1186.879	4615.000
1187.021	4422.000
1187.164	4545.000
1187.306	4309.000
1187.448	4592.000
1187.591	4232.000
1187.733	4580.000
1187.876	4345.000
1188.018	4480.000
1188.160	4392.000
1188.303	4440.000
1188.445	4227.000
1188.588	4423.000
1188.730	4325.000
1188.872	4547.000
1189.015	4256.000
1189.157	4429.000
1189.299	4201.000
1189.442	4469.000
1189.584	4267.000
1189.726	4393.000
1189.869	4148.000
1190.011	4434.000
1190.153	4259.000
1190.295	4385.000
1190.438	4180.000
1190.580	4405.000
1190.722	4147.000
1190.864	4375.000
1191.007	4232.000
1191.149	4291.000
1191.291	4081.000
1191.433	4327.000
1191.576	4157.000
1191.718	4423.000
1191.860	4105.000
1192.002	4361.000
1192.144	4142.000
1192.286	4315.000
1192.429	4113.000
1192.571	4322.000
1192.713	4100.000
1192.855	4321.000
1192.997	4126.000
1193.139	4282.000
1193.281	4109.000
1193.423	4346.000
1193.565	4103.000
1193.707	4300.000
1193.850	4072.000
1193.992	4218.000
1194.134	4034.000
1194.276	4285.000
1194.418	4000.000
1194.560	4226.000
1194.702	4021.000
1194.844	4176.000
1194.986	3997.000
1195.128	4204.000
1195.270	4066.000
1195.412	4226.000
1195.554	4028.000
1195.696	4222.000
1195.837	4058.000
1195.979	4193.000
1196.121	3987.000
1196.263	4223.000
1196.405	4065.000
1196.547	4202.000
1196.689	3969.000
1196.831	4240.000
1196.973	3963.000
1197.115	4127.000
1197.256	3969.000
1197.398	4179.000
1197.540	3972.000
1197.682	4180.000
1197.824	3913.000
1197.966	4131.000
1198.107	3927.000
1198.249	4101.000
1198.391	4016.000
1198.533	4099.000
1198.675	3886.000
1198.816	4128.000
1198.958	3863.000
1199.100	4161.000
1199.242	3984.000
1199.383	4081.000
1199.525	3882.000
1199.667	4054.000
1199.808	3949.000
1199.950	4110.000
1200.092	3955.000
1200.233	4150.000
1200.375	3888.000
1200.517	4096.000
1200.658	3924.000
1200.800	4114.000
1200.942	3908.000
1201.083	4143.000
1201.225	3924.000
1201.367	4127.000
1201.508	3897.000
1201.650	3998.000
1201.791	3812.000
1201.933	4071.000
1202.074	3805.000
1202.216	4051.000
1202.358	3874.000
1202.499	4047.000
1202.641	3858.000
1202.782	4051.000
1202.924	3855.000
1203.065	4088.000
1203.207	3737.000
1203.348	4091.000
1203.490	3834.000
1203.631	4012.000
1203.773	3854.000
1203.914	4073.000
1204.056	3849.000
1204.197	3997.000
1204.338	3796.000
1204.480	4008.000
1204.621	3817.000
1204.763	4000.000
1204.904	3748.000
1205.045	4009.000
1205.187	3938.000
1205.328	4011.000
1205.470	3818.000
1205.611	4056.000
1205.752	3764.000
1205.894	4002.000
1206.035	3761.000
1206.176	4009.000
1206.318	3749.000
1206.459	4093.000
1206.600	3783.000
1206.741	4049.000
1206.883	3775.000
1207.024	3986.000
1207.165	3803.000
1207.306	3997.000
1207.448	3714.000
1207.589	3938.000
1207.730	3743.000
1207.871	3983.000
1208.013	3787.000
1208.154	3954.000
1208.295	3680.000
1208.436	3971.000
1208.577	3729.000
1208.719	3947.000
1208.860	3746.000
1209.001	3944.000
1209.142	3664.000
1209.283	3914.000
1209.424	3688.000
1209.565	3984.000
1209.706	3711.000
1209.848	3984.000
1209.989	3729.000
1210.130	3895.000
1210.271	3667.000
1210.412	3872.000
1210.553	3737.000
1210.694	3997.000
1210.835	3705.000
1210.976	3923.000
1211.117	3632.000
1211.258	3906.000
1211.399	3723.000
1211.540	3938.000
1211.681	3687.000
1211.822	3887.000
1211.963	3767.000
1212.104	3862.000
1212.245	3683.000
1212.386	3934.000
1212.527	3639.000
1212.668	3900.000
1212.809	3663.000
1212.950	3946.000
1213.090	3706.000
1213.231	3793.000
1213.372	3692.000
1213.513	3884.000
1213.654	3667.000
1213.795	3788.000
1213.936	3573.000
1214.077	3839.000
1214.217	3706.000
1214.358	3860.000
1214.499	3692.000
1214.640	3911.000
1214.781	3645.000
1214.921	3818.000
1215.062	3643.000
1215.203	3826.000
1215.344	3577.000
1215.485	3819.000
1215.625	3682.000
1215.766	3843.000
1215.907	3615.000
1216.047	3864.000
1216.188	3608.000
1216.329	3837.000
1216.470	3548.000
1216.610	3837.000
1216.751	3583.000
1216.892	3762.000
1217.032	3545.000
1217.173	3758.000
1217.314	3693.000
1217.454	3777.000
1217.595	3570.000
1217.735	3797.000
1217.876	3606.000
1218.017	3773.000
1218.157	3589.000
1218.298	3835.000
1218.438	3584.000
1218.579	3742.000
1218.720	3567.000
1218.860	3808.000
1219.001	3563.000
1219.141	3743.000
1219.282	3574.000
1219.422	3738.000
1219.563	3529.000
1219.703	3714.000
1219.844	3507.000
1219.984	3789.000
1220.125	3612.000
1220.265	3706.000
1220.406	3553.000
1220.546	3769.000
1220.687	3548.000
1220.827	3716.000
1220.967	3491.000
1221.108	3733.000
1221.248	3475.000
1221.389	3718.000
1221.529	3573.000
1221.669	3749.000
1221.810	3491.000
1221.950	3699.000
1222.091	3520.000
1222.231	3743.000
1222.371	3515.000
1222.512	3691.000
1222.652	3536.000
1222.792	3707.000
1222.933	3454.000
1223.073	3706.000
1223.213	3570.000
1223.353	3770.000
1223.494	3536.000
1223.634	3665.000
1223.774	3547.000
1223.914	3671.000
1224.055	3449.000
1224.195	3711.000
1224.335	3503.000
1224.475	3678.000
1224.616	3451.000
1224.756	3676.000
1224.896	3458.000
1225.036	3714.000
1225.176	3514.000
1225.316	3717.000
1225.457	3447.000
1225.597	3709.000
1225.737	3478.000
1225.877	3711.000
1226.017	3476.000
1226.157	3735.000
1226.297	3462.000
1226.437	3671.000
1226.578	3465.000
1226.718	3658.000
1226.858	3459.000
1226.998	3730.000
1227.138	3466.000
1227.278	3635.000
1227.418	3486.000
1227.558	3640.000
1227.698	3474.000
1227.838	3705.000
1227.978	3470.000
1228.118	3612.000
1228.258	3455.000
1228.398	3665.000
1228.538	3507.000
1228.678	3599.000
1228.818	3477.000
1228.958	3626.000
1229.098	3477.000
1229.238	3723.000
1229.377	3429.000
1229.517	3624.000
1229.657	3493.000
1229.797	3650.000
1229.937	3468.000
1230.077	3726.000
1230.217	3487.000
1230.357	3688.000
1230.496	3505.000
1230.636	3705.000
1230.776	3481.000
1230.916	3636.000
1231.056	3419.000
1231.196	3697.000
1231.335	3484.000
1231.475	3582.000
1231.615	3531.000
1231.755	3660.000
1231.894	3446.000
1232.034	3577.000
1232.174	3411.000
1232.314	3685.000
1232.453	3444.000
1232.593	3636.000
1232.733	3452.000
1232.873	3698.000
1233.012	3635.000
1233.152	3656.000
1233.292	3439.000
1233.431	3627.000
1233.571	3408.000
1233.711	3687.000
1233.850	3384.000
1233.990	3666.000
1234.129	3398.000
1234.269	3555.000
1234.409	3471.000
1234.548	3620.000
1234.688	3417.000
1234.828	3606.000
1234.967	3415.000
1235.107	3646.000
1235.246	3398.000
1235.386	3585.000
1235.525	3353.000
1235.665	3572.000
1235.804	3377.000
1235.944	3594.000
1236.083	3406.000
1236.223	3567.000
1236.362	3473.000
1236.502	3584.000
1236.641	3377.000
1236.781	3652.000
1236.920	3383.000
1237.060	3599.000
1237.199	3369.000
1237.339	3504.000
1237.478	3394.000
1237.617	3542.000
1237.757	3405.000
1237.896	3457.000
1238.036	3370.000
1238.175	3479.000
1238.314	3386.000
1238.454	3555.000
1238.593	3385.000
1238.732	3574.000
1238.872	3379.000
1239.011	3577.000
1239.150	3355.000
1239.290	3541.000
1239.429	3397.000
1239.568	3508.000
1239.708	3388.000
1239.847	3504.000
1239.986	3365.000
1240.125	3481.000
1240.265	3388.000
1240.404	3551.000
1240.543	3419.000
1240.682	3529.000
1240.822	3339.000
1240.961	3475.000
1241.100	3348.000
1241.239	3504.000
1241.378	3330.000
1241.518	3562.000
1241.657	3345.000
1241.796	3546.000
1241.935	3318.000
1242.074	3500.000
1242.213	3328.000
1242.352	3463.000
1242.492	3275.000
1242.631	3548.000
1242.770	3303.000
1242.909	3563.000
1243.048	3356.000
1243.187	3582.000
1243.326	3299.000
1243.465	3537.000
1243.604	3306.000
1243.743	3489.000
1243.882	3285.000
1244.021	3529.000
1244.160	3248.000
1244.299	3566.000
1244.438	3344.000
1244.577	3558.000
1244.716	3288.000
1244.855	3499.000
1244.994	3305.000
1245.133	3538.000
1245.272	3326.000
1245.411	3526.000
1245.550	3343.000
1245.689	3541.000
1245.828	3351.000
1245.967	3476.000
1246.106	3315.000
1246.244	3540.000
1246.383	3273.000
1246.522	3528.000
1246.661	3265.000
1246.800	3526.000
1246.939	3263.000
1247.078	3516.000
1247.216	3259.000
1247.355	3556.000
1247.494	3356.000
1247.633	3556.000
1247.772	3268.000
1247.910	3492.000
1248.049	3299.000
1248.188	3418.000
1248.327	3307.000
1248.465	3494.000
1248.604	3332.000
1248.743	3487.000
1248.882	3334.000
1249.020	3511.000
1249.159	3321.000
1249.298	3479.000
1249.436	3291.000
1249.575	3535.000
1249.714	3260.000
1249.852	3460.000
1249.991	3265.000
1250.130	3437.000
1250.268	3208.000
1250.407	3505.000
1250.546	3326.000
1250.684	3415.000
1250.823	3337.000
1250.961	3567.000
1251.100	3239.000
1251.239	3501.000
1251.377	3318.000
1251.516	3443.000
1251.654	3222.000
1251.793	3401.000
1251.931	3265.000
1252.070	3417.000
1252.208	3268.000
1252.347	3468.000
1252.485	3279.000
1252.624	3455.000
1252.762	3243.000
1252.901	3523.000
1253.039	3305.000
1253.178	3453.000
1253.316	3334.000
1253.455	3463.000
1253.593	3303.000
1253.732	3464.000
1253.870	2849.000
1254.008	3410.000
1254.147	3234.000
1254.285	3412.000
1254.424	3149.000
1254.562	3442.000
1254.700	3214.000
1254.839	3450.000
1254.977	3296.000
1255.115	3435.000
1255.254	3298.000
1255.392	3432.000
1255.530	3230.000
1255.669	3461.000
1255.807	3285.000
1255.945	3412.000
1256.084	3150.000
1256.222	3432.000
1256.360	3191.000
1256.498	3386.000
1256.637	3219.000
1256.775	3353.000
1256.913	3207.000
1257.051	3432.000
1257.189	3192.000
1257.328	3426.000
1257.466	3156.000
1257.604	3488.000
1257.742	3239.000
1257.880	3338.000
1258.019	3254.000
1258.157	3366.000
1258.295	3173.000
1258.433	3324.000
1258.571	3141.000
1258.709	3337.000
1258.847	3186.000
1258.986	3434.000
1259.124	3217.000
1259.262	3405.000
1259.400	3188.000
1259.538	3335.000
1259.676	3155.000
1259.814	3314.000
1259.952	3087.000
1260.090	3355.000
1260.228	3124.000
1260.366	3329.000
1260.504	3116.000
1260.642	3324.000
1260.780	3226.000
1260.918	3336.000
1261.056	3118.000
1261.194	3417.000
1261.332	3099.000
1261.470	3348.000
1261.608	3182.000
1261.746	3369.000
1261.884	3156.000
1262.022	3457.000
1262.160	4715.000
1262.297	3419.000
1262.435	3183.000
1262.573	3342.000
1262.711	3169.000
1262.849	3372.000
1262.987	3065.000
1263.125	3309.000
1263.262	3287.000
1263.400	3414.000
1263.538	3217.000
1263.676	3329.000
1263.814	3156.000
1263.952	3359.000
1264.089	3224.000
1264.227	3430.000
1264.365	3181.000
1264.503	3321.000
1264.640	3140.000
1264.778	3393.000
1264.916	3193.000
1265.054	3410.000
1265.191	3203.000
1265.329	3380.000
1265.467	3202.000
1265.604	3367.000
1265.742	3142.000
1265.880	3339.000
1266.017	3119.000
1266.155	3411.000
1266.293	3161.000
1266.430	3360.000
1266.568	3127.000
1266.706	3394.000
1266.843	3170.000
1266.981	3426.000
1267.119	3162.000
1267.256	3377.000
1267.394	3099.000
1267.531	3374.000
1267.669	3100.000
1267.806	3394.000
1267.944	3134.000
1268.081	3389.000
1268.219	3183.000
1268.357	3345.000
1268.494	3142.000
1268.632	3445.000
1268.769	3088.000
1268.907	3367.000
1269.044	3177.000
1269.182	3307.000
1269.319	3131.000
1269.456	3374.000
1269.594	3137.000
1269.731	3338.000
1269.869	3153.000
1270.006	3321.000
1270.144	3177.000
1270.281	3352.000
1270.418	3193.000
1270.556	3374.000
1270.693	3187.000
1270.831	3411.000
1270.968	3123.000
1271.105	3366.000
1271.243	3112.000
1271.380	3320.000
1271.517	3221.000
1271.655	3384.000
1271.792	3167.000
1271.929	3314.000
1272.066	3189.000
1272.204	3387.000
1272.341	3174.000
1272.478	3454.000
1272.616	3198.000
1272.753	3411.000
1272.890	3158.000
1273.027	3336.000
1273.165	3158.000
1273.302	3369.000
1273.439	3178.000
1273.576	3253.000
1273.713	3209.000
1273.851	3408.000
1273.988	3239.000
1274.125	3354.000
1274.262	3144.000
1274.399	3280.000
1274.536	3225.000
1274.673	3407.000
