1029.870	5887.000
1030.015	5637.000
1030.160	5887.000
1030.305	5771.000
1030.449	5885.000
1030.594	5793.000
1030.739	5893.000
1030.884	5792.000
1031.029	5942.000
1031.173	5796.000
1031.318	5902.000
1031.463	5882.000
1031.608	5995.000
1031.752	5802.000
1031.897	5984.000
1032.042	5961.000
1032.187	5968.000
1032.331	5940.000
1032.476	6001.000
1032.621	5971.000
1032.765	6047.000
1032.910	5928.000
1033.055	6219.000
1033.200	5950.000
1033.344	6175.000
1033.489	5987.000
1033.634	6191.000
1033.778	5982.000
1033.923	6180.000
1034.068	6022.000
1034.212	6213.000
1034.357	6123.000
1034.502	6312.000
1034.646	6093.000
1034.791	6210.000
1034.935	6090.000
1035.080	6335.000
1035.225	6094.000
1035.369	6351.000
1035.514	6195.000
1035.658	6344.000
1035.803	6226.000
1035.947	6311.000
1036.092	6276.000
1036.237	6329.000
1036.381	6242.000
1036.526	6416.000
1036.670	6196.000
1036.815	6429.000
1036.959	6273.000
1037.104	6420.000
1037.248	6258.000
1037.393	6504.000
1037.537	6382.000
1037.682	6493.000
1037.826	6385.000
1037.971	6503.000
1038.115	6375.000
1038.260	6479.000
1038.404	6339.000
1038.549	6584.000
1038.693	6391.000
1038.838	6527.000
1038.982	6390.000
1039.126	6563.000
1039.271	6461.000
1039.415	6657.000
1039.560	6406.000
1039.704	6615.000
1039.848	6467.000
1039.993	6631.000
1040.137	6484.000
1040.282	6692.000
1040.426	6511.000
1040.570	6656.000
1040.715	6523.000
1040.859	6720.000
1041.003	6538.000
1041.148	6746.000
1041.292	6662.000
1041.436	6705.000
1041.581	6610.000
1041.725	6783.000
1041.869	6623.000
1042.014	6749.000
1042.158	6618.000
1042.302	6766.000
1042.447	6654.000
1042.591	6853.000
1042.735	6636.000
1042.879	6851.000
1043.024	6714.000
1043.168	6893.000
1043.312	6715.000
1043.456	6894.000
1043.601	6736.000
1043.745	6872.000
1043.889	6789.000
1044.033	6952.000
1044.178	6816.000
1044.322	6915.000
1044.466	6758.000
1044.610	6918.000
1044.754	6755.000
1044.899	6971.000
1045.043	6877.000
1045.187	6970.000
1045.331	6884.000
1045.475	7027.000
1045.619	6869.000
1045.763	7055.000
1045.908	6934.000
1046.052	6957.000
1046.196	6950.000
1046.340	7080.000
1046.484	6927.000
1046.628	7151.000
1046.772	7016.000
1046.916	7144.000
1047.060	6988.000
1047.205	7182.000
1047.349	7019.000
1047.493	7174.000
1047.637	7114.000
1047.781	7159.000
1047.925	7102.000
1048.069	7160.000
1048.213	7033.000
1048.357	7342.000
1048.501	7150.000
1048.645	7275.000
1048.789	7154.000
1048.933	7296.000
1049.077	7102.000
1049.221	7301.000
1049.365	7162.000
1049.509	7366.000
1049.653	7241.000
1049.797	7337.000
1049.941	7255.000
1050.085	7398.000
1050.229	7312.000
1050.373	7398.000
1050.517	7215.000
1050.660	7450.000
1050.804	7319.000
1050.948	7469.000
1051.092	7325.000
1051.236	7458.000
1051.380	7387.000
1051.524	7468.000
1051.668	7369.000
1051.812	7499.000
1051.956	7373.000
1052.099	7471.000
1052.243	7467.000
1052.387	7560.000
1052.531	7452.000
1052.675	7552.000
1052.819	7467.000
1052.962	7615.000
1053.106	7439.000
1053.250	7595.000
1053.394	7501.000
1053.538	7535.000
1053.681	7505.000
1053.825	7652.000
1053.969	7524.000
1054.113	7675.000
1054.257	7577.000
1054.400	7601.000
1054.544	7582.000
1054.688	7682.000
1054.832	7524.000
1054.975	7730.000
1055.119	7622.000
1055.263	7643.000
1055.407	7632.000
1055.550	7624.000
1055.694	7561.000
1055.838	7699.000
1055.981	7668.000
1056.125	7751.000
1056.269	7696.000
1056.412	7666.000
1056.556	7589.000
1056.700	7759.000
1056.843	7642.000
1056.987	7823.000
1057.131	7750.000
1057.274	7747.000
1057.418	7701.000
1057.562	7736.000
1057.705	7740.000
1057.849	7830.000
1057.992	7813.000
1058.136	7802.000
1058.280	7731.000
1058.423	7738.000
1058.567	7847.000
1058.710	7928.000
1058.854	7761.000
1058.997	7926.000
1059.141	7791.000
1059.285	7840.000
1059.428	7863.000
1059.572	7886.000
1059.715	7899.000
1059.859	7849.000
1060.002	7879.000
1060.146	7906.000
1060.289	7879.000
1060.433	7899.000
1060.576	7978.000
1060.720	7954.000
1060.863	7889.000
1061.007	7934.000
1061.150	7870.000
1061.294	7921.000
1061.437	7924.000
1061.580	8018.000
1061.724	7960.000
1061.867	8008.000
1062.011	7995.000
1062.154	7902.000
1062.298	8001.000
1062.441	8024.000
1062.584	8034.000
1062.728	8023.000
1062.871	8093.000
1063.015	8122.000
1063.158	8136.000
1063.301	8216.000
1063.445	8242.000
1063.588	8251.000
1063.731	8211.000
1063.875	8292.000
1064.018	8344.000
1064.161	8256.000
1064.305	8232.000
1064.448	8260.000
1064.591	8219.000
1064.735	8212.000
1064.878	8168.000
1065.021	8134.000
1065.165	8181.000
1065.308	8225.000
1065.451	8247.000
1065.594	8320.000
1065.738	8300.000
1065.881	8288.000
1066.024	8197.000
1066.167	8263.000
1066.311	8252.000
1066.454	8262.000
1066.597	8326.000
1066.740	8393.000
1066.884	8367.000
1067.027	8326.000
1067.170	8363.000
1067.313	8460.000
1067.456	8327.000
1067.599	8366.000
1067.743	8397.000
1067.886	8411.000
1068.029	8373.000
1068.172	8398.000
1068.315	8440.000
1068.458	8400.000
1068.602	8394.000
1068.745	8410.000
1068.888	8428.000
1069.031	8479.000
1069.174	8443.000
1069.317	8480.000
1069.460	8486.000
1069.603	8480.000
1069.746	8614.000
1069.890	8521.000
1070.033	8484.000
1070.176	8574.000
1070.319	8539.000
1070.462	8485.000
1070.605	8545.000
1070.748	8647.000
1070.891	8557.000
1071.034	8534.000
1071.177	8548.000
1071.320	8614.000
1071.463	8576.000
1071.606	8579.000
1071.749	8599.000
1071.892	8657.000
1072.035	8621.000
1072.178	8648.000
1072.321	8657.000
1072.464	8500.000
1072.607	8737.000
1072.750	8618.000
1072.893	8662.000
1073.036	8642.000
1073.179	8747.000
1073.322	8698.000
1073.465	8705.000
1073.607	8807.000
1073.750	8640.000
1073.893	8665.000
1074.036	8802.000
1074.179	8744.000
1074.322	8750.000
1074.465	8672.000
1074.608	8867.000
1074.751	8826.000
1074.893	8823.000
1075.036	8769.000
1075.179	8837.000
1075.322	8860.000
1075.465	8853.000
1075.608	8794.000
1075.750	8894.000
1075.893	8856.000
1076.036	8832.000
1076.179	8891.000
1076.322	8884.000
1076.464	8908.000
1076.607	9039.000
1076.750	8906.000
1076.893	8859.000
1077.036	8929.000
1077.178	9003.000
1077.321	9022.000
1077.464	8934.000
1077.607	8917.000
1077.749	9041.000
1077.892	8976.000
1078.035	9028.000
1078.177	8973.000
1078.320	9070.000
1078.463	9026.000
1078.606	9083.000
1078.748	9094.000
1078.891	9153.000
1079.034	9029.000
1079.176	9164.000
1079.319	9057.000
1079.462	9068.000
1079.604	9145.000
1079.747	9149.000
1079.890	9031.000
1080.032	9231.000
1080.175	9035.000
1080.317	9175.000
1080.460	9124.000
1080.603	9221.000
1080.745	9195.000
1080.888	9225.000
1081.030	9197.000
1081.173	9175.000
1081.316	9171.000
1081.458	9250.000
1081.601	9296.000
1081.743	9213.000
1081.886	9227.000
1082.028	9291.000
1082.171	9311.000
1082.313	9295.000
1082.456	9241.000
1082.598	9289.000
1082.741	9325.000
1082.883	9305.000
1083.026	9304.000
1083.168	9357.000
1083.311	9257.000
1083.453	9389.000
1083.596	9227.000
1083.738	9407.000
1083.881	9291.000
1084.023	9427.000
1084.166	9366.000
1084.308	9555.000
1084.451	9294.000
1084.593	9543.000
1084.736	9375.000
1084.878	9460.000
1085.020	9396.000
1085.163	9467.000
1085.305	9453.000
1085.448	9455.000
1085.590	9461.000
1085.732	9536.000
1085.875	9371.000
1086.017	9519.000
1086.159	9449.000
1086.302	9552.000
1086.444	9529.000
1086.586	9596.000
1086.729	9543.000
1086.871	9573.000
1087.013	9459.000
1087.156	9626.000
1087.298	9394.000
1087.440	9613.000
1087.583	9583.000
1087.725	9585.000
1087.867	9598.000
1088.010	9565.000
1088.152	9456.000
1088.294	9593.000
1088.436	9625.000
1088.579	9710.000
1088.721	9538.000
1088.863	9638.000
1089.005	9545.000
1089.148	9699.000
1089.290	9587.000
1089.432	9676.000
1089.574	9547.000
1089.716	9743.000
1089.859	9666.000
1090.001	9693.000
1090.143	9604.000
1090.285	9735.000
1090.427	9606.000
1090.569	9766.000
1090.712	9727.000
1090.854	9708.000
1090.996	9573.000
1091.138	9752.000
1091.280	9693.000
1091.422	9842.000
1091.564	9676.000
1091.707	9847.000
1091.849	9737.000
1091.991	9829.000
1092.133	9724.000
1092.275	9843.000
1092.417	9724.000
1092.559	9863.000
1092.701	9770.000
1092.843	9871.000
1092.985	9807.000
1093.127	9930.000
1093.269	9803.000
1093.411	9970.000
1093.554	9815.000
1093.696	9869.000
1093.838	9805.000
1093.980	9943.000
1094.122	9786.000
1094.264	9933.000
1094.406	9839.000
1094.548	9889.000
1094.690	9844.000
1094.832	9919.000
1094.973	9846.000
1095.115	9959.000
1095.257	9877.000
1095.399	10027.000
1095.541	9905.000
1095.683	10008.000
1095.825	9923.000
1095.967	10068.000
1096.109	10002.000
1096.251	10040.000
1096.393	9951.000
1096.535	10113.000
1096.677	9940.000
1096.819	10047.000
1096.960	9969.000
1097.102	10095.000
1097.244	9939.000
1097.386	10095.000
1097.528	9951.000
1097.670	10089.000
1097.812	9937.000
1097.953	10058.000
1098.095	10084.000
1098.237	10063.000
1098.379	9987.000
1098.521	10119.000
1098.662	9959.000
1098.804	10158.000
1098.946	10083.000
1099.088	10128.000
1099.230	10029.000
1099.371	10066.000
1099.513	10043.000
1099.655	10168.000
1099.797	10094.000
1099.938	10224.000
1100.080	10044.000
1100.222	10202.000
1100.364	10093.000
1100.505	10200.000
1100.647	10080.000
1100.789	10216.000
1100.931	10139.000
1101.072	10250.000
1101.214	10069.000
1101.356	10125.000
1101.497	10052.000
1101.639	10196.000
1101.781	10022.000
1101.922	10179.000
1102.064	10106.000
1102.206	10163.000
1102.347	10109.000
1102.489	10226.000
1102.631	10119.000
1102.772	10268.000
1102.914	10013.000
1103.055	10276.000
1103.197	10156.000
1103.339	10248.000
1103.480	10131.000
1103.622	10261.000
1103.763	10156.000
1103.905	10247.000
1104.046	10104.000
1104.188	10258.000
1104.330	10164.000
1104.471	10258.000
1104.613	10083.000
1104.754	10284.000
1104.896	10270.000
1105.037	10271.000
1105.179	10188.000
1105.320	10316.000
1105.462	10135.000
1105.603	10297.000
1105.745	10130.000
1105.886	10284.000
1106.028	10145.000
1106.169	10416.000
1106.311	10212.000
1106.452	10382.000
1106.594	10178.000
1106.735	10326.000
1106.876	10233.000
1107.018	10372.000
1107.159	10163.000
1107.301	10258.000
1107.442	10180.000
1107.584	10360.000
1107.725	10255.000
1107.866	10309.000
1108.008	10153.000
1108.149	10351.000
1108.291	10242.000
1108.432	10354.000
1108.573	10200.000
1108.715	10379.000
1108.856	10162.000
1108.997	10359.000
1109.139	10194.000
1109.280	10425.000
1109.421	10287.000
1109.563	10468.000
1109.704	10294.000
1109.845	10361.000
1109.987	10217.000
1110.128	10337.000
1110.269	10265.000
1110.410	10497.000
1110.552	10281.000
1110.693	10415.000
1110.834	10165.000
1110.975	10436.000
1111.117	10311.000
1111.258	10414.000
1111.399	10300.000
1111.540	10436.000
1111.682	10390.000
1111.823	10416.000
1111.964	10288.000
1112.105	10478.000
1112.247	10263.000
1112.388	10458.000
1112.529	10268.000
1112.670	10479.000
1112.811	10287.000
1112.952	10365.000
1113.094	10258.000
1113.235	10433.000
1113.376	10305.000
1113.517	10378.000
1113.658	10205.000
1113.799	10414.000
1113.940	10352.000
1114.082	10451.000
1114.223	10365.000
1114.364	10511.000
1114.505	10261.000
1114.646	10434.000
1114.787	10234.000
1114.928	10413.000
1115.069	10227.000
1115.210	10451.000
1115.351	10406.000
1115.492	10509.000
1115.633	10321.000
1115.774	10469.000
1115.916	10289.000
1116.057	10437.000
1116.198	10193.000
1116.339	10394.000
1116.480	10267.000
1116.621	10371.000
1116.762	10216.000
1116.903	10326.000
1117.044	10348.000
1117.185	10377.000
1117.326	10288.000
1117.466	10441.000
1117.607	10352.000
1117.748	10424.000
1117.889	10262.000
1118.030	10432.000
1118.171	10237.000
1118.312	10387.000
1118.453	10205.000
1118.594	10411.000
1118.735	10238.000
1118.876	10350.000
1119.017	10283.000
1119.158	10339.000
1119.298	10231.000
1119.439	10301.000
1119.580	10187.000
1119.721	10392.000
1119.862	10219.000
1120.003	10279.000
1120.144	10208.000
1120.284	10371.000
1120.425	10243.000
1120.566	10355.000
1120.707	10167.000
1120.848	10323.000
1120.989	10135.000
1121.129	10295.000
1121.270	10160.000
1121.411	10260.000
1121.552	10103.000
1121.693	10226.000
1121.833	10001.000
1121.974	10199.000
1122.115	10045.000
1122.256	10182.000
1122.396	10122.000
1122.537	10231.000
1122.678	10097.000
1122.819	10318.000
1122.959	10257.000
1123.100	10299.000
1123.241	10108.000
1123.381	10187.000
1123.522	10083.000
1123.663	10221.000
1123.803	10146.000
1123.944	10367.000
1124.085	10226.000
1124.225	10323.000
1124.366	10174.000
1124.507	10316.000
1124.647	10149.000
1124.788	10244.000
1124.929	10044.000
1125.069	10137.000
1125.210	9906.000
1125.351	10201.000
1125.491	10045.000
1125.632	10246.000
1125.772	10098.000
1125.913	10366.000
1126.054	10133.000
1126.194	10291.000
1126.335	10185.000
1126.475	10344.000
1126.616	10181.000
1126.756	10390.000
1126.897	10174.000
1127.037	10237.000
1127.178	10131.000
1127.318	10156.000
1127.459	10121.000
1127.600	10253.000
1127.740	10127.000
1127.881	10206.000
1128.021	10109.000
1128.162	10287.000
1128.302	10177.000
1128.442	10272.000
1128.583	10146.000
1128.723	10237.000
1128.864	10191.000
1129.004	10341.000
1129.145	10060.000
1129.285	10141.000
1129.426	10113.000
1129.566	10172.000
1129.706	10102.000
1129.847	10327.000
1129.987	10185.000
1130.128	10308.000
1130.268	10223.000
1130.408	10325.000
1130.549	10213.000
1130.689	10299.000
1130.830	10170.000
1130.970	10339.000
1131.110	10160.000
1131.251	10232.000
1131.391	10225.000
1131.531	10261.000
1131.672	10142.000
1131.812	10236.000
1131.952	10116.000
1132.093	10299.000
1132.233	10090.000
1132.373	10221.000
1132.513	10151.000
1132.654	10283.000
1132.794	10239.000
1132.934	10181.000
1133.075	10038.000
1133.215	10125.000
1133.355	9946.000
1133.495	10187.000
1133.636	9924.000
1133.776	10114.000
1133.916	9872.000
1134.056	9848.000
1134.196	9755.000
1134.337	9752.000
1134.477	9638.000
1134.617	9827.000
1134.757	9780.000
1134.897	10019.000
1135.038	9936.000
1135.178	10059.000
1135.318	9883.000
1135.458	9956.000
1135.598	9758.000
1135.738	9939.000
1135.879	9798.000
1136.019	9957.000
1136.159	9971.000
1136.299	9985.000
1136.439	9898.000
1136.579	10111.000
1136.719	9903.000
1136.859	10007.000
1136.999	9852.000
1137.140	9915.000
1137.280	9814.000
1137.420	9910.000
1137.560	9844.000
1137.700	9880.000
1137.840	9815.000
1137.980	9883.000
1138.120	9788.000
1138.260	9866.000
1138.400	9760.000
1138.540	9940.000
1138.680	9814.000
1138.820	9959.000
1138.960	9790.000
1139.100	9844.000
1139.240	9809.000
1139.380	9812.000
1139.520	9763.000
1139.660	9840.000
1139.800	9710.000
1139.940	9767.000
1140.080	9770.000
1140.220	9819.000
1140.360	9705.000
1140.500	9726.000
1140.640	9644.000
1140.780	9685.000
1140.919	9624.000
1141.059	9691.000
1141.199	9608.000
1141.339	9800.000
1141.479	9607.000
1141.619	9723.000
1141.759	9577.000
1141.899	9695.000
1142.039	9631.000
1142.178	9652.000
1142.318	9542.000
1142.458	9762.000
1142.598	9559.000
1142.738	9738.000
1142.878	9599.000
1143.017	9761.000
1143.157	9529.000
1143.297	9674.000
1143.437	9475.000
1143.577	9585.000
1143.716	9409.000
1143.856	9525.000
1143.996	9376.000
1144.136	9569.000
1144.275	9428.000
1144.415	9553.000
1144.555	9337.000
1144.695	9546.000
1144.834	9412.000
1144.974	9550.000
1145.114	9408.000
1145.254	9519.000
1145.393	9450.000
1145.533	9557.000
1145.673	9400.000
1145.812	9468.000
1145.952	9324.000
1146.092	9454.000
1146.231	9219.000
1146.371	9409.000
1146.511	9255.000
1146.650	9433.000
1146.790	9243.000
1146.930	9436.000
1147.069	9211.000
1147.209	9425.000
1147.349	9339.000
1147.488	9434.000
1147.628	9213.000
1147.767	9422.000
1147.907	9278.000
1148.047	9342.000
1148.186	9213.000
1148.326	9356.000
1148.465	9205.000
1148.605	9302.000
1148.744	9203.000
1148.884	9319.000
1149.024	9189.000
1149.163	9251.000
1149.303	9037.000
1149.442	9211.000
1149.582	9054.000
1149.721	9168.000
1149.861	9070.000
1150.000	9210.000
1150.140	9008.000
1150.279	9232.000
1150.419	9095.000
1150.558	9070.000
1150.698	9046.000
1150.837	9205.000
1150.977	8952.000
1151.116	9114.000
1151.255	8992.000
1151.395	9047.000
1151.534	8894.000
1151.674	8972.000
1151.813	8860.000
1151.953	8903.000
1152.092	8804.000
1152.231	8869.000
1152.371	8789.000
1152.510	8905.000
1152.650	8771.000
1152.789	8967.000
1152.928	8875.000
1153.068	8930.000
1153.207	8855.000
1153.346	8866.000
1153.486	8760.000
1153.625	8838.000
1153.764	8213.000
1153.904	8768.000
1154.043	8656.000
1154.182	8723.000
1154.322	8556.000
1154.461	8784.000
1154.600	8556.000
1154.740	8760.000
1154.879	8601.000
1155.018	8693.000
1155.157	8556.000
1155.297	8612.000
1155.436	8497.000
1155.575	8661.000
1155.714	8472.000
1155.854	8571.000
1155.993	8342.000
1156.132	8535.000
1156.271	8316.000
1156.411	8459.000
1156.550	8313.000
1156.689	8348.000
1156.828	8241.000
1156.967	8365.000
1157.107	8154.000
1157.246	8355.000
1157.385	8022.000
1157.524	8313.000
1157.663	8017.000
1157.802	8096.000
1157.941	8044.000
1158.081	8096.000
1158.220	7963.000
1158.359	8026.000
1158.498	7946.000
1158.637	8094.000
1158.776	8019.000
1158.915	8227.000
1159.054	8062.000
1159.193	8231.000
1159.333	8003.000
1159.472	8087.000
1159.611	7943.000
1159.750	8091.000
1159.889	7862.000
1160.028	8043.000
1160.167	7825.000
1160.306	8015.000
1160.445	7822.000
1160.584	7976.000
1160.723	7913.000
1160.862	7971.000
1161.001	7776.000
1161.140	8016.000
1161.279	7695.000
1161.418	7898.000
1161.557	7733.000
1161.696	7896.000
1161.835	7652.000
1161.974	7917.000
1162.113	9192.000
1162.252	7842.000
1162.391	7622.000
1162.530	7769.000
1162.669	7650.000
1162.808	7708.000
1162.946	7479.000
1163.085	7602.000
1163.224	7619.000
1163.363	7719.000
1163.502	7533.000
1163.641	7596.000
1163.780	7422.000
1163.919	7539.000
1164.058	7450.000
1164.196	7598.000
1164.335	7405.000
1164.474	7501.000
1164.613	7301.000
1164.752	7490.000
1164.891	7298.000
1165.029	7461.000
1165.168	7287.000
1165.307	7429.000
1165.446	7254.000
1165.585	7330.000
1165.723	7116.000
1165.862	7277.000
1166.001	7115.000
1166.140	7343.000
1166.279	7068.000
1166.417	7248.000
1166.556	6980.000
1166.695	7238.000
1166.834	6982.000
1166.972	7187.000
1167.111	6963.000
1167.250	7071.000
1167.388	6793.000
1167.527	7071.000
1167.666	6808.000
1167.805	7024.000
1167.943	6801.000
1168.082	7044.000
1168.221	6755.000
1168.359	6941.000
1168.498	6707.000
1168.637	6936.000
1168.775	6601.000
1168.914	6877.000
1169.052	6653.000
1169.191	6732.000
1169.330	6553.000
1169.468	6754.000
1169.607	6525.000
1169.746	6666.000
1169.884	6458.000
1170.023	6615.000
1170.161	6476.000
1170.300	6564.000
1170.439	6417.000
1170.577	6515.000
1170.716	6390.000
1170.854	6561.000
1170.993	6276.000
1171.131	6450.000
1171.270	6196.000
1171.408	6393.000
1171.547	6262.000
1171.685	6430.000
1171.824	6151.000
1171.962	6287.000
1172.101	6095.000
1172.239	6312.000
1172.378	6051.000
1172.516	6281.000
1172.655	6023.000
1172.793	6226.000
1172.932	5939.000
1173.070	6093.000
1173.209	5886.000
1173.347	6091.000
1173.486	5841.000
1173.624	5919.000
1173.762	5821.000
1173.901	6042.000
1174.039	5825.000
1174.178	5907.000
1174.316	5691.000
1174.454	5798.000
1174.593	5697.000
1174.731	5855.000
