1529.702	3339.000
1529.853	3481.000
1530.004	3319.000
1530.155	3581.000
1530.306	3320.000
1530.456	3561.000
1530.607	3316.000
1530.758	3540.000
1530.909	3317.000
1531.059	3507.000
1531.210	3262.000
1531.360	3563.000
1531.511	3311.000
1531.662	3480.000
1531.812	3309.000
1531.963	3596.000
1532.113	3247.000
1532.264	3575.000
1532.415	3251.000
1532.565	3556.000
1532.716	3261.000
1532.866	3481.000
1533.016	3407.000
1533.167	3521.000
1533.317	3347.000
1533.468	3500.000
1533.618	3346.000
1533.768	3479.000
1533.919	3305.000
1534.069	3502.000
1534.219	3312.000
1534.370	3571.000
1534.520	3357.000
1534.670	3524.000
1534.821	3277.000
1534.971	3513.000
1535.121	3395.000
1535.271	3494.000
1535.421	3370.000
1535.571	3552.000
1535.722	3313.000
1535.872	3570.000
1536.022	3290.000
1536.172	3581.000
1536.322	3280.000
1536.472	3541.000
1536.622	3372.000
1536.772	3479.000
1536.922	3334.000
1537.072	3519.000
1537.222	3288.000
1537.372	3487.000
1537.522	3353.000
1537.672	3532.000
1537.822	3285.000
1537.972	3509.000
1538.122	3284.000
1538.271	3535.000
1538.421	3258.000
1538.571	3488.000
1538.721	3377.000
1538.871	3485.000
1539.020	3279.000
1539.170	3457.000
1539.320	3234.000
1539.470	3546.000
1539.619	3310.000
1539.769	3479.000
1539.919	3273.000
1540.068	3494.000
1540.218	3287.000
1540.367	3461.000
1540.517	3322.000
1540.667	3483.000
1540.816	3207.000
1540.966	3468.000
1541.115	3268.000
1541.265	3459.000
1541.414	3294.000
1541.564	3542.000
1541.713	3242.000
1541.863	3458.000
1542.012	3304.000
1542.161	3479.000
1542.311	3243.000
1542.460	3462.000
1542.609	3253.000
1542.759	3450.000
1542.908	3296.000
1543.057	3449.000
1543.207	3266.000
1543.356	3488.000
1543.505	3332.000
1543.654	3468.000
1543.804	3268.000
1543.953	3451.000
1544.102	3235.000
1544.251	3457.000
1544.400	3257.000
1544.549	3465.000
1544.698	3250.000
1544.848	3388.000
1544.997	3209.000
1545.146	3397.000
1545.295	3254.000
1545.444	3479.000
1545.593	3225.000
1545.742	3458.000
1545.891	3224.000
1546.040	3415.000
1546.189	3277.000
1546.337	3442.000
1546.486	3135.000
1546.635	3468.000
1546.784	3234.000
1546.933	3389.000
1547.082	3249.000
1547.231	3465.000
1547.379	3292.000
1547.528	3397.000
1547.677	3257.000
1547.826	3404.000
1547.974	3244.000
1548.123	3496.000
1548.272	3206.000
1548.420	3478.000
1548.569	3186.000
1548.718	3358.000
1548.866	3305.000
1549.015	3444.000
1549.163	3232.000
1549.312	3450.000
1549.461	3220.000
1549.609	3366.000
1549.758	3221.000
1549.906	3424.000
1550.055	3266.000
1550.203	3457.000
1550.352	3176.000
1550.500	3423.000
1550.648	3263.000
1550.797	3433.000
1550.945	3216.000
1551.093	3391.000
1551.242	3255.000
1551.390	3483.000
1551.538	3290.000
1551.687	3417.000
1551.835	3217.000
1551.983	3440.000
1552.131	3263.000
1552.280	3430.000
1552.428	3208.000
1552.576	3393.000
1552.724	3203.000
1552.872	3465.000
1553.021	3273.000
1553.169	3453.000
1553.317	3222.000
1553.465	3459.000
1553.613	3247.000
1553.761	3399.000
1553.909	3257.000
1554.057	3456.000
1554.205	3197.000
1554.353	3400.000
1554.501	3285.000
1554.649	3403.000
1554.797	3248.000
1554.945	3463.000
1555.093	3177.000
1555.240	3434.000
1555.388	3224.000
1555.536	3367.000
1555.684	3261.000
1555.832	3429.000
1555.980	3177.000
1556.127	3433.000
1556.275	3133.000
1556.423	3325.000
1556.571	3223.000
1556.718	3441.000
1556.866	3237.000
1557.014	3441.000
1557.161	3147.000
1557.309	3345.000
1557.456	3212.000
1557.604	3394.000
1557.752	3251.000
1557.899	3464.000
1558.047	3189.000
1558.194	3408.000
1558.342	3182.000
1558.489	3410.000
1558.637	3220.000
1558.784	3458.000
1558.932	3186.000
1559.079	3412.000
1559.227	3129.000
1559.374	3467.000
1559.521	3330.000
1559.669	3369.000
1559.816	3251.000
1559.963	3369.000
1560.111	3172.000
1560.258	3404.000
1560.405	3221.000
1560.552	3458.000
1560.700	3166.000
1560.847	3413.000
1560.994	3203.000
1561.141	3408.000
1561.288	3175.000
1561.436	3443.000
1561.583	3201.000
1561.730	3369.000
1561.877	3145.000
1562.024	3390.000
1562.171	3143.000
1562.318	3364.000
1562.465	3217.000
1562.612	3422.000
1562.759	3214.000
1562.906	3417.000
1563.053	3084.000
1563.200	3421.000
1563.347	3158.000
1563.494	3418.000
1563.641	3173.000
1563.788	3471.000
1563.934	3215.000
1564.081	3391.000
1564.228	3174.000
1564.375	3442.000
1564.522	3179.000
1564.668	3373.000
1564.815	3215.000
1564.962	3433.000
1565.109	3156.000
1565.255	3356.000
1565.402	3182.000
1565.549	3410.000
1565.695	3219.000
1565.842	3382.000
1565.988	3164.000
1566.135	3414.000
1566.282	3214.000
1566.428	3421.000
1566.575	3259.000
1566.721	3440.000
1566.868	3231.000
1567.014	3354.000
1567.161	3170.000
1567.307	3373.000
1567.454	3176.000
1567.600	3419.000
1567.746	3284.000
1567.893	3432.000
1568.039	3187.000
1568.186	3465.000
1568.332	3300.000
1568.478	3381.000
1568.625	3166.000
1568.771	3438.000
1568.917	3203.000
1569.063	3404.000
1569.210	3175.000
1569.356	3420.000
1569.502	3185.000
1569.648	3365.000
1569.794	3208.000
1569.940	3413.000
1570.087	3190.000
1570.233	3386.000
1570.379	3211.000
1570.525	3425.000
1570.671	3218.000
1570.817	3497.000
1570.963	3205.000
1571.109	3375.000
1571.255	3241.000
1571.401	3447.000
1571.547	3176.000
1571.693	3413.000
1571.839	3272.000
1571.985	3412.000
1572.130	3207.000
1572.276	3388.000
1572.422	3199.000
1572.568	3380.000
1572.714	3216.000
1572.860	3406.000
1573.005	3243.000
1573.151	3410.000
1573.297	3228.000
1573.443	3415.000
1573.588	3065.000
1573.734	3436.000
1573.880	3182.000
1574.025	3373.000
1574.171	3189.000
1574.317	3429.000
1574.462	3180.000
1574.608	3384.000
1574.753	3258.000
1574.899	3312.000
1575.045	3112.000
1575.190	3420.000
1575.336	3231.000
1575.481	3384.000
1575.626	3150.000
1575.772	3432.000
1575.917	3249.000
1576.063	3397.000
1576.208	3183.000
1576.354	3395.000
1576.499	3223.000
1576.644	3420.000
1576.790	3148.000
1576.935	3452.000
1577.080	3189.000
1577.225	3328.000
1577.371	3225.000
1577.516	3388.000
1577.661	3186.000
1577.806	3492.000
1577.952	3173.000
1578.097	3301.000
1578.242	3199.000
1578.387	3434.000
1578.532	3233.000
1578.677	3335.000
1578.822	3119.000
1578.967	3418.000
1579.113	3164.000
1579.258	3374.000
1579.403	3147.000
1579.548	3399.000
1579.693	3210.000
1579.838	3386.000
1579.982	3263.000
1580.127	3414.000
1580.272	3201.000
1580.417	3456.000
1580.562	3170.000
1580.707	3324.000
1580.852	3241.000
1580.997	3383.000
1581.141	3112.000
1581.286	3410.000
1581.431	3121.000
1581.576	3337.000
1581.720	3190.000
1581.865	3395.000
1582.010	3169.000
1582.155	3392.000
1582.299	3199.000
1582.444	3284.000
1582.589	3175.000
1582.733	3371.000
1582.878	3272.000
1583.022	3289.000
1583.167	3173.000
1583.311	3339.000
1583.456	3175.000
1583.601	3396.000
1583.745	3148.000
1583.890	3345.000
1584.034	3166.000
1584.178	3359.000
1584.323	3168.000
1584.467	3369.000
1584.612	3138.000
1584.756	3410.000
1584.900	3119.000
1585.045	3375.000
1585.189	3129.000
1585.333	3414.000
1585.478	3181.000
1585.622	3458.000
1585.766	3105.000
1585.910	3472.000
1586.055	3184.000
1586.199	3351.000
1586.343	3168.000
1586.487	3390.000
1586.631	3198.000
1586.775	3323.000
1586.920	3166.000
1587.064	3388.000
1587.208	3152.000
1587.352	3378.000
1587.496	3167.000
1587.640	3384.000
1587.784	3240.000
1587.928	3434.000
1588.072	3222.000
1588.216	3352.000
1588.360	3161.000
1588.504	3416.000
1588.648	3082.000
1588.792	3396.000
1588.935	3215.000
1589.079	3368.000
1589.223	3231.000
1589.367	3317.000
1589.511	3079.000
1589.655	3309.000
1589.798	3211.000
1589.942	3443.000
1590.086	3161.000
1590.230	3366.000
1590.373	3120.000
1590.517	3405.000
1590.661	3220.000
1590.804	3367.000
1590.948	3134.000
1591.091	3405.000
1591.235	3226.000
1591.379	3387.000
1591.522	3161.000
1591.666	3373.000
1591.809	3158.000
1591.953	3394.000
1592.096	3219.000
1592.240	3326.000
1592.383	3100.000
1592.527	3374.000
1592.670	3178.000
1592.814	3449.000
1592.957	3160.000
1593.100	3423.000
1593.244	3158.000
1593.387	3372.000
1593.530	3193.000
1593.674	3398.000
1593.817	3205.000
1593.960	3397.000
1594.103	3195.000
1594.247	3382.000
1594.390	3215.000
1594.533	3401.000
1594.676	3236.000
1594.819	3420.000
1594.963	3177.000
1595.106	3319.000
1595.249	3142.000
1595.392	3436.000
1595.535	3155.000
1595.678	3372.000
1595.821	3163.000
1595.964	3331.000
1596.107	3142.000
1596.250	3354.000
1596.393	3189.000
1596.536	3378.000
1596.679	3167.000
1596.822	3407.000
1596.965	3208.000
1597.108	3355.000
1597.251	3178.000
1597.393	3405.000
1597.536	3227.000
1597.679	3371.000
1597.822	3156.000
1597.965	3435.000
1598.107	3140.000
1598.250	3335.000
1598.393	3164.000
1598.536	3375.000
1598.678	3197.000
1598.821	3394.000
1598.964	3150.000
1599.106	3356.000
1599.249	3155.000
1599.392	3329.000
1599.534	3236.000
1599.677	3345.000
1599.819	3138.000
1599.962	3353.000
1600.104	3103.000
1600.247	3406.000
1600.389	3236.000
1600.532	3314.000
1600.674	3139.000
1600.817	3299.000
1600.959	3221.000
1601.102	3379.000
1601.244	3213.000
1601.386	3422.000
1601.529	3133.000
1601.671	3389.000
1601.813	3188.000
1601.956	3390.000
1602.098	3150.000
1602.240	3408.000
1602.382	3215.000
1602.525	3373.000
1602.667	3178.000
1602.809	3286.000
1602.951	3095.000
1603.093	3405.000
1603.236	3092.000
1603.378	3341.000
1603.520	3143.000
1603.662	3352.000
1603.804	3156.000
1603.946	3344.000
1604.088	3146.000
1604.230	3401.000
1604.372	3033.000
1604.514	3417.000
1604.656	3156.000
1604.798	3346.000
1604.940	3163.000
1605.082	3392.000
1605.224	3136.000
1605.366	3336.000
1605.507	3131.000
1605.649	3325.000
1605.791	3167.000
1605.933	3341.000
1606.075	3101.000
1606.217	3343.000
1606.358	3293.000
1606.500	3361.000
1606.642	3144.000
1606.783	3391.000
1606.925	3140.000
1607.067	3351.000
1607.209	3138.000
1607.350	3370.000
1607.492	3104.000
1607.633	3447.000
1607.775	3169.000
1607.917	3423.000
1608.058	3108.000
1608.200	3379.000
1608.341	3181.000
1608.483	3402.000
1608.624	3075.000
1608.766	3332.000
1608.907	3110.000
1609.049	3367.000
1609.190	3201.000
1609.331	3345.000
1609.473	3068.000
1609.614	3372.000
1609.755	3159.000
1609.897	3321.000
1610.038	3181.000
1610.179	3341.000
1610.321	3098.000
1610.462	3369.000
1610.603	3110.000
1610.744	3379.000
1610.886	3168.000
1611.027	3439.000
1611.168	3149.000
1611.309	3337.000
1611.450	3108.000
1611.591	3320.000
1611.732	3159.000
1611.874	3435.000
1612.015	3131.000
1612.156	3366.000
1612.297	3055.000
1612.438	3345.000
1612.579	3157.000
1612.720	3380.000
1612.861	3118.000
1613.002	3309.000
1613.143	3233.000
1613.283	3300.000
1613.424	3144.000
1613.565	3377.000
1613.706	3098.000
1613.847	3349.000
1613.988	3084.000
1614.129	3426.000
1614.269	3166.000
1614.410	3290.000
1614.551	3108.000
1614.692	3334.000
1614.832	3117.000
1614.973	3244.000
1615.114	3058.000
1615.254	3338.000
1615.395	3192.000
1615.536	3337.000
1615.676	3153.000
1615.817	3404.000
1615.958	3140.000
1616.098	3348.000
1616.239	3127.000
1616.379	3306.000
1616.520	3058.000
1616.660	3297.000
1616.801	3185.000
1616.941	3363.000
1617.082	3101.000
1617.222	3339.000
1617.362	3114.000
1617.503	3332.000
1617.643	3034.000
1617.784	3328.000
1617.924	3090.000
1618.064	3269.000
1618.205	3052.000
1618.345	3247.000
1618.485	3171.000
1618.625	3290.000
1618.766	3099.000
1618.906	3284.000
1619.046	3132.000
1619.186	3315.000
1619.326	3113.000
1619.467	3358.000
1619.607	3118.000
1619.747	3295.000
1619.887	3069.000
1620.027	3344.000
1620.167	3107.000
1620.307	3285.000
1620.447	3084.000
1620.587	3275.000
1620.727	3076.000
1620.867	3255.000
1621.007	3057.000
1621.147	3314.000
1621.287	3158.000
1621.427	3273.000
1621.567	3078.000
1621.707	3305.000
1621.847	3082.000
1621.986	3284.000
1622.126	3068.000
1622.266	3253.000
1622.406	3057.000
1622.546	3279.000
1622.685	3091.000
1622.825	3295.000
1622.965	3075.000
1623.105	3256.000
1623.244	3046.000
1623.384	3302.000
1623.524	3090.000
1623.663	3229.000
1623.803	3107.000
1623.942	3286.000
1624.082	3027.000
1624.222	3263.000
1624.361	3157.000
1624.501	3363.000
1624.640	3101.000
1624.780	3271.000
1624.919	3125.000
1625.059	3248.000
1625.198	3066.000
1625.337	3279.000
1625.477	3097.000
1625.616	3263.000
1625.756	3029.000
1625.895	3286.000
1626.034	3031.000
1626.174	3312.000
1626.313	3098.000
1626.452	3333.000
1626.591	3040.000
1626.731	3307.000
1626.870	3070.000
1627.009	3303.000
1627.148	3082.000
1627.288	3318.000
1627.427	3052.000
1627.566	3274.000
1627.705	3066.000
1627.844	3259.000
1627.983	3067.000
1628.122	3348.000
1628.261	3051.000
1628.400	3267.000
1628.539	3104.000
1628.678	3279.000
1628.817	3100.000
1628.956	3335.000
1629.095	3088.000
1629.234	3208.000
1629.373	3071.000
1629.512	3294.000
1629.651	3128.000
1629.790	3219.000
1629.929	3098.000
1630.068	3250.000
1630.206	3124.000
1630.345	3355.000
1630.484	3091.000
1630.623	3232.000
1630.762	3157.000
1630.900	3278.000
1631.039	3083.000
1631.178	3335.000
1631.316	3118.000
1631.455	3318.000
1631.594	3156.000
1631.732	3322.000
1631.871	3114.000
1632.010	3301.000
1632.148	3112.000
1632.287	3345.000
1632.425	3137.000
1632.564	3232.000
1632.702	3196.000
1632.841	3321.000
1632.979	3085.000
1633.118	3263.000
1633.256	3069.000
1633.395	3361.000
1633.533	3095.000
1633.671	3297.000
1633.810	3138.000
1633.948	3383.000
1634.086	3334.000
1634.225	3315.000
1634.363	3110.000
1634.501	3310.000
1634.640	3079.000
1634.778	3361.000
1634.916	3090.000
1635.054	3379.000
1635.192	3087.000
1635.331	3242.000
1635.469	3150.000
1635.607	3268.000
1635.745	3084.000
1635.883	3292.000
1636.021	3105.000
1636.159	3332.000
1636.297	3125.000
1636.435	3267.000
1636.573	3106.000
1636.711	3253.000
1636.849	3069.000
1636.987	3306.000
1637.125	3108.000
1637.263	3281.000
1637.401	3166.000
1637.539	3299.000
1637.677	3071.000
1637.815	3379.000
1637.953	3126.000
1638.091	3314.000
1638.228	3097.000
1638.366	3220.000
1638.504	3111.000
1638.642	3258.000
1638.779	3110.000
1638.917	3233.000
1639.055	3120.000
1639.193	3211.000
1639.330	3127.000
1639.468	3290.000
1639.606	3118.000
1639.743	3318.000
1639.881	3113.000
1640.018	3316.000
1640.156	3104.000
1640.294	3271.000
1640.431	3126.000
1640.569	3266.000
1640.706	3103.000
1640.844	3269.000
1640.981	3106.000
1641.119	3212.000
1641.256	3127.000
1641.393	3309.000
1641.531	3163.000
1641.668	3287.000
1641.806	3110.000
1641.943	3233.000
1642.080	3075.000
1642.218	3266.000
1642.355	3097.000
1642.492	3316.000
1642.629	3096.000
1642.767	3304.000
1642.904	3101.000
1643.041	3260.000
1643.178	3084.000
1643.315	3230.000
1643.453	3035.000
1643.590	3319.000
1643.727	3078.000
1643.864	3332.000
1644.001	3155.000
1644.138	3356.000
1644.275	3084.000
1644.412	3335.000
1644.549	3092.000
1644.686	3273.000
1644.823	3075.000
1644.960	3330.000
1645.097	3045.000
1645.234	3347.000
1645.371	3114.000
1645.508	3323.000
1645.645	3079.000
1645.782	3282.000
1645.918	3101.000
1646.055	3331.000
1646.192	3123.000
1646.329	3330.000
1646.466	3165.000
1646.602	3353.000
1646.739	3147.000
1646.876	3286.000
1647.013	3139.000
1647.149	3356.000
1647.286	3093.000
1647.423	3344.000
1647.559	3092.000
1647.696	3354.000
1647.833	3094.000
1647.969	3342.000
1648.106	3071.000
1648.242	3391.000
1648.379	3177.000
1648.515	3333.000
1648.652	3082.000
1648.788	3304.000
1648.925	3118.000
1649.061	3275.000
1649.198	3143.000
1649.334	3315.000
1649.470	3159.000
1649.607	3304.000
1649.743	3162.000
1649.879	3323.000
1650.016	3178.000
1650.152	3302.000
1650.288	3128.000
1650.425	3369.000
1650.561	3132.000
1650.697	3318.000
1650.833	3122.000
1650.970	3320.000
1651.106	3056.000
1651.242	3365.000
1651.378	3184.000
1651.514	3277.000
1651.650	3173.000
1651.787	3429.000
1651.923	3063.000
1652.059	3353.000
1652.195	3184.000
1652.331	3305.000
1652.467	3119.000
1652.603	3274.000
1652.739	3120.000
1652.875	3284.000
1653.011	3132.000
1653.147	3314.000
1653.282	3120.000
1653.418	3327.000
1653.554	3114.000
1653.690	3364.000
1653.826	3177.000
1653.962	3311.000
1654.098	3199.000
1654.233	3328.000
1654.369	3144.000
1654.505	3335.000
1654.641	2750.000
1654.776	3303.000
1654.912	3137.000
1655.048	3299.000
1655.183	3047.000
1655.319	3317.000
1655.455	3100.000
1655.590	3327.000
1655.726	3185.000
1655.862	3319.000
1655.997	3151.000
1656.133	3315.000
1656.268	3140.000
1656.404	3341.000
1656.539	3174.000
1656.675	3325.000
1656.810	3063.000
1656.946	3341.000
1657.081	3102.000
1657.216	3291.000
1657.352	3125.000
1657.487	3261.000
1657.623	3130.000
1657.758	3346.000
1657.893	3077.000
1658.029	3330.000
1658.164	3067.000
1658.299	3401.000
1658.434	3143.000
1658.570	3268.000
1658.705	3155.000
1658.840	3250.000
1658.975	3087.000
1659.110	3223.000
1659.245	3044.000
1659.381	3247.000
1659.516	3081.000
1659.651	3332.000
1659.786	3098.000
1659.921	3324.000
1660.056	3072.000
1660.191	3223.000
1660.326	3055.000
1660.461	3240.000
1660.596	2991.000
1660.731	3268.000
1660.866	3013.000
1661.001	3235.000
1661.136	3045.000
1661.271	3251.000
1661.406	3139.000
1661.540	3250.000
1661.675	3051.000
1661.810	3347.000
1661.945	2994.000
1662.080	3247.000
1662.214	3111.000
1662.349	3336.000
1662.484	3088.000
1662.619	3398.000
1662.753	4680.000
1662.888	3353.000
1663.023	3140.000
1663.157	3295.000
1663.292	3128.000
1663.427	3273.000
1663.561	3007.000
1663.696	3233.000
1663.830	3189.000
1663.965	3334.000
1664.099	3159.000
1664.234	3256.000
1664.368	3067.000
1664.503	3273.000
1664.637	3161.000
1664.772	3372.000
1664.906	3092.000
1665.041	3252.000
1665.175	3059.000
1665.309	3319.000
1665.444	3128.000
1665.578	3346.000
1665.712	3119.000
1665.847	3296.000
1665.981	3146.000
1666.115	3270.000
1666.249	3087.000
1666.384	3232.000
1666.518	3076.000
1666.652	3344.000
1666.786	3104.000
1666.920	3280.000
1667.055	3072.000
1667.189	3336.000
1667.323	3107.000
1667.457	3355.000
1667.591	3107.000
1667.725	3290.000
1667.859	3019.000
1667.993	3320.000
1668.127	3048.000
1668.261	3344.000
1668.395	3094.000
1668.529	3338.000
1668.663	3101.000
1668.797	3292.000
1668.931	3111.000
1669.065	3390.000
1669.199	3058.000
1669.332	3307.000
1669.466	3142.000
1669.600	3242.000
1669.734	3061.000
1669.868	3331.000
1670.001	3098.000
1670.135	3285.000
1670.269	3110.000
1670.403	3269.000
1670.536	3109.000
1670.670	3288.000
1670.804	3139.000
1670.937	3295.000
1671.071	3143.000
1671.205	3356.000
1671.338	3056.000
1671.472	3294.000
1671.605	3056.000
1671.739	3262.000
1671.872	3187.000
1672.006	3350.000
1672.139	3092.000
1672.273	3304.000
1672.406	3150.000
1672.540	3347.000
1672.673	3131.000
1672.807	3378.000
1672.940	3153.000
1673.073	3372.000
1673.207	3137.000
1673.340	3315.000
1673.473	3116.000
1673.607	3324.000
1673.740	3138.000
1673.873	3230.000
1674.006	3172.000
1674.140	3351.000
1674.273	3181.000
1674.406	3310.000
1674.539	3139.000
1674.672	3227.000
1674.805	3188.000
1674.939	3374.000
