1229.956	10096.000
1230.103	9975.000
1230.250	10094.000
1230.397	10019.000
1230.544	10071.000
1230.691	10045.000
1230.838	10089.000
1230.985	10008.000
1231.132	10101.000
1231.278	10014.000
1231.425	10029.000
1231.572	10027.000
1231.719	10090.000
1231.866	9945.000
1232.013	10065.000
1232.159	10063.000
1232.306	10001.000
1232.453	10054.000
1232.600	10057.000
1232.746	10043.000
1232.893	10038.000
1233.040	9955.000
1233.186	10175.000
1233.333	10027.000
1233.480	10109.000
1233.627	9983.000
1233.773	10129.000
1233.920	9972.000
1234.066	10064.000
1234.213	9970.000
1234.360	10116.000
1234.506	10060.000
1234.653	10110.000
1234.800	10023.000
1234.946	10049.000
1235.093	9994.000
1235.239	10119.000
1235.386	9992.000
1235.532	10128.000
1235.679	10027.000
1235.825	10058.000
1235.972	10023.000
1236.118	10058.000
1236.265	10047.000
1236.411	10038.000
1236.558	9986.000
1236.704	10126.000
1236.851	9918.000
1236.997	10078.000
1237.143	9979.000
1237.290	10030.000
1237.436	9941.000
1237.583	10111.000
1237.729	10002.000
1237.875	10049.000
1238.022	9977.000
1238.168	10038.000
1238.314	9990.000
1238.461	10037.000
1238.607	9931.000
1238.753	10052.000
1238.900	9936.000
1239.046	9974.000
1239.192	9894.000
1239.338	9955.000
1239.485	9945.000
1239.631	10006.000
1239.777	9840.000
1239.923	9996.000
1240.070	9937.000
1240.216	9942.000
1240.362	9867.000
1240.508	9985.000
1240.654	9918.000
1240.800	9929.000
1240.947	9845.000
1241.093	9905.000
1241.239	9832.000
1241.385	9911.000
1241.531	9903.000
1241.677	9914.000
1241.823	9876.000
1241.969	9945.000
1242.115	9827.000
1242.261	9841.000
1242.407	9810.000
1242.553	9826.000
1242.699	9798.000
1242.845	9883.000
1242.991	9799.000
1243.137	9876.000
1243.283	9836.000
1243.429	9863.000
1243.575	9779.000
1243.721	9875.000
1243.867	9771.000
1244.013	9829.000
1244.159	9799.000
1244.305	9872.000
1244.451	9817.000
1244.596	9816.000
1244.742	9727.000
1244.888	9794.000
1245.034	9683.000
1245.180	9807.000
1245.326	9835.000
1245.471	9758.000
1245.617	9747.000
1245.763	9797.000
1245.909	9715.000
1246.055	9803.000
1246.200	9764.000
1246.346	9652.000
1246.492	9819.000
1246.638	9755.000
1246.783	9678.000
1246.929	9796.000
1247.075	9715.000
1247.220	9797.000
1247.366	9723.000
1247.512	9733.000
1247.657	9756.000
1247.803	9722.000
1247.949	9766.000
1248.094	9734.000
1248.240	9761.000
1248.385	9626.000
1248.531	9658.000
1248.676	9840.000
1248.822	9742.000
1248.968	9748.000
1249.113	9719.000
1249.259	9756.000
1249.404	9667.000
1249.550	9742.000
1249.695	9698.000
1249.841	9740.000
1249.986	9790.000
1250.132	9729.000
1250.277	9738.000
1250.422	9754.000
1250.568	9739.000
1250.713	9732.000
1250.859	9609.000
1251.004	9735.000
1251.150	9745.000
1251.295	9797.000
1251.440	9674.000
1251.586	9665.000
1251.731	9724.000
1251.876	9732.000
1252.022	9637.000
1252.167	9656.000
1252.312	9703.000
1252.458	9616.000
1252.603	9732.000
1252.748	9728.000
1252.893	9740.000
1253.039	9737.000
1253.184	9662.000
1253.329	9703.000
1253.474	9643.000
1253.619	9645.000
1253.765	9705.000
1253.910	9581.000
1254.055	9662.000
1254.200	9699.000
1254.345	9629.000
1254.490	9684.000
1254.636	9721.000
1254.781	9584.000
1254.926	9701.000
1255.071	9657.000
1255.216	9611.000
1255.361	9695.000
1255.506	9659.000
1255.651	9587.000
1255.796	9676.000
1255.941	9527.000
1256.086	9576.000
1256.231	9577.000
1256.376	9684.000
1256.521	9627.000
1256.666	9638.000
1256.811	9527.000
1256.956	9570.000
1257.101	9629.000
1257.246	9605.000
1257.391	9665.000
1257.536	9666.000
1257.681	9557.000
1257.826	9585.000
1257.971	9536.000
1258.116	9626.000
1258.260	9560.000
1258.405	9655.000
1258.550	9516.000
1258.695	9598.000
1258.840	9482.000
1258.985	9677.000
1259.129	9675.000
1259.274	9531.000
1259.419	9639.000
1259.564	9546.000
1259.708	9524.000
1259.853	9595.000
1259.998	9580.000
1260.143	9641.000
1260.287	9507.000
1260.432	9625.000
1260.577	9544.000
1260.721	9576.000
1260.866	9483.000
1261.011	9641.000
1261.155	9562.000
1261.300	9552.000
1261.445	9490.000
1261.589	9541.000
1261.734	9473.000
1261.878	9599.000
1262.023	9573.000
1262.168	9647.000
1262.312	9547.000
1262.457	9614.000
1262.601	9419.000
1262.746	9644.000
1262.890	9508.000
1263.035	9637.000
1263.179	9538.000
1263.324	9686.000
1263.468	9572.000
1263.613	9631.000
1263.757	9556.000
1263.902	9667.000
1264.046	9536.000
1264.191	9622.000
1264.335	9563.000
1264.479	9661.000
1264.624	9532.000
1264.768	9569.000
1264.912	9543.000
1265.057	9601.000
1265.201	9562.000
1265.346	9642.000
1265.490	9567.000
1265.634	9657.000
1265.778	9584.000
1265.923	9640.000
1266.067	9682.000
1266.211	9700.000
1266.356	9654.000
1266.500	9591.000
1266.644	9572.000
1266.788	9630.000
1266.933	9551.000
1267.077	9687.000
1267.221	9715.000
1267.365	9725.000
1267.509	9587.000
1267.653	9741.000
1267.798	9688.000
1267.942	9624.000
1268.086	9595.000
1268.230	9715.000
1268.374	9627.000
1268.518	9673.000
1268.662	9601.000
1268.806	9732.000
1268.950	9597.000
1269.095	9646.000
1269.239	9663.000
1269.383	9664.000
1269.527	9653.000
1269.671	9685.000
1269.815	9693.000
1269.959	9680.000
1270.103	9625.000
1270.247	9817.000
1270.391	9686.000
1270.535	9639.000
1270.679	9677.000
1270.822	9734.000
1270.966	9589.000
1271.110	9732.000
1271.254	9728.000
1271.398	9756.000
1271.542	9659.000
1271.686	9715.000
1271.830	9704.000
1271.973	9728.000
1272.117	9627.000
1272.261	9664.000
1272.405	9690.000
1272.549	9739.000
1272.693	9691.000
1272.836	9706.000
1272.980	9510.000
1273.124	9813.000
1273.268	9631.000
1273.411	9689.000
1273.555	9633.000
1273.699	9727.000
1273.843	9620.000
1273.986	9683.000
1274.130	9736.000
1274.274	9621.000
1274.417	9600.000
1274.561	9746.000
1274.705	9640.000
1274.848	9737.000
1274.992	9610.000
1275.135	9803.000
1275.279	9749.000
1275.423	9738.000
1275.566	9592.000
1275.710	9707.000
1275.853	9693.000
1275.997	9735.000
1276.140	9590.000
1276.284	9744.000
1276.427	9623.000
1276.571	9620.000
1276.714	9663.000
1276.858	9710.000
1277.001	9648.000
1277.145	9841.000
1277.288	9575.000
1277.432	9594.000
1277.575	9609.000
1277.719	9775.000
1277.862	9650.000
1278.005	9637.000
1278.149	9563.000
1278.292	9769.000
1278.435	9592.000
1278.579	9707.000
1278.722	9591.000
1278.865	9731.000
1279.009	9595.000
1279.152	9712.000
1279.295	9690.000
1279.439	9747.000
1279.582	9641.000
1279.725	9793.000
1279.868	9551.000
1280.012	9624.000
1280.155	9697.000
1280.298	9699.000
1280.441	9538.000
1280.585	9812.000
1280.728	9529.000
1280.871	9633.000
1281.014	9592.000
1281.157	9741.000
1281.300	9653.000
1281.444	9733.000
1281.587	9650.000
1281.730	9660.000
1281.873	9599.000
1282.016	9671.000
1282.159	9699.000
1282.302	9652.000
1282.445	9598.000
1282.588	9638.000
1282.731	9679.000
1282.874	9729.000
1283.017	9617.000
1283.160	9642.000
1283.303	9616.000
1283.446	9727.000
1283.589	9643.000
1283.732	9708.000
1283.875	9554.000
1284.018	9760.000
1284.161	9551.000
1284.304	9717.000
1284.447	9610.000
1284.590	9770.000
1284.733	9627.000
1284.876	9848.000
1285.019	9549.000
1285.161	9833.000
1285.304	9636.000
1285.447	9737.000
1285.590	9653.000
1285.733	9784.000
1285.876	9674.000
1286.018	9672.000
1286.161	9665.000
1286.304	9754.000
1286.447	9640.000
1286.589	9725.000
1286.732	9673.000
1286.875	9778.000
1287.018	9728.000
1287.160	9780.000
1287.303	9732.000
1287.446	9769.000
1287.588	9620.000
1287.731	9787.000
1287.874	9332.000
1288.016	9801.000
1288.159	9713.000
1288.302	9713.000
1288.444	9765.000
1288.587	9735.000
1288.729	9576.000
1288.872	9747.000
1289.015	9737.000
1289.157	9857.000
1289.300	9649.000
1289.442	9736.000
1289.585	9650.000
1289.727	9796.000
1289.870	9679.000
1290.012	9739.000
1290.155	9582.000
1290.297	9807.000
1290.440	9740.000
1290.582	9771.000
1290.725	9658.000
1290.867	9834.000
1291.009	9649.000
1291.152	9827.000
1291.294	9747.000
1291.437	9737.000
1291.579	9596.000
1291.721	9765.000
1291.864	9698.000
1292.006	9911.000
1292.148	9645.000
1292.291	9809.000
1292.433	9708.000
1292.575	9805.000
1292.718	9721.000
1292.860	9831.000
1293.002	9701.000
1293.145	9828.000
1293.287	9703.000
1293.429	9812.000
1293.571	9690.000
1293.713	9874.000
1293.856	9719.000
1293.998	9844.000
1294.140	9702.000
1294.282	9734.000
1294.424	9632.000
1294.567	9860.000
1294.709	9649.000
1294.851	9759.000
1294.993	9697.000
1295.135	9729.000
1295.277	9633.000
1295.419	9766.000
1295.561	9689.000
1295.703	9803.000
1295.845	9670.000
1295.987	9822.000
1296.129	9745.000
1296.272	9738.000
1296.414	9661.000
1296.556	9808.000
1296.698	9740.000
1296.840	9799.000
1296.981	9623.000
1297.123	9831.000
1297.265	9685.000
1297.407	9731.000
1297.549	9648.000
1297.691	9746.000
1297.833	9637.000
1297.975	9762.000
1298.117	9613.000
1298.259	9778.000
1298.401	9635.000
1298.542	9708.000
1298.684	9719.000
1298.826	9736.000
1298.968	9635.000
1299.110	9710.000
1299.252	9630.000
1299.393	9831.000
1299.535	9721.000
1299.677	9741.000
1299.819	9636.000
1299.960	9655.000
1300.102	9655.000
1300.244	9714.000
1300.386	9700.000
1300.527	9807.000
1300.669	9638.000
1300.811	9777.000
1300.952	9636.000
1301.094	9761.000
1301.236	9621.000
1301.377	9764.000
1301.519	9708.000
1301.661	9777.000
1301.802	9609.000
1301.944	9607.000
1302.085	9563.000
1302.227	9755.000
1302.368	9535.000
1302.510	9690.000
1302.652	9586.000
1302.793	9667.000
1302.935	9532.000
1303.076	9675.000
1303.218	9583.000
1303.359	9705.000
1303.501	9479.000
1303.642	9735.000
1303.783	9561.000
1303.925	9654.000
1304.066	9578.000
1304.208	9659.000
1304.349	9544.000
1304.491	9640.000
1304.632	9516.000
1304.773	9623.000
1304.915	9510.000
1305.056	9623.000
1305.197	9462.000
1305.339	9605.000
1305.480	9647.000
1305.621	9642.000
1305.763	9522.000
1305.904	9677.000
1306.045	9493.000
1306.187	9625.000
1306.328	9498.000
1306.469	9639.000
1306.610	9405.000
1306.752	9743.000
1306.893	9551.000
1307.034	9677.000
1307.175	9446.000
1307.316	9632.000
1307.458	9506.000
1307.599	9604.000
1307.740	9461.000
1307.881	9577.000
1308.022	9460.000
1308.163	9606.000
1308.304	9512.000
1308.446	9588.000
1308.587	9411.000
1308.728	9587.000
1308.869	9490.000
1309.010	9562.000
1309.151	9492.000
1309.292	9571.000
1309.433	9403.000
1309.574	9567.000
1309.715	9369.000
1309.856	9559.000
1309.997	9448.000
1310.138	9618.000
1310.279	9412.000
1310.420	9499.000
1310.561	9363.000
1310.702	9457.000
1310.843	9439.000
1310.984	9576.000
1311.124	9396.000
1311.265	9552.000
1311.406	9298.000
1311.547	9510.000
1311.688	9388.000
1311.829	9523.000
1311.970	9343.000
1312.110	9456.000
1312.251	9443.000
1312.392	9418.000
1312.533	9387.000
1312.674	9523.000
1312.814	9293.000
1312.955	9480.000
1313.096	9282.000
1313.237	9507.000
1313.377	9302.000
1313.518	9378.000
1313.659	9262.000
1313.800	9423.000
1313.940	9283.000
1314.081	9350.000
1314.222	9209.000
1314.362	9384.000
1314.503	9371.000
1314.644	9425.000
1314.784	9327.000
1314.925	9419.000
1315.065	9252.000
1315.206	9403.000
1315.347	9227.000
1315.487	9328.000
1315.628	9158.000
1315.768	9339.000
1315.909	9264.000
1316.049	9381.000
1316.190	9220.000
1316.330	9354.000
1316.471	9186.000
1316.611	9319.000
1316.752	9135.000
1316.892	9338.000
1317.033	9146.000
1317.173	9183.000
1317.313	9071.000
1317.454	9252.000
1317.594	9215.000
1317.735	9228.000
1317.875	9118.000
1318.015	9257.000
1318.156	9154.000
1318.296	9261.000
1318.437	9084.000
1318.577	9268.000
1318.717	9095.000
1318.857	9233.000
1318.998	9067.000
1319.138	9246.000
1319.278	9104.000
1319.419	9146.000
1319.559	9061.000
1319.699	9159.000
1319.839	9016.000
1319.980	9054.000
1320.120	8993.000
1320.260	9207.000
1320.400	9080.000
1320.540	9136.000
1320.681	9004.000
1320.821	9170.000
1320.961	9036.000
1321.101	9051.000
1321.241	8929.000
1321.381	9111.000
1321.521	8936.000
1321.661	9085.000
1321.802	8977.000
1321.942	9089.000
1322.082	8962.000
1322.222	9035.000
1322.362	8891.000
1322.502	9108.000
1322.642	8923.000
1322.782	9041.000
1322.922	8973.000
1323.062	9079.000
1323.202	8855.000
1323.342	9025.000
1323.482	9003.000
1323.622	9107.000
1323.762	8944.000
1323.902	8993.000
1324.041	8938.000
1324.181	8972.000
1324.321	8876.000
1324.461	9022.000
1324.601	8864.000
1324.741	9010.000
1324.881	8869.000
1325.021	8915.000
1325.160	8842.000
1325.300	9068.000
1325.440	8892.000
1325.580	9022.000
1325.720	8808.000
1325.859	9052.000
1325.999	8866.000
1326.139	9001.000
1326.279	8841.000
1326.418	9015.000
1326.558	8827.000
1326.698	8942.000
1326.838	8831.000
1326.977	8985.000
1327.117	8810.000
1327.257	8975.000
1327.396	8853.000
1327.536	8921.000
1327.675	8875.000
1327.815	8895.000
1327.955	8845.000
1328.094	8991.000
1328.234	8802.000
1328.374	8884.000
1328.513	8748.000
1328.653	8915.000
1328.792	8807.000
1328.932	8866.000
1329.071	8828.000
1329.211	8882.000
1329.350	8790.000
1329.490	8950.000
1329.629	8776.000
1329.769	8866.000
1329.908	8827.000
1330.048	8871.000
1330.187	8749.000
1330.327	8958.000
1330.466	8828.000
1330.605	8895.000
1330.745	8827.000
1330.884	8939.000
1331.024	8807.000
1331.163	8863.000
1331.302	8767.000
1331.442	8913.000
1331.581	8767.000
1331.720	8854.000
1331.860	8879.000
1331.999	8880.000
1332.138	8749.000
1332.277	8823.000
1332.417	8722.000
1332.556	8915.000
1332.695	8714.000
1332.834	8856.000
1332.974	8763.000
1333.113	8914.000
1333.252	9278.000
1333.391	8853.000
1333.531	8727.000
1333.670	8845.000
1333.809	8661.000
1333.948	8881.000
1334.087	8659.000
1334.226	8884.000
1334.365	8670.000
1334.505	8728.000
1334.644	8744.000
1334.783	8786.000
1334.922	8715.000
1335.061	8785.000
1335.200	8698.000
1335.339	8872.000
1335.478	8641.000
1335.617	8729.000
1335.756	8605.000
1335.895	8722.000
1336.034	8639.000
1336.173	8758.000
1336.312	8647.000
1336.451	8693.000
1336.590	8693.000
1336.729	8693.000
1336.868	8579.000
1337.007	8809.000
1337.146	8618.000
1337.285	8697.000
1337.423	8593.000
1337.562	8638.000
1337.701	8582.000
1337.840	8680.000
1337.979	8571.000
1338.118	8598.000
1338.256	8616.000
1338.395	8579.000
1338.534	8568.000
1338.673	8656.000
1338.812	8535.000
1338.950	8647.000
1339.089	8554.000
1339.228	8724.000
1339.367	8587.000
1339.505	8619.000
1339.644	8577.000
1339.783	8633.000
1339.922	8575.000
1340.060	8627.000
1340.199	8567.000
1340.338	8637.000
1340.476	8593.000
1340.615	8636.000
1340.753	8632.000
1340.892	8628.000
1341.031	8552.000
1341.169	8555.000
1341.308	8518.000
1341.446	8587.000
1341.585	8507.000
1341.724	8677.000
1341.862	8577.000
1342.001	8668.000
1342.139	8518.000
1342.278	8607.000
1342.416	8530.000
1342.555	8610.000
1342.693	8478.000
1342.832	8705.000
1342.970	8581.000
1343.109	8687.000
1343.247	8598.000
1343.385	8704.000
1343.524	8524.000
1343.662	8685.000
1343.801	8518.000
1343.939	8638.000
1344.077	8502.000
1344.216	8722.000
1344.354	8508.000
1344.492	8695.000
1344.631	8575.000
1344.769	8664.000
1344.907	8461.000
1345.046	8647.000
1345.184	8543.000
1345.322	8699.000
1345.460	8596.000
1345.599	8694.000
1345.737	8647.000
1345.875	8730.000
1346.013	8623.000
1346.152	8659.000
1346.290	8618.000
1346.428	8734.000
1346.566	8576.000
1346.704	8698.000
1346.843	8589.000
1346.981	8752.000
1347.119	8526.000
1347.257	8745.000
1347.395	8528.000
1347.533	8790.000
1347.671	8679.000
1347.809	8705.000
1347.947	8527.000
1348.085	8694.000
1348.224	8606.000
1348.362	8673.000
1348.500	8578.000
1348.638	8692.000
1348.776	8594.000
1348.914	8656.000
1349.052	8558.000
1349.190	8681.000
1349.328	8680.000
1349.466	8673.000
1349.603	8581.000
1349.741	8741.000
1349.879	8549.000
1350.017	8674.000
1350.155	8537.000
1350.293	8676.000
1350.431	8451.000
1350.569	8712.000
1350.707	8610.000
1350.844	8602.000
1350.982	8568.000
1351.120	8728.000
1351.258	8533.000
1351.396	8654.000
1351.534	8556.000
1351.671	8621.000
1351.809	8501.000
1351.947	8625.000
1352.085	8520.000
1352.222	8587.000
1352.360	8571.000
1352.498	8625.000
1352.636	8542.000
1352.773	8588.000
1352.911	8464.000
1353.049	8689.000
1353.186	8605.000
1353.324	8638.000
1353.462	8591.000
1353.599	8652.000
1353.737	8524.000
1353.874	8619.000
1354.012	7399.000
1354.150	8627.000
1354.287	8473.000
1354.425	8533.000
1354.562	8428.000
1354.700	8633.000
1354.837	8483.000
1354.975	8606.000
1355.112	8527.000
1355.250	8602.000
1355.387	8479.000
1355.525	8522.000
1355.662	8417.000
1355.800	8614.000
1355.937	8474.000
1356.075	8547.000
1356.212	8381.000
1356.350	8591.000
1356.487	8373.000
1356.624	8449.000
1356.762	8407.000
1356.899	8442.000
1357.037	8372.000
1357.174	8516.000
1357.311	8395.000
1357.449	8610.000
1357.586	8357.000
1357.723	8644.000
1357.860	8415.000
1357.998	8463.000
1358.135	8400.000
1358.272	8404.000
1358.410	8313.000
1358.547	8385.000
1358.684	8292.000
1358.821	8399.000
1358.959	8324.000
1359.096	8535.000
1359.233	8325.000
1359.370	8499.000
1359.507	8261.000
1359.644	8435.000
1359.782	8292.000
1359.919	8377.000
1360.056	8215.000
1360.193	8385.000
1360.330	8238.000
1360.467	8313.000
1360.604	8213.000
1360.741	8371.000
1360.878	8336.000
1361.015	8404.000
1361.152	8271.000
1361.290	8490.000
1361.427	8223.000
1361.564	8371.000
1361.701	8312.000
1361.838	8405.000
1361.975	8224.000
1362.112	8457.000
1362.248	12901.000
1362.385	8497.000
1362.522	8282.000
1362.659	8347.000
1362.796	8281.000
1362.933	8370.000
1363.070	8196.000
1363.207	8320.000
1363.344	8356.000
1363.481	8458.000
1363.617	8349.000
1363.754	8415.000
1363.891	8319.000
1364.028	8469.000
1364.165	8464.000
1364.302	8541.000
1364.438	8375.000
1364.575	8513.000
1364.712	8306.000
1364.849	8505.000
1364.985	8379.000
1365.122	8519.000
1365.259	8374.000
1365.396	8477.000
1365.532	8352.000
1365.669	8404.000
1365.806	8311.000
1365.942	8384.000
1366.079	8307.000
1366.216	8501.000
1366.352	8319.000
1366.489	8470.000
1366.625	8344.000
1366.762	8551.000
1366.899	8403.000
1367.035	8547.000
1367.172	8355.000
1367.308	8532.000
1367.445	8252.000
1367.581	8486.000
1367.718	8294.000
1367.855	8501.000
1367.991	8280.000
1368.128	8523.000
1368.264	8381.000
1368.401	8470.000
1368.537	8322.000
1368.673	8469.000
1368.810	8275.000
1368.946	8517.000
1369.083	8401.000
1369.219	8380.000
1369.356	8302.000
1369.492	8488.000
1369.628	8330.000
1369.765	8459.000
1369.901	8365.000
1370.037	8496.000
1370.174	8423.000
1370.310	8484.000
1370.446	8395.000
1370.583	8527.000
1370.719	8406.000
1370.855	8516.000
1370.992	8313.000
1371.128	8520.000
1371.264	8330.000
1371.400	8496.000
1371.537	8430.000
1371.673	8543.000
1371.809	8375.000
1371.945	8470.000
1372.081	8421.000
1372.218	8544.000
1372.354	8440.000
1372.490	8592.000
1372.626	8423.000
1372.762	8588.000
1372.898	8394.000
1373.034	8456.000
1373.170	8422.000
1373.307	8577.000
1373.443	8442.000
1373.579	8449.000
1373.715	8450.000
1373.851	8633.000
1373.987	8474.000
1374.123	8505.000
1374.259	8469.000
1374.395	8503.000
1374.531	8543.000
1374.667	8620.000
