1029.870	8897.000
1030.015	8886.000
1030.160	8863.000
1030.305	8912.000
1030.449	8819.000
1030.594	8951.000
1030.739	8831.000
1030.884	8913.000
1031.029	8798.000
1031.173	8894.000
1031.318	8793.000
1031.463	8947.000
1031.608	8865.000
1031.752	8841.000
1031.897	8842.000
1032.042	8959.000
1032.187	8775.000
1032.331	8925.000
1032.476	8812.000
1032.621	8912.000
1032.765	8765.000
1032.910	8840.000
1033.055	8959.000
1033.200	8886.000
1033.344	8842.000
1033.489	8871.000
1033.634	8849.000
1033.778	8823.000
1033.923	8811.000
1034.068	8861.000
1034.212	8843.000
1034.357	8908.000
1034.502	8842.000
1034.646	8881.000
1034.791	8769.000
1034.935	8843.000
1035.080	8896.000
1035.225	8798.000
1035.369	8857.000
1035.514	8876.000
1035.658	8799.000
1035.803	8925.000
1035.947	8801.000
1036.092	8903.000
1036.237	8782.000
1036.381	8835.000
1036.526	8834.000
1036.670	8795.000
1036.815	8813.000
1036.959	8857.000
1037.104	8780.000
1037.248	8789.000
1037.393	8855.000
1037.537	8875.000
1037.682	8798.000
1037.826	8847.000
1037.971	8768.000
1038.115	8829.000
1038.260	8729.000
1038.404	8775.000
1038.549	8874.000
1038.693	8786.000
1038.838	8737.000
1038.982	8805.000
1039.126	8712.000
1039.271	8833.000
1039.415	8813.000
1039.560	8772.000
1039.704	8774.000
1039.848	8803.000
1039.993	8799.000
1040.137	8780.000
1040.282	8843.000
1040.426	8868.000
1040.570	8744.000
1040.715	8813.000
1040.859	8818.000
1041.003	8837.000
1041.148	8842.000
1041.292	8900.000
1041.436	8786.000
1041.581	8859.000
1041.725	8842.000
1041.869	8760.000
1042.014	8715.000
1042.158	8729.000
1042.302	8667.000
1042.447	8693.000
1042.591	8694.000
1042.735	8662.000
1042.879	8640.000
1043.024	8686.000
1043.168	8669.000
1043.312	8663.000
1043.456	8698.000
1043.601	8637.000
1043.745	8590.000
1043.889	8663.000
1044.033	8656.000
1044.178	8645.000
1044.322	8597.000
1044.466	8605.000
1044.610	8554.000
1044.754	8561.000
1044.899	8593.000
1045.043	8715.000
1045.187	8603.000
1045.331	8641.000
1045.475	8596.000
1045.619	8600.000
1045.763	8612.000
1045.908	8646.000
1046.052	8496.000
1046.196	8710.000
1046.340	8592.000
1046.484	8590.000
1046.628	8675.000
1046.772	8677.000
1046.916	8687.000
1047.060	8713.000
1047.205	8683.000
1047.349	8726.000
1047.493	8711.000
1047.637	8783.000
1047.781	8681.000
1047.925	8771.000
1048.069	8575.000
1048.213	8658.000
1048.357	8786.000
1048.501	8728.000
1048.645	8707.000
1048.789	8691.000
1048.933	8700.000
1049.077	8678.000
1049.221	8643.000
1049.365	8696.000
1049.509	8717.000
1049.653	8758.000
1049.797	8644.000
1049.941	8701.000
1050.085	8650.000
1050.229	8732.000
1050.373	8679.000
1050.517	8608.000
1050.660	8670.000
1050.804	8757.000
1050.948	8705.000
1051.092	8727.000
1051.236	8627.000
1051.380	8745.000
1051.524	8706.000
1051.668	8680.000
1051.812	8618.000
1051.956	8682.000
1052.099	8601.000
1052.243	8794.000
1052.387	8712.000
1052.531	8733.000
1052.675	8693.000
1052.819	8770.000
1052.962	8705.000
1053.106	8659.000
1053.250	8661.000
1053.394	8794.000
1053.538	8583.000
1053.681	8711.000
1053.825	8729.000
1053.969	8706.000
1054.113	8703.000
1054.257	8771.000
1054.400	8637.000
1054.544	8731.000
1054.688	8659.000
1054.832	8674.000
1054.975	8751.000
1055.119	8771.000
1055.263	8647.000
1055.407	8740.000
1055.550	8564.000
1055.694	8651.000
1055.838	8664.000
1055.981	8789.000
1056.125	8718.000
1056.269	8739.000
1056.412	8554.000
1056.556	8646.000
1056.700	8657.000
1056.843	8673.000
1056.987	8697.000
1057.131	8755.000
1057.274	8623.000
1057.418	8696.000
1057.562	8606.000
1057.705	8718.000
1057.849	8643.000
1057.992	8758.000
1058.136	8591.000
1058.280	8667.000
1058.423	8522.000
1058.567	8745.000
1058.710	8732.000
1058.854	8647.000
1058.997	8668.000
1059.141	8655.000
1059.285	8574.000
1059.428	8684.000
1059.572	8595.000
1059.715	8714.000
1059.859	8549.000
1060.002	8716.000
1060.146	8609.000
1060.289	8692.000
1060.433	8557.000
1060.576	8737.000
1060.720	8594.000
1060.863	8652.000
1061.007	8526.000
1061.150	8673.000
1061.294	8510.000
1061.437	8648.000
1061.580	8609.000
1061.724	8724.000
1061.867	8610.000
1062.011	8689.000
1062.154	8473.000
1062.298	8708.000
1062.441	8567.000
1062.584	8705.000
1062.728	8582.000
1062.871	8754.000
1063.015	8689.000
1063.158	8888.000
1063.301	8931.000
1063.445	9204.000
1063.588	9089.000
1063.731	9226.000
1063.875	9176.000
1064.018	9371.000
1064.161	9213.000
1064.305	9385.000
1064.448	9365.000
1064.591	9498.000
1064.735	9323.000
1064.878	9096.000
1065.021	8712.000
1065.165	8783.000
1065.308	8615.000
1065.451	8718.000
1065.594	8707.000
1065.738	8759.000
1065.881	8632.000
1066.024	8627.000
1066.167	8540.000
1066.311	8669.000
1066.454	8564.000
1066.597	8713.000
1066.740	8723.000
1066.884	8733.000
1067.027	8586.000
1067.170	8757.000
1067.313	8678.000
1067.456	8649.000
1067.599	8565.000
1067.743	8698.000
1067.886	8589.000
1068.029	8686.000
1068.172	8583.000
1068.315	8727.000
1068.458	8571.000
1068.602	8680.000
1068.745	8623.000
1068.888	8706.000
1069.031	8643.000
1069.174	8727.000
1069.317	8643.000
1069.460	8693.000
1069.603	8625.000
1069.746	8814.000
1069.890	8666.000
1070.033	8687.000
1070.176	8664.000
1070.319	8755.000
1070.462	8545.000
1070.605	8755.000
1070.748	8740.000
1070.891	8743.000
1071.034	8625.000
1071.177	8730.000
1071.320	8632.000
1071.463	8694.000
1071.606	8630.000
1071.749	8691.000
1071.892	8687.000
1072.035	8770.000
1072.178	8652.000
1072.321	8738.000
1072.464	8514.000
1072.607	8807.000
1072.750	8632.000
1072.893	8696.000
1073.036	8594.000
1073.179	8737.000
1073.322	8611.000
1073.465	8687.000
1073.607	8678.000
1073.750	8626.000
1073.893	8536.000
1074.036	8709.000
1074.179	8583.000
1074.322	8681.000
1074.465	8521.000
1074.608	8777.000
1074.751	8639.000
1074.893	8725.000
1075.036	8553.000
1075.179	8698.000
1075.322	8627.000
1075.465	8685.000
1075.608	8523.000
1075.750	8737.000
1075.893	8581.000
1076.036	8611.000
1076.179	8619.000
1076.322	8675.000
1076.464	8569.000
1076.607	8830.000
1076.750	8560.000
1076.893	8615.000
1077.036	8636.000
1077.178	8834.000
1077.321	8737.000
1077.464	8774.000
1077.607	8697.000
1077.749	8932.000
1077.892	8728.000
1078.035	8878.000
1078.177	8752.000
1078.320	8883.000
1078.463	8759.000
1078.606	8838.000
1078.748	8764.000
1078.891	8880.000
1079.034	8710.000
1079.176	8868.000
1079.319	8657.000
1079.462	8755.000
1079.604	8732.000
1079.747	8815.000
1079.890	8603.000
1080.032	8917.000
1080.175	8651.000
1080.317	8769.000
1080.460	8698.000
1080.603	8891.000
1080.745	8746.000
1080.888	8870.000
1081.030	8768.000
1081.173	8775.000
1081.316	8728.000
1081.458	8858.000
1081.601	8871.000
1081.743	8852.000
1081.886	8794.000
1082.028	8837.000
1082.171	8881.000
1082.313	8950.000
1082.456	8824.000
1082.598	8881.000
1082.741	8874.000
1082.883	8983.000
1083.026	8916.000
1083.168	8969.000
1083.311	8876.000
1083.453	9077.000
1083.596	8873.000
1083.738	9066.000
1083.881	8986.000
1084.023	9151.000
1084.166	9019.000
1084.308	9272.000
1084.451	8971.000
1084.593	9271.000
1084.736	9089.000
1084.878	9215.000
1085.020	9149.000
1085.163	9292.000
1085.305	9206.000
1085.448	9252.000
1085.590	9213.000
1085.732	9384.000
1085.875	9241.000
1086.017	9350.000
1086.159	9282.000
1086.302	9407.000
1086.444	9413.000
1086.586	9482.000
1086.729	9432.000
1086.871	9472.000
1087.013	9372.000
1087.156	9597.000
1087.298	9134.000
1087.440	9645.000
1087.583	9598.000
1087.725	9638.000
1087.867	9643.000
1088.010	9615.000
1088.152	9510.000
1088.294	9669.000
1088.436	9695.000
1088.579	9852.000
1088.721	9641.000
1088.863	9783.000
1089.005	9680.000
1089.148	9868.000
1089.290	9756.000
1089.432	9831.000
1089.574	9702.000
1089.716	9881.000
1089.859	9804.000
1090.001	9871.000
1090.143	9721.000
1090.285	9892.000
1090.427	9742.000
1090.569	9857.000
1090.712	9739.000
1090.854	9700.000
1090.996	9497.000
1091.138	9582.000
1091.280	9474.000
1091.422	9573.000
1091.564	9291.000
1091.707	9324.000
1091.849	9117.000
1091.991	9120.000
1092.133	8932.000
1092.275	9004.000
1092.417	8785.000
1092.559	8888.000
1092.701	8695.000
1092.843	8754.000
1092.985	8663.000
1093.127	8789.000
1093.269	8657.000
1093.411	8742.000
1093.554	8565.000
1093.696	8635.000
1093.838	8509.000
1093.980	8722.000
1094.122	8515.000
1094.264	8635.000
1094.406	8555.000
1094.548	8669.000
1094.690	8539.000
1094.832	8694.000
1094.973	8645.000
1095.115	8818.000
1095.257	8722.000
1095.399	8967.000
1095.541	8899.000
1095.683	8998.000
1095.825	8960.000
1095.967	9142.000
1096.109	9068.000
1096.251	9075.000
1096.393	8864.000
1096.535	8991.000
1096.677	8809.000
1096.819	8788.000
1096.960	8679.000
1097.102	8820.000
1097.244	8635.000
1097.386	8716.000
1097.528	8579.000
1097.670	8749.000
1097.812	8573.000
1097.953	8699.000
1098.095	8652.000
1098.237	8661.000
1098.379	8536.000
1098.521	8605.000
1098.662	8486.000
1098.804	8749.000
1098.946	8607.000
1099.088	8620.000
1099.230	8560.000
1099.371	8570.000
1099.513	8574.000
1099.655	8651.000
1099.797	8607.000
1099.938	8684.000
1100.080	8529.000
1100.222	8660.000
1100.364	8560.000
1100.505	8686.000
1100.647	8530.000
1100.789	8711.000
1100.931	8603.000
1101.072	8758.000
1101.214	8584.000
1101.356	8577.000
1101.497	8503.000
1101.639	8721.000
1101.781	8509.000
1101.922	8653.000
1102.064	8554.000
1102.206	8661.000
1102.347	8539.000
1102.489	8680.000
1102.631	8568.000
1102.772	8774.000
1102.914	8499.000
1103.055	8769.000
1103.197	8590.000
1103.339	8726.000
1103.480	8628.000
1103.622	8755.000
1103.763	8614.000
1103.905	8731.000
1104.046	8613.000
1104.188	8742.000
1104.330	8627.000
1104.471	8820.000
1104.613	8651.000
1104.754	8791.000
1104.896	8825.000
1105.037	8836.000
1105.179	8724.000
1105.320	8886.000
1105.462	8671.000
1105.603	8893.000
1105.745	8747.000
1105.886	8954.000
1106.028	8725.000
1106.169	9058.000
1106.311	8863.000
1106.452	9060.000
1106.594	8828.000
1106.735	9020.000
1106.876	8935.000
1107.018	9034.000
1107.159	8868.000
1107.301	9046.000
1107.442	8919.000
1107.584	9115.000
1107.725	9073.000
1107.866	9140.000
1108.008	8987.000
1108.149	9172.000
1108.291	9118.000
1108.432	9197.000
1108.573	9162.000
1108.715	9282.000
1108.856	9155.000
1108.997	9351.000
1109.139	9199.000
1109.280	9415.000
1109.421	9328.000
1109.563	9563.000
1109.704	9376.000
1109.845	9489.000
1109.987	9400.000
1110.128	9528.000
1110.269	9542.000
1110.410	9727.000
1110.552	9553.000
1110.693	9770.000
1110.834	9545.000
1110.975	9794.000
1111.117	9744.000
1111.258	9915.000
1111.399	9764.000
1111.540	9985.000
1111.682	10016.000
1111.823	10046.000
1111.964	10085.000
1112.105	10232.000
1112.247	10114.000
1112.388	10324.000
1112.529	10167.000
1112.670	10473.000
1112.811	10344.000
1112.952	10485.000
1113.094	10447.000
1113.235	10653.000
1113.376	10628.000
1113.517	10745.000
1113.658	10636.000
1113.799	10906.000
1113.940	10967.000
1114.082	11133.000
1114.223	11119.000
1114.364	11294.000
1114.505	11200.000
1114.646	11443.000
1114.787	11379.000
1114.928	11566.000
1115.069	11508.000
1115.210	11753.000
1115.351	11813.000
1115.492	12019.000
1115.633	11991.000
1115.774	12210.000
1115.916	12205.000
1116.057	12422.000
1116.198	12378.000
1116.339	12615.000
1116.480	12639.000
1116.621	12753.000
1116.762	12811.000
1116.903	13091.000
1117.044	13264.000
1117.185	13361.000
1117.326	13485.000
1117.466	13673.000
1117.607	13809.000
1117.748	14005.000
1117.889	14081.000
1118.030	14455.000
1118.171	14435.000
1118.312	14675.000
1118.453	14749.000
1118.594	15078.000
1118.735	15152.000
1118.876	15339.000
1119.017	15568.000
1119.158	15683.000
1119.298	15884.000
1119.439	16071.000
1119.580	16295.000
1119.721	16730.000
1119.862	16850.000
1120.003	17147.000
1120.144	17347.000
1120.284	17570.000
1120.425	17738.000
1120.566	17961.000
1120.707	18220.000
1120.848	18652.000
1120.989	18872.000
1121.129	19308.000
1121.270	19581.000
1121.411	19860.000
1121.552	20109.000
1121.693	20406.000
1121.833	20723.000
1121.974	21098.000
1122.115	21327.000
1122.256	21701.000
1122.396	21963.000
1122.537	22332.000
1122.678	22615.000
1122.819	22984.000
1122.959	23558.000
1123.100	24041.000
1123.241	24636.000
1123.381	25146.000
1123.522	25626.000
1123.663	25859.000
1123.803	26148.000
1123.944	26434.000
1124.085	26964.000
1124.225	27588.000
1124.366	28274.000
1124.507	28898.000
1124.647	29630.000
1124.788	30046.000
1124.929	30658.000
1125.069	31062.000
1125.210	31513.000
1125.351	31858.000
1125.491	32236.000
1125.632	32392.000
1125.772	32875.000
1125.913	33575.000
1126.054	34582.000
1126.194	35046.000
1126.335	35890.000
1126.475	36292.000
1126.616	37059.000
1126.756	37546.000
1126.897	38681.000
1127.037	38786.000
1127.178	39627.000
1127.318	39725.000
1127.459	40554.000
1127.600	40730.000
1127.740	41282.000
1127.881	41143.000
1128.021	41663.000
1128.162	41859.000
1128.302	42547.000
1128.442	42865.000
1128.583	43388.000
1128.723	43203.000
1128.864	43610.000
1129.004	43281.000
1129.145	43309.000
1129.285	42913.000
1129.426	42923.000
1129.566	42189.000
1129.706	41703.000
1129.847	40641.000
1129.987	40026.000
1130.128	38997.000
1130.268	38351.000
1130.408	37244.000
1130.549	36010.000
1130.689	34204.000
1130.830	32817.000
1130.970	30769.000
1131.110	28769.000
1131.251	26535.000
1131.391	24732.000
1131.531	22597.000
1131.672	20901.000
1131.812	19299.000
1131.952	17988.000
1132.093	17071.000
1132.233	16055.000
1132.373	15441.000
1132.513	14924.000
1132.654	14620.000
1132.794	14678.000
1132.934	13943.000
1133.075	13665.000
1133.215	13537.000
1133.355	13205.000
1133.495	13229.000
1133.636	12852.000
1133.776	12922.000
1133.916	12667.000
1134.056	12564.000
1134.196	12618.000
1134.337	12661.000
1134.477	12713.000
1134.617	13025.000
1134.757	13309.000
1134.897	13858.000
1135.038	14271.000
1135.178	14968.000
1135.318	15521.000
1135.458	15952.000
1135.598	16093.000
1135.738	15968.000
1135.879	15440.000
1136.019	14685.000
1136.159	13889.000
1136.299	13076.000
1136.439	12334.000
1136.579	12072.000
1136.719	11559.000
1136.859	11284.000
1136.999	10973.000
1137.140	10761.000
1137.280	10595.000
1137.420	10440.000
1137.560	10271.000
1137.700	10081.000
1137.840	10014.000
1137.980	9905.000
1138.120	9837.000
1138.260	9825.000
1138.400	9623.000
1138.540	9664.000
1138.680	9493.000
1138.820	9571.000
1138.960	9372.000
1139.100	9378.000
1139.240	9303.000
1139.380	9295.000
1139.520	9205.000
1139.660	9209.000
1139.800	9144.000
1139.940	9136.000
1140.080	9083.000
1140.220	9127.000
1140.360	9067.000
1140.500	9052.000
1140.640	8956.000
1140.780	8953.000
1140.919	8914.000
1141.059	8960.000
1141.199	8815.000
1141.339	9001.000
1141.479	8841.000
1141.619	8944.000
1141.759	8827.000
1141.899	8861.000
1142.039	8788.000
1142.178	8882.000
1142.318	8688.000
1142.458	8922.000
1142.598	8785.000
1142.738	8903.000
1142.878	8789.000
1143.017	8924.000
1143.157	8704.000
1143.297	8885.000
1143.437	8705.000
1143.577	8790.000
1143.716	8702.000
1143.856	8866.000
1143.996	8679.000
1144.136	8876.000
1144.275	8693.000
1144.415	8861.000
1144.555	8673.000
1144.695	8782.000
1144.834	8699.000
1144.974	8859.000
1145.114	8743.000
1145.254	8830.000
1145.393	8770.000
1145.533	8906.000
1145.673	8767.000
1145.812	8787.000
1145.952	8746.000
1146.092	8935.000
1146.231	8717.000
1146.371	8840.000
1146.511	8743.000
1146.650	8912.000
1146.790	8697.000
1146.930	8930.000
1147.069	8712.000
1147.209	8947.000
1147.349	8829.000
1147.488	8883.000
1147.628	8727.000
1147.767	8862.000
1147.907	8751.000
1148.047	8840.000
1148.186	8779.000
1148.326	8898.000
1148.465	8837.000
1148.605	8872.000
1148.744	8785.000
1148.884	8909.000
1149.024	8813.000
1149.163	8916.000
1149.303	8802.000
1149.442	8972.000
1149.582	8785.000
1149.721	8902.000
1149.861	8776.000
1150.000	8883.000
1150.140	8684.000
1150.279	8927.000
1150.419	8869.000
1150.558	8852.000
1150.698	8820.000
1150.837	8990.000
1150.977	8788.000
1151.116	8940.000
1151.255	8864.000
1151.395	8910.000
1151.534	8778.000
1151.674	8894.000
1151.813	8798.000
1151.953	8882.000
1152.092	8823.000
1152.231	8935.000
1152.371	8849.000
1152.510	8917.000
1152.650	8782.000
1152.789	8992.000
1152.928	8872.000
1153.068	8912.000
1153.207	8921.000
1153.346	8940.000
1153.486	8886.000
1153.625	8970.000
1153.764	7741.000
1153.904	8939.000
1154.043	8860.000
1154.182	8873.000
1154.322	8756.000
1154.461	8946.000
1154.600	8817.000
1154.740	8933.000
1154.879	8880.000
1155.018	8982.000
1155.157	8845.000
1155.297	8971.000
1155.436	8842.000
1155.575	9014.000
1155.714	8904.000
1155.854	8938.000
1155.993	8774.000
1156.132	8966.000
1156.271	8772.000
1156.411	8919.000
1156.550	8869.000
1156.689	8885.000
1156.828	8820.000
1156.967	8926.000
1157.107	8786.000
1157.246	8983.000
1157.385	8751.000
1157.524	9018.000
1157.663	8815.000
1157.802	8891.000
1157.941	8842.000
1158.081	8824.000
1158.220	8726.000
1158.359	8802.000
1158.498	8689.000
1158.637	8748.000
1158.776	8721.000
1158.915	8879.000
1159.054	8758.000
1159.193	8897.000
1159.333	8640.000
1159.472	8772.000
1159.611	8663.000
1159.750	8775.000
1159.889	8615.000
1160.028	8751.000
1160.167	8609.000
1160.306	8733.000
1160.445	8621.000
1160.584	8794.000
1160.723	8739.000
1160.862	8767.000
1161.001	8647.000
1161.140	8874.000
1161.279	8641.000
1161.418	8743.000
1161.557	8698.000
1161.696	8823.000
1161.835	8650.000
1161.974	8878.000
1162.113	13229.000
1162.252	8866.000
1162.391	8675.000
1162.530	8785.000
1162.669	8712.000
1162.808	8787.000
1162.946	8571.000
1163.085	8735.000
1163.224	8750.000
1163.363	8873.000
1163.502	8712.000
1163.641	8763.000
1163.780	8650.000
1163.919	8765.000
1164.058	8721.000
1164.196	8802.000
1164.335	8665.000
1164.474	8765.000
1164.613	8593.000
1164.752	8768.000
1164.891	8688.000
1165.029	8850.000
1165.168	8667.000
1165.307	8795.000
1165.446	8690.000
1165.585	8778.000
1165.723	8619.000
1165.862	8687.000
1166.001	8631.000
1166.140	8798.000
1166.279	8584.000
1166.417	8771.000
1166.556	8606.000
1166.695	8848.000
1166.834	8664.000
1166.972	8781.000
1167.111	8589.000
1167.250	8770.000
1167.388	8551.000
1167.527	8771.000
1167.666	8620.000
1167.805	8785.000
1167.943	8598.000
1168.082	8833.000
1168.221	8684.000
1168.359	8786.000
1168.498	8659.000
1168.637	8856.000
1168.775	8653.000
1168.914	8886.000
1169.052	8818.000
1169.191	8771.000
1169.330	8729.000
1169.468	8905.000
1169.607	8791.000
1169.746	8870.000
1169.884	8779.000
1170.023	8882.000
1170.161	8846.000
1170.300	8885.000
1170.439	8832.000
1170.577	8916.000
1170.716	8804.000
1170.854	8944.000
1170.993	8748.000
1171.131	8880.000
1171.270	8677.000
1171.408	8861.000
1171.547	8806.000
1171.685	8980.000
1171.824	8738.000
1171.962	8873.000
1172.101	8812.000
1172.239	8981.000
1172.378	8839.000
1172.516	8999.000
1172.655	8800.000
1172.793	8991.000
1172.932	8807.000
1173.070	8893.000
1173.209	8834.000
1173.347	8969.000
1173.486	8839.000
1173.624	8828.000
1173.762	8864.000
1173.901	9033.000
1174.039	8898.000
1174.178	8913.000
1174.316	8886.000
1174.454	8904.000
1174.593	8944.000
1174.731	9000.000
