1029.870	8870.000
1030.015	8862.000
1030.160	8862.000
1030.305	8943.000
1030.449	8823.000
1030.594	8966.000
1030.739	8832.000
1030.884	8894.000
1031.029	8856.000
1031.173	8924.000
1031.318	8785.000
1031.463	8917.000
1031.608	8829.000
1031.752	8848.000
1031.897	8848.000
1032.042	8951.000
1032.187	8769.000
1032.331	8950.000
1032.476	8795.000
1032.621	8939.000
1032.765	8791.000
1032.910	8826.000
1033.055	8943.000
1033.200	8879.000
1033.344	8822.000
1033.489	8850.000
1033.634	8864.000
1033.778	8828.000
1033.923	8803.000
1034.068	8849.000
1034.212	8840.000
1034.357	8887.000
1034.502	8820.000
1034.646	8857.000
1034.791	8751.000
1034.935	8829.000
1035.080	8867.000
1035.225	8803.000
1035.369	8830.000
1035.514	8863.000
1035.658	8783.000
1035.803	8853.000
1035.947	8759.000
1036.092	8875.000
1036.237	8759.000
1036.381	8833.000
1036.526	8817.000
1036.670	8761.000
1036.815	8755.000
1036.959	8816.000
1037.104	8782.000
1037.248	8751.000
1037.393	8816.000
1037.537	8847.000
1037.682	8760.000
1037.826	8779.000
1037.971	8716.000
1038.115	8823.000
1038.260	8702.000
1038.404	8747.000
1038.549	8757.000
1038.693	8754.000
1038.838	8694.000
1038.982	8724.000
1039.126	8638.000
1039.271	8794.000
1039.415	8700.000
1039.560	8661.000
1039.704	8675.000
1039.848	8728.000
1039.993	8719.000
1040.137	8674.000
1040.282	8701.000
1040.426	8740.000
1040.570	8607.000
1040.715	8657.000
1040.859	8604.000
1041.003	8647.000
1041.148	8641.000
1041.292	8755.000
1041.436	8596.000
1041.581	8666.000
1041.725	8636.000
1041.869	8637.000
1042.014	8538.000
1042.158	8643.000
1042.302	8532.000
1042.447	8593.000
1042.591	8581.000
1042.735	8622.000
1042.879	8553.000
1043.024	8613.000
1043.168	8595.000
1043.312	8610.000
1043.456	8593.000
1043.601	8565.000
1043.745	8547.000
1043.889	8595.000
1044.033	8564.000
1044.178	8607.000
1044.322	8515.000
1044.466	8539.000
1044.610	8494.000
1044.754	8474.000
1044.899	8507.000
1045.043	8621.000
1045.187	8499.000
1045.331	8546.000
1045.475	8491.000
1045.619	8523.000
1045.763	8491.000
1045.908	8594.000
1046.052	8404.000
1046.196	8615.000
1046.340	8479.000
1046.484	8489.000
1046.628	8528.000
1046.772	8578.000
1046.916	8496.000
1047.060	8561.000
1047.205	8500.000
1047.349	8545.000
1047.493	8473.000
1047.637	8559.000
1047.781	8462.000
1047.925	8564.000
1048.069	8367.000
1048.213	8456.000
1048.357	8588.000
1048.501	8578.000
1048.645	8462.000
1048.789	8548.000
1048.933	8499.000
1049.077	8512.000
1049.221	8484.000
1049.365	8537.000
1049.509	8536.000
1049.653	8617.000
1049.797	8497.000
1049.941	8528.000
1050.085	8529.000
1050.229	8619.000
1050.373	8495.000
1050.517	8431.000
1050.660	8487.000
1050.804	8625.000
1050.948	8559.000
1051.092	8539.000
1051.236	8491.000
1051.380	8605.000
1051.524	8499.000
1051.668	8484.000
1051.812	8417.000
1051.956	8533.000
1052.099	8401.000
1052.243	8581.000
1052.387	8490.000
1052.531	8578.000
1052.675	8467.000
1052.819	8533.000
1052.962	8513.000
1053.106	8470.000
1053.250	8449.000
1053.394	8535.000
1053.538	8418.000
1053.681	8517.000
1053.825	8516.000
1053.969	8476.000
1054.113	8466.000
1054.257	8549.000
1054.400	8404.000
1054.544	8516.000
1054.688	8432.000
1054.832	8470.000
1054.975	8510.000
1055.119	8544.000
1055.263	8394.000
1055.407	8503.000
1055.550	8326.000
1055.694	8431.000
1055.838	8416.000
1055.981	8527.000
1056.125	8435.000
1056.269	8500.000
1056.412	8339.000
1056.556	8402.000
1056.700	8391.000
1056.843	8420.000
1056.987	8429.000
1057.131	8498.000
1057.274	8321.000
1057.418	8411.000
1057.562	8318.000
1057.705	8460.000
1057.849	8346.000
1057.992	8519.000
1058.136	8323.000
1058.280	8442.000
1058.423	8270.000
1058.567	8474.000
1058.710	8446.000
1058.854	8375.000
1058.997	8391.000
1059.141	8405.000
1059.285	8321.000
1059.428	8428.000
1059.572	8333.000
1059.715	8485.000
1059.859	8265.000
1060.002	8425.000
1060.146	8322.000
1060.289	8414.000
1060.433	8263.000
1060.576	8458.000
1060.720	8337.000
1060.863	8403.000
1061.007	8269.000
1061.150	8379.000
1061.294	8220.000
1061.437	8395.000
1061.580	8338.000
1061.724	8462.000
1061.867	8297.000
1062.011	8416.000
1062.154	8191.000
1062.298	8441.000
1062.441	8248.000
1062.584	8422.000
1062.728	8251.000
1062.871	8532.000
1063.015	8421.000
1063.158	8628.000
1063.301	8663.000
1063.445	8897.000
1063.588	8787.000
1063.731	8958.000
1063.875	8870.000
1064.018	9086.000
1064.161	8964.000
1064.305	9135.000
1064.448	9114.000
1064.591	9244.000
1064.735	9006.000
1064.878	8758.000
1065.021	8403.000
1065.165	8515.000
1065.308	8332.000
1065.451	8458.000
1065.594	8403.000
1065.738	8473.000
1065.881	8404.000
1066.024	8354.000
1066.167	8285.000
1066.311	8381.000
1066.454	8259.000
1066.597	8459.000
1066.740	8447.000
1066.884	8484.000
1067.027	8303.000
1067.170	8515.000
1067.313	8427.000
1067.456	8396.000
1067.599	8306.000
1067.743	8482.000
1067.886	8333.000
1068.029	8420.000
1068.172	8355.000
1068.315	8455.000
1068.458	8318.000
1068.602	8418.000
1068.745	8354.000
1068.888	8428.000
1069.031	8332.000
1069.174	8458.000
1069.317	8376.000
1069.460	8433.000
1069.603	8351.000
1069.746	8554.000
1069.890	8380.000
1070.033	8369.000
1070.176	8387.000
1070.319	8494.000
1070.462	8336.000
1070.605	8455.000
1070.748	8426.000
1070.891	8485.000
1071.034	8376.000
1071.177	8417.000
1071.320	8368.000
1071.463	8457.000
1071.606	8334.000
1071.749	8450.000
1071.892	8382.000
1072.035	8458.000
1072.178	8347.000
1072.321	8434.000
1072.464	8203.000
1072.607	8510.000
1072.750	8297.000
1072.893	8411.000
1073.036	8314.000
1073.179	8499.000
1073.322	8319.000
1073.465	8376.000
1073.607	8426.000
1073.750	8362.000
1073.893	8248.000
1074.036	8449.000
1074.179	8319.000
1074.322	8382.000
1074.465	8267.000
1074.608	8500.000
1074.751	8392.000
1074.893	8430.000
1075.036	8279.000
1075.179	8435.000
1075.322	8367.000
1075.465	8434.000
1075.608	8254.000
1075.750	8444.000
1075.893	8265.000
1076.036	8314.000
1076.179	8290.000
1076.322	8384.000
1076.464	8303.000
1076.607	8513.000
1076.750	8249.000
1076.893	8269.000
1077.036	8294.000
1077.178	8485.000
1077.321	8340.000
1077.464	8376.000
1077.607	8236.000
1077.749	8497.000
1077.892	8300.000
1078.035	8426.000
1078.177	8315.000
1078.320	8461.000
1078.463	8343.000
1078.606	8388.000
1078.748	8358.000
1078.891	8437.000
1079.034	8312.000
1079.176	8443.000
1079.319	8236.000
1079.462	8347.000
1079.604	8307.000
1079.747	8351.000
1079.890	8166.000
1080.032	8433.000
1080.175	8159.000
1080.317	8326.000
1080.460	8265.000
1080.603	8423.000
1080.745	8246.000
1080.888	8386.000
1081.030	8293.000
1081.173	8308.000
1081.316	8207.000
1081.458	8340.000
1081.601	8348.000
1081.743	8303.000
1081.886	8237.000
1082.028	8289.000
1082.171	8288.000
1082.313	8355.000
1082.456	8245.000
1082.598	8304.000
1082.741	8262.000
1082.883	8330.000
1083.026	8239.000
1083.168	8351.000
1083.311	8194.000
1083.453	8400.000
1083.596	8204.000
1083.738	8349.000
1083.881	8243.000
1084.023	8439.000
1084.166	8249.000
1084.308	8477.000
1084.451	8156.000
1084.593	8477.000
1084.736	8231.000
1084.878	8407.000
1085.020	8262.000
1085.163	8436.000
1085.305	8288.000
1085.448	8353.000
1085.590	8272.000
1085.732	8416.000
1085.875	8253.000
1086.017	8361.000
1086.159	8300.000
1086.302	8376.000
1086.444	8335.000
1086.586	8404.000
1086.729	8334.000
1086.871	8394.000
1087.013	8213.000
1087.156	8407.000
1087.298	7930.000
1087.440	8449.000
1087.583	8305.000
1087.725	8375.000
1087.867	8340.000
1088.010	8325.000
1088.152	8179.000
1088.294	8334.000
1088.436	8333.000
1088.579	8463.000
1088.721	8255.000
1088.863	8355.000
1089.005	8259.000
1089.148	8438.000
1089.290	8267.000
1089.432	8365.000
1089.574	8203.000
1089.716	8431.000
1089.859	8315.000
1090.001	8401.000
1090.143	8245.000
1090.285	8454.000
1090.427	8275.000
1090.569	8444.000
1090.712	8319.000
1090.854	8362.000
1090.996	8184.000
1091.138	8356.000
1091.280	8293.000
1091.422	8538.000
1091.564	8233.000
1091.707	8414.000
1091.849	8323.000
1091.991	8379.000
1092.133	8289.000
1092.275	8410.000
1092.417	8266.000
1092.559	8435.000
1092.701	8302.000
1092.843	8372.000
1092.985	8273.000
1093.127	8460.000
1093.269	8334.000
1093.411	8408.000
1093.554	8278.000
1093.696	8352.000
1093.838	8269.000
1093.980	8451.000
1094.122	8216.000
1094.264	8342.000
1094.406	8275.000
1094.548	8354.000
1094.690	8282.000
1094.832	8409.000
1094.973	8322.000
1095.115	8462.000
1095.257	8319.000
1095.399	8478.000
1095.541	8374.000
1095.683	8470.000
1095.825	8338.000
1095.967	8478.000
1096.109	8399.000
1096.251	8468.000
1096.393	8291.000
1096.535	8495.000
1096.677	8356.000
1096.819	8402.000
1096.960	8308.000
1097.102	8451.000
1097.244	8305.000
1097.386	8427.000
1097.528	8261.000
1097.670	8447.000
1097.812	8312.000
1097.953	8431.000
1098.095	8420.000
1098.237	8420.000
1098.379	8310.000
1098.521	8397.000
1098.662	8253.000
1098.804	8482.000
1098.946	8412.000
1099.088	8405.000
1099.230	8382.000
1099.371	8395.000
1099.513	8381.000
1099.655	8465.000
1099.797	8439.000
1099.938	8531.000
1100.080	8332.000
1100.222	8501.000
1100.364	8371.000
1100.505	8526.000
1100.647	8414.000
1100.789	8518.000
1100.931	8453.000
1101.072	8559.000
1101.214	8414.000
1101.356	8383.000
1101.497	8315.000
1101.639	8539.000
1101.781	8316.000
1101.922	8450.000
1102.064	8355.000
1102.206	8468.000
1102.347	8353.000
1102.489	8491.000
1102.631	8398.000
1102.772	8580.000
1102.914	8316.000
1103.055	8564.000
1103.197	8424.000
1103.339	8561.000
1103.480	8445.000
1103.622	8564.000
1103.763	8421.000
1103.905	8546.000
1104.046	8407.000
1104.188	8549.000
1104.330	8458.000
1104.471	8593.000
1104.613	8390.000
1104.754	8568.000
1104.896	8619.000
1105.037	8598.000
1105.179	8476.000
1105.320	8624.000
1105.462	8457.000
1105.603	8640.000
1105.745	8519.000
1105.886	8672.000
1106.028	8449.000
1106.169	8750.000
1106.311	8539.000
1106.452	8704.000
1106.594	8497.000
1106.735	8679.000
1106.876	8579.000
1107.018	8705.000
1107.159	8536.000
1107.301	8669.000
1107.442	8506.000
1107.584	8685.000
1107.725	8586.000
1107.866	8719.000
1108.008	8519.000
1108.149	8696.000
1108.291	8625.000
1108.432	8741.000
1108.573	8692.000
1108.715	8819.000
1108.856	8625.000
1108.997	8825.000
1109.139	8588.000
1109.280	8836.000
1109.421	8661.000
1109.563	8910.000
1109.704	8697.000
1109.845	8775.000
1109.987	8657.000
1110.128	8771.000
1110.269	8772.000
1110.410	8920.000
1110.552	8694.000
1110.693	8882.000
1110.834	8617.000
1110.975	8874.000
1111.117	8772.000
1111.258	8910.000
1111.399	8706.000
1111.540	8899.000
1111.682	8878.000
1111.823	8841.000
1111.964	8758.000
1112.105	8987.000
1112.247	8802.000
1112.388	9023.000
1112.529	8836.000
1112.670	9059.000
1112.811	8886.000
1112.952	8993.000
1113.094	8907.000
1113.235	9023.000
1113.376	8924.000
1113.517	8951.000
1113.658	8783.000
1113.799	8975.000
1113.940	8979.000
1114.082	9051.000
1114.223	8961.000
1114.364	9136.000
1114.505	8934.000
1114.646	9115.000
1114.787	8963.000
1114.928	9131.000
1115.069	8954.000
1115.210	9118.000
1115.351	9090.000
1115.492	9209.000
1115.633	9047.000
1115.774	9215.000
1115.916	9068.000
1116.057	9204.000
1116.198	8968.000
1116.339	9205.000
1116.480	9072.000
1116.621	9147.000
1116.762	9012.000
1116.903	9167.000
1117.044	9148.000
1117.185	9154.000
1117.326	9067.000
1117.466	9281.000
1117.607	9186.000
1117.748	9298.000
1117.889	9185.000
1118.030	9397.000
1118.171	9245.000
1118.312	9366.000
1118.453	9230.000
1118.594	9432.000
1118.735	9308.000
1118.876	9334.000
1119.017	9272.000
1119.158	9316.000
1119.298	9210.000
1119.439	9300.000
1119.580	9251.000
1119.721	9475.000
1119.862	9378.000
1120.003	9440.000
1120.144	9342.000
1120.284	9525.000
1120.425	9402.000
1120.566	9478.000
1120.707	9387.000
1120.848	9556.000
1120.989	9375.000
1121.129	9552.000
1121.270	9460.000
1121.411	9562.000
1121.552	9424.000
1121.693	9510.000
1121.833	9452.000
1121.974	9641.000
1122.115	9538.000
1122.256	9664.000
1122.396	9579.000
1122.537	9744.000
1122.678	9507.000
1122.819	9674.000
1122.959	9694.000
1123.100	9814.000
1123.241	9668.000
1123.381	9773.000
1123.522	9696.000
1123.663	9775.000
1123.803	9665.000
1123.944	9867.000
1124.085	9769.000
1124.225	9934.000
1124.366	9828.000
1124.507	9917.000
1124.647	9891.000
1124.788	10074.000
1124.929	9920.000
1125.069	10071.000
1125.210	9838.000
1125.351	10091.000
1125.491	9936.000
1125.632	10113.000
1125.772	9967.000
1125.913	10167.000
1126.054	10049.000
1126.194	10187.000
1126.335	10086.000
1126.475	10254.000
1126.616	10106.000
1126.756	10310.000
1126.897	10213.000
1127.037	10332.000
1127.178	10319.000
1127.318	10328.000
1127.459	10323.000
1127.600	10480.000
1127.740	10320.000
1127.881	10379.000
1128.021	10270.000
1128.162	10452.000
1128.302	10407.000
1128.442	10462.000
1128.583	10424.000
1128.723	10506.000
1128.864	10443.000
1129.004	10600.000
1129.145	10404.000
1129.285	10527.000
1129.426	10486.000
1129.566	10559.000
1129.706	10420.000
1129.847	10523.000
1129.987	10373.000
1130.128	10405.000
1130.268	10331.000
1130.408	10374.000
1130.549	10215.000
1130.689	10264.000
1130.830	10167.000
1130.970	10236.000
1131.110	10049.000
1131.251	10098.000
1131.391	10095.000
1131.531	10084.000
1131.672	9897.000
1131.812	9897.000
1131.952	9804.000
1132.093	9997.000
1132.233	9765.000
1132.373	9840.000
1132.513	9732.000
1132.654	9900.000
1132.794	10212.000
1132.934	9744.000
1133.075	9682.000
1133.215	9745.000
1133.355	9570.000
1133.495	9803.000
1133.636	9579.000
1133.776	9780.000
1133.916	9619.000
1134.056	9655.000
1134.196	9675.000
1134.337	9769.000
1134.477	9742.000
1134.617	9816.000
1134.757	9806.000
1134.897	10014.000
1135.038	9920.000
1135.178	10100.000
1135.318	10057.000
1135.458	10158.000
1135.598	10076.000
1135.738	10164.000
1135.879	9961.000
1136.019	9928.000
1136.159	9831.000
1136.299	9739.000
1136.439	9596.000
1136.579	9787.000
1136.719	9600.000
1136.859	9615.000
1136.999	9508.000
1137.140	9490.000
1137.280	9452.000
1137.420	9524.000
1137.560	9440.000
1137.700	9426.000
1137.840	9433.000
1137.980	9430.000
1138.120	9371.000
1138.260	9423.000
1138.400	9334.000
1138.540	9436.000
1138.680	9282.000
1138.820	9470.000
1138.960	9314.000
1139.100	9351.000
1139.240	9348.000
1139.380	9354.000
1139.520	9333.000
1139.660	9372.000
1139.800	9331.000
1139.940	9352.000
1140.080	9358.000
1140.220	9429.000
1140.360	9417.000
1140.500	9430.000
1140.640	9363.000
1140.780	9383.000
1140.919	9324.000
1141.059	9401.000
1141.199	9315.000
1141.339	9485.000
1141.479	9371.000
1141.619	9478.000
1141.759	9336.000
1141.899	9454.000
1142.039	9403.000
1142.178	9449.000
1142.318	9351.000
1142.458	9537.000
1142.598	9428.000
1142.738	9545.000
1142.878	9490.000
1143.017	9608.000
1143.157	9451.000
1143.297	9600.000
1143.437	9471.000
1143.577	9542.000
1143.716	9448.000
1143.856	9642.000
1143.996	9441.000
1144.136	9647.000
1144.275	9510.000
1144.415	9634.000
1144.555	9447.000
1144.695	9599.000
1144.834	9531.000
1144.974	9701.000
1145.114	9586.000
1145.254	9664.000
1145.393	9634.000
1145.533	9748.000
1145.673	9639.000
1145.812	9663.000
1145.952	9646.000
1146.092	9760.000
1146.231	9605.000
1146.371	9724.000
1146.511	9639.000
1146.650	9768.000
1146.790	9541.000
1146.930	9783.000
1147.069	9590.000
1147.209	9811.000
1147.349	9763.000
1147.488	9758.000
1147.628	9603.000
1147.767	9751.000
1147.907	9662.000
1148.047	9736.000
1148.186	9721.000
1148.326	9806.000
1148.465	9712.000
1148.605	9774.000
1148.744	9683.000
1148.884	9781.000
1149.024	9693.000
1149.163	9794.000
1149.303	9679.000
1149.442	9837.000
1149.582	9632.000
1149.721	9777.000
1149.861	9633.000
1150.000	9740.000
1150.140	9553.000
1150.279	9768.000
1150.419	9690.000
1150.558	9672.000
1150.698	9657.000
1150.837	9802.000
1150.977	9600.000
1151.116	9718.000
1151.255	9616.000
1151.395	9686.000
1151.534	9590.000
1151.674	9626.000
1151.813	9566.000
1151.953	9582.000
1152.092	9565.000
1152.231	9637.000
1152.371	9548.000
1152.510	9591.000
1152.650	9459.000
1152.789	9664.000
1152.928	9531.000
1153.068	9584.000
1153.207	9578.000
1153.346	9589.000
1153.486	9462.000
1153.625	9568.000
1153.764	8267.000
1153.904	9487.000
1154.043	9375.000
1154.182	9383.000
1154.322	9282.000
1154.461	9458.000
1154.600	9293.000
1154.740	9437.000
1154.879	9328.000
1155.018	9446.000
1155.157	9301.000
1155.297	9376.000
1155.436	9246.000
1155.575	9411.000
1155.714	9239.000
1155.854	9329.000
1155.993	9108.000
1156.132	9257.000
1156.271	9064.000
1156.411	9171.000
1156.550	9121.000
1156.689	9167.000
1156.828	9057.000
1156.967	9176.000
1157.107	9023.000
1157.246	9202.000
1157.385	8976.000
1157.524	9216.000
1157.663	9052.000
1157.802	9060.000
1157.941	9027.000
1158.081	9010.000
1158.220	8902.000
1158.359	8943.000
1158.498	8832.000
1158.637	8907.000
1158.776	8854.000
1158.915	9029.000
1159.054	8866.000
1159.193	9012.000
1159.333	8808.000
1159.472	8927.000
1159.611	8819.000
1159.750	8911.000
1159.889	8738.000
1160.028	8904.000
1160.167	8723.000
1160.306	8875.000
1160.445	8759.000
1160.584	8900.000
1160.723	8869.000
1160.862	8901.000
1161.001	8798.000
1161.140	8995.000
1161.279	8757.000
1161.418	8857.000
1161.557	8820.000
1161.696	8995.000
1161.835	8782.000
1161.974	9031.000
1162.113	13252.000
1162.252	9036.000
1162.391	8837.000
1162.530	8950.000
1162.669	8919.000
1162.808	8997.000
1162.946	8777.000
1163.085	8946.000
1163.224	8969.000
1163.363	9110.000
1163.502	8973.000
1163.641	8988.000
1163.780	8914.000
1163.919	9010.000
1164.058	9003.000
1164.196	9123.000
1164.335	8986.000
1164.474	9065.000
1164.613	8938.000
1164.752	9112.000
1164.891	9032.000
1165.029	9206.000
1165.168	9028.000
1165.307	9185.000
1165.446	9060.000
1165.585	9144.000
1165.723	9019.000
1165.862	9129.000
1166.001	9094.000
1166.140	9242.000
1166.279	9126.000
1166.417	9250.000
1166.556	9111.000
1166.695	9344.000
1166.834	9160.000
1166.972	9301.000
1167.111	9135.000
1167.250	9326.000
1167.388	9098.000
1167.527	9346.000
1167.666	9121.000
1167.805	9353.000
1167.943	9185.000
1168.082	9401.000
1168.221	9270.000
1168.359	9417.000
1168.498	9293.000
1168.637	9467.000
1168.775	9246.000
1168.914	9506.000
1169.052	9442.000
1169.191	9405.000
1169.330	9395.000
1169.468	9598.000
1169.607	9472.000
1169.746	9539.000
1169.884	9480.000
1170.023	9597.000
1170.161	9537.000
1170.300	9601.000
1170.439	9564.000
1170.577	9713.000
1170.716	9641.000
1170.854	9788.000
1170.993	9605.000
1171.131	9816.000
1171.270	9575.000
1171.408	9796.000
1171.547	9761.000
1171.685	9950.000
1171.824	9741.000
1171.962	9847.000
1172.101	9863.000
1172.239	9995.000
1172.378	9898.000
1172.516	10016.000
1172.655	9868.000
1172.793	10084.000
1172.932	9939.000
1173.070	10025.000
1173.209	9976.000
1173.347	10153.000
1173.486	10005.000
1173.624	10043.000
1173.762	10085.000
1173.901	10269.000
1174.039	10191.000
1174.178	10214.000
1174.316	10211.000
1174.454	10247.000
1174.593	10241.000
1174.731	10355.000
