1159.948	7807.000
1160.095	7638.000
1160.241	7780.000
1160.387	7696.000
1160.533	7739.000
1160.679	7740.000
1160.825	7714.000
1160.971	7676.000
1161.117	7692.000
1161.263	7664.000
1161.410	7644.000
1161.556	7677.000
1161.702	7699.000
1161.848	7582.000
1161.994	7641.000
1162.140	7712.000
1162.286	7580.000
1162.432	7685.000
1162.578	7603.000
1162.724	7641.000
1162.870	7571.000
1163.016	7510.000
1163.162	7730.000
1163.308	7575.000
1163.454	7600.000
1163.599	7554.000
1163.745	7607.000
1163.891	7520.000
1164.037	7553.000
1164.183	7498.000
1164.329	7584.000
1164.475	7581.000
1164.621	7562.000
1164.767	7512.000
1164.912	7492.000
1165.058	7476.000
1165.204	7579.000
1165.350	7462.000
1165.496	7533.000
1165.642	7514.000
1165.787	7484.000
1165.933	7521.000
1166.079	7462.000
1166.225	7560.000
1166.370	7454.000
1166.516	7506.000
1166.662	7517.000
1166.808	7416.000
1166.953	7489.000
1167.099	7465.000
1167.245	7483.000
1167.390	7448.000
1167.536	7503.000
1167.682	7478.000
1167.827	7405.000
1167.973	7485.000
1168.119	7425.000
1168.264	7466.000
1168.410	7413.000
1168.556	7395.000
1168.701	7494.000
1168.847	7410.000
1168.992	7410.000
1169.138	7369.000
1169.284	7369.000
1169.429	7447.000
1169.575	7430.000
1169.720	7365.000
1169.866	7391.000
1170.011	7394.000
1170.157	7406.000
1170.302	7371.000
1170.448	7441.000
1170.593	7428.000
1170.739	7320.000
1170.884	7412.000
1171.030	7367.000
1171.175	7351.000
1171.321	7383.000
1171.466	7441.000
1171.611	7345.000
1171.757	7383.000
1171.902	7408.000
1172.048	7378.000
1172.193	7323.000
1172.338	7350.000
1172.484	7322.000
1172.629	7345.000
1172.775	7374.000
1172.920	7363.000
1173.065	7324.000
1173.211	7391.000
1173.356	7387.000
1173.501	7381.000
1173.646	7409.000
1173.792	7365.000
1173.937	7321.000
1174.082	7383.000
1174.228	7418.000
1174.373	7400.000
1174.518	7350.000
1174.663	7343.000
1174.809	7331.000
1174.954	7295.000
1175.099	7367.000
1175.244	7446.000
1175.389	7351.000
1175.535	7399.000
1175.680	7371.000
1175.825	7378.000
1175.970	7377.000
1176.115	7403.000
1176.260	7264.000
1176.405	7461.000
1176.550	7373.000
1176.696	7348.000
1176.841	7417.000
1176.986	7464.000
1177.131	7415.000
1177.276	7418.000
1177.421	7405.000
1177.566	7427.000
1177.711	7400.000
1177.856	7511.000
1178.001	7399.000
1178.146	7497.000
1178.291	7353.000
1178.436	7400.000
1178.581	7539.000
1178.726	7475.000
1178.871	7438.000
1179.016	7520.000
1179.161	7459.000
1179.306	7465.000
1179.451	7433.000
1179.596	7509.000
1179.741	7497.000
1179.886	7555.000
1180.030	7454.000
1180.175	7528.000
1180.320	7497.000
1180.465	7550.000
1180.610	7508.000
1180.755	7455.000
1180.900	7543.000
1181.044	7599.000
1181.189	7559.000
1181.334	7537.000
1181.479	7533.000
1181.624	7615.000
1181.768	7536.000
1181.913	7575.000
1182.058	7480.000
1182.203	7564.000
1182.348	7493.000
1182.492	7638.000
1182.637	7573.000
1182.782	7610.000
1182.926	7571.000
1183.071	7658.000
1183.216	7589.000
1183.360	7564.000
1183.505	7551.000
1183.650	7653.000
1183.794	7516.000
1183.939	7620.000
1184.084	7627.000
1184.228	7629.000
1184.373	7569.000
1184.518	7660.000
1184.662	7540.000
1184.807	7683.000
1184.951	7563.000
1185.096	7603.000
1185.241	7670.000
1185.385	7662.000
1185.530	7563.000
1185.674	7697.000
1185.819	7479.000
1185.963	7629.000
1186.108	7605.000
1186.252	7726.000
1186.397	7623.000
1186.541	7683.000
1186.686	7520.000
1186.830	7603.000
1186.975	7610.000
1187.119	7648.000
1187.263	7635.000
1187.408	7724.000
1187.552	7583.000
1187.697	7635.000
1187.841	7585.000
1187.985	7696.000
1188.130	7633.000
1188.274	7748.000
1188.419	7581.000
1188.563	7687.000
1188.707	7545.000
1188.852	7761.000
1188.996	7707.000
1189.140	7639.000
1189.285	7668.000
1189.429	7661.000
1189.573	7587.000
1189.717	7693.000
1189.862	7650.000
1190.006	7748.000
1190.150	7596.000
1190.294	7721.000
1190.439	7626.000
1190.583	7709.000
1190.727	7617.000
1190.871	7812.000
1191.016	7673.000
1191.160	7738.000
1191.304	7594.000
1191.448	7700.000
1191.592	7570.000
1191.736	7709.000
1191.881	7653.000
1192.025	7788.000
1192.169	7647.000
1192.313	7762.000
1192.457	7541.000
1192.601	7778.000
1192.745	7644.000
1192.889	7770.000
1193.033	7640.000
1193.177	7821.000
1193.321	7699.000
1193.465	7767.000
1193.610	7685.000
1193.754	7811.000
1193.898	7626.000
1194.042	7733.000
1194.186	7659.000
1194.330	7808.000
1194.474	7610.000
1194.617	7727.000
1194.761	7629.000
1194.905	7749.000
1195.049	7664.000
1195.193	7743.000
1195.337	7626.000
1195.481	7765.000
1195.625	7655.000
1195.769	7768.000
1195.913	7714.000
1196.057	7789.000
1196.201	7685.000
1196.344	7679.000
1196.488	7623.000
1196.632	7734.000
1196.776	7594.000
1196.920	7710.000
1197.064	7741.000
1197.207	7747.000
1197.351	7599.000
1197.495	7784.000
1197.639	7721.000
1197.782	7661.000
1197.926	7587.000
1198.070	7745.000
1198.214	7601.000
1198.357	7674.000
1198.501	7541.000
1198.645	7703.000
1198.789	7541.000
1198.932	7652.000
1199.076	7575.000
1199.220	7629.000
1199.363	7538.000
1199.507	7610.000
1199.651	7558.000
1199.794	7630.000
1199.938	7475.000
1200.081	7702.000
1200.225	7458.000
1200.369	7535.000
1200.512	7490.000
1200.656	7596.000
1200.799	7399.000
1200.943	7555.000
1201.087	7514.000
1201.230	7586.000
1201.374	7392.000
1201.517	7463.000
1201.661	7385.000
1201.804	7446.000
1201.948	7363.000
1202.091	7435.000
1202.235	7355.000
1202.378	7475.000
1202.522	7334.000
1202.665	7403.000
1202.808	7121.000
1202.952	7463.000
1203.095	7242.000
1203.239	7344.000
1203.382	7212.000
1203.526	7393.000
1203.669	7217.000
1203.812	7286.000
1203.956	7283.000
1204.099	7219.000
1204.242	7090.000
1204.386	7304.000
1204.529	7145.000
1204.672	7253.000
1204.816	7060.000
1204.959	7315.000
1205.102	7234.000
1205.246	7248.000
1205.389	7069.000
1205.532	7244.000
1205.675	7142.000
1205.819	7233.000
1205.962	7006.000
1206.105	7244.000
1206.248	7063.000
1206.392	7113.000
1206.535	7089.000
1206.678	7149.000
1206.821	7035.000
1206.964	7265.000
1207.108	6987.000
1207.251	7074.000
1207.394	7027.000
1207.537	7245.000
1207.680	7071.000
1207.823	7091.000
1207.966	6937.000
1208.109	7184.000
1208.253	6981.000
1208.396	7144.000
1208.539	6961.000
1208.682	7168.000
1208.825	7001.000
1208.968	7118.000
1209.111	7028.000
1209.254	7145.000
1209.397	6988.000
1209.540	7136.000
1209.683	6941.000
1209.826	7053.000
1209.969	6974.000
1210.112	7091.000
1210.255	6845.000
1210.398	7154.000
1210.541	6871.000
1210.684	7011.000
1210.827	6918.000
1210.970	7111.000
1211.113	6945.000
1211.255	7044.000
1211.398	6928.000
1211.541	6964.000
1211.684	6882.000
1211.827	7000.000
1211.970	6983.000
1212.113	6971.000
1212.256	6889.000
1212.398	6977.000
1212.541	6937.000
1212.684	7054.000
1212.827	6841.000
1212.970	6918.000
1213.112	6879.000
1213.255	7031.000
1213.398	6874.000
1213.541	7016.000
1213.683	6798.000
1213.826	7025.000
1213.969	6797.000
1214.112	7007.000
1214.254	6822.000
1214.397	7057.000
1214.540	6856.000
1214.682	7092.000
1214.825	6807.000
1214.968	7096.000
1215.110	6877.000
1215.253	7003.000
1215.396	6848.000
1215.538	7033.000
1215.681	6907.000
1215.824	6951.000
1215.966	6875.000
1216.109	7043.000
1216.251	6864.000
1216.394	6998.000
1216.536	6865.000
1216.679	7016.000
1216.822	6922.000
1216.964	7056.000
1217.107	6929.000
1217.249	6987.000
1217.392	6776.000
1217.534	7036.000
1217.677	6635.000
1217.819	7039.000
1217.962	6909.000
1218.104	6990.000
1218.247	6927.000
1218.389	6963.000
1218.531	6793.000
1218.674	6963.000
1218.816	6898.000
1218.959	7090.000
1219.101	6858.000
1219.243	6957.000
1219.386	6822.000
1219.528	7049.000
1219.671	6895.000
1219.813	6985.000
1219.955	6815.000
1220.098	7047.000
1220.240	6932.000
1220.382	6994.000
1220.525	6849.000
1220.667	7056.000
1220.809	6859.000
1220.951	7039.000
1221.094	6905.000
1221.236	6956.000
1221.378	6783.000
1221.520	6994.000
1221.663	6876.000
1221.805	7127.000
1221.947	6853.000
1222.089	7056.000
1222.232	6897.000
1222.374	7049.000
1222.516	6921.000
1222.658	7067.000
1222.800	6891.000
1222.942	7047.000
1223.084	6914.000
1223.227	7026.000
1223.369	6910.000
1223.511	7073.000
1223.653	6910.000
1223.795	7071.000
1223.937	6852.000
1224.079	6982.000
1224.221	6870.000
1224.363	7092.000
1224.505	6809.000
1224.647	6990.000
1224.789	6888.000
1224.932	6985.000
1225.074	6862.000
1225.216	7009.000
1225.358	6907.000
1225.500	7025.000
1225.641	6872.000
1225.783	7085.000
1225.925	6904.000
1226.067	7015.000
1226.209	6866.000
1226.351	7047.000
1226.493	6939.000
1226.635	7023.000
1226.777	6836.000
1226.919	7075.000
1227.061	6914.000
1227.203	7008.000
1227.345	6851.000
1227.486	7036.000
1227.628	6879.000
1227.770	7043.000
1227.912	6868.000
1228.054	7044.000
1228.196	6847.000
1228.337	6989.000
1228.479	6968.000
1228.621	7039.000
1228.763	6868.000
1228.904	7011.000
1229.046	6830.000
1229.188	7087.000
1229.330	6964.000
1229.471	6975.000
1229.613	6872.000
1229.755	6930.000
1229.897	6944.000
1230.038	7025.000
1230.180	6921.000
1230.322	7086.000
1230.463	6868.000
1230.605	7046.000
1230.747	6885.000
1230.888	7068.000
1231.030	6903.000
1231.171	7074.000
1231.313	6953.000
1231.455	7078.000
1231.596	6895.000
1231.738	6907.000
1231.879	6822.000
1232.021	7070.000
1232.163	6808.000
1232.304	6987.000
1232.446	6839.000
1232.587	6996.000
1232.729	6835.000
1232.870	6996.000
1233.012	6838.000
1233.153	7049.000
1233.295	6760.000
1233.436	7099.000
1233.578	6859.000
1233.719	7009.000
1233.860	6898.000
1234.002	7035.000
1234.143	6864.000
1234.285	6993.000
1234.426	6820.000
1234.568	6990.000
1234.709	6842.000
1234.850	7006.000
1234.992	6814.000
1235.133	7010.000
1235.274	6991.000
1235.416	7022.000
1235.557	6852.000
1235.698	7031.000
1235.840	6817.000
1235.981	7004.000
1236.122	6811.000
1236.264	7036.000
1236.405	6796.000
1236.546	7146.000
1236.687	6881.000
1236.829	7078.000
1236.970	6837.000
1237.111	7037.000
1237.252	6916.000
1237.394	7043.000
1237.535	6809.000
1237.676	6979.000
1237.817	6836.000
1237.958	7025.000
1238.100	6876.000
1238.241	7003.000
1238.382	6800.000
1238.523	6999.000
1238.664	6875.000
1238.805	6950.000
1238.946	6853.000
1239.088	7006.000
1239.229	6794.000
1239.370	7005.000
1239.511	6774.000
1239.652	7024.000
1239.793	6848.000
1239.934	7106.000
1240.075	6871.000
1240.216	6956.000
1240.357	6788.000
1240.498	6931.000
1240.639	6840.000
1240.780	7042.000
1240.921	6828.000
1241.062	6994.000
1241.203	6716.000
1241.344	6998.000
1241.485	6808.000
1241.626	6983.000
1241.767	6795.000
1241.908	6952.000
1242.049	6896.000
1242.190	6908.000
1242.330	6801.000
1242.471	7038.000
1242.612	6771.000
1242.753	6978.000
1242.894	6763.000
1243.035	7047.000
1243.176	6822.000
1243.316	6911.000
1243.457	6785.000
1243.598	6959.000
1243.739	6816.000
1243.880	6885.000
1244.020	6725.000
1244.161	6952.000
1244.302	6857.000
1244.443	6988.000
1244.584	6802.000
1244.724	7007.000
1244.865	6786.000
1245.006	6959.000
1245.146	6780.000
1245.287	6935.000
1245.428	6690.000
1245.568	6886.000
1245.709	6836.000
1245.850	6980.000
1245.990	6771.000
1246.131	6973.000
1246.272	6745.000
1246.412	6927.000
1246.553	6720.000
1246.694	6911.000
1246.834	6730.000
1246.975	6823.000
1247.115	6701.000
1247.256	6860.000
1247.397	6803.000
1247.537	6855.000
1247.678	6725.000
1247.818	6886.000
1247.959	6742.000
1248.099	6907.000
1248.240	6733.000
1248.380	6891.000
1248.521	6700.000
1248.661	6847.000
1248.802	6663.000
1248.942	6945.000
1249.083	6731.000
1249.223	6816.000
1249.364	6714.000
1249.504	6822.000
1249.644	6672.000
1249.785	6787.000
1249.925	6680.000
1250.066	6898.000
1250.206	6785.000
1250.346	6824.000
1250.487	6693.000
1250.627	6841.000
1250.767	6679.000
1250.908	6822.000
1251.048	6661.000
1251.188	6826.000
1251.329	6633.000
1251.469	6825.000
1251.609	6696.000
1251.750	6855.000
1251.890	6670.000
1252.030	6785.000
1252.170	6636.000
1252.311	6839.000
1252.451	6689.000
1252.591	6811.000
1252.731	6687.000
1252.871	6834.000
1253.012	6599.000
1253.152	6770.000
1253.292	6741.000
1253.432	6911.000
1253.572	6664.000
1253.712	6780.000
1253.853	6736.000
1253.993	6770.000
1254.133	6628.000
1254.273	6827.000
1254.413	6670.000
1254.553	6809.000
1254.693	6630.000
1254.833	6791.000
1254.973	6626.000
1255.114	6885.000
1255.254	6707.000
1255.394	6860.000
1255.534	6632.000
1255.674	6868.000
1255.814	6666.000
1255.954	6853.000
1256.094	6637.000
1256.234	6906.000
1256.374	6634.000
1256.514	6811.000
1256.654	6651.000
1256.794	6809.000
1256.933	6664.000
1257.073	6869.000
1257.213	6700.000
1257.353	6768.000
1257.493	6711.000
1257.633	6793.000
1257.773	6702.000
1257.913	6865.000
1258.053	6700.000
1258.193	6785.000
1258.332	6659.000
1258.472	6833.000
1258.612	6697.000
1258.752	6772.000
1258.892	6694.000
1259.031	6794.000
1259.171	6696.000
1259.311	6903.000
1259.451	6661.000
1259.591	6818.000
1259.730	6735.000
1259.870	6811.000
1260.010	6661.000
1260.150	6916.000
1260.289	6739.000
1260.429	6885.000
1260.569	6763.000
1260.708	6864.000
1260.848	6733.000
1260.988	6817.000
1261.127	6703.000
1261.267	6880.000
1261.407	6703.000
1261.546	6808.000
1261.686	6798.000
1261.826	6878.000
1261.965	6709.000
1262.105	6776.000
1262.244	6682.000
1262.384	6915.000
1262.524	6664.000
1262.663	6817.000
1262.803	6717.000
1262.942	6921.000
1263.082	7120.000
1263.221	6858.000
1263.361	6704.000
1263.500	6859.000
1263.640	6672.000
1263.779	6868.000
1263.919	6667.000
1264.058	6878.000
1264.198	6656.000
1264.337	6747.000
1264.477	6760.000
1264.616	6816.000
1264.756	6667.000
1264.895	6835.000
1265.034	6704.000
1265.174	6904.000
1265.313	6684.000
1265.453	6789.000
1265.592	6651.000
1265.731	6787.000
1265.871	6663.000
1266.010	6830.000
1266.149	6712.000
1266.289	6803.000
1266.428	6748.000
1266.567	6789.000
1266.707	6623.000
1266.846	6915.000
1266.985	6641.000
1267.124	6785.000
1267.264	6672.000
1267.403	6757.000
1267.542	6638.000
1267.681	6758.000
1267.821	6670.000
1267.960	6703.000
1268.099	6664.000
1268.238	6725.000
1268.377	6663.000
1268.517	6788.000
1268.656	6634.000
1268.795	6787.000
1268.934	6646.000
1269.073	6835.000
1269.212	6657.000
1269.352	6769.000
1269.491	6681.000
1269.630	6762.000
1269.769	6690.000
1269.908	6767.000
1270.047	6653.000
1270.186	6775.000
1270.325	6691.000
1270.464	6780.000
1270.603	6688.000
1270.742	6784.000
1270.881	6648.000
1271.020	6706.000
1271.159	6662.000
1271.298	6760.000
1271.437	6640.000
1271.576	6811.000
1271.715	6651.000
1271.854	6806.000
1271.993	6634.000
1272.132	6761.000
1272.271	6651.000
1272.410	6778.000
1272.549	6571.000
1272.688	6807.000
1272.827	6637.000
1272.966	6825.000
1273.104	6676.000
1273.243	6840.000
1273.382	6641.000
1273.521	6835.000
1273.660	6632.000
1273.799	6757.000
1273.938	6632.000
1274.076	6832.000
1274.215	6628.000
1274.354	6833.000
1274.493	6640.000
1274.632	6852.000
1274.770	6607.000
1274.909	6789.000
1275.048	6671.000
1275.187	6837.000
1275.325	6666.000
1275.464	6802.000
1275.603	6736.000
1275.741	6864.000
1275.880	6723.000
1276.019	6789.000
1276.157	6683.000
1276.296	6871.000
1276.435	6670.000
1276.573	6839.000
1276.712	6681.000
1276.851	6887.000
1276.989	6625.000
1277.128	6850.000
1277.267	6661.000
1277.405	6907.000
1277.544	6746.000
1277.682	6849.000
1277.821	6655.000
1277.959	6794.000
1278.098	6653.000
1278.236	6803.000
1278.375	6695.000
1278.514	6850.000
1278.652	6691.000
1278.791	6813.000
1278.929	6703.000
1279.068	6834.000
1279.206	6714.000
1279.344	6810.000
1279.483	6662.000
1279.621	6886.000
1279.760	6661.000
1279.898	6796.000
1280.037	6669.000
1280.175	6807.000
1280.313	6556.000
1280.452	6832.000
1280.590	6692.000
1280.729	6759.000
1280.867	6712.000
1281.005	6877.000
1281.144	6644.000
1281.282	6822.000
1281.420	6705.000
1281.559	6786.000
1281.697	6633.000
1281.835	6736.000
1281.974	6620.000
1282.112	6724.000
1282.250	6681.000
1282.388	6792.000
1282.527	6638.000
1282.665	6765.000
1282.803	6629.000
1282.941	6843.000
1283.080	6701.000
1283.218	6777.000
1283.356	6707.000
1283.494	6807.000
1283.632	6654.000
1283.771	6771.000
1283.909	5867.000
1284.047	6732.000
1284.185	6625.000
1284.323	6696.000
1284.461	6533.000
1284.599	6756.000
1284.737	6574.000
1284.876	6761.000
1285.014	6647.000
1285.152	6747.000
1285.290	6629.000
1285.428	6718.000
1285.566	6594.000
1285.704	6777.000
1285.842	6635.000
1285.980	6724.000
1286.118	6494.000
1286.256	6720.000
1286.394	6521.000
1286.532	6652.000
1286.670	6586.000
1286.808	6653.000
1286.946	6543.000
1287.084	6705.000
1287.222	6488.000
1287.360	6732.000
1287.498	6464.000
1287.636	6756.000
1287.774	6544.000
1287.911	6632.000
1288.049	6574.000
1288.187	6609.000
1288.325	6513.000
1288.463	6572.000
1288.601	6469.000
1288.739	6585.000
1288.876	6488.000
1289.014	6697.000
1289.152	6513.000
1289.290	6705.000
1289.428	6478.000
1289.565	6607.000
1289.703	6463.000
1289.841	6595.000
1289.979	6375.000
1290.117	6602.000
1290.254	6393.000
1290.392	6563.000
1290.530	6389.000
1290.667	6589.000
1290.805	6518.000
1290.943	6584.000
1291.080	6407.000
1291.218	6722.000
1291.356	6393.000
1291.493	6566.000
1291.631	6459.000
1291.769	6624.000
1291.906	6415.000
1292.044	6683.000
1292.182	9355.000
1292.319	6650.000
1292.457	6457.000
1292.594	6592.000
1292.732	6498.000
1292.870	6593.000
1293.007	6383.000
1293.145	6556.000
1293.282	6551.000
1293.420	6692.000
1293.557	6535.000
1293.695	6634.000
1293.832	6438.000
1293.970	6594.000
1294.107	6539.000
1294.245	6674.000
1294.382	6491.000
1294.520	6624.000
1294.657	6455.000
1294.795	6651.000
1294.932	6526.000
1295.069	6662.000
1295.207	6509.000
1295.344	6638.000
1295.482	6517.000
1295.619	6631.000
1295.756	6434.000
1295.894	6554.000
1296.031	6415.000
1296.168	6691.000
1296.306	6443.000
1296.443	6640.000
1296.580	6420.000
1296.718	6664.000
1296.855	6478.000
1296.992	6664.000
1297.130	6456.000
1297.267	6611.000
1297.404	6326.000
1297.541	6624.000
1297.679	6391.000
1297.816	6630.000
1297.953	6390.000
1298.090	6659.000
1298.228	6435.000
1298.365	6579.000
1298.502	6407.000
1298.639	6660.000
1298.776	6355.000
1298.913	6616.000
1299.051	6465.000
1299.188	6513.000
1299.325	6386.000
1299.462	6627.000
1299.599	6418.000
1299.736	6568.000
1299.873	6424.000
1300.010	6549.000
1300.147	6441.000
1300.285	6528.000
1300.422	6460.000
1300.559	6582.000
1300.696	6433.000
1300.833	6650.000
1300.970	6391.000
1301.107	6576.000
1301.244	6357.000
1301.381	6523.000
1301.518	6506.000
1301.655	6666.000
1301.792	6408.000
1301.929	6547.000
1302.066	6442.000
1302.203	6638.000
1302.340	6448.000
1302.476	6625.000
1302.613	6460.000
1302.750	6653.000
1302.887	6413.000
1303.024	6550.000
1303.161	6425.000
1303.298	6608.000
1303.435	6396.000
1303.572	6490.000
1303.708	6436.000
1303.845	6650.000
1303.982	6471.000
1304.119	6553.000
1304.256	6432.000
1304.392	6491.000
1304.529	6483.000
1304.666	6611.000
