1129.938	26219.000
1130.084	23718.000
1130.229	25632.000
1130.375	23254.000
1130.521	24913.000
1130.667	22673.000
1130.813	24003.000
1130.958	21907.000
1131.104	23295.000
1131.250	21303.000
1131.396	22410.000
1131.542	20682.000
1131.687	21771.000
1131.833	19893.000
1131.979	20964.000
1132.124	19497.000
1132.270	20301.000
1132.416	18890.000
1132.561	19752.000
1132.707	18375.000
1132.853	19118.000
1132.998	17702.000
1133.144	18562.000
1133.290	17179.000
1133.435	18112.000
1133.581	17090.000
1133.727	18063.000
1133.872	17016.000
1134.018	17894.000
1134.163	16950.000
1134.309	17764.000
1134.455	16713.000
1134.600	17468.000
1134.746	16547.000
1134.891	17382.000
1135.037	16632.000
1135.182	17585.000
1135.328	16626.000
1135.473	17473.000
1135.619	16600.000
1135.764	17307.000
1135.910	16425.000
1136.055	17034.000
1136.201	16230.000
1136.346	16719.000
1136.492	15844.000
1136.637	16480.000
1136.783	15537.000
1136.928	16014.000
1137.074	15239.000
1137.219	15617.000
1137.364	14859.000
1137.510	15428.000
1137.655	14679.000
1137.801	15049.000
1137.946	14365.000
1138.091	14731.000
1138.237	14140.000
1138.382	14401.000
1138.527	13809.000
1138.673	14187.000
1138.818	13570.000
1138.963	13900.000
1139.109	13360.000
1139.254	13671.000
1139.399	13213.000
1139.544	13491.000
1139.690	12948.000
1139.835	13306.000
1139.980	12886.000
1140.125	13109.000
1140.271	12712.000
1140.416	12992.000
1140.561	12610.000
1140.706	12807.000
1140.851	12461.000
1140.997	12674.000
1141.142	12343.000
1141.287	12599.000
1141.432	12399.000
1141.577	12481.000
1141.723	12235.000
1141.868	12422.000
1142.013	12149.000
1142.158	12309.000
1142.303	12043.000
1142.448	12250.000
1142.593	11960.000
1142.738	12195.000
1142.883	11864.000
1143.028	12071.000
1143.174	11817.000
1143.319	12019.000
1143.464	11789.000
1143.609	12089.000
1143.754	11746.000
1143.899	11917.000
1144.044	11741.000
1144.189	11957.000
1144.334	11724.000
1144.479	11875.000
1144.624	11630.000
1144.769	11790.000
1144.914	11579.000
1145.059	11818.000
1145.204	11672.000
1145.348	11720.000
1145.493	11503.000
1145.638	11679.000
1145.783	11469.000
1145.928	11645.000
1146.073	11487.000
1146.218	11489.000
1146.363	11491.000
1146.508	11540.000
1146.653	11361.000
1146.797	11552.000
1146.942	11418.000
1147.087	11552.000
1147.232	11355.000
1147.377	11459.000
1147.522	11340.000
1147.666	11423.000
1147.811	11359.000
1147.956	11390.000
1148.101	11322.000
1148.245	11316.000
1148.390	11246.000
1148.535	11470.000
1148.680	11264.000
1148.824	11360.000
1148.969	11242.000
1149.114	11373.000
1149.259	11239.000
1149.403	11350.000
1149.548	11240.000
1149.693	11410.000
1149.837	11288.000
1149.982	11357.000
1150.127	11292.000
1150.271	11412.000
1150.416	11259.000
1150.561	11361.000
1150.705	11161.000
1150.850	11359.000
1150.994	11291.000
1151.139	11394.000
1151.284	11178.000
1151.428	11317.000
1151.573	11265.000
1151.717	11320.000
1151.862	11181.000
1152.006	11262.000
1152.151	11289.000
1152.295	11295.000
1152.440	11317.000
1152.584	11391.000
1152.729	11320.000
1152.873	11340.000
1153.018	11258.000
1153.162	11371.000
1153.307	11240.000
1153.451	11330.000
1153.596	11305.000
1153.740	11268.000
1153.885	11247.000
1154.029	11364.000
1154.174	11252.000
1154.318	11366.000
1154.462	11293.000
1154.607	11269.000
1154.751	11270.000
1154.896	11327.000
1155.040	11252.000
1155.184	11368.000
1155.329	11293.000
1155.473	11295.000
1155.617	11306.000
1155.762	11239.000
1155.906	11216.000
1156.050	11317.000
1156.194	11317.000
1156.339	11328.000
1156.483	11319.000
1156.627	11245.000
1156.772	11200.000
1156.916	11307.000
1157.060	11251.000
1157.204	11365.000
1157.349	11325.000
1157.493	11270.000
1157.637	11240.000
1157.781	11235.000
1157.925	11235.000
1158.070	11254.000
1158.214	11315.000
1158.358	11253.000
1158.502	11207.000
1158.646	11164.000
1158.790	11313.000
1158.935	11391.000
1159.079	11201.000
1159.223	11273.000
1159.367	11192.000
1159.511	11209.000
1159.655	11177.000
1159.799	11231.000
1159.943	11233.000
1160.087	11146.000
1160.231	11171.000
1160.375	11164.000
1160.519	11140.000
1160.664	11097.000
1160.808	11187.000
1160.952	11138.000
1161.096	11073.000
1161.240	11031.000
1161.384	11071.000
1161.528	11002.000
1161.672	11051.000
1161.815	11068.000
1161.959	11060.000
1162.103	11013.000
1162.247	11075.000
1162.391	10862.000
1162.535	10949.000
1162.679	10892.000
1162.823	10932.000
1162.967	10866.000
1163.111	10948.000
1163.255	10857.000
1163.399	10849.000
1163.542	10813.000
1163.686	10875.000
1163.830	10784.000
1163.974	10758.000
1164.118	10729.000
1164.262	10800.000
1164.405	10696.000
1164.549	10668.000
1164.693	10598.000
1164.837	10661.000
1164.981	10610.000
1165.124	10649.000
1165.268	10568.000
1165.412	10638.000
1165.556	10534.000
1165.699	10608.000
1165.843	10591.000
1165.987	10599.000
1166.131	10571.000
1166.274	10483.000
1166.418	10461.000
1166.562	10507.000
1166.705	10372.000
1166.849	10494.000
1166.993	10552.000
1167.136	10507.000
1167.280	10423.000
1167.424	10499.000
1167.567	10464.000
1167.711	10403.000
1167.854	10345.000
1167.998	10449.000
1168.142	10364.000
1168.285	10442.000
1168.429	10349.000
1168.572	10431.000
1168.716	10296.000
1168.859	10354.000
1169.003	10373.000
1169.147	10369.000
1169.290	10356.000
1169.434	10359.000
1169.577	10296.000
1169.721	10369.000
1169.864	10297.000
1170.008	10466.000
1170.151	10310.000
1170.294	10294.000
1170.438	10347.000
1170.581	10387.000
1170.725	10256.000
1170.868	10370.000
1171.012	10363.000
1171.155	10357.000
1171.298	10271.000
1171.442	10283.000
1171.585	10288.000
1171.729	10313.000
1171.872	10269.000
1172.015	10322.000
1172.159	10249.000
1172.302	10326.000
1172.445	10248.000
1172.589	10273.000
1172.732	10074.000
1172.875	10341.000
1173.019	10192.000
1173.162	10259.000
1173.305	10196.000
1173.449	10327.000
1173.592	10181.000
1173.735	10250.000
1173.878	10261.000
1174.022	10175.000
1174.165	10119.000
1174.308	10283.000
1174.451	10175.000
1174.594	10228.000
1174.738	10118.000
1174.881	10336.000
1175.024	10264.000
1175.167	10257.000
1175.310	10158.000
1175.454	10259.000
1175.597	10223.000
1175.740	10282.000
1175.883	10113.000
1176.026	10302.000
1176.169	10144.000
1176.312	10149.000
1176.455	10212.000
1176.598	10214.000
1176.742	10144.000
1176.885	10363.000
1177.028	10167.000
1177.171	10147.000
1177.314	10173.000
1177.457	10299.000
1177.600	10211.000
1177.743	10164.000
1177.886	10108.000
1178.029	10337.000
1178.172	10162.000
1178.315	10250.000
1178.458	10169.000
1178.601	10309.000
1178.744	10198.000
1178.887	10276.000
1179.030	10227.000
1179.173	10317.000
1179.316	10202.000
1179.458	10325.000
1179.601	10176.000
1179.744	10251.000
1179.887	10258.000
1180.030	10243.000
1180.173	10121.000
1180.316	10373.000
1180.459	10135.000
1180.602	10223.000
1180.744	10174.000
1180.887	10300.000
1181.030	10232.000
1181.173	10308.000
1181.316	10256.000
1181.458	10206.000
1181.601	10183.000
1181.744	10257.000
1181.887	10324.000
1182.030	10232.000
1182.172	10205.000
1182.315	10225.000
1182.458	10260.000
1182.601	10333.000
1182.743	10215.000
1182.886	10245.000
1183.029	10257.000
1183.171	10298.000
1183.314	10257.000
1183.457	10304.000
1183.599	10210.000
1183.742	10359.000
1183.885	10186.000
1184.027	10313.000
1184.170	10230.000
1184.313	10384.000
1184.455	10218.000
1184.598	10451.000
1184.741	10160.000
1184.883	10456.000
1185.026	10285.000
1185.168	10362.000
1185.311	10255.000
1185.453	10395.000
1185.596	10306.000
1185.739	10311.000
1185.881	10290.000
1186.024	10408.000
1186.166	10270.000
1186.309	10367.000
1186.451	10305.000
1186.594	10405.000
1186.736	10402.000
1186.879	10433.000
1187.021	10369.000
1187.164	10439.000
1187.306	10288.000
1187.448	10459.000
1187.591	10095.000
1187.733	10490.000
1187.876	10356.000
1188.018	10400.000
1188.160	10411.000
1188.303	10375.000
1188.445	10234.000
1188.588	10384.000
1188.730	10413.000
1188.872	10539.000
1189.015	10327.000
1189.157	10423.000
1189.299	10303.000
1189.442	10483.000
1189.584	10378.000
1189.726	10405.000
1189.869	10290.000
1190.011	10499.000
1190.153	10344.000
1190.295	10451.000
1190.438	10332.000
1190.580	10493.000
1190.722	10340.000
1190.864	10459.000
1191.007	10403.000
1191.149	10421.000
1191.291	10269.000
1191.433	10417.000
1191.576	10357.000
1191.718	10590.000
1191.860	10363.000
1192.002	10522.000
1192.144	10409.000
1192.286	10472.000
1192.429	10373.000
1192.571	10501.000
1192.713	10374.000
1192.855	10501.000
1192.997	10422.000
1193.139	10491.000
1193.281	10385.000
1193.423	10533.000
1193.565	10446.000
1193.707	10525.000
1193.850	10405.000
1193.992	10472.000
1194.134	10353.000
1194.276	10535.000
1194.418	10325.000
1194.560	10452.000
1194.702	10372.000
1194.844	10406.000
1194.986	10368.000
1195.128	10457.000
1195.270	10394.000
1195.412	10469.000
1195.554	10365.000
1195.696	10523.000
1195.837	10407.000
1195.979	10444.000
1196.121	10329.000
1196.263	10511.000
1196.405	10395.000
1196.547	10434.000
1196.689	10358.000
1196.831	10498.000
1196.973	10318.000
1197.115	10409.000
1197.256	10294.000
1197.398	10422.000
1197.540	10303.000
1197.682	10390.000
1197.824	10262.000
1197.966	10387.000
1198.107	10251.000
1198.249	10351.000
1198.391	10343.000
1198.533	10332.000
1198.675	10236.000
1198.816	10313.000
1198.958	10158.000
1199.100	10387.000
1199.242	10266.000
1199.383	10218.000
1199.525	10169.000
1199.667	10205.000
1199.808	10181.000
1199.950	10256.000
1200.092	10210.000
1200.233	10275.000
1200.375	10086.000
1200.517	10197.000
1200.658	10087.000
1200.800	10189.000
1200.942	10084.000
1201.083	10173.000
1201.225	10110.000
1201.367	10149.000
1201.508	10065.000
1201.650	10023.000
1201.791	9938.000
1201.933	10119.000
1202.074	9870.000
1202.216	9992.000
1202.358	9941.000
1202.499	9993.000
1202.641	9886.000
1202.782	9946.000
1202.924	9837.000
1203.065	10011.000
1203.207	9753.000
1203.348	9971.000
1203.490	9799.000
1203.631	9879.000
1203.773	9766.000
1203.914	9864.000
1204.056	9736.000
1204.197	9831.000
1204.338	9669.000
1204.480	9781.000
1204.621	9673.000
1204.763	9790.000
1204.904	9548.000
1205.045	9737.000
1205.187	9707.000
1205.328	9736.000
1205.470	9656.000
1205.611	9728.000
1205.752	9533.000
1205.894	9687.000
1206.035	9532.000
1206.176	9666.000
1206.318	9471.000
1206.459	9779.000
1206.600	9570.000
1206.741	9699.000
1206.883	9510.000
1207.024	9660.000
1207.165	9535.000
1207.306	9634.000
1207.448	9464.000
1207.589	9580.000
1207.730	9483.000
1207.871	9639.000
1208.013	9513.000
1208.154	9611.000
1208.295	9390.000
1208.436	9553.000
1208.577	9463.000
1208.719	9585.000
1208.860	9473.000
1209.001	9555.000
1209.142	9374.000
1209.283	9557.000
1209.424	9343.000
1209.565	9574.000
1209.706	9444.000
1209.848	9606.000
1209.989	9422.000
1210.130	9513.000
1210.271	9370.000
1210.412	9431.000
1210.553	9406.000
1210.694	9566.000
1210.835	9331.000
1210.976	9517.000
1211.117	9272.000
1211.258	9482.000
1211.399	9345.000
1211.540	9438.000
1211.681	9301.000
1211.822	9425.000
1211.963	9420.000
1212.104	9394.000
1212.245	9307.000
1212.386	9466.000
1212.527	9293.000
1212.668	9447.000
1212.809	9268.000
1212.950	9496.000
1213.090	9254.000
1213.231	9354.000
1213.372	9236.000
1213.513	9394.000
1213.654	9255.000
1213.795	9320.000
1213.936	9156.000
1214.077	9373.000
1214.217	9335.000
1214.358	9418.000
1214.499	9280.000
1214.640	9459.000
1214.781	9234.000
1214.921	9372.000
1215.062	9192.000
1215.203	9353.000
1215.344	9136.000
1215.485	9313.000
1215.625	9278.000
1215.766	9387.000
1215.907	9215.000
1216.047	9379.000
1216.188	9195.000
1216.329	9319.000
1216.470	9104.000
1216.610	9303.000
1216.751	9177.000
1216.892	9233.000
1217.032	9135.000
1217.173	9262.000
1217.314	9226.000
1217.454	9251.000
1217.595	9176.000
1217.735	9286.000
1217.876	9163.000
1218.017	9282.000
1218.157	9149.000
1218.298	9321.000
1218.438	9172.000
1218.579	9264.000
1218.720	9114.000
1218.860	9317.000
1219.001	9149.000
1219.141	9209.000
1219.282	9175.000
1219.422	9227.000
1219.563	9095.000
1219.703	9163.000
1219.844	9106.000
1219.984	9309.000
1220.125	9175.000
1220.265	9211.000
1220.406	9123.000
1220.546	9248.000
1220.687	9080.000
1220.827	9198.000
1220.967	9071.000
1221.108	9235.000
1221.248	9038.000
1221.389	9201.000
1221.529	9083.000
1221.669	9259.000
1221.810	9110.000
1221.950	9189.000
1222.091	9051.000
1222.231	9266.000
1222.371	9130.000
1222.512	9221.000
1222.652	9151.000
1222.792	9247.000
1222.933	9042.000
1223.073	9221.000
1223.213	9201.000
1223.353	9312.000
1223.494	9116.000
1223.634	9229.000
1223.774	9132.000
1223.914	9186.000
1224.055	9082.000
1224.195	9247.000
1224.335	9090.000
1224.475	9243.000
1224.616	9108.000
1224.756	9208.000
1224.896	9090.000
1225.036	9324.000
1225.176	9158.000
1225.316	9264.000
1225.457	9076.000
1225.597	9278.000
1225.737	9111.000
1225.877	9277.000
1226.017	9160.000
1226.157	9333.000
1226.297	9112.000
1226.437	9254.000
1226.578	9121.000
1226.718	9275.000
1226.858	9159.000
1226.998	9311.000
1227.138	9167.000
1227.278	9226.000
1227.418	9204.000
1227.558	9260.000
1227.698	9203.000
1227.838	9339.000
1227.978	9198.000
1228.118	9249.000
1228.258	9151.000
1228.398	9297.000
1228.538	9175.000
1228.678	9247.000
1228.818	9182.000
1228.958	9262.000
1229.098	9204.000
1229.238	9372.000
1229.377	9171.000
1229.517	9339.000
1229.657	9270.000
1229.797	9306.000
1229.937	9163.000
1230.077	9406.000
1230.217	9216.000
1230.357	9343.000
1230.496	9294.000
1230.636	9373.000
1230.776	9228.000
1230.916	9332.000
1231.056	9227.000
1231.196	9397.000
1231.335	9241.000
1231.475	9259.000
1231.615	9277.000
1231.755	9341.000
1231.894	9251.000
1232.034	9284.000
1232.174	9216.000
1232.314	9433.000
1232.453	9221.000
1232.593	9296.000
1232.733	9239.000
1232.873	9449.000
1233.012	9595.000
1233.152	9347.000
1233.292	9282.000
1233.431	9359.000
1233.571	9221.000
1233.711	9431.000
1233.850	9183.000
1233.990	9403.000
1234.129	9217.000
1234.269	9223.000
1234.409	9293.000
1234.548	9367.000
1234.688	9240.000
1234.828	9330.000
1234.967	9253.000
1235.107	9357.000
1235.246	9230.000
1235.386	9285.000
1235.525	9171.000
1235.665	9318.000
1235.804	9187.000
1235.944	9353.000
1236.083	9212.000
1236.223	9280.000
1236.362	9253.000
1236.502	9260.000
1236.641	9200.000
1236.781	9419.000
1236.920	9214.000
1237.060	9289.000
1237.199	9181.000
1237.339	9249.000
1237.478	9214.000
1237.617	9268.000
1237.757	9196.000
1237.896	9207.000
1238.036	9227.000
1238.175	9232.000
1238.314	9198.000
1238.454	9319.000
1238.593	9175.000
1238.732	9249.000
1238.872	9190.000
1239.011	9345.000
1239.150	9198.000
1239.290	9271.000
1239.429	9219.000
1239.568	9258.000
1239.708	9222.000
1239.847	9289.000
1239.986	9214.000
1240.125	9273.000
1240.265	9239.000
1240.404	9321.000
1240.543	9264.000
1240.682	9302.000
1240.822	9218.000
1240.961	9245.000
1241.100	9223.000
1241.239	9284.000
1241.378	9183.000
1241.518	9371.000
1241.657	9228.000
1241.796	9370.000
1241.935	9216.000
1242.074	9290.000
1242.213	9250.000
1242.352	9300.000
1242.492	9143.000
1242.631	9354.000
1242.770	9215.000
1242.909	9403.000
1243.048	9253.000
1243.187	9424.000
1243.326	9229.000
1243.465	9390.000
1243.604	9219.000
1243.743	9351.000
1243.882	9225.000
1244.021	9383.000
1244.160	9270.000
1244.299	9391.000
1244.438	9273.000
1244.577	9439.000
1244.716	9221.000
1244.855	9385.000
1244.994	9260.000
1245.133	9409.000
1245.272	9283.000
1245.411	9453.000
1245.550	9390.000
1245.689	9476.000
1245.828	9347.000
1245.967	9368.000
1246.106	9353.000
1246.244	9501.000
1246.383	9311.000
1246.522	9435.000
1246.661	9353.000
1246.800	9508.000
1246.939	9295.000
1247.078	9480.000
1247.216	9317.000
1247.355	9555.000
1247.494	9436.000
1247.633	9479.000
1247.772	9316.000
1247.910	9441.000
1248.049	9329.000
1248.188	9443.000
1248.327	9369.000
1248.465	9500.000
1248.604	9383.000
1248.743	9425.000
1248.882	9352.000
1249.020	9485.000
1249.159	9407.000
1249.298	9483.000
1249.436	9336.000
1249.575	9520.000
1249.714	9353.000
1249.852	9468.000
1249.991	9363.000
1250.130	9473.000
1250.268	9259.000
1250.407	9517.000
1250.546	9408.000
1250.684	9409.000
1250.823	9364.000
1250.961	9524.000
1251.100	9327.000
1251.239	9515.000
1251.377	9394.000
1251.516	9464.000
1251.654	9330.000
1251.793	9436.000
1251.931	9344.000
1252.070	9434.000
1252.208	9399.000
1252.347	9482.000
1252.485	9393.000
1252.624	9441.000
1252.762	9319.000
1252.901	9533.000
1253.039	9435.000
1253.178	9467.000
1253.316	9448.000
1253.455	9501.000
1253.593	9388.000
1253.732	9500.000
1253.870	8559.000
1254.008	9485.000
1254.147	9375.000
1254.285	9396.000
1254.424	9290.000
1254.562	9470.000
1254.700	9345.000
1254.839	9469.000
1254.977	9398.000
1255.115	9464.000
1255.254	9336.000
1255.392	9426.000
1255.530	9349.000
1255.669	9504.000
1255.807	9367.000
1255.945	9410.000
1256.084	9284.000
1256.222	9479.000
1256.360	9280.000
1256.498	9394.000
1256.637	9394.000
1256.775	9406.000
1256.913	9320.000
1257.051	9412.000
1257.189	9264.000
1257.328	9482.000
1257.466	9225.000
1257.604	9499.000
1257.742	9334.000
1257.880	9389.000
1258.019	9335.000
1258.157	9329.000
1258.295	9268.000
1258.433	9364.000
1258.571	9244.000
1258.709	9332.000
1258.847	9288.000
1258.986	9421.000
1259.124	9310.000
1259.262	9425.000
1259.400	9221.000
1259.538	9371.000
1259.676	9245.000
1259.814	9325.000
1259.952	9169.000
1260.090	9333.000
1260.228	9198.000
1260.366	9353.000
1260.504	9189.000
1260.642	9352.000
1260.780	9314.000
1260.918	9359.000
1261.056	9213.000
1261.194	9457.000
1261.332	9227.000
1261.470	9349.000
1261.608	9307.000
1261.746	9382.000
1261.884	9236.000
1262.022	9485.000
1262.160	11852.000
1262.297	9497.000
1262.435	9319.000
1262.573	9405.000
1262.711	9336.000
1262.849	9420.000
1262.987	9228.000
1263.125	9380.000
1263.262	9423.000
1263.400	9518.000
1263.538	9375.000
1263.676	9401.000
1263.814	9334.000
1263.952	9436.000
1264.089	9433.000
1264.227	9517.000
1264.365	9388.000
1264.503	9483.000
1264.640	9370.000
1264.778	9518.000
1264.916	9407.000
1265.054	9548.000
1265.191	9392.000
1265.329	9529.000
1265.467	9402.000
1265.604	9512.000
1265.742	9363.000
1265.880	9451.000
1266.017	9396.000
1266.155	9546.000
1266.293	9344.000
1266.430	9523.000
1266.568	9370.000
1266.706	9582.000
1266.843	9422.000
1266.981	9553.000
1267.119	9381.000
1267.256	9509.000
1267.394	9273.000
1267.531	9530.000
1267.669	9316.000
1267.806	9535.000
1267.944	9366.000
1268.081	9567.000
1268.219	9397.000
1268.357	9554.000
1268.494	9407.000
1268.632	9559.000
1268.769	9312.000
1268.907	9589.000
1269.044	9446.000
1269.182	9473.000
1269.319	9376.000
1269.456	9592.000
1269.594	9421.000
1269.731	9525.000
1269.869	9402.000
1270.006	9563.000
1270.144	9475.000
1270.281	9523.000
1270.418	9484.000
1270.556	9569.000
1270.693	9470.000
1270.831	9635.000
1270.968	9458.000
1271.105	9637.000
1271.243	9399.000
1271.380	9562.000
1271.517	9565.000
1271.655	9715.000
1271.792	9484.000
1271.929	9613.000
1272.066	9549.000
1272.204	9716.000
1272.341	9531.000
1272.478	9727.000
1272.616	9525.000
1272.753	9718.000
1272.890	9515.000
1273.027	9625.000
1273.165	9526.000
1273.302	9691.000
1273.439	9502.000
1273.576	9586.000
1273.713	9567.000
1273.851	9755.000
1273.988	9599.000
1274.125	9655.000
1274.262	9513.000
1274.399	9638.000
1274.536	9641.000
1274.673	9766.000
