1159.948	8108.000
1160.095	8011.000
1160.241	8111.000
1160.387	8072.000
1160.533	8069.000
1160.679	8074.000
1160.825	8067.000
1160.971	8041.000
1161.117	8049.000
1161.263	8007.000
1161.410	8049.000
1161.556	8040.000
1161.702	8028.000
1161.848	7929.000
1161.994	7982.000
1162.140	8033.000
1162.286	7922.000
1162.432	7985.000
1162.578	7943.000
1162.724	7996.000
1162.870	7908.000
1163.016	7855.000
1163.162	8047.000
1163.308	7885.000
1163.454	7960.000
1163.599	7875.000
1163.745	7945.000
1163.891	7834.000
1164.037	7862.000
1164.183	7832.000
1164.329	7872.000
1164.475	7900.000
1164.621	7901.000
1164.767	7824.000
1164.912	7836.000
1165.058	7808.000
1165.204	7919.000
1165.350	7779.000
1165.496	7878.000
1165.642	7856.000
1165.787	7824.000
1165.933	7825.000
1166.079	7773.000
1166.225	7849.000
1166.370	7735.000
1166.516	7786.000
1166.662	7823.000
1166.808	7742.000
1166.953	7782.000
1167.099	7788.000
1167.245	7751.000
1167.390	7728.000
1167.536	7811.000
1167.682	7790.000
1167.827	7746.000
1167.973	7760.000
1168.119	7716.000
1168.264	7752.000
1168.410	7710.000
1168.556	7689.000
1168.701	7774.000
1168.847	7699.000
1168.992	7710.000
1169.138	7663.000
1169.284	7678.000
1169.429	7766.000
1169.575	7747.000
1169.720	7681.000
1169.866	7664.000
1170.011	7727.000
1170.157	7678.000
1170.302	7660.000
1170.448	7716.000
1170.593	7715.000
1170.739	7629.000
1170.884	7670.000
1171.030	7632.000
1171.175	7646.000
1171.321	7676.000
1171.466	7744.000
1171.611	7619.000
1171.757	7667.000
1171.902	7654.000
1172.048	7648.000
1172.193	7592.000
1172.338	7660.000
1172.484	7610.000
1172.629	7636.000
1172.775	7627.000
1172.920	7632.000
1173.065	7632.000
1173.211	7666.000
1173.356	7671.000
1173.501	7645.000
1173.646	7676.000
1173.792	7639.000
1173.937	7615.000
1174.082	7661.000
1174.228	7684.000
1174.373	7681.000
1174.518	7628.000
1174.663	7601.000
1174.809	7610.000
1174.954	7586.000
1175.099	7635.000
1175.244	7711.000
1175.389	7610.000
1175.535	7662.000
1175.680	7600.000
1175.825	7632.000
1175.970	7651.000
1176.115	7682.000
1176.260	7514.000
1176.405	7700.000
1176.550	7644.000
1176.696	7649.000
1176.841	7673.000
1176.986	7719.000
1177.131	7651.000
1177.276	7696.000
1177.421	7669.000
1177.566	7701.000
1177.711	7675.000
1177.856	7768.000
1178.001	7645.000
1178.146	7748.000
1178.291	7609.000
1178.436	7645.000
1178.581	7772.000
1178.726	7773.000
1178.871	7703.000
1179.016	7755.000
1179.161	7735.000
1179.306	7737.000
1179.451	7721.000
1179.596	7748.000
1179.741	7805.000
1179.886	7803.000
1180.030	7765.000
1180.175	7792.000
1180.320	7820.000
1180.465	7825.000
1180.610	7748.000
1180.755	7739.000
1180.900	7786.000
1181.044	7841.000
1181.189	7848.000
1181.334	7806.000
1181.479	7789.000
1181.624	7867.000
1181.768	7814.000
1181.913	7822.000
1182.058	7747.000
1182.203	7835.000
1182.348	7755.000
1182.492	7918.000
1182.637	7854.000
1182.782	7878.000
1182.926	7845.000
1183.071	7871.000
1183.216	7869.000
1183.360	7842.000
1183.505	7819.000
1183.650	7863.000
1183.794	7772.000
1183.939	7876.000
1184.084	7866.000
1184.228	7881.000
1184.373	7845.000
1184.518	7904.000
1184.662	7764.000
1184.807	7933.000
1184.951	7864.000
1185.096	7854.000
1185.241	7923.000
1185.385	7918.000
1185.530	7785.000
1185.674	7936.000
1185.819	7778.000
1185.963	7870.000
1186.108	7844.000
1186.252	7975.000
1186.397	7883.000
1186.541	7955.000
1186.686	7786.000
1186.830	7842.000
1186.975	7870.000
1187.119	7920.000
1187.263	7919.000
1187.408	7972.000
1187.552	7850.000
1187.697	7920.000
1187.841	7792.000
1187.985	7962.000
1188.130	7864.000
1188.274	7976.000
1188.419	7834.000
1188.563	7943.000
1188.707	7813.000
1188.852	8008.000
1188.996	7979.000
1189.140	7909.000
1189.285	7955.000
1189.429	7915.000
1189.573	7831.000
1189.717	7989.000
1189.862	7902.000
1190.006	8019.000
1190.150	7847.000
1190.294	7981.000
1190.439	7891.000
1190.583	7988.000
1190.727	7860.000
1190.871	8083.000
1191.016	7925.000
1191.160	7981.000
1191.304	7867.000
1191.448	7941.000
1191.592	7825.000
1191.736	7970.000
1191.881	7900.000
1192.025	8020.000
1192.169	7924.000
1192.313	8032.000
1192.457	7792.000
1192.601	8046.000
1192.745	7888.000
1192.889	8006.000
1193.033	7901.000
1193.177	8087.000
1193.321	7940.000
1193.465	8010.000
1193.610	7911.000
1193.754	8043.000
1193.898	7902.000
1194.042	7978.000
1194.186	7921.000
1194.330	8072.000
1194.474	7858.000
1194.617	7959.000
1194.761	7888.000
1194.905	7968.000
1195.049	7889.000
1195.193	7998.000
1195.337	7870.000
1195.481	8042.000
1195.625	7911.000
1195.769	8003.000
1195.913	7972.000
1196.057	8050.000
1196.201	7932.000
1196.344	7935.000
1196.488	7835.000
1196.632	7974.000
1196.776	7810.000
1196.920	7953.000
1197.064	7981.000
1197.207	8010.000
1197.351	7850.000
1197.495	8035.000
1197.639	7926.000
1197.782	7918.000
1197.926	7801.000
1198.070	7958.000
1198.214	7812.000
1198.357	7921.000
1198.501	7776.000
1198.645	7966.000
1198.789	7753.000
1198.932	7874.000
1199.076	7778.000
1199.220	7881.000
1199.363	7762.000
1199.507	7841.000
1199.651	7784.000
1199.794	7842.000
1199.938	7706.000
1200.081	7911.000
1200.225	7726.000
1200.369	7763.000
1200.512	7715.000
1200.656	7824.000
1200.799	7626.000
1200.943	7795.000
1201.087	7740.000
1201.230	7808.000
1201.374	7619.000
1201.517	7719.000
1201.661	7583.000
1201.804	7687.000
1201.948	7529.000
1202.091	7703.000
1202.235	7589.000
1202.378	7701.000
1202.522	7527.000
1202.665	7612.000
1202.808	7346.000
1202.952	7690.000
1203.095	7426.000
1203.239	7564.000
1203.382	7431.000
1203.526	7579.000
1203.669	7429.000
1203.812	7493.000
1203.956	7483.000
1204.099	7442.000
1204.242	7303.000
1204.386	7482.000
1204.529	7348.000
1204.672	7476.000
1204.816	7287.000
1204.959	7524.000
1205.102	7379.000
1205.246	7475.000
1205.389	7290.000
1205.532	7443.000
1205.675	7303.000
1205.819	7437.000
1205.962	7192.000
1206.105	7435.000
1206.248	7246.000
1206.392	7328.000
1206.535	7291.000
1206.678	7360.000
1206.821	7222.000
1206.964	7453.000
1207.108	7190.000
1207.251	7269.000
1207.394	7211.000
1207.537	7419.000
1207.680	7278.000
1207.823	7306.000
1207.966	7145.000
1208.109	7394.000
1208.253	7194.000
1208.396	7352.000
1208.539	7162.000
1208.682	7326.000
1208.825	7163.000
1208.968	7316.000
1209.111	7231.000
1209.254	7343.000
1209.397	7166.000
1209.540	7362.000
1209.683	7106.000
1209.826	7253.000
1209.969	7186.000
1210.112	7256.000
1210.255	7049.000
1210.398	7330.000
1210.541	7029.000
1210.684	7191.000
1210.827	7113.000
1210.970	7271.000
1211.113	7117.000
1211.255	7250.000
1211.398	7115.000
1211.541	7151.000
1211.684	7058.000
1211.827	7209.000
1211.970	7194.000
1212.113	7153.000
1212.256	7075.000
1212.398	7168.000
1212.541	7091.000
1212.684	7224.000
1212.827	7045.000
1212.970	7118.000
1213.112	7046.000
1213.255	7196.000
1213.398	7069.000
1213.541	7193.000
1213.683	7013.000
1213.826	7228.000
1213.969	6973.000
1214.112	7208.000
1214.254	7043.000
1214.397	7232.000
1214.540	7038.000
1214.682	7289.000
1214.825	7012.000
1214.968	7305.000
1215.110	7022.000
1215.253	7185.000
1215.396	7011.000
1215.538	7227.000
1215.681	7067.000
1215.824	7159.000
1215.966	7046.000
1216.109	7220.000
1216.251	7019.000
1216.394	7148.000
1216.536	7057.000
1216.679	7198.000
1216.822	7126.000
1216.964	7216.000
1217.107	7091.000
1217.249	7178.000
1217.392	7000.000
1217.534	7217.000
1217.677	6826.000
1217.819	7229.000
1217.962	7106.000
1218.104	7192.000
1218.247	7117.000
1218.389	7168.000
1218.531	6982.000
1218.674	7171.000
1218.816	7074.000
1218.959	7282.000
1219.101	7019.000
1219.243	7157.000
1219.386	6974.000
1219.528	7219.000
1219.671	7070.000
1219.813	7165.000
1219.955	6993.000
1220.098	7226.000
1220.240	7073.000
1220.382	7184.000
1220.525	7013.000
1220.667	7219.000
1220.809	7002.000
1220.951	7259.000
1221.094	7076.000
1221.236	7174.000
1221.378	6953.000
1221.520	7167.000
1221.663	7059.000
1221.805	7329.000
1221.947	6997.000
1222.089	7255.000
1222.232	7056.000
1222.374	7211.000
1222.516	7058.000
1222.658	7228.000
1222.800	7036.000
1222.942	7234.000
1223.084	7039.000
1223.227	7238.000
1223.369	7072.000
1223.511	7255.000
1223.653	7067.000
1223.795	7247.000
1223.937	7050.000
1224.079	7164.000
1224.221	7036.000
1224.363	7243.000
1224.505	7020.000
1224.647	7166.000
1224.789	7023.000
1224.932	7182.000
1225.074	7020.000
1225.216	7201.000
1225.358	7082.000
1225.500	7200.000
1225.641	7069.000
1225.783	7247.000
1225.925	7095.000
1226.067	7191.000
1226.209	7048.000
1226.351	7238.000
1226.493	7145.000
1226.635	7202.000
1226.777	7023.000
1226.919	7266.000
1227.061	7072.000
1227.203	7175.000
1227.345	7040.000
1227.486	7220.000
1227.628	7057.000
1227.770	7221.000
1227.912	7015.000
1228.054	7236.000
1228.196	7044.000
1228.337	7168.000
1228.479	7133.000
1228.621	7177.000
1228.763	7045.000
1228.904	7186.000
1229.046	7021.000
1229.188	7270.000
1229.330	7126.000
1229.471	7148.000
1229.613	7065.000
1229.755	7133.000
1229.897	7125.000
1230.038	7209.000
1230.180	7106.000
1230.322	7276.000
1230.463	7041.000
1230.605	7206.000
1230.747	7056.000
1230.888	7233.000
1231.030	7064.000
1231.171	7243.000
1231.313	7120.000
1231.455	7286.000
1231.596	7063.000
1231.738	7128.000
1231.879	7009.000
1232.021	7245.000
1232.163	6988.000
1232.304	7149.000
1232.446	7040.000
1232.587	7184.000
1232.729	7035.000
1232.870	7158.000
1233.012	7060.000
1233.153	7240.000
1233.295	6942.000
1233.436	7226.000
1233.578	7029.000
1233.719	7178.000
1233.860	7079.000
1234.002	7208.000
1234.143	7046.000
1234.285	7172.000
1234.426	6998.000
1234.568	7170.000
1234.709	7036.000
1234.850	7202.000
1234.992	6961.000
1235.133	7170.000
1235.274	7147.000
1235.416	7221.000
1235.557	7043.000
1235.698	7228.000
1235.840	7003.000
1235.981	7206.000
1236.122	7014.000
1236.264	7219.000
1236.405	6948.000
1236.546	7325.000
1236.687	7064.000
1236.829	7243.000
1236.970	7016.000
1237.111	7194.000
1237.252	7072.000
1237.394	7234.000
1237.535	7010.000
1237.676	7131.000
1237.817	7005.000
1237.958	7190.000
1238.100	7085.000
1238.241	7192.000
1238.382	6949.000
1238.523	7189.000
1238.664	7028.000
1238.805	7139.000
1238.946	6995.000
1239.088	7159.000
1239.229	6966.000
1239.370	7183.000
1239.511	6929.000
1239.652	7206.000
1239.793	7034.000
1239.934	7247.000
1240.075	7031.000
1240.216	7160.000
1240.357	6973.000
1240.498	7109.000
1240.639	7013.000
1240.780	7254.000
1240.921	6985.000
1241.062	7177.000
1241.203	6883.000
1241.344	7167.000
1241.485	7009.000
1241.626	7193.000
1241.767	6953.000
1241.908	7146.000
1242.049	7093.000
1242.190	7127.000
1242.330	7012.000
1242.471	7175.000
1242.612	6984.000
1242.753	7166.000
1242.894	6936.000
1243.035	7191.000
1243.176	6994.000
1243.316	7060.000
1243.457	6930.000
1243.598	7156.000
1243.739	6955.000
1243.880	7055.000
1244.020	6873.000
1244.161	7111.000
1244.302	7028.000
1244.443	7152.000
1244.584	6988.000
1244.724	7173.000
1244.865	6961.000
1245.006	7128.000
1245.146	6955.000
1245.287	7088.000
1245.428	6869.000
1245.568	7065.000
1245.709	6980.000
1245.850	7152.000
1245.990	6939.000
1246.131	7143.000
1246.272	6926.000
1246.412	7110.000
1246.553	6870.000
1246.694	7063.000
1246.834	6876.000
1246.975	7005.000
1247.115	6855.000
1247.256	7033.000
1247.397	6955.000
1247.537	7052.000
1247.678	6911.000
1247.818	7062.000
1247.959	6929.000
1248.099	7087.000
1248.240	6866.000
1248.380	7101.000
1248.521	6896.000
1248.661	7038.000
1248.802	6878.000
1248.942	7117.000
1249.083	6908.000
1249.223	7051.000
1249.364	6895.000
1249.504	7004.000
1249.644	6844.000
1249.785	6930.000
1249.925	6854.000
1250.066	7086.000
1250.206	6923.000
1250.346	7028.000
1250.487	6864.000
1250.627	7005.000
1250.767	6882.000
1250.908	6958.000
1251.048	6827.000
1251.188	7002.000
1251.329	6811.000
1251.469	6982.000
1251.609	6860.000
1251.750	7001.000
1251.890	6853.000
1252.030	6972.000
1252.170	6809.000
1252.311	7037.000
1252.451	6868.000
1252.591	6996.000
1252.731	6878.000
1252.871	7016.000
1253.012	6784.000
1253.152	6964.000
1253.292	6916.000
1253.432	7082.000
1253.572	6850.000
1253.712	6982.000
1253.853	6869.000
1253.993	6963.000
1254.133	6788.000
1254.273	7046.000
1254.413	6859.000
1254.553	7013.000
1254.693	6845.000
1254.833	6953.000
1254.973	6803.000
1255.114	7034.000
1255.254	6854.000
1255.394	7026.000
1255.534	6804.000
1255.674	7030.000
1255.814	6845.000
1255.954	7062.000
1256.094	6819.000
1256.234	7048.000
1256.374	6820.000
1256.514	6981.000
1256.654	6822.000
1256.794	7033.000
1256.933	6798.000
1257.073	7077.000
1257.213	6876.000
1257.353	6976.000
1257.493	6883.000
1257.633	6971.000
1257.773	6883.000
1257.913	7046.000
1258.053	6855.000
1258.193	6972.000
1258.332	6857.000
1258.472	7032.000
1258.612	6871.000
1258.752	6987.000
1258.892	6877.000
1259.031	6997.000
1259.171	6883.000
1259.311	7084.000
1259.451	6870.000
1259.591	6986.000
1259.730	6932.000
1259.870	7035.000
1260.010	6892.000
1260.150	7093.000
1260.289	6943.000
1260.429	7072.000
1260.569	6947.000
1260.708	7070.000
1260.848	6902.000
1260.988	7010.000
1261.127	6898.000
1261.267	7073.000
1261.407	6908.000
1261.546	7003.000
1261.686	6960.000
1261.826	7059.000
1261.965	6867.000
1262.105	6994.000
1262.244	6888.000
1262.384	7115.000
1262.524	6867.000
1262.663	7039.000
1262.803	6911.000
1262.942	7139.000
1263.082	7284.000
1263.221	7055.000
1263.361	6884.000
1263.500	7037.000
1263.640	6848.000
1263.779	7098.000
1263.919	6837.000
1264.058	7077.000
1264.198	6848.000
1264.337	6946.000
1264.477	6936.000
1264.616	7023.000
1264.756	6883.000
1264.895	7016.000
1265.034	6889.000
1265.174	7119.000
1265.313	6855.000
1265.453	6992.000
1265.592	6846.000
1265.731	6976.000
1265.871	6838.000
1266.010	7035.000
1266.149	6873.000
1266.289	6983.000
1266.428	6927.000
1266.567	6975.000
1266.707	6848.000
1266.846	7106.000
1266.985	6881.000
1267.124	6966.000
1267.264	6837.000
1267.403	6957.000
1267.542	6859.000
1267.681	6960.000
1267.821	6880.000
1267.960	6906.000
1268.099	6866.000
1268.238	6927.000
1268.377	6862.000
1268.517	6977.000
1268.656	6831.000
1268.795	6983.000
1268.934	6869.000
1269.073	7046.000
1269.212	6864.000
1269.352	6923.000
1269.491	6872.000
1269.630	6956.000
1269.769	6872.000
1269.908	6943.000
1270.047	6842.000
1270.186	6959.000
1270.325	6855.000
1270.464	6977.000
1270.603	6926.000
1270.742	6994.000
1270.881	6822.000
1271.020	6925.000
1271.159	6835.000
1271.298	6942.000
1271.437	6822.000
1271.576	7007.000
1271.715	6865.000
1271.854	6990.000
1271.993	6821.000
1272.132	6940.000
1272.271	6831.000
1272.410	6948.000
1272.549	6774.000
1272.688	7029.000
1272.827	6835.000
1272.966	7036.000
1273.104	6878.000
1273.243	7046.000
1273.382	6801.000
1273.521	7034.000
1273.660	6874.000
1273.799	6956.000
1273.938	6829.000
1274.076	7030.000
1274.215	6806.000
1274.354	7032.000
1274.493	6844.000
1274.632	7021.000
1274.770	6801.000
1274.909	6986.000
1275.048	6849.000
1275.187	7049.000
1275.325	6879.000
1275.464	7021.000
1275.603	6944.000
1275.741	7071.000
1275.880	6896.000
1276.019	6993.000
1276.157	6911.000
1276.296	7119.000
1276.435	6857.000
1276.573	7042.000
1276.712	6855.000
1276.851	7110.000
1276.989	6827.000
1277.128	7059.000
1277.267	6853.000
1277.405	7122.000
1277.544	6950.000
1277.682	7056.000
1277.821	6823.000
1277.959	7007.000
1278.098	6882.000
1278.236	7021.000
1278.375	6869.000
1278.514	7033.000
1278.652	6920.000
1278.791	7005.000
1278.929	6904.000
1279.068	7048.000
1279.206	6918.000
1279.344	7043.000
1279.483	6890.000
1279.621	7078.000
1279.760	6857.000
1279.898	7039.000
1280.037	6825.000
1280.175	7007.000
1280.313	6814.000
1280.452	7048.000
1280.590	6901.000
1280.729	6965.000
1280.867	6905.000
1281.005	7092.000
1281.144	6785.000
1281.282	7039.000
1281.420	6891.000
1281.559	6981.000
1281.697	6839.000
1281.835	6953.000
1281.974	6816.000
1282.112	6939.000
1282.250	6832.000
1282.388	6985.000
1282.527	6852.000
1282.665	6988.000
1282.803	6808.000
1282.941	7073.000
1283.080	6913.000
1283.218	6984.000
1283.356	6926.000
1283.494	7016.000
1283.632	6849.000
1283.771	7007.000
1283.909	6007.000
1284.047	6961.000
1284.185	6818.000
1284.323	6943.000
1284.461	6760.000
1284.599	6984.000
1284.737	6768.000
1284.876	6975.000
1285.014	6873.000
1285.152	6984.000
1285.290	6835.000
1285.428	6915.000
1285.566	6782.000
1285.704	7011.000
1285.842	6849.000
1285.980	6944.000
1286.118	6708.000
1286.256	6938.000
1286.394	6731.000
1286.532	6895.000
1286.670	6810.000
1286.808	6877.000
1286.946	6764.000
1287.084	6897.000
1287.222	6716.000
1287.360	6940.000
1287.498	6698.000
1287.636	6978.000
1287.774	6791.000
1287.911	6855.000
1288.049	6809.000
1288.187	6848.000
1288.325	6694.000
1288.463	6821.000
1288.601	6658.000
1288.739	6785.000
1288.876	6723.000
1289.014	6900.000
1289.152	6697.000
1289.290	6905.000
1289.428	6642.000
1289.565	6806.000
1289.703	6690.000
1289.841	6774.000
1289.979	6600.000
1290.117	6810.000
1290.254	6590.000
1290.392	6772.000
1290.530	6570.000
1290.667	6826.000
1290.805	6708.000
1290.943	6812.000
1291.080	6645.000
1291.218	6914.000
1291.356	6585.000
1291.493	6766.000
1291.631	6680.000
1291.769	6821.000
1291.906	6655.000
1292.044	6895.000
1292.182	9581.000
1292.319	6895.000
1292.457	6701.000
1292.594	6799.000
1292.732	6701.000
1292.870	6802.000
1293.007	6580.000
1293.145	6792.000
1293.282	6748.000
1293.420	6920.000
1293.557	6765.000
1293.695	6801.000
1293.832	6649.000
1293.970	6811.000
1294.107	6732.000
1294.245	6916.000
1294.382	6699.000
1294.520	6838.000
1294.657	6645.000
1294.795	6867.000
1294.932	6720.000
1295.069	6917.000
1295.207	6719.000
1295.344	6885.000
1295.482	6719.000
1295.619	6847.000
1295.756	6657.000
1295.894	6791.000
1296.031	6626.000
1296.168	6906.000
1296.306	6688.000
1296.443	6810.000
1296.580	6657.000
1296.718	6916.000
1296.855	6679.000
1296.992	6881.000
1297.130	6671.000
1297.267	6857.000
1297.404	6557.000
1297.541	6838.000
1297.679	6594.000
1297.816	6853.000
1297.953	6610.000
1298.090	6875.000
1298.228	6649.000
1298.365	6829.000
1298.502	6645.000
1298.639	6872.000
1298.776	6573.000
1298.913	6832.000
1299.051	6704.000
1299.188	6747.000
1299.325	6624.000
1299.462	6843.000
1299.599	6639.000
1299.736	6778.000
1299.873	6643.000
1300.010	6793.000
1300.147	6642.000
1300.285	6793.000
1300.422	6676.000
1300.559	6824.000
1300.696	6672.000
1300.833	6850.000
1300.970	6599.000
1301.107	6824.000
1301.244	6560.000
1301.381	6760.000
1301.518	6708.000
1301.655	6875.000
1301.792	6613.000
1301.929	6783.000
1302.066	6664.000
1302.203	6856.000
1302.340	6670.000
1302.476	6862.000
1302.613	6650.000
1302.750	6866.000
1302.887	6620.000
1303.024	6774.000
1303.161	6624.000
1303.298	6833.000
1303.435	6635.000
1303.572	6678.000
1303.708	6647.000
1303.845	6875.000
1303.982	6698.000
1304.119	6776.000
1304.256	6631.000
1304.392	6745.000
1304.529	6698.000
1304.666	6870.000
