1109.929	9503.000
1110.074	9415.000
1110.220	9505.000
1110.366	9523.000
1110.511	9483.000
1110.657	9556.000
1110.802	9512.000
1110.948	9503.000
1111.094	9525.000
1111.239	9490.000
1111.385	9478.000
1111.530	9565.000
1111.676	9546.000
1111.821	9471.000
1111.967	9551.000
1112.112	9611.000
1112.258	9533.000
1112.403	9578.000
1112.549	9583.000
1112.694	9670.000
1112.840	9572.000
1112.985	9533.000
1113.131	9756.000
1113.276	9631.000
1113.421	9695.000
1113.567	9615.000
1113.712	9715.000
1113.858	9600.000
1114.003	9707.000
1114.149	9640.000
1114.294	9772.000
1114.439	9705.000
1114.585	9807.000
1114.730	9715.000
1114.875	9740.000
1115.021	9701.000
1115.166	9862.000
1115.311	9685.000
1115.457	9862.000
1115.602	9798.000
1115.747	9876.000
1115.893	9824.000
1116.038	9847.000
1116.183	9843.000
1116.329	9846.000
1116.474	9850.000
1116.619	9981.000
1116.764	9783.000
1116.910	9927.000
1117.055	9850.000
1117.200	9952.000
1117.345	9839.000
1117.490	10047.000
1117.636	9959.000
1117.781	9986.000
1117.926	9944.000
1118.071	10023.000
1118.216	9986.000
1118.362	9998.000
1118.507	9946.000
1118.652	10108.000
1118.797	9965.000
1118.942	10048.000
1119.087	9944.000
1119.232	10047.000
1119.377	10071.000
1119.523	10146.000
1119.668	9987.000
1119.813	10148.000
1119.958	10066.000
1120.103	10177.000
1120.248	10038.000
1120.393	10218.000
1120.538	10105.000
1120.683	10126.000
1120.828	10080.000
1120.973	10156.000
1121.118	10095.000
1121.263	10167.000
1121.408	10207.000
1121.553	10260.000
1121.698	10191.000
1121.843	10351.000
1121.988	10193.000
1122.133	10296.000
1122.278	10203.000
1122.423	10267.000
1122.568	10187.000
1122.713	10349.000
1122.858	10218.000
1123.002	10382.000
1123.147	10323.000
1123.292	10438.000
1123.437	10344.000
1123.582	10526.000
1123.727	10364.000
1123.872	10448.000
1124.017	10374.000
1124.161	10511.000
1124.306	10411.000
1124.451	10469.000
1124.596	10347.000
1124.741	10503.000
1124.885	10363.000
1125.030	10569.000
1125.175	10559.000
1125.320	10612.000
1125.465	10520.000
1125.609	10655.000
1125.754	10521.000
1125.899	10705.000
1126.044	10577.000
1126.188	10581.000
1126.333	10642.000
1126.478	10672.000
1126.622	10481.000
1126.767	10712.000
1126.912	10584.000
1127.056	10760.000
1127.201	10652.000
1127.346	10811.000
1127.490	10698.000
1127.635	10796.000
1127.780	10738.000
1127.924	10782.000
1128.069	10745.000
1128.214	10737.000
1128.358	10665.000
1128.503	10891.000
1128.647	10656.000
1128.792	10735.000
1128.937	10620.000
1129.081	10742.000
1129.226	10580.000
1129.370	10643.000
1129.515	10574.000
1129.659	10686.000
1129.804	10579.000
1129.948	10594.000
1130.093	10505.000
1130.237	10509.000
1130.382	10423.000
1130.526	10414.000
1130.671	10218.000
1130.815	10339.000
1130.960	10235.000
1131.104	10221.000
1131.249	10041.000
1131.393	10016.000
1131.537	9977.000
1131.682	9920.000
1131.826	9768.000
1131.971	9750.000
1132.115	9669.000
1132.260	9592.000
1132.404	9663.000
1132.548	9586.000
1132.693	9528.000
1132.837	9471.000
1132.981	9441.000
1133.126	9407.000
1133.270	9342.000
1133.414	9306.000
1133.559	9328.000
1133.703	9193.000
1133.847	9242.000
1133.992	9243.000
1134.136	9214.000
1134.280	9224.000
1134.424	9303.000
1134.569	9165.000
1134.713	9285.000
1134.857	9211.000
1135.001	9214.000
1135.146	9279.000
1135.290	9283.000
1135.434	9195.000
1135.578	9322.000
1135.722	9177.000
1135.867	9299.000
1136.011	9316.000
1136.155	9399.000
1136.299	9354.000
1136.443	9362.000
1136.587	9224.000
1136.732	9206.000
1136.876	9241.000
1137.020	9217.000
1137.164	9217.000
1137.308	9239.000
1137.452	9107.000
1137.596	9126.000
1137.740	8975.000
1137.884	9088.000
1138.028	9019.000
1138.172	9160.000
1138.316	8964.000
1138.461	9025.000
1138.605	8904.000
1138.749	9080.000
1138.893	9055.000
1139.037	8953.000
1139.181	8970.000
1139.325	8947.000
1139.469	8883.000
1139.613	8982.000
1139.757	8909.000
1139.900	9002.000
1140.044	8845.000
1140.188	9014.000
1140.332	8858.000
1140.476	8980.000
1140.620	8835.000
1140.764	9037.000
1140.908	8887.000
1141.052	8950.000
1141.196	8841.000
1141.340	8937.000
1141.484	8824.000
1141.627	8939.000
1141.771	8914.000
1141.915	8979.000
1142.059	8908.000
1142.203	8989.000
1142.347	8763.000
1142.490	8978.000
1142.634	8799.000
1142.778	8974.000
1142.922	8851.000
1143.066	9071.000
1143.209	8923.000
1143.353	8988.000
1143.497	8897.000
1143.641	9042.000
1143.784	8858.000
1143.928	8983.000
1144.072	8897.000
1144.216	9043.000
1144.359	8854.000
1144.503	8957.000
1144.647	8894.000
1144.790	8962.000
1144.934	8871.000
1145.078	8996.000
1145.221	8887.000
1145.365	9054.000
1145.509	8889.000
1145.652	9062.000
1145.796	9006.000
1145.940	9056.000
1146.083	8971.000
1146.227	8943.000
1146.370	8881.000
1146.514	8980.000
1146.657	8898.000
1146.801	9026.000
1146.945	9066.000
1147.088	9091.000
1147.232	8949.000
1147.375	9068.000
1147.519	9085.000
1147.662	9019.000
1147.806	8941.000
1147.949	9087.000
1148.093	8949.000
1148.236	9049.000
1148.380	8937.000
1148.523	9111.000
1148.667	8934.000
1148.810	9006.000
1148.954	9029.000
1149.097	9034.000
1149.241	8981.000
1149.384	9089.000
1149.527	9025.000
1149.671	9063.000
1149.814	8989.000
1149.958	9204.000
1150.101	9036.000
1150.244	9047.000
1150.388	9044.000
1150.531	9138.000
1150.674	8971.000
1150.818	9142.000
1150.961	9098.000
1151.104	9146.000
1151.248	9055.000
1151.391	9099.000
1151.534	9016.000
1151.678	9091.000
1151.821	9005.000
1151.964	9069.000
1152.108	9047.000
1152.251	9126.000
1152.394	9042.000
1152.537	9096.000
1152.681	8904.000
1152.824	9209.000
1152.967	9015.000
1153.110	9079.000
1153.253	9023.000
1153.397	9165.000
1153.540	9031.000
1153.683	9085.000
1153.826	9131.000
1153.969	9034.000
1154.113	9013.000
1154.256	9113.000
1154.399	9032.000
1154.542	9119.000
1154.685	8953.000
1154.828	9221.000
1154.971	9102.000
1155.114	9137.000
1155.258	9017.000
1155.401	9134.000
1155.544	9089.000
1155.687	9164.000
1155.830	9015.000
1155.973	9181.000
1156.116	9045.000
1156.259	9016.000
1156.402	9027.000
1156.545	9118.000
1156.688	9022.000
1156.831	9218.000
1156.974	9004.000
1157.117	9014.000
1157.260	9004.000
1157.403	9211.000
1157.546	9096.000
1157.689	9067.000
1157.832	8957.000
1157.975	9190.000
1158.118	9015.000
1158.261	9148.000
1158.404	9016.000
1158.547	9147.000
1158.689	9033.000
1158.832	9122.000
1158.975	9087.000
1159.118	9194.000
1159.261	9043.000
1159.404	9193.000
1159.547	8953.000
1159.690	9049.000
1159.832	9048.000
1159.975	9145.000
1160.118	8954.000
1160.261	9151.000
1160.404	8917.000
1160.546	9040.000
1160.689	8997.000
1160.832	9131.000
1160.975	8999.000
1161.118	9109.000
1161.260	8996.000
1161.403	9039.000
1161.546	8939.000
1161.689	9066.000
1161.831	9072.000
1161.974	9040.000
1162.117	8939.000
1162.259	8986.000
1162.402	8949.000
1162.545	9064.000
1162.687	8915.000
1162.830	8972.000
1162.973	8913.000
1163.115	8998.000
1163.258	8884.000
1163.401	8990.000
1163.543	8820.000
1163.686	8988.000
1163.829	8791.000
1163.971	8951.000
1164.114	8828.000
1164.256	9013.000
1164.399	8833.000
1164.541	9053.000
1164.684	8725.000
1164.827	9021.000
1164.969	8795.000
1165.112	8934.000
1165.254	8805.000
1165.397	8914.000
1165.539	8802.000
1165.682	8836.000
1165.824	8762.000
1165.967	8950.000
1166.109	8748.000
1166.252	8855.000
1166.394	8768.000
1166.537	8889.000
1166.679	8846.000
1166.822	8887.000
1166.964	8759.000
1167.106	8843.000
1167.249	8702.000
1167.391	8894.000
1167.534	8366.000
1167.676	8897.000
1167.818	8763.000
1167.961	8787.000
1168.103	8800.000
1168.246	8801.000
1168.388	8626.000
1168.530	8762.000
1168.673	8747.000
1168.815	8894.000
1168.957	8658.000
1169.100	8787.000
1169.242	8670.000
1169.384	8851.000
1169.526	8711.000
1169.669	8799.000
1169.811	8631.000
1169.953	8880.000
1170.095	8752.000
1170.238	8829.000
1170.380	8699.000
1170.522	8847.000
1170.664	8683.000
1170.807	8860.000
1170.949	8771.000
1171.091	8807.000
1171.233	8660.000
1171.375	8780.000
1171.518	8716.000
1171.660	8976.000
1171.802	8674.000
1171.944	8878.000
1172.086	8707.000
1172.228	8855.000
1172.371	8767.000
1172.513	8894.000
1172.655	8756.000
1172.797	8874.000
1172.939	8733.000
1173.081	8843.000
1173.223	8787.000
1173.365	8885.000
1173.507	8783.000
1173.649	8893.000
1173.791	8752.000
1173.933	8830.000
1174.075	8688.000
1174.217	8918.000
1174.359	8712.000
1174.501	8841.000
1174.643	8724.000
1174.785	8824.000
1174.927	8735.000
1175.069	8873.000
1175.211	8803.000
1175.353	8901.000
1175.495	8751.000
1175.637	8930.000
1175.779	8814.000
1175.921	8861.000
1176.063	8768.000
1176.205	8933.000
1176.347	8827.000
1176.489	8931.000
1176.631	8753.000
1176.772	8955.000
1176.914	8851.000
1177.056	8878.000
1177.198	8771.000
1177.340	8914.000
1177.482	8856.000
1177.624	8902.000
1177.765	8800.000
1177.907	8963.000
1178.049	8780.000
1178.191	8913.000
1178.333	8901.000
1178.474	8919.000
1178.616	8815.000
1178.758	8909.000
1178.900	8791.000
1179.041	9009.000
1179.183	8903.000
1179.325	8921.000
1179.467	8839.000
1179.608	8882.000
1179.750	8904.000
1179.892	8977.000
1180.033	8941.000
1180.175	9053.000
1180.317	8832.000
1180.458	8993.000
1180.600	8899.000
1180.742	9008.000
1180.883	8892.000
1181.025	9025.000
1181.167	8909.000
1181.308	9044.000
1181.450	8920.000
1181.591	8909.000
1181.733	8819.000
1181.875	9070.000
1182.016	8801.000
1182.158	8962.000
1182.299	8841.000
1182.441	8972.000
1182.582	8887.000
1182.724	8932.000
1182.866	8869.000
1183.007	9058.000
1183.149	8788.000
1183.290	9025.000
1183.432	8884.000
1183.573	8995.000
1183.715	8890.000
1183.856	9008.000
1183.998	8884.000
1184.139	9011.000
1184.280	8834.000
1184.422	9004.000
1184.563	8895.000
1184.705	9015.000
1184.846	8824.000
1184.988	8978.000
1185.129	9028.000
1185.270	9036.000
1185.412	8889.000
1185.553	9042.000
1185.694	8870.000
1185.836	9022.000
1185.977	8868.000
1186.119	9027.000
1186.260	8851.000
1186.401	9156.000
1186.543	8924.000
1186.684	9078.000
1186.825	8861.000
1186.966	9060.000
1187.108	8952.000
1187.249	9053.000
1187.390	8853.000
1187.532	9007.000
1187.673	8874.000
1187.814	9042.000
1187.955	8930.000
1188.097	9043.000
1188.238	8808.000
1188.379	9007.000
1188.520	8914.000
1188.661	8990.000
1188.803	8944.000
1188.944	9029.000
1189.085	8825.000
1189.226	9018.000
1189.367	8833.000
1189.508	9015.000
1189.650	8894.000
1189.791	9079.000
1189.932	8897.000
1190.073	8993.000
1190.214	8853.000
1190.355	8964.000
1190.496	8911.000
1190.637	9053.000
1190.778	8890.000
1190.919	9035.000
1191.061	8770.000
1191.202	9000.000
1191.343	8900.000
1191.484	9029.000
1191.625	8855.000
1191.766	8969.000
1191.907	8961.000
1192.048	8944.000
1192.189	8896.000
1192.330	9050.000
1192.471	8834.000
1192.612	9049.000
1192.753	8831.000
1192.894	9044.000
1193.035	8870.000
1193.175	8956.000
1193.316	8825.000
1193.457	9018.000
1193.598	8864.000
1193.739	8915.000
1193.880	8755.000
1194.021	8942.000
1194.162	8958.000
1194.303	9039.000
1194.444	8875.000
1194.584	9043.000
1194.725	8815.000
1194.866	8992.000
1195.007	8812.000
1195.148	8953.000
1195.289	8726.000
1195.429	8926.000
1195.570	8847.000
1195.711	8996.000
1195.852	8840.000
1195.993	8988.000
1196.133	8804.000
1196.274	8942.000
1196.415	8737.000
1196.556	8943.000
1196.696	8770.000
1196.837	8825.000
1196.978	8694.000
1197.119	8896.000
1197.259	8834.000
1197.400	8836.000
1197.541	8750.000
1197.681	8892.000
1197.822	8809.000
1197.963	8897.000
1198.103	8735.000
1198.244	8946.000
1198.385	8736.000
1198.525	8828.000
1198.666	8686.000
1198.807	8957.000
1198.947	8759.000
1199.088	8828.000
1199.228	8733.000
1199.369	8834.000
1199.509	8679.000
1199.650	8743.000
1199.791	8683.000
1199.931	8886.000
1200.072	8751.000
1200.212	8840.000
1200.353	8695.000
1200.493	8868.000
1200.634	8700.000
1200.774	8751.000
1200.915	8643.000
1201.055	8815.000
1201.196	8603.000
1201.336	8776.000
1201.477	8641.000
1201.617	8792.000
1201.758	8666.000
1201.898	8725.000
1202.039	8616.000
1202.179	8798.000
1202.319	8688.000
1202.460	8764.000
1202.600	8690.000
1202.741	8815.000
1202.881	8562.000
1203.021	8749.000
1203.162	8708.000
1203.302	8850.000
1203.442	8667.000
1203.583	8728.000
1203.723	8677.000
1203.863	8695.000
1204.004	8610.000
1204.144	8763.000
1204.284	8616.000
1204.425	8764.000
1204.565	8582.000
1204.705	8692.000
1204.845	8606.000
1204.986	8827.000
1205.126	8626.000
1205.266	8817.000
1205.406	8559.000
1205.547	8794.000
1205.687	8624.000
1205.827	8771.000
1205.967	8624.000
1206.108	8846.000
1206.248	8585.000
1206.388	8727.000
1206.528	8631.000
1206.668	8760.000
1206.808	8623.000
1206.949	8833.000
1207.089	8654.000
1207.229	8743.000
1207.369	8704.000
1207.509	8748.000
1207.649	8694.000
1207.789	8826.000
1207.929	8667.000
1208.070	8783.000
1208.210	8624.000
1208.350	8805.000
1208.490	8709.000
1208.630	8762.000
1208.770	8676.000
1208.910	8808.000
1209.050	8707.000
1209.190	8841.000
1209.330	8647.000
1209.470	8796.000
1209.610	8761.000
1209.750	8843.000
1209.890	8660.000
1210.030	8903.000
1210.170	8755.000
1210.310	8856.000
1210.450	8754.000
1210.590	8848.000
1210.730	8759.000
1210.870	8834.000
1211.009	8718.000
1211.149	8901.000
1211.289	8698.000
1211.429	8816.000
1211.569	8801.000
1211.709	8854.000
1211.849	8755.000
1211.989	8806.000
1212.128	8733.000
1212.268	8950.000
1212.408	8708.000
1212.548	8859.000
1212.688	8775.000
1212.828	8990.000
1212.967	9310.000
1213.107	8874.000
1213.247	8766.000
1213.387	8883.000
1213.527	8726.000
1213.666	8920.000
1213.806	8717.000
1213.946	8967.000
1214.086	8747.000
1214.225	8814.000
1214.365	8819.000
1214.505	8884.000
1214.644	8785.000
1214.784	8887.000
1214.924	8773.000
1215.064	8957.000
1215.203	8775.000
1215.343	8819.000
1215.483	8728.000
1215.622	8842.000
1215.762	8722.000
1215.901	8880.000
1216.041	8744.000
1216.181	8873.000
1216.320	8804.000
1216.460	8841.000
1216.599	8760.000
1216.739	8970.000
1216.879	8768.000
1217.018	8825.000
1217.158	8743.000
1217.297	8817.000
1217.437	8761.000
1217.576	8816.000
1217.716	8761.000
1217.855	8753.000
1217.995	8760.000
1218.134	8785.000
1218.274	8729.000
1218.413	8861.000
1218.553	8755.000
1218.692	8850.000
1218.832	8735.000
1218.971	8943.000
1219.111	8787.000
1219.250	8834.000
1219.390	8819.000
1219.529	8882.000
1219.669	8823.000
1219.808	8877.000
1219.947	8808.000
1220.087	8849.000
1220.226	8815.000
1220.365	8913.000
1220.505	8890.000
1220.644	8913.000
1220.784	8829.000
1220.923	8853.000
1221.062	8820.000
1221.202	8901.000
1221.341	8771.000
1221.480	8931.000
1221.619	8825.000
1221.759	8945.000
1221.898	8794.000
1222.037	8897.000
1222.177	8829.000
1222.316	8923.000
1222.455	8778.000
1222.594	8990.000
1222.734	8859.000
1222.873	9003.000
1223.012	8887.000
1223.151	9016.000
1223.290	8844.000
1223.430	9013.000
1223.569	8865.000
1223.708	8932.000
1223.847	8833.000
1223.986	9022.000
1224.126	8827.000
1224.265	8999.000
1224.404	8883.000
1224.543	9052.000
1224.682	8834.000
1224.821	8971.000
1224.960	8893.000
1225.099	9065.000
1225.239	8924.000
1225.378	9049.000
1225.517	8990.000
1225.656	9101.000
1225.795	8973.000
1225.934	9027.000
1226.073	8970.000
1226.212	9149.000
1226.351	8949.000
1226.490	9051.000
1226.629	8951.000
1226.768	9150.000
1226.907	8936.000
1227.046	9120.000
1227.185	8936.000
1227.324	9178.000
1227.463	9095.000
1227.602	9089.000
1227.741	8951.000
1227.880	9105.000
1228.019	8978.000
1228.158	9052.000
1228.297	8996.000
1228.435	9159.000
1228.574	9050.000
1228.713	9126.000
1228.852	9022.000
1228.991	9138.000
1229.130	9043.000
1229.269	9119.000
1229.408	8999.000
1229.546	9172.000
1229.685	8962.000
1229.824	9109.000
1229.963	8932.000
1230.102	9144.000
1230.241	8911.000
1230.379	9149.000
1230.518	9070.000
1230.657	9057.000
1230.796	9026.000
1230.934	9159.000
1231.073	8991.000
1231.212	9118.000
1231.351	9044.000
1231.489	9077.000
1231.628	8983.000
1231.767	9059.000
1231.906	8978.000
1232.044	9067.000
1232.183	9021.000
1232.322	9102.000
1232.460	9010.000
1232.599	9088.000
1232.738	8951.000
1232.876	9162.000
1233.015	9075.000
1233.154	9124.000
1233.292	9098.000
1233.431	9125.000
1233.569	9011.000
1233.708	9122.000
1233.847	7862.000
1233.985	9126.000
1234.124	8993.000
1234.262	9033.000
1234.401	8917.000
1234.539	9133.000
1234.678	8951.000
1234.816	9115.000
1234.955	9021.000
1235.094	9119.000
1235.232	8980.000
1235.371	9094.000
1235.509	8970.000
1235.648	9160.000
1235.786	9026.000
1235.924	9106.000
1236.063	8890.000
1236.201	9105.000
1236.340	8924.000
1236.478	9036.000
1236.617	9010.000
1236.755	9033.000
1236.894	8954.000
1237.032	9068.000
1237.170	8886.000
1237.309	9104.000
1237.447	8899.000
1237.586	9156.000
1237.724	8955.000
1237.862	9001.000
1238.001	8981.000
1238.139	8968.000
1238.277	8890.000
1238.416	8965.000
1238.554	8850.000
1238.692	8940.000
1238.831	8907.000
1238.969	9008.000
1239.107	8891.000
1239.245	9019.000
1239.384	8846.000
1239.522	8987.000
1239.660	8831.000
1239.798	8963.000
1239.937	8788.000
1240.075	8979.000
1240.213	8784.000
1240.351	8934.000
1240.490	8781.000
1240.628	8999.000
1240.766	8933.000
1240.904	8967.000
1241.042	8833.000
1241.180	9044.000
1241.319	8799.000
1241.457	8949.000
1241.595	8872.000
1241.733	9004.000
1241.871	8855.000
1242.009	9094.000
1242.147	13343.000
1242.285	9076.000
1242.424	8903.000
1242.562	9001.000
1242.700	8894.000
1242.838	8996.000
1242.976	8813.000
1243.114	8990.000
1243.252	8979.000
1243.390	9133.000
1243.528	8986.000
1243.666	9024.000
1243.804	8914.000
1243.942	9032.000
1244.080	9021.000
1244.218	9091.000
1244.356	8970.000
1244.494	9087.000
1244.632	8895.000
1244.770	9080.000
1244.908	9014.000
1245.046	9146.000
1245.184	9002.000
1245.322	9111.000
1245.460	8998.000
1245.597	9056.000
1245.735	8942.000
1245.873	9036.000
1246.011	8950.000
1246.149	9133.000
1246.287	8962.000
1246.425	9094.000
1246.563	8948.000
1246.700	9173.000
1246.838	9006.000
1246.976	9144.000
1247.114	8931.000
1247.252	9100.000
1247.390	8847.000
1247.527	9099.000
1247.665	8895.000
1247.803	9105.000
1247.941	8919.000
1248.078	9125.000
1248.216	8966.000
1248.354	9078.000
1248.492	8947.000
1248.629	9151.000
1248.767	8887.000
1248.905	9162.000
1249.042	9025.000
1249.180	9005.000
1249.318	8965.000
1249.456	9152.000
1249.593	8988.000
1249.731	9064.000
1249.869	8962.000
1250.006	9083.000
1250.144	9029.000
1250.281	9104.000
1250.419	9050.000
1250.557	9121.000
1250.694	9035.000
1250.832	9176.000
1250.970	8987.000
1251.107	9180.000
1251.245	8931.000
1251.382	9131.000
1251.520	9073.000
1251.657	9201.000
1251.795	9018.000
1251.932	9125.000
1252.070	9035.000
1252.207	9226.000
1252.345	9081.000
1252.483	9232.000
1252.620	9066.000
1252.757	9219.000
1252.895	9056.000
1253.032	9154.000
1253.170	9033.000
1253.307	9220.000
1253.445	9062.000
1253.582	9091.000
1253.720	9078.000
1253.857	9291.000
1253.995	9120.000
1254.132	9171.000
1254.269	9108.000
1254.407	9122.000
1254.544	9163.000
1254.681	9268.000
