1229.956	5575.000
1230.103	5612.000
1230.250	5530.000
1230.397	5696.000
1230.544	5528.000
1230.691	5698.000
1230.838	5501.000
1230.985	5642.000
1231.132	5522.000
1231.278	5612.000
1231.425	5468.000
1231.572	5666.000
1231.719	5497.000
1231.866	5564.000
1232.013	5486.000
1232.159	5661.000
1232.306	5428.000
1232.453	5653.000
1232.600	5423.000
1232.746	5641.000
1232.893	5429.000
1233.040	5549.000
1233.186	5572.000
1233.333	5594.000
1233.480	5522.000
1233.627	5597.000
1233.773	5491.000
1233.920	5561.000
1234.066	5471.000
1234.213	5578.000
1234.360	5492.000
1234.506	5630.000
1234.653	5503.000
1234.800	5586.000
1234.946	5424.000
1235.093	5594.000
1235.239	5518.000
1235.386	5554.000
1235.532	5548.000
1235.679	5610.000
1235.825	5453.000
1235.972	5628.000
1236.118	5421.000
1236.265	5627.000
1236.411	5399.000
1236.558	5575.000
1236.704	5491.000
1236.851	5526.000
1236.997	5463.000
1237.143	5577.000
1237.290	5433.000
1237.436	5534.000
1237.583	5472.000
1237.729	5588.000
1237.875	5418.000
1238.022	5557.000
1238.168	5370.000
1238.314	5562.000
1238.461	5363.000
1238.607	5471.000
1238.753	5461.000
1238.900	5517.000
1239.046	5356.000
1239.192	5455.000
1239.338	5357.000
1239.485	5539.000
1239.631	5406.000
1239.777	5472.000
1239.923	5349.000
1240.070	5500.000
1240.216	5378.000
1240.362	5478.000
1240.508	5377.000
1240.654	5459.000
1240.800	5341.000
1240.947	5430.000
1241.093	5327.000
1241.239	5417.000
1241.385	5375.000
1241.531	5502.000
1241.677	5315.000
1241.823	5445.000
1241.969	5339.000
1242.115	5467.000
1242.261	5308.000
1242.407	5406.000
1242.553	5287.000
1242.699	5428.000
1242.845	5330.000
1242.991	5389.000
1243.137	5283.000
1243.283	5436.000
1243.429	5353.000
1243.575	5436.000
1243.721	5316.000
1243.867	5401.000
1244.013	5256.000
1244.159	5410.000
1244.305	5287.000
1244.451	5408.000
1244.596	5220.000
1244.742	5333.000
1244.888	5248.000
1245.034	5305.000
1245.180	5263.000
1245.326	5430.000
1245.471	5265.000
1245.617	5358.000
1245.763	5241.000
1245.909	5362.000
1246.055	5273.000
1246.200	5376.000
1246.346	5118.000
1246.492	5370.000
1246.638	5210.000
1246.783	5312.000
1246.929	5263.000
1247.075	5369.000
1247.220	5267.000
1247.366	5344.000
1247.512	5217.000
1247.657	5338.000
1247.803	5234.000
1247.949	5398.000
1248.094	5175.000
1248.240	5363.000
1248.385	5167.000
1248.531	5257.000
1248.676	5300.000
1248.822	5349.000
1248.968	5218.000
1249.113	5356.000
1249.259	5195.000
1249.404	5283.000
1249.550	5184.000
1249.695	5312.000
1249.841	5242.000
1249.986	5343.000
1250.132	5166.000
1250.277	5340.000
1250.422	5230.000
1250.568	5341.000
1250.713	5153.000
1250.859	5265.000
1251.004	5193.000
1251.150	5371.000
1251.295	5235.000
1251.440	5320.000
1251.586	5201.000
1251.731	5326.000
1251.876	5171.000
1252.022	5278.000
1252.167	5137.000
1252.312	5291.000
1252.458	5149.000
1252.603	5335.000
1252.748	5196.000
1252.893	5349.000
1253.039	5159.000
1253.184	5352.000
1253.329	5201.000
1253.474	5282.000
1253.619	5169.000
1253.765	5329.000
1253.910	5120.000
1254.055	5285.000
1254.200	5196.000
1254.345	5290.000
1254.490	5164.000
1254.636	5333.000
1254.781	5102.000
1254.926	5311.000
1255.071	5181.000
1255.216	5220.000
1255.361	5176.000
1255.506	5311.000
1255.651	5081.000
1255.796	5319.000
1255.941	5076.000
1256.086	5233.000
1256.231	5132.000
1256.376	5290.000
1256.521	5125.000
1256.666	5294.000
1256.811	5043.000
1256.956	5182.000
1257.101	5127.000
1257.246	5224.000
1257.391	5152.000
1257.536	5282.000
1257.681	5095.000
1257.826	5214.000
1257.971	5077.000
1258.116	5240.000
1258.260	5124.000
1258.405	5330.000
1258.550	5079.000
1258.695	5206.000
1258.840	5028.000
1258.985	5322.000
1259.129	5187.000
1259.274	5211.000
1259.419	5154.000
1259.564	5208.000
1259.708	5025.000
1259.853	5242.000
1259.998	5084.000
1260.143	5303.000
1260.287	5022.000
1260.432	5266.000
1260.577	5052.000
1260.721	5206.000
1260.866	5031.000
1261.011	5280.000
1261.155	5093.000
1261.300	5220.000
1261.445	5027.000
1261.589	5180.000
1261.734	5023.000
1261.878	5204.000
1262.023	5069.000
1262.168	5262.000
1262.312	5083.000
1262.457	5256.000
1262.601	4944.000
1262.746	5250.000
1262.890	5025.000
1263.035	5197.000
1263.179	5047.000
1263.324	5302.000
1263.468	5084.000
1263.613	5187.000
1263.757	5076.000
1263.902	5282.000
1264.046	5045.000
1264.191	5185.000
1264.335	5089.000
1264.479	5245.000
1264.624	5004.000
1264.768	5174.000
1264.912	5051.000
1265.057	5214.000
1265.201	5042.000
1265.346	5204.000
1265.490	4995.000
1265.634	5226.000
1265.778	5055.000
1265.923	5224.000
1266.067	5138.000
1266.211	5294.000
1266.356	5088.000
1266.500	5176.000
1266.644	5028.000
1266.788	5190.000
1266.933	4998.000
1267.077	5234.000
1267.221	5159.000
1267.365	5250.000
1267.509	5049.000
1267.653	5292.000
1267.798	5133.000
1267.942	5186.000
1268.086	5033.000
1268.230	5237.000
1268.374	5071.000
1268.518	5217.000
1268.662	5037.000
1268.806	5261.000
1268.950	5036.000
1269.095	5221.000
1269.239	5060.000
1269.383	5208.000
1269.527	5057.000
1269.671	5208.000
1269.815	5065.000
1269.959	5232.000
1270.103	5034.000
1270.247	5288.000
1270.391	5090.000
1270.535	5210.000
1270.679	5092.000
1270.822	5247.000
1270.966	5016.000
1271.110	5225.000
1271.254	5124.000
1271.398	5221.000
1271.542	5049.000
1271.686	5164.000
1271.830	5021.000
1271.973	5212.000
1272.117	5076.000
1272.261	5216.000
1272.405	5104.000
1272.549	5241.000
1272.693	5055.000
1272.836	5211.000
1272.980	4907.000
1273.124	5255.000
1273.268	5044.000
1273.411	5191.000
1273.555	5032.000
1273.699	5248.000
1273.843	5047.000
1273.986	5194.000
1274.130	5102.000
1274.274	5116.000
1274.417	4958.000
1274.561	5219.000
1274.705	5009.000
1274.848	5192.000
1274.992	5022.000
1275.135	5232.000
1275.279	5111.000
1275.423	5216.000
1275.566	5014.000
1275.710	5226.000
1275.853	5077.000
1275.997	5217.000
1276.140	4982.000
1276.284	5226.000
1276.427	5004.000
1276.571	5123.000
1276.714	5043.000
1276.858	5172.000
1277.001	5009.000
1277.145	5283.000
1277.288	5003.000
1277.432	5055.000
1277.575	5017.000
1277.719	5243.000
1277.862	5052.000
1278.005	5131.000
1278.149	4934.000
1278.292	5205.000
1278.435	4998.000
1278.579	5140.000
1278.722	4967.000
1278.865	5172.000
1279.009	5047.000
1279.152	5147.000
1279.295	5058.000
1279.439	5195.000
1279.582	5012.000
1279.725	5208.000
1279.868	4972.000
1280.012	5121.000
1280.155	5042.000
1280.298	5164.000
1280.441	4939.000
1280.585	5182.000
1280.728	4919.000
1280.871	5111.000
1281.014	4988.000
1281.157	5195.000
1281.300	4998.000
1281.444	5131.000
1281.587	5011.000
1281.730	5074.000
1281.873	4955.000
1282.016	5114.000
1282.159	5044.000
1282.302	5078.000
1282.445	4980.000
1282.588	5114.000
1282.731	5008.000
1282.874	5137.000
1283.017	4944.000
1283.160	5079.000
1283.303	4971.000
1283.446	5096.000
1283.589	4959.000
1283.732	5121.000
1283.875	4938.000
1284.018	5160.000
1284.161	4902.000
1284.304	5147.000
1284.447	4931.000
1284.590	5171.000
1284.733	4970.000
1284.876	5245.000
1285.019	4919.000
1285.161	5238.000
1285.304	4972.000
1285.447	5118.000
1285.590	4998.000
1285.733	5148.000
1285.876	4966.000
1286.018	5100.000
1286.161	4974.000
1286.304	5162.000
1286.447	4953.000
1286.589	5124.000
1286.732	4987.000
1286.875	5162.000
1287.018	5045.000
1287.160	5175.000
1287.303	5044.000
1287.446	5093.000
1287.588	4940.000
1287.731	5181.000
1287.874	4857.000
1288.016	5190.000
1288.159	5027.000
1288.302	5122.000
1288.444	5077.000
1288.587	5086.000
1288.729	4912.000
1288.872	5105.000
1289.015	4996.000
1289.157	5235.000
1289.300	5005.000
1289.442	5133.000
1289.585	4922.000
1289.727	5158.000
1289.870	4979.000
1290.012	5102.000
1290.155	4905.000
1290.297	5190.000
1290.440	5037.000
1290.582	5141.000
1290.725	4939.000
1290.867	5176.000
1291.009	4941.000
1291.152	5150.000
1291.294	5037.000
1291.437	5079.000
1291.579	4913.000
1291.721	5161.000
1291.864	4970.000
1292.006	5236.000
1292.148	4960.000
1292.291	5211.000
1292.433	4973.000
1292.575	5148.000
1292.718	4987.000
1292.860	5171.000
1293.002	4998.000
1293.145	5187.000
1293.287	5019.000
1293.429	5133.000
1293.571	5010.000
1293.713	5216.000
1293.856	5037.000
1293.998	5204.000
1294.140	4999.000
1294.282	5114.000
1294.424	4951.000
1294.567	5209.000
1294.709	4940.000
1294.851	5101.000
1294.993	4949.000
1295.135	5122.000
1295.277	4955.000
1295.419	5115.000
1295.561	4999.000
1295.703	5172.000
1295.845	4998.000
1295.987	5191.000
1296.129	5016.000
1296.272	5127.000
1296.414	4959.000
1296.556	5214.000
1296.698	5067.000
1296.840	5169.000
1296.981	4995.000
1297.123	5220.000
1297.265	4984.000
1297.407	5140.000
1297.549	4974.000
1297.691	5167.000
1297.833	5007.000
1297.975	5183.000
1298.117	4985.000
1298.259	5163.000
1298.401	4972.000
1298.542	5114.000
1298.684	5048.000
1298.826	5132.000
1298.968	4948.000
1299.110	5173.000
1299.252	4901.000
1299.393	5225.000
1299.535	5069.000
1299.677	5125.000
1299.819	4990.000
1299.960	5094.000
1300.102	5053.000
1300.244	5187.000
1300.386	5008.000
1300.527	5185.000
1300.669	5000.000
1300.811	5161.000
1300.952	5031.000
1301.094	5193.000
1301.236	4997.000
1301.377	5210.000
1301.519	5064.000
1301.661	5224.000
1301.802	5003.000
1301.944	5066.000
1302.085	4973.000
1302.227	5195.000
1302.368	4935.000
1302.510	5135.000
1302.652	4966.000
1302.793	5136.000
1302.935	4973.000
1303.076	5116.000
1303.218	4965.000
1303.359	5213.000
1303.501	4873.000
1303.642	5198.000
1303.783	4939.000
1303.925	5136.000
1304.066	5010.000
1304.208	5183.000
1304.349	5012.000
1304.491	5122.000
1304.632	4921.000
1304.773	5119.000
1304.915	4992.000
1305.056	5135.000
1305.197	4886.000
1305.339	5117.000
1305.480	5089.000
1305.621	5168.000
1305.763	4985.000
1305.904	5183.000
1306.045	4942.000
1306.187	5141.000
1306.328	4922.000
1306.469	5118.000
1306.610	4918.000
1306.752	5254.000
1306.893	4973.000
1307.034	5210.000
1307.175	4965.000
1307.316	5153.000
1307.458	4993.000
1307.599	5179.000
1307.740	4909.000
1307.881	5098.000
1308.022	4927.000
1308.163	5162.000
1308.304	4982.000
1308.446	5140.000
1308.587	4865.000
1308.728	5141.000
1308.869	4968.000
1309.010	5113.000
1309.151	4992.000
1309.292	5132.000
1309.433	4914.000
1309.574	5163.000
1309.715	4880.000
1309.856	5164.000
1309.997	4955.000
1310.138	5201.000
1310.279	4935.000
1310.420	5094.000
1310.561	4894.000
1310.702	5096.000
1310.843	4970.000
1310.984	5191.000
1311.124	4907.000
1311.265	5133.000
1311.406	4835.000
1311.547	5090.000
1311.688	4964.000
1311.829	5116.000
1311.970	4917.000
1312.110	5072.000
1312.251	5012.000
1312.392	5062.000
1312.533	4929.000
1312.674	5136.000
1312.814	4873.000
1312.955	5107.000
1313.096	4866.000
1313.237	5156.000
1313.377	4918.000
1313.518	5041.000
1313.659	4902.000
1313.800	5087.000
1313.940	4922.000
1314.081	5013.000
1314.222	4831.000
1314.362	5061.000
1314.503	4961.000
1314.644	5080.000
1314.784	4931.000
1314.925	5139.000
1315.065	4907.000
1315.206	5081.000
1315.347	4877.000
1315.487	5064.000
1315.628	4804.000
1315.768	5021.000
1315.909	4931.000
1316.049	5074.000
1316.190	4874.000
1316.330	5059.000
1316.471	4856.000
1316.611	5074.000
1316.752	4798.000
1316.892	5057.000
1317.033	4844.000
1317.173	4965.000
1317.313	4796.000
1317.454	4983.000
1317.594	4913.000
1317.735	4991.000
1317.875	4820.000
1318.015	5007.000
1318.156	4861.000
1318.296	5009.000
1318.437	4828.000
1318.577	5046.000
1318.717	4830.000
1318.857	4950.000
1318.998	4821.000
1319.138	5049.000
1319.278	4817.000
1319.419	4980.000
1319.559	4801.000
1319.699	4968.000
1319.839	4767.000
1319.980	4924.000
1320.120	4760.000
1320.260	5047.000
1320.400	4855.000
1320.540	4940.000
1320.681	4780.000
1320.821	4985.000
1320.961	4792.000
1321.101	4934.000
1321.241	4758.000
1321.381	4967.000
1321.521	4711.000
1321.661	4917.000
1321.802	4766.000
1321.942	4933.000
1322.082	4764.000
1322.222	4893.000
1322.362	4717.000
1322.502	4971.000
1322.642	4770.000
1322.782	4904.000
1322.922	4793.000
1323.062	4952.000
1323.202	4689.000
1323.342	4901.000
1323.482	4814.000
1323.622	4980.000
1323.762	4779.000
1323.902	4906.000
1324.041	4803.000
1324.181	4867.000
1324.321	4722.000
1324.461	4922.000
1324.601	4726.000
1324.741	4909.000
1324.881	4717.000
1325.021	4875.000
1325.160	4701.000
1325.300	4940.000
1325.440	4738.000
1325.580	4947.000
1325.720	4673.000
1325.859	4938.000
1325.999	4726.000
1326.139	4920.000
1326.279	4722.000
1326.418	4946.000
1326.558	4709.000
1326.698	4886.000
1326.838	4730.000
1326.977	4857.000
1327.117	4721.000
1327.257	4951.000
1327.396	4721.000
1327.536	4874.000
1327.675	4752.000
1327.815	4877.000
1327.955	4729.000
1328.094	4904.000
1328.234	4720.000
1328.374	4826.000
1328.513	4688.000
1328.653	4892.000
1328.792	4776.000
1328.932	4859.000
1329.071	4724.000
1329.211	4837.000
1329.350	4788.000
1329.490	4951.000
1329.629	4710.000
1329.769	4869.000
1329.908	4772.000
1330.048	4888.000
1330.187	4697.000
1330.327	4966.000
1330.466	4754.000
1330.605	4921.000
1330.745	4753.000
1330.884	4905.000
1331.024	4735.000
1331.163	4878.000
1331.302	4716.000
1331.442	4948.000
1331.581	4718.000
1331.720	4839.000
1331.860	4792.000
1331.999	4913.000
1332.138	4718.000
1332.277	4823.000
1332.417	4665.000
1332.556	4947.000
1332.695	4715.000
1332.834	4893.000
1332.974	4754.000
1333.113	4920.000
1333.252	4903.000
1333.391	4891.000
1333.531	4691.000
1333.670	4873.000
1333.809	4676.000
1333.948	4924.000
1334.087	4680.000
1334.226	4912.000
1334.365	4680.000
1334.505	4828.000
1334.644	4740.000
1334.783	4862.000
1334.922	4687.000
1335.061	4855.000
1335.200	4702.000
1335.339	4915.000
1335.478	4692.000
1335.617	4821.000
1335.756	4680.000
1335.895	4827.000
1336.034	4663.000
1336.173	4838.000
1336.312	4673.000
1336.451	4819.000
1336.590	4742.000
1336.729	4822.000
1336.868	4645.000
1337.007	4957.000
1337.146	4667.000
1337.285	4833.000
1337.423	4677.000
1337.562	4784.000
1337.701	4674.000
1337.840	4811.000
1337.979	4672.000
1338.118	4741.000
1338.256	4678.000
1338.395	4770.000
1338.534	4692.000
1338.673	4828.000
1338.812	4681.000
1338.950	4829.000
1339.089	4666.000
1339.228	4863.000
1339.367	4649.000
1339.505	4797.000
1339.644	4699.000
1339.783	4805.000
1339.922	4692.000
1340.060	4847.000
1340.199	4697.000
1340.338	4814.000
1340.476	4718.000
1340.615	4864.000
1340.753	4737.000
1340.892	4815.000
1341.031	4669.000
1341.169	4762.000
1341.308	4669.000
1341.446	4799.000
1341.585	4660.000
1341.724	4878.000
1341.862	4670.000
1342.001	4851.000
1342.139	4696.000
1342.278	4807.000
1342.416	4652.000
1342.555	4801.000
1342.693	4597.000
1342.832	4873.000
1342.970	4666.000
1343.109	4889.000
1343.247	4709.000
1343.385	4870.000
1343.524	4659.000
1343.662	4871.000
1343.801	4658.000
1343.939	4830.000
1344.077	4657.000
1344.216	4838.000
1344.354	4608.000
1344.492	4898.000
1344.631	4692.000
1344.769	4882.000
1344.907	4622.000
1345.046	4829.000
1345.184	4682.000
1345.322	4878.000
1345.460	4703.000
1345.599	4865.000
1345.737	4745.000
1345.875	4913.000
1346.013	4735.000
1346.152	4834.000
1346.290	4713.000
1346.428	4916.000
1346.566	4674.000
1346.704	4910.000
1346.843	4704.000
1346.981	4916.000
1347.119	4649.000
1347.257	4895.000
1347.395	4669.000
1347.533	4951.000
1347.671	4753.000
1347.809	4892.000
1347.947	4648.000
1348.085	4868.000
1348.224	4693.000
1348.362	4845.000
1348.500	4740.000
1348.638	4881.000
1348.776	4722.000
1348.914	4866.000
1349.052	4702.000
1349.190	4908.000
1349.328	4741.000
1349.466	4892.000
1349.603	4681.000
1349.741	4910.000
1349.879	4683.000
1350.017	4868.000
1350.155	4705.000
1350.293	4877.000
1350.431	4656.000
1350.569	4875.000
1350.707	4751.000
1350.844	4837.000
1350.982	4757.000
1351.120	4970.000
1351.258	4680.000
1351.396	4915.000
1351.534	4738.000
1351.671	4850.000
1351.809	4672.000
1351.947	4837.000
1352.085	4700.000
1352.222	4809.000
1352.360	4736.000
1352.498	4902.000
1352.636	4718.000
1352.773	4835.000
1352.911	4679.000
1353.049	4910.000
1353.186	4768.000
1353.324	4868.000
1353.462	4787.000
1353.599	4877.000
1353.737	4755.000
1353.874	4862.000
1354.012	4301.000
1354.150	4844.000
1354.287	4695.000
1354.425	4826.000
1354.562	4634.000
1354.700	4848.000
1354.837	4652.000
1354.975	4897.000
1355.112	4779.000
1355.250	4864.000
1355.387	4714.000
1355.525	4821.000
1355.662	4691.000
1355.800	4893.000
1355.937	4750.000
1356.075	4865.000
1356.212	4632.000
1356.350	4882.000
1356.487	4642.000
1356.624	4806.000
1356.762	4670.000
1356.899	4818.000
1357.037	4683.000
1357.174	4863.000
1357.311	4654.000
1357.449	4925.000
1357.586	4643.000
1357.723	4970.000
1357.860	4692.000
1357.998	4797.000
1358.135	4705.000
1358.272	4788.000
1358.410	4659.000
1358.547	4764.000
1358.684	4619.000
1358.821	4755.000
1358.959	4627.000
1359.096	4884.000
1359.233	4647.000
1359.370	4844.000
1359.507	4621.000
1359.644	4782.000
1359.782	4612.000
1359.919	4771.000
1360.056	4550.000
1360.193	4789.000
1360.330	4550.000
1360.467	4782.000
1360.604	4572.000
1360.741	4780.000
1360.878	4712.000
1361.015	4767.000
1361.152	4635.000
1361.290	4894.000
1361.427	4580.000
1361.564	4812.000
1361.701	4664.000
1361.838	4833.000
1361.975	4626.000
1362.112	4898.000
1362.248	6038.000
1362.385	4875.000
1362.522	4650.000
1362.659	4845.000
1362.796	4672.000
1362.933	4821.000
1363.070	4571.000
1363.207	4768.000
1363.344	4755.000
1363.481	4864.000
1363.617	4703.000
1363.754	4821.000
1363.891	4648.000
1364.028	4835.000
1364.165	4733.000
1364.302	4922.000
1364.438	4691.000
1364.575	4839.000
1364.712	4673.000
1364.849	4910.000
1364.985	4719.000
1365.122	4912.000
1365.259	4734.000
1365.396	4887.000
1365.532	4731.000
1365.669	4856.000
1365.806	4688.000
1365.942	4840.000
1366.079	4634.000
1366.216	4955.000
1366.352	4676.000
1366.489	4863.000
1366.625	4671.000
1366.762	4938.000
1366.899	4732.000
1367.035	4921.000
1367.172	4713.000
1367.308	4907.000
1367.445	4639.000
1367.581	4891.000
1367.718	4658.000
1367.855	4903.000
1367.991	4669.000
1368.128	4928.000
1368.264	4740.000
1368.401	4886.000
1368.537	4697.000
1368.673	4973.000
1368.810	4652.000
1368.946	4895.000
1369.083	4756.000
1369.219	4824.000
1369.356	4673.000
1369.492	4937.000
1369.628	4697.000
1369.765	4881.000
1369.901	4721.000
1370.037	4915.000
1370.174	4714.000
1370.310	4892.000
1370.446	4777.000
1370.583	4907.000
1370.719	4775.000
1370.855	4980.000
1370.992	4695.000
1371.128	4951.000
1371.264	4680.000
1371.400	4905.000
1371.537	4808.000
1371.673	4964.000
1371.809	4746.000
1371.945	4930.000
1372.081	4796.000
1372.218	4987.000
1372.354	4794.000
1372.490	5024.000
1372.626	4809.000
1372.762	5006.000
1372.898	4787.000
1373.034	4936.000
1373.170	4778.000
1373.307	4996.000
1373.443	4802.000
1373.579	4862.000
1373.715	4872.000
1373.851	5020.000
1373.987	4831.000
1374.123	4962.000
1374.259	4790.000
1374.395	4902.000
1374.531	4878.000
1374.667	5036.000
