1029.870	5550.000
1030.015	5635.000
1030.160	5522.000
1030.305	5729.000
1030.449	5508.000
1030.594	5710.000
1030.739	5499.000
1030.884	5643.000
1031.029	5522.000
1031.173	5670.000
1031.318	5460.000
1031.463	5718.000
1031.608	5495.000
1031.752	5634.000
1031.897	5531.000
1032.042	5737.000
1032.187	5440.000
1032.331	5699.000
1032.476	5472.000
1032.621	5709.000
1032.765	5476.000
1032.910	5613.000
1033.055	5606.000
1033.200	5668.000
1033.344	5514.000
1033.489	5649.000
1033.634	5527.000
1033.778	5627.000
1033.923	5502.000
1034.068	5621.000
1034.212	5553.000
1034.357	5703.000
1034.502	5536.000
1034.646	5631.000
1034.791	5446.000
1034.935	5631.000
1035.080	5568.000
1035.225	5600.000
1035.369	5563.000
1035.514	5677.000
1035.658	5509.000
1035.803	5687.000
1035.947	5506.000
1036.092	5700.000
1036.237	5462.000
1036.381	5637.000
1036.526	5515.000
1036.670	5614.000
1036.815	5483.000
1036.959	5633.000
1037.104	5508.000
1037.248	5601.000
1037.393	5513.000
1037.537	5657.000
1037.682	5459.000
1037.826	5612.000
1037.971	5454.000
1038.115	5619.000
1038.260	5442.000
1038.404	5543.000
1038.549	5501.000
1038.693	5564.000
1038.838	5398.000
1038.982	5556.000
1039.126	5404.000
1039.271	5639.000
1039.415	5449.000
1039.560	5530.000
1039.704	5435.000
1039.848	5561.000
1039.993	5439.000
1040.137	5528.000
1040.282	5425.000
1040.426	5570.000
1040.570	5378.000
1040.715	5544.000
1040.859	5381.000
1041.003	5514.000
1041.148	5395.000
1041.292	5611.000
1041.436	5356.000
1041.581	5555.000
1041.725	5418.000
1041.869	5522.000
1042.014	5360.000
1042.158	5487.000
1042.302	5349.000
1042.447	5487.000
1042.591	5382.000
1042.735	5484.000
1042.879	5368.000
1043.024	5518.000
1043.168	5401.000
1043.312	5499.000
1043.456	5417.000
1043.601	5473.000
1043.745	5322.000
1043.889	5511.000
1044.033	5379.000
1044.178	5511.000
1044.322	5322.000
1044.466	5424.000
1044.610	5279.000
1044.754	5407.000
1044.899	5330.000
1045.043	5506.000
1045.187	5313.000
1045.331	5442.000
1045.475	5332.000
1045.619	5425.000
1045.763	5353.000
1045.908	5496.000
1046.052	5174.000
1046.196	5509.000
1046.340	5302.000
1046.484	5408.000
1046.628	5345.000
1046.772	5492.000
1046.916	5355.000
1047.060	5443.000
1047.205	5308.000
1047.349	5416.000
1047.493	5294.000
1047.637	5507.000
1047.781	5303.000
1047.925	5500.000
1048.069	5235.000
1048.213	5385.000
1048.357	5375.000
1048.501	5488.000
1048.645	5297.000
1048.789	5484.000
1048.933	5325.000
1049.077	5408.000
1049.221	5280.000
1049.365	5423.000
1049.509	5350.000
1049.653	5491.000
1049.797	5301.000
1049.941	5473.000
1050.085	5335.000
1050.229	5490.000
1050.373	5304.000
1050.517	5390.000
1050.660	5311.000
1050.804	5506.000
1050.948	5372.000
1051.092	5464.000
1051.236	5278.000
1051.380	5468.000
1051.524	5350.000
1051.668	5428.000
1051.812	5261.000
1051.956	5433.000
1052.099	5257.000
1052.243	5477.000
1052.387	5334.000
1052.531	5463.000
1052.675	5332.000
1052.819	5469.000
1052.962	5321.000
1053.106	5410.000
1053.250	5283.000
1053.394	5474.000
1053.538	5259.000
1053.681	5447.000
1053.825	5327.000
1053.969	5424.000
1054.113	5340.000
1054.257	5446.000
1054.400	5237.000
1054.544	5442.000
1054.688	5298.000
1054.832	5380.000
1054.975	5327.000
1055.119	5467.000
1055.263	5223.000
1055.407	5445.000
1055.550	5186.000
1055.694	5350.000
1055.838	5262.000
1055.981	5463.000
1056.125	5292.000
1056.269	5422.000
1056.412	5172.000
1056.556	5322.000
1056.700	5279.000
1056.843	5387.000
1056.987	5306.000
1057.131	5441.000
1057.274	5237.000
1057.418	5372.000
1057.562	5199.000
1057.705	5412.000
1057.849	5219.000
1057.992	5428.000
1058.136	5190.000
1058.280	5396.000
1058.423	5156.000
1058.567	5442.000
1058.710	5331.000
1058.854	5334.000
1058.997	5289.000
1059.141	5370.000
1059.285	5203.000
1059.428	5378.000
1059.572	5239.000
1059.715	5438.000
1059.859	5162.000
1060.002	5404.000
1060.146	5218.000
1060.289	5391.000
1060.433	5163.000
1060.576	5443.000
1060.720	5224.000
1060.863	5387.000
1061.007	5161.000
1061.150	5356.000
1061.294	5133.000
1061.437	5336.000
1061.580	5258.000
1061.724	5400.000
1061.867	5207.000
1062.011	5401.000
1062.154	5120.000
1062.298	5393.000
1062.441	5149.000
1062.584	5381.000
1062.728	5187.000
1062.871	5434.000
1063.015	5249.000
1063.158	5389.000
1063.301	5186.000
1063.445	5454.000
1063.588	5303.000
1063.731	5534.000
1063.875	5425.000
1064.018	5546.000
1064.161	5277.000
1064.305	5367.000
1064.448	5214.000
1064.591	5359.000
1064.735	5222.000
1064.878	5379.000
1065.021	5177.000
1065.165	5415.000
1065.308	5220.000
1065.451	5387.000
1065.594	5295.000
1065.738	5427.000
1065.881	5251.000
1066.024	5331.000
1066.167	5179.000
1066.311	5359.000
1066.454	5186.000
1066.597	5394.000
1066.740	5327.000
1066.884	5427.000
1067.027	5218.000
1067.170	5440.000
1067.313	5336.000
1067.456	5365.000
1067.599	5213.000
1067.743	5428.000
1067.886	5233.000
1068.029	5389.000
1068.172	5209.000
1068.315	5427.000
1068.458	5215.000
1068.602	5380.000
1068.745	5229.000
1068.888	5412.000
1069.031	5235.000
1069.174	5396.000
1069.317	5241.000
1069.460	5380.000
1069.603	5242.000
1069.746	5464.000
1069.890	5275.000
1070.033	5338.000
1070.176	5272.000
1070.319	5410.000
1070.462	5198.000
1070.605	5426.000
1070.748	5324.000
1070.891	5414.000
1071.034	5233.000
1071.177	5386.000
1071.320	5226.000
1071.463	5398.000
1071.606	5223.000
1071.749	5380.000
1071.892	5267.000
1072.035	5408.000
1072.178	5216.000
1072.321	5360.000
1072.464	5107.000
1072.607	5452.000
1072.750	5203.000
1072.893	5348.000
1073.036	5201.000
1073.179	5426.000
1073.322	5210.000
1073.465	5379.000
1073.607	5284.000
1073.750	5282.000
1073.893	5186.000
1074.036	5383.000
1074.179	5228.000
1074.322	5343.000
1074.465	5173.000
1074.608	5454.000
1074.751	5267.000
1074.893	5386.000
1075.036	5220.000
1075.179	5401.000
1075.322	5265.000
1075.465	5389.000
1075.608	5137.000
1075.750	5424.000
1075.893	5227.000
1076.036	5288.000
1076.179	5223.000
1076.322	5343.000
1076.464	5211.000
1076.607	5442.000
1076.750	5190.000
1076.893	5252.000
1077.036	5179.000
1077.178	5400.000
1077.321	5239.000
1077.464	5316.000
1077.607	5133.000
1077.749	5379.000
1077.892	5175.000
1078.035	5330.000
1078.177	5176.000
1078.320	5397.000
1078.463	5183.000
1078.606	5353.000
1078.748	5257.000
1078.891	5382.000
1079.034	5189.000
1079.176	5415.000
1079.319	5165.000
1079.462	5284.000
1079.604	5238.000
1079.747	5335.000
1079.890	5112.000
1080.032	5401.000
1080.175	5116.000
1080.317	5306.000
1080.460	5177.000
1080.603	5362.000
1080.745	5150.000
1080.888	5340.000
1081.030	5208.000
1081.173	5283.000
1081.316	5140.000
1081.458	5325.000
1081.601	5259.000
1081.743	5277.000
1081.886	5186.000
1082.028	5275.000
1082.171	5197.000
1082.313	5322.000
1082.456	5153.000
1082.598	5299.000
1082.741	5193.000
1082.883	5332.000
1083.026	5172.000
1083.168	5311.000
1083.311	5110.000
1083.453	5384.000
1083.596	5102.000
1083.738	5333.000
1083.881	5121.000
1084.023	5369.000
1084.166	5153.000
1084.308	5439.000
1084.451	5093.000
1084.593	5418.000
1084.736	5149.000
1084.878	5331.000
1085.020	5179.000
1085.163	5373.000
1085.305	5205.000
1085.448	5279.000
1085.590	5156.000
1085.732	5345.000
1085.875	5143.000
1086.017	5334.000
1086.159	5164.000
1086.302	5342.000
1086.444	5247.000
1086.586	5383.000
1086.729	5217.000
1086.871	5325.000
1087.013	5117.000
1087.156	5393.000
1087.298	4959.000
1087.440	5351.000
1087.583	5205.000
1087.725	5335.000
1087.867	5239.000
1088.010	5279.000
1088.152	5075.000
1088.294	5252.000
1088.436	5180.000
1088.579	5409.000
1088.721	5149.000
1088.863	5286.000
1089.005	5113.000
1089.148	5363.000
1089.290	5188.000
1089.432	5308.000
1089.574	5094.000
1089.716	5374.000
1089.859	5228.000
1090.001	5337.000
1090.143	5152.000
1090.285	5374.000
1090.427	5162.000
1090.569	5378.000
1090.712	5215.000
1090.854	5291.000
1090.996	5106.000
1091.138	5329.000
1091.280	5168.000
1091.422	5447.000
1091.564	5127.000
1091.707	5395.000
1091.849	5187.000
1091.991	5345.000
1092.133	5196.000
1092.275	5356.000
1092.417	5191.000
1092.559	5354.000
1092.701	5187.000
1092.843	5350.000
1092.985	5195.000
1093.127	5398.000
1093.269	5214.000
1093.411	5387.000
1093.554	5164.000
1093.696	5274.000
1093.838	5126.000
1093.980	5399.000
1094.122	5122.000
1094.264	5305.000
1094.406	5146.000
1094.548	5289.000
1094.690	5144.000
1094.832	5327.000
1094.973	5179.000
1095.115	5341.000
1095.257	5175.000
1095.399	5401.000
1095.541	5224.000
1095.683	5320.000
1095.825	5154.000
1095.967	5363.000
1096.109	5241.000
1096.251	5324.000
1096.393	5131.000
1096.535	5387.000
1096.677	5175.000
1096.819	5308.000
1096.960	5151.000
1097.102	5343.000
1097.244	5168.000
1097.386	5342.000
1097.528	5148.000
1097.670	5337.000
1097.812	5131.000
1097.953	5278.000
1098.095	5256.000
1098.237	5335.000
1098.379	5115.000
1098.521	5313.000
1098.662	5109.000
1098.804	5382.000
1098.946	5249.000
1099.088	5293.000
1099.230	5129.000
1099.371	5261.000
1099.513	5184.000
1099.655	5345.000
1099.797	5247.000
1099.938	5402.000
1100.080	5161.000
1100.222	5325.000
1100.364	5184.000
1100.505	5361.000
1100.647	5179.000
1100.789	5391.000
1100.931	5220.000
1101.072	5397.000
1101.214	5202.000
1101.356	5226.000
1101.497	5125.000
1101.639	5362.000
1101.781	5079.000
1101.922	5289.000
1102.064	5159.000
1102.206	5338.000
1102.347	5141.000
1102.489	5309.000
1102.631	5148.000
1102.772	5384.000
1102.914	5053.000
1103.055	5401.000
1103.197	5186.000
1103.339	5300.000
1103.480	5182.000
1103.622	5318.000
1103.763	5146.000
1103.905	5311.000
1104.046	5123.000
1104.188	5309.000
1104.330	5174.000
1104.471	5311.000
1104.613	5091.000
1104.754	5310.000
1104.896	5254.000
1105.037	5311.000
1105.179	5169.000
1105.320	5364.000
1105.462	5106.000
1105.603	5329.000
1105.745	5108.000
1105.886	5342.000
1106.028	5103.000
1106.169	5467.000
1106.311	5169.000
1106.452	5387.000
1106.594	5140.000
1106.735	5345.000
1106.876	5175.000
1107.018	5361.000
1107.159	5108.000
1107.301	5288.000
1107.442	5143.000
1107.584	5368.000
1107.725	5210.000
1107.866	5342.000
1108.008	5082.000
1108.149	5323.000
1108.291	5155.000
1108.432	5284.000
1108.573	5164.000
1108.715	5336.000
1108.856	5085.000
1108.997	5318.000
1109.139	5076.000
1109.280	5357.000
1109.421	5168.000
1109.563	5408.000
1109.704	5163.000
1109.845	5297.000
1109.987	5118.000
1110.128	5274.000
1110.269	5187.000
1110.410	5400.000
1110.552	5129.000
1110.693	5353.000
1110.834	5019.000
1110.975	5329.000
1111.117	5156.000
1111.258	5353.000
1111.399	5111.000
1111.540	5287.000
1111.682	5233.000
1111.823	5281.000
1111.964	5163.000
1112.105	5359.000
1112.247	5130.000
1112.388	5327.000
1112.529	5110.000
1112.670	5374.000
1112.811	5136.000
1112.952	5256.000
1113.094	5100.000
1113.235	5303.000
1113.376	5112.000
1113.517	5232.000
1113.658	5028.000
1113.799	5276.000
1113.940	5184.000
1114.082	5326.000
1114.223	5149.000
1114.364	5349.000
1114.505	5129.000
1114.646	5289.000
1114.787	5098.000
1114.928	5296.000
1115.069	5014.000
1115.210	5235.000
1115.351	5164.000
1115.492	5311.000
1115.633	5115.000
1115.774	5286.000
1115.916	5074.000
1116.057	5303.000
1116.198	5019.000
1116.339	5265.000
1116.480	5080.000
1116.621	5187.000
1116.762	5038.000
1116.903	5234.000
1117.044	5170.000
1117.185	5216.000
1117.326	5069.000
1117.466	5250.000
1117.607	5111.000
1117.748	5257.000
1117.889	5063.000
1118.030	5271.000
1118.171	5070.000
1118.312	5234.000
1118.453	5044.000
1118.594	5309.000
1118.735	5061.000
1118.876	5196.000
1119.017	5055.000
1119.158	5213.000
1119.298	5003.000
1119.439	5171.000
1119.580	5039.000
1119.721	5271.000
1119.862	5093.000
1120.003	5214.000
1120.144	5049.000
1120.284	5254.000
1120.425	5079.000
1120.566	5180.000
1120.707	5016.000
1120.848	5198.000
1120.989	5006.000
1121.129	5211.000
1121.270	5024.000
1121.411	5201.000
1121.552	5043.000
1121.693	5149.000
1121.833	4989.000
1121.974	5218.000
1122.115	5082.000
1122.256	5205.000
1122.396	5069.000
1122.537	5239.000
1122.678	4960.000
1122.819	5169.000
1122.959	5139.000
1123.100	5276.000
1123.241	5064.000
1123.381	5184.000
1123.522	5079.000
1123.663	5164.000
1123.803	4991.000
1123.944	5219.000
1124.085	5054.000
1124.225	5190.000
1124.366	5008.000
1124.507	5178.000
1124.647	4991.000
1124.788	5255.000
1124.929	5063.000
1125.069	5254.000
1125.210	4990.000
1125.351	5256.000
1125.491	5037.000
1125.632	5259.000
1125.772	5057.000
1125.913	5283.000
1126.054	5016.000
1126.194	5228.000
1126.335	5037.000
1126.475	5206.000
1126.616	5028.000
1126.756	5288.000
1126.897	5044.000
1127.037	5211.000
1127.178	5083.000
1127.318	5183.000
1127.459	5103.000
1127.600	5267.000
1127.740	5087.000
1127.881	5175.000
1128.021	5053.000
1128.162	5238.000
1128.302	5088.000
1128.442	5195.000
1128.583	5067.000
1128.723	5216.000
1128.864	5120.000
1129.004	5293.000
1129.145	5077.000
1129.285	5203.000
1129.426	5143.000
1129.566	5258.000
1129.706	5052.000
1129.847	5325.000
1129.987	5139.000
1130.128	5243.000
1130.268	5137.000
1130.408	5299.000
1130.549	5118.000
1130.689	5233.000
1130.830	5105.000
1130.970	5297.000
1131.110	5109.000
1131.251	5236.000
1131.391	5162.000
1131.531	5288.000
1131.672	5090.000
1131.812	5216.000
1131.952	5055.000
1132.093	5322.000
1132.233	5095.000
1132.373	5242.000
1132.513	5129.000
1132.654	5362.000
1132.794	5494.000
1132.934	5276.000
1133.075	5109.000
1133.215	5285.000
1133.355	5071.000
1133.495	5330.000
1133.636	5078.000
1133.776	5304.000
1133.916	5063.000
1134.056	5171.000
1134.196	5137.000
1134.337	5237.000
1134.477	5088.000
1134.617	5249.000
1134.757	5079.000
1134.897	5312.000
1135.038	5086.000
1135.178	5234.000
1135.318	5071.000
1135.458	5215.000
1135.598	5086.000
1135.738	5268.000
1135.879	5111.000
1136.019	5217.000
1136.159	5128.000
1136.299	5229.000
1136.439	5043.000
1136.579	5330.000
1136.719	5106.000
1136.859	5237.000
1136.999	5070.000
1137.140	5218.000
1137.280	5078.000
1137.420	5209.000
1137.560	5086.000
1137.700	5154.000
1137.840	5066.000
1137.980	5168.000
1138.120	5110.000
1138.260	5213.000
1138.400	5057.000
1138.540	5232.000
1138.680	5069.000
1138.820	5282.000
1138.960	5070.000
1139.100	5195.000
1139.240	5089.000
1139.380	5226.000
1139.520	5091.000
1139.660	5227.000
1139.800	5084.000
1139.940	5203.000
1140.080	5113.000
1140.220	5251.000
1140.360	5155.000
1140.500	5256.000
1140.640	5091.000
1140.780	5190.000
1140.919	5106.000
1141.059	5204.000
1141.199	5070.000
1141.339	5275.000
1141.479	5104.000
1141.619	5258.000
1141.759	5083.000
1141.899	5219.000
1142.039	5105.000
1142.178	5229.000
1142.318	5027.000
1142.458	5277.000
1142.598	5084.000
1142.738	5256.000
1142.878	5142.000
1143.017	5291.000
1143.157	5047.000
1143.297	5272.000
1143.437	5059.000
1143.577	5232.000
1143.716	5068.000
1143.856	5318.000
1143.996	5066.000
1144.136	5323.000
1144.275	5110.000
1144.415	5288.000
1144.555	5095.000
1144.695	5267.000
1144.834	5101.000
1144.974	5296.000
1145.114	5120.000
1145.254	5313.000
1145.393	5144.000
1145.533	5369.000
1145.673	5180.000
1145.812	5255.000
1145.952	5161.000
1146.092	5346.000
1146.231	5107.000
1146.371	5296.000
1146.511	5133.000
1146.650	5350.000
1146.790	5109.000
1146.930	5352.000
1147.069	5144.000
1147.209	5397.000
1147.349	5220.000
1147.488	5340.000
1147.628	5112.000
1147.767	5306.000
1147.907	5155.000
1148.047	5292.000
1148.186	5165.000
1148.326	5330.000
1148.465	5188.000
1148.605	5318.000
1148.744	5173.000
1148.884	5336.000
1149.024	5206.000
1149.163	5315.000
1149.303	5143.000
1149.442	5385.000
1149.582	5127.000
1149.721	5331.000
1149.861	5135.000
1150.000	5315.000
1150.140	5110.000
1150.279	5357.000
1150.419	5222.000
1150.558	5266.000
1150.698	5191.000
1150.837	5386.000
1150.977	5131.000
1151.116	5354.000
1151.255	5179.000
1151.395	5297.000
1151.534	5140.000
1151.674	5266.000
1151.813	5148.000
1151.953	5250.000
1152.092	5164.000
1152.231	5294.000
1152.371	5163.000
1152.510	5314.000
1152.650	5126.000
1152.789	5355.000
1152.928	5206.000
1153.068	5309.000
1153.207	5231.000
1153.346	5350.000
1153.486	5150.000
1153.625	5337.000
1153.764	4433.000
1153.904	5277.000
1154.043	5155.000
1154.182	5255.000
1154.322	5058.000
1154.461	5279.000
1154.600	5100.000
1154.740	5314.000
1154.879	5224.000
1155.018	5303.000
1155.157	5181.000
1155.297	5302.000
1155.436	5156.000
1155.575	5343.000
1155.714	5197.000
1155.854	5299.000
1155.993	5095.000
1156.132	5337.000
1156.271	5104.000
1156.411	5248.000
1156.550	5131.000
1156.689	5233.000
1156.828	5115.000
1156.967	5293.000
1157.107	5112.000
1157.246	5323.000
1157.385	5071.000
1157.524	5367.000
1157.663	5119.000
1157.802	5243.000
1157.941	5162.000
1158.081	5199.000
1158.220	5086.000
1158.359	5189.000
1158.498	5027.000
1158.637	5201.000
1158.776	5070.000
1158.915	5301.000
1159.054	5082.000
1159.193	5287.000
1159.333	5043.000
1159.472	5209.000
1159.611	5048.000
1159.750	5221.000
1159.889	4981.000
1160.028	5223.000
1160.167	4992.000
1160.306	5188.000
1160.445	4992.000
1160.584	5204.000
1160.723	5135.000
1160.862	5197.000
1161.001	5011.000
1161.140	5329.000
1161.279	4988.000
1161.418	5183.000
1161.557	5108.000
1161.696	5254.000
1161.835	5035.000
1161.974	5315.000
1162.113	7841.000
1162.252	5278.000
1162.391	5093.000
1162.530	5216.000
1162.669	5098.000
1162.808	5228.000
1162.946	4997.000
1163.085	5193.000
1163.224	5177.000
1163.363	5350.000
1163.502	5143.000
1163.641	5244.000
1163.780	5088.000
1163.919	5239.000
1164.058	5195.000
1164.196	5308.000
1164.335	5136.000
1164.474	5258.000
1164.613	5091.000
1164.752	5302.000
1164.891	5157.000
1165.029	5310.000
1165.168	5147.000
1165.307	5299.000
1165.446	5175.000
1165.585	5269.000
1165.723	5104.000
1165.862	5233.000
1166.001	5079.000
1166.140	5339.000
1166.279	5111.000
1166.417	5296.000
1166.556	5063.000
1166.695	5349.000
1166.834	5149.000
1166.972	5322.000
1167.111	5091.000
1167.250	5319.000
1167.388	5019.000
1167.527	5329.000
1167.666	5055.000
1167.805	5307.000
1167.943	5074.000
1168.082	5342.000
1168.221	5123.000
1168.359	5295.000
1168.498	5111.000
1168.637	5334.000
1168.775	5042.000
1168.914	5308.000
1169.052	5172.000
1169.191	5236.000
1169.330	5117.000
1169.468	5303.000
1169.607	5131.000
1169.746	5267.000
1169.884	5151.000
1170.023	5282.000
1170.161	5148.000
1170.300	5239.000
1170.439	5177.000
1170.577	5311.000
1170.716	5161.000
1170.854	5382.000
1170.993	5100.000
1171.131	5304.000
1171.270	5103.000
1171.408	5283.000
1171.547	5208.000
1171.685	5352.000
1171.824	5163.000
1171.962	5299.000
1172.101	5188.000
1172.239	5346.000
1172.378	5183.000
1172.516	5395.000
1172.655	5177.000
1172.793	5403.000
1172.932	5156.000
1173.070	5293.000
1173.209	5197.000
1173.347	5351.000
1173.486	5183.000
1173.624	5225.000
1173.762	5195.000
1173.901	5376.000
1174.039	5245.000
1174.178	5316.000
1174.316	5179.000
1174.454	5243.000
1174.593	5226.000
1174.731	5379.000
