1229.956	9324.000
1230.103	9294.000
1230.250	9307.000
1230.397	9344.000
1230.544	9293.000
1230.691	9368.000
1230.838	9286.000
1230.985	9303.000
1231.132	9310.000
1231.278	9312.000
1231.425	9243.000
1231.572	9352.000
1231.719	9317.000
1231.866	9257.000
1232.013	9294.000
1232.159	9393.000
1232.306	9225.000
1232.453	9331.000
1232.600	9303.000
1232.746	9352.000
1232.893	9282.000
1233.040	9258.000
1233.186	9432.000
1233.333	9315.000
1233.480	9351.000
1233.627	9299.000
1233.773	9317.000
1233.920	9233.000
1234.066	9310.000
1234.213	9273.000
1234.360	9298.000
1234.506	9356.000
1234.653	9329.000
1234.800	9278.000
1234.946	9269.000
1235.093	9258.000
1235.239	9370.000
1235.386	9233.000
1235.532	9334.000
1235.679	9327.000
1235.825	9308.000
1235.972	9291.000
1236.118	9259.000
1236.265	9304.000
1236.411	9236.000
1236.558	9283.000
1236.704	9322.000
1236.851	9195.000
1236.997	9290.000
1237.143	9263.000
1237.290	9250.000
1237.436	9225.000
1237.583	9314.000
1237.729	9283.000
1237.875	9237.000
1238.022	9262.000
1238.168	9227.000
1238.314	9263.000
1238.461	9185.000
1238.607	9202.000
1238.753	9269.000
1238.900	9192.000
1239.046	9187.000
1239.192	9164.000
1239.338	9128.000
1239.485	9239.000
1239.631	9205.000
1239.777	9121.000
1239.923	9187.000
1240.070	9174.000
1240.216	9177.000
1240.362	9126.000
1240.508	9183.000
1240.654	9172.000
1240.800	9108.000
1240.947	9129.000
1241.093	9115.000
1241.239	9105.000
1241.385	9106.000
1241.531	9205.000
1241.677	9083.000
1241.823	9109.000
1241.969	9106.000
1242.115	9079.000
1242.261	9046.000
1242.407	9057.000
1242.553	9043.000
1242.699	9062.000
1242.845	9085.000
1242.991	9060.000
1243.137	9053.000
1243.283	9069.000
1243.429	9085.000
1243.575	9065.000
1243.721	9107.000
1243.867	9047.000
1244.013	9009.000
1244.159	9081.000
1244.305	9107.000
1244.451	9088.000
1244.596	9033.000
1244.742	9027.000
1244.888	9004.000
1245.034	8932.000
1245.180	9043.000
1245.326	9131.000
1245.471	8991.000
1245.617	9042.000
1245.763	9002.000
1245.909	9020.000
1246.055	9026.000
1246.200	9054.000
1246.346	8906.000
1246.492	9090.000
1246.638	8965.000
1246.783	8992.000
1246.929	9032.000
1247.075	9045.000
1247.220	9055.000
1247.366	9038.000
1247.512	9015.000
1247.657	9011.000
1247.803	9028.000
1247.949	9099.000
1248.094	8989.000
1248.240	9050.000
1248.385	8931.000
1248.531	8996.000
1248.676	9129.000
1248.822	9074.000
1248.968	9023.000
1249.113	9073.000
1249.259	9051.000
1249.404	9045.000
1249.550	9042.000
1249.695	9025.000
1249.841	9066.000
1249.986	9091.000
1250.132	9067.000
1250.277	9067.000
1250.422	9052.000
1250.568	9111.000
1250.713	9029.000
1250.859	8988.000
1251.004	9055.000
1251.150	9117.000
1251.295	9105.000
1251.440	9054.000
1251.586	9004.000
1251.731	9103.000
1251.876	9058.000
1252.022	9053.000
1252.167	8978.000
1252.312	9050.000
1252.458	8969.000
1252.603	9122.000
1252.748	9076.000
1252.893	9128.000
1253.039	9050.000
1253.184	9077.000
1253.329	9062.000
1253.474	9016.000
1253.619	9003.000
1253.765	9098.000
1253.910	8969.000
1254.055	9063.000
1254.200	9044.000
1254.345	9036.000
1254.490	9038.000
1254.636	9101.000
1254.781	8944.000
1254.926	9079.000
1255.071	9002.000
1255.216	9003.000
1255.361	9057.000
1255.506	9090.000
1255.651	8962.000
1255.796	9087.000
1255.941	8887.000
1256.086	9017.000
1256.231	8977.000
1256.376	9111.000
1256.521	9034.000
1256.666	9073.000
1256.811	8907.000
1256.956	8981.000
1257.101	8983.000
1257.246	8998.000
1257.391	9054.000
1257.536	9100.000
1257.681	8936.000
1257.826	8992.000
1257.971	8918.000
1258.116	9027.000
1258.260	8973.000
1258.405	9065.000
1258.550	8924.000
1258.695	9016.000
1258.840	8843.000
1258.985	9068.000
1259.129	9054.000
1259.274	8969.000
1259.419	8997.000
1259.564	8995.000
1259.708	8908.000
1259.853	8997.000
1259.998	8946.000
1260.143	9082.000
1260.287	8911.000
1260.432	9027.000
1260.577	8942.000
1260.721	9014.000
1260.866	8871.000
1261.011	9074.000
1261.155	8928.000
1261.300	8957.000
1261.445	8893.000
1261.589	8962.000
1261.734	8873.000
1261.878	9001.000
1262.023	8956.000
1262.168	9074.000
1262.312	8939.000
1262.457	9009.000
1262.601	8822.000
1262.746	9039.000
1262.890	8889.000
1263.035	9013.000
1263.179	8892.000
1263.324	9101.000
1263.468	8971.000
1263.613	9033.000
1263.757	8943.000
1263.902	9047.000
1264.046	8887.000
1264.191	8975.000
1264.335	8942.000
1264.479	9065.000
1264.624	8907.000
1264.768	8969.000
1264.912	8911.000
1265.057	8989.000
1265.201	8947.000
1265.346	9008.000
1265.490	8871.000
1265.634	9069.000
1265.778	8938.000
1265.923	9048.000
1266.067	9049.000
1266.211	9067.000
1266.356	8977.000
1266.500	8982.000
1266.644	8904.000
1266.788	9004.000
1266.933	8865.000
1267.077	9030.000
1267.221	9083.000
1267.365	9055.000
1267.509	8932.000
1267.653	9087.000
1267.798	9076.000
1267.942	9005.000
1268.086	8907.000
1268.230	9042.000
1268.374	8923.000
1268.518	9036.000
1268.662	8975.000
1268.806	9098.000
1268.950	8934.000
1269.095	9036.000
1269.239	8998.000
1269.383	9026.000
1269.527	8937.000
1269.671	9051.000
1269.815	9008.000
1269.959	9019.000
1270.103	8951.000
1270.247	9134.000
1270.391	8987.000
1270.535	9002.000
1270.679	9014.000
1270.822	9040.000
1270.966	8876.000
1271.110	9072.000
1271.254	9020.000
1271.398	9070.000
1271.542	8958.000
1271.686	9004.000
1271.830	8937.000
1271.973	8987.000
1272.117	8943.000
1272.261	9011.000
1272.405	8979.000
1272.549	9069.000
1272.693	8969.000
1272.836	9005.000
1272.980	8780.000
1273.124	9083.000
1273.268	8880.000
1273.411	8965.000
1273.555	8894.000
1273.699	9006.000
1273.843	8905.000
1273.986	8954.000
1274.130	8993.000
1274.274	8899.000
1274.417	8837.000
1274.561	8996.000
1274.705	8872.000
1274.848	8954.000
1274.992	8825.000
1275.135	9030.000
1275.279	8947.000
1275.423	9008.000
1275.566	8827.000
1275.710	8984.000
1275.853	8902.000
1275.997	8992.000
1276.140	8802.000
1276.284	8985.000
1276.427	8820.000
1276.571	8832.000
1276.714	8845.000
1276.858	8919.000
1277.001	8828.000
1277.145	9041.000
1277.288	8784.000
1277.432	8820.000
1277.575	8811.000
1277.719	8975.000
1277.862	8900.000
1278.005	8873.000
1278.149	8742.000
1278.292	8970.000
1278.435	8780.000
1278.579	8911.000
1278.722	8801.000
1278.865	8942.000
1279.009	8776.000
1279.152	8899.000
1279.295	8859.000
1279.439	8971.000
1279.582	8802.000
1279.725	8950.000
1279.868	8720.000
1280.012	8831.000
1280.155	8831.000
1280.298	8861.000
1280.441	8698.000
1280.585	8993.000
1280.728	8686.000
1280.871	8839.000
1281.014	8761.000
1281.157	8900.000
1281.300	8768.000
1281.444	8897.000
1281.587	8773.000
1281.730	8792.000
1281.873	8708.000
1282.016	8844.000
1282.159	8882.000
1282.302	8814.000
1282.445	8746.000
1282.588	8803.000
1282.731	8759.000
1282.874	8865.000
1283.017	8734.000
1283.160	8794.000
1283.303	8747.000
1283.446	8812.000
1283.589	8723.000
1283.732	8818.000
1283.875	8679.000
1284.018	8872.000
1284.161	8671.000
1284.304	8828.000
1284.447	8710.000
1284.590	8901.000
1284.733	8733.000
1284.876	8940.000
1285.019	8642.000
1285.161	8975.000
1285.304	8730.000
1285.447	8851.000
1285.590	8753.000
1285.733	8877.000
1285.876	8759.000
1286.018	8787.000
1286.161	8755.000
1286.304	8881.000
1286.447	8722.000
1286.589	8838.000
1286.732	8719.000
1286.875	8841.000
1287.018	8788.000
1287.160	8863.000
1287.303	8799.000
1287.446	8825.000
1287.588	8701.000
1287.731	8857.000
1287.874	8396.000
1288.016	8928.000
1288.159	8788.000
1288.302	8823.000
1288.444	8819.000
1288.587	8790.000
1288.729	8679.000
1288.872	8802.000
1289.015	8758.000
1289.157	8921.000
1289.300	8724.000
1289.442	8823.000
1289.585	8716.000
1289.727	8872.000
1289.870	8768.000
1290.012	8813.000
1290.155	8665.000
1290.297	8881.000
1290.440	8765.000
1290.582	8842.000
1290.725	8729.000
1290.867	8896.000
1291.009	8741.000
1291.152	8932.000
1291.294	8799.000
1291.437	8819.000
1291.579	8640.000
1291.721	8828.000
1291.864	8769.000
1292.006	9006.000
1292.148	8709.000
1292.291	8882.000
1292.433	8735.000
1292.575	8874.000
1292.718	8760.000
1292.860	8882.000
1293.002	8745.000
1293.145	8918.000
1293.287	8777.000
1293.429	8905.000
1293.571	8776.000
1293.713	8923.000
1293.856	8798.000
1293.998	8889.000
1294.140	8738.000
1294.282	8795.000
1294.424	8748.000
1294.567	8915.000
1294.709	8734.000
1294.851	8827.000
1294.993	8701.000
1295.135	8847.000
1295.277	8698.000
1295.419	8852.000
1295.561	8763.000
1295.703	8891.000
1295.845	8757.000
1295.987	8911.000
1296.129	8804.000
1296.272	8849.000
1296.414	8710.000
1296.556	8875.000
1296.698	8794.000
1296.840	8859.000
1296.981	8703.000
1297.123	8921.000
1297.265	8773.000
1297.407	8822.000
1297.549	8720.000
1297.691	8852.000
1297.833	8770.000
1297.975	8854.000
1298.117	8753.000
1298.259	8886.000
1298.401	8722.000
1298.542	8840.000
1298.684	8822.000
1298.826	8850.000
1298.968	8746.000
1299.110	8809.000
1299.252	8681.000
1299.393	8922.000
1299.535	8819.000
1299.677	8838.000
1299.819	8739.000
1299.960	8797.000
1300.102	8769.000
1300.244	8837.000
1300.386	8823.000
1300.527	8962.000
1300.669	8743.000
1300.811	8854.000
1300.952	8757.000
1301.094	8919.000
1301.236	8753.000
1301.377	8923.000
1301.519	8805.000
1301.661	8924.000
1301.802	8777.000
1301.944	8734.000
1302.085	8729.000
1302.227	8908.000
1302.368	8682.000
1302.510	8827.000
1302.652	8725.000
1302.793	8786.000
1302.935	8726.000
1303.076	8808.000
1303.218	8708.000
1303.359	8914.000
1303.501	8649.000
1303.642	8895.000
1303.783	8720.000
1303.925	8858.000
1304.066	8726.000
1304.208	8836.000
1304.349	8744.000
1304.491	8853.000
1304.632	8675.000
1304.773	8805.000
1304.915	8700.000
1305.056	8889.000
1305.197	8646.000
1305.339	8819.000
1305.480	8847.000
1305.621	8875.000
1305.763	8735.000
1305.904	8907.000
1306.045	8717.000
1306.187	8897.000
1306.328	8703.000
1306.469	8866.000
1306.610	8646.000
1306.752	8965.000
1306.893	8782.000
1307.034	8922.000
1307.175	8721.000
1307.316	8895.000
1307.458	8761.000
1307.599	8877.000
1307.740	8703.000
1307.881	8834.000
1308.022	8714.000
1308.163	8874.000
1308.304	8785.000
1308.446	8885.000
1308.587	8668.000
1308.728	8836.000
1308.869	8759.000
1309.010	8842.000
1309.151	8741.000
1309.292	8872.000
1309.433	8672.000
1309.574	8894.000
1309.715	8641.000
1309.856	8844.000
1309.997	8727.000
1310.138	8939.000
1310.279	8731.000
1310.420	8829.000
1310.561	8657.000
1310.702	8814.000
1310.843	8748.000
1310.984	8900.000
1311.124	8696.000
1311.265	8846.000
1311.406	8599.000
1311.547	8845.000
1311.688	8727.000
1311.829	8817.000
1311.970	8682.000
1312.110	8800.000
1312.251	8814.000
1312.392	8761.000
1312.533	8683.000
1312.674	8854.000
1312.814	8678.000
1312.955	8856.000
1313.096	8620.000
1313.237	8884.000
1313.377	8682.000
1313.518	8744.000
1313.659	8628.000
1313.800	8777.000
1313.940	8681.000
1314.081	8726.000
1314.222	8590.000
1314.362	8756.000
1314.503	8725.000
1314.644	8805.000
1314.784	8660.000
1314.925	8828.000
1315.065	8631.000
1315.206	8791.000
1315.347	8591.000
1315.487	8715.000
1315.628	8546.000
1315.768	8759.000
1315.909	8707.000
1316.049	8804.000
1316.190	8618.000
1316.330	8789.000
1316.471	8570.000
1316.611	8713.000
1316.752	8521.000
1316.892	8727.000
1317.033	8578.000
1317.173	8599.000
1317.313	8494.000
1317.454	8660.000
1317.594	8622.000
1317.735	8654.000
1317.875	8555.000
1318.015	8651.000
1318.156	8594.000
1318.296	8677.000
1318.437	8516.000
1318.577	8727.000
1318.717	8539.000
1318.857	8632.000
1318.998	8495.000
1319.138	8722.000
1319.278	8553.000
1319.419	8584.000
1319.559	8510.000
1319.699	8614.000
1319.839	8471.000
1319.980	8545.000
1320.120	8428.000
1320.260	8696.000
1320.400	8542.000
1320.540	8597.000
1320.681	8496.000
1320.821	8636.000
1320.961	8472.000
1321.101	8519.000
1321.241	8430.000
1321.381	8590.000
1321.521	8406.000
1321.661	8553.000
1321.802	8481.000
1321.942	8602.000
1322.082	8437.000
1322.222	8516.000
1322.362	8388.000
1322.502	8612.000
1322.642	8455.000
1322.782	8580.000
1322.922	8504.000
1323.062	8611.000
1323.202	8371.000
1323.342	8530.000
1323.482	8500.000
1323.622	8639.000
1323.762	8475.000
1323.902	8523.000
1324.041	8449.000
1324.181	8502.000
1324.321	8388.000
1324.461	8563.000
1324.601	8418.000
1324.741	8532.000
1324.881	8396.000
1325.021	8500.000
1325.160	8402.000
1325.300	8615.000
1325.440	8422.000
1325.580	8616.000
1325.720	8383.000
1325.859	8614.000
1325.999	8444.000
1326.139	8568.000
1326.279	8419.000
1326.418	8639.000
1326.558	8390.000
1326.698	8524.000
1326.838	8431.000
1326.977	8569.000
1327.117	8382.000
1327.257	8574.000
1327.396	8440.000
1327.536	8522.000
1327.675	8495.000
1327.815	8525.000
1327.955	8453.000
1328.094	8613.000
1328.234	8423.000
1328.374	8543.000
1328.513	8395.000
1328.653	8585.000
1328.792	8439.000
1328.932	8513.000
1329.071	8459.000
1329.211	8549.000
1329.350	8486.000
1329.490	8612.000
1329.629	8439.000
1329.769	8534.000
1329.908	8499.000
1330.048	8572.000
1330.187	8417.000
1330.327	8644.000
1330.466	8507.000
1330.605	8569.000
1330.745	8507.000
1330.884	8602.000
1331.024	8492.000
1331.163	8538.000
1331.302	8457.000
1331.442	8617.000
1331.581	8444.000
1331.720	8544.000
1331.860	8525.000
1331.999	8593.000
1332.138	8474.000
1332.277	8525.000
1332.417	8450.000
1332.556	8661.000
1332.695	8427.000
1332.834	8553.000
1332.974	8470.000
1333.113	8689.000
1333.252	9044.000
1333.391	8567.000
1333.531	8458.000
1333.670	8605.000
1333.809	8390.000
1333.948	8644.000
1334.087	8403.000
1334.226	8615.000
1334.365	8417.000
1334.505	8461.000
1334.644	8482.000
1334.783	8534.000
1334.922	8417.000
1335.061	8519.000
1335.200	8456.000
1335.339	8642.000
1335.478	8415.000
1335.617	8504.000
1335.756	8407.000
1335.895	8476.000
1336.034	8397.000
1336.173	8506.000
1336.312	8410.000
1336.451	8488.000
1336.590	8446.000
1336.729	8474.000
1336.868	8353.000
1337.007	8576.000
1337.146	8428.000
1337.285	8481.000
1337.423	8363.000
1337.562	8408.000
1337.701	8366.000
1337.840	8448.000
1337.979	8355.000
1338.118	8381.000
1338.256	8392.000
1338.395	8411.000
1338.534	8392.000
1338.673	8487.000
1338.812	8353.000
1338.950	8474.000
1339.089	8356.000
1339.228	8509.000
1339.367	8378.000
1339.505	8433.000
1339.644	8374.000
1339.783	8443.000
1339.922	8385.000
1340.060	8460.000
1340.199	8361.000
1340.338	8435.000
1340.476	8405.000
1340.615	8490.000
1340.753	8450.000
1340.892	8439.000
1341.031	8385.000
1341.169	8417.000
1341.308	8376.000
1341.446	8433.000
1341.585	8338.000
1341.724	8491.000
1341.862	8408.000
1342.001	8518.000
1342.139	8354.000
1342.278	8435.000
1342.416	8343.000
1342.555	8446.000
1342.693	8290.000
1342.832	8507.000
1342.970	8362.000
1343.109	8538.000
1343.247	8434.000
1343.385	8537.000
1343.524	8357.000
1343.662	8538.000
1343.801	8364.000
1343.939	8491.000
1344.077	8354.000
1344.216	8550.000
1344.354	8355.000
1344.492	8529.000
1344.631	8392.000
1344.769	8558.000
1344.907	8368.000
1345.046	8519.000
1345.184	8404.000
1345.322	8549.000
1345.460	8438.000
1345.599	8534.000
1345.737	8508.000
1345.875	8627.000
1346.013	8506.000
1346.152	8541.000
1346.290	8484.000
1346.428	8641.000
1346.566	8456.000
1346.704	8543.000
1346.843	8467.000
1346.981	8634.000
1347.119	8394.000
1347.257	8626.000
1347.395	8429.000
1347.533	8685.000
1347.671	8554.000
1347.809	8583.000
1347.947	8414.000
1348.085	8571.000
1348.224	8460.000
1348.362	8549.000
1348.500	8477.000
1348.638	8578.000
1348.776	8498.000
1348.914	8522.000
1349.052	8469.000
1349.190	8570.000
1349.328	8510.000
1349.466	8588.000
1349.603	8454.000
1349.741	8646.000
1349.879	8447.000
1350.017	8561.000
1350.155	8415.000
1350.293	8587.000
1350.431	8357.000
1350.569	8581.000
1350.707	8477.000
1350.844	8493.000
1350.982	8493.000
1351.120	8645.000
1351.258	8418.000
1351.396	8572.000
1351.534	8474.000
1351.671	8532.000
1351.809	8393.000
1351.947	8493.000
1352.085	8424.000
1352.222	8490.000
1352.360	8442.000
1352.498	8525.000
1352.636	8442.000
1352.773	8555.000
1352.911	8389.000
1353.049	8578.000
1353.186	8495.000
1353.324	8531.000
1353.462	8491.000
1353.599	8534.000
1353.737	8444.000
1353.874	8531.000
1354.012	7311.000
1354.150	8493.000
1354.287	8398.000
1354.425	8487.000
1354.562	8329.000
1354.700	8553.000
1354.837	8386.000
1354.975	8512.000
1355.112	8463.000
1355.250	8517.000
1355.387	8409.000
1355.525	8493.000
1355.662	8367.000
1355.800	8528.000
1355.937	8373.000
1356.075	8484.000
1356.212	8299.000
1356.350	8503.000
1356.487	8309.000
1356.624	8375.000
1356.762	8340.000
1356.899	8377.000
1357.037	8295.000
1357.174	8435.000
1357.311	8279.000
1357.449	8488.000
1357.586	8282.000
1357.723	8544.000
1357.860	8357.000
1357.998	8410.000
1358.135	8334.000
1358.272	8359.000
1358.410	8283.000
1358.547	8320.000
1358.684	8216.000
1358.821	8310.000
1358.959	8269.000
1359.096	8437.000
1359.233	8252.000
1359.370	8428.000
1359.507	8195.000
1359.644	8349.000
1359.782	8220.000
1359.919	8331.000
1360.056	8155.000
1360.193	8304.000
1360.330	8134.000
1360.467	8241.000
1360.604	8146.000
1360.741	8334.000
1360.878	8299.000
1361.015	8358.000
1361.152	8225.000
1361.290	8431.000
1361.427	8159.000
1361.564	8269.000
1361.701	8230.000
1361.838	8373.000
1361.975	8168.000
1362.112	8414.000
1362.248	12675.000
1362.385	8416.000
1362.522	8214.000
1362.659	8312.000
1362.796	8237.000
1362.933	8300.000
1363.070	8111.000
1363.207	8298.000
1363.344	8301.000
1363.481	8432.000
1363.617	8307.000
1363.754	8387.000
1363.891	8250.000
1364.028	8389.000
1364.165	8378.000
1364.302	8472.000
1364.438	8288.000
1364.575	8439.000
1364.712	8270.000
1364.849	8456.000
1364.985	8344.000
1365.122	8479.000
1365.259	8320.000
1365.396	8415.000
1365.532	8293.000
1365.669	8390.000
1365.806	8285.000
1365.942	8363.000
1366.079	8285.000
1366.216	8472.000
1366.352	8294.000
1366.489	8403.000
1366.625	8264.000
1366.762	8509.000
1366.899	8316.000
1367.035	8484.000
1367.172	8292.000
1367.308	8467.000
1367.445	8174.000
1367.581	8407.000
1367.718	8238.000
1367.855	8442.000
1367.991	8252.000
1368.128	8460.000
1368.264	8267.000
1368.401	8417.000
1368.537	8266.000
1368.673	8457.000
1368.810	8184.000
1368.946	8469.000
1369.083	8376.000
1369.219	8331.000
1369.356	8239.000
1369.492	8439.000
1369.628	8289.000
1369.765	8416.000
1369.901	8326.000
1370.037	8438.000
1370.174	8344.000
1370.310	8403.000
1370.446	8352.000
1370.583	8450.000
1370.719	8327.000
1370.855	8488.000
1370.992	8316.000
1371.128	8502.000
1371.264	8279.000
1371.400	8459.000
1371.537	8399.000
1371.673	8538.000
1371.809	8309.000
1371.945	8423.000
1372.081	8381.000
1372.218	8498.000
1372.354	8383.000
1372.490	8528.000
1372.626	8339.000
1372.762	8520.000
1372.898	8345.000
1373.034	8437.000
1373.170	8365.000
1373.307	8533.000
1373.443	8387.000
1373.579	8398.000
1373.715	8430.000
1373.851	8574.000
1373.987	8443.000
1374.123	8440.000
1374.259	8422.000
1374.395	8445.000
1374.531	8459.000
1374.667	8551.000
