929.762	8879.000
929.906	8846.000
930.049	8842.000
930.193	8907.000
930.337	8817.000
930.481	8952.000
930.625	8834.000
930.769	8904.000
930.913	8840.000
931.057	8869.000
931.201	8779.000
931.345	8912.000
931.488	8849.000
931.632	8838.000
931.776	8824.000
931.920	8963.000
932.064	8724.000
932.208	8916.000
932.352	8810.000
932.495	8946.000
932.639	8767.000
932.783	8809.000
932.927	8931.000
933.071	8893.000
933.215	8831.000
933.359	8859.000
933.502	8843.000
933.646	8822.000
933.790	8761.000
933.934	8839.000
934.078	8847.000
934.221	8845.000
934.365	8842.000
934.509	8854.000
934.653	8757.000
934.797	8811.000
934.940	8870.000
935.084	8776.000
935.228	8829.000
935.372	8825.000
935.515	8794.000
935.659	8875.000
935.803	8756.000
935.947	8885.000
936.090	8717.000
936.234	8831.000
936.378	8825.000
936.522	8768.000
936.665	8788.000
936.809	8820.000
936.953	8786.000
937.097	8752.000
937.240	8791.000
937.384	8861.000
937.528	8733.000
937.671	8769.000
937.815	8711.000
937.959	8820.000
938.102	8684.000
938.246	8745.000
938.390	8768.000
938.534	8729.000
938.677	8687.000
938.821	8697.000
938.965	8630.000
939.108	8786.000
939.252	8677.000
939.396	8664.000
939.539	8670.000
939.683	8702.000
939.826	8685.000
939.970	8644.000
940.114	8727.000
940.257	8687.000
940.401	8597.000
940.545	8686.000
940.688	8592.000
940.832	8662.000
940.975	8632.000
941.119	8749.000
941.263	8586.000
941.406	8667.000
941.550	8618.000
941.693	8624.000
941.837	8553.000
941.981	8635.000
942.124	8540.000
942.268	8583.000
942.411	8574.000
942.555	8571.000
942.698	8568.000
942.842	8634.000
942.986	8555.000
943.129	8594.000
943.273	8605.000
943.416	8565.000
943.560	8487.000
943.703	8566.000
943.847	8558.000
943.990	8600.000
944.134	8531.000
944.277	8536.000
944.421	8491.000
944.564	8496.000
944.708	8513.000
944.851	8599.000
944.995	8469.000
945.138	8555.000
945.282	8522.000
945.425	8542.000
945.569	8496.000
945.712	8551.000
945.856	8357.000
945.999	8639.000
946.143	8491.000
946.286	8477.000
946.430	8530.000
946.573	8557.000
946.716	8513.000
946.860	8540.000
947.003	8476.000
947.147	8535.000
947.290	8463.000
947.434	8592.000
947.577	8447.000
947.720	8553.000
947.864	8394.000
948.007	8482.000
948.151	8552.000
948.294	8562.000
948.437	8492.000
948.581	8586.000
948.724	8505.000
948.868	8507.000
949.011	8478.000
949.154	8502.000
949.298	8520.000
949.441	8578.000
949.584	8493.000
949.728	8569.000
949.871	8511.000
950.015	8569.000
950.158	8500.000
950.301	8460.000
950.445	8490.000
950.588	8593.000
950.731	8555.000
950.875	8518.000
951.018	8458.000
951.161	8577.000
951.304	8480.000
951.448	8496.000
951.591	8397.000
951.734	8507.000
951.878	8392.000
952.021	8570.000
952.164	8503.000
952.308	8551.000
952.451	8478.000
952.594	8540.000
952.737	8494.000
952.881	8478.000
953.024	8432.000
953.167	8531.000
953.310	8386.000
953.454	8497.000
953.597	8456.000
953.740	8474.000
953.883	8452.000
954.027	8539.000
954.170	8365.000
954.313	8536.000
954.456	8408.000
954.600	8418.000
954.743	8481.000
954.886	8522.000
955.029	8370.000
955.172	8504.000
955.316	8281.000
955.459	8425.000
955.602	8380.000
955.745	8503.000
955.888	8406.000
956.032	8488.000
956.175	8293.000
956.318	8386.000
956.461	8380.000
956.604	8421.000
956.747	8360.000
956.890	8499.000
957.034	8337.000
957.177	8417.000
957.320	8276.000
957.463	8425.000
957.606	8344.000
957.749	8462.000
957.892	8296.000
958.036	8413.000
958.179	8219.000
958.322	8490.000
958.465	8463.000
958.608	8356.000
958.751	8371.000
958.894	8376.000
959.037	8284.000
959.180	8368.000
959.323	8317.000
959.467	8480.000
959.610	8268.000
959.753	8428.000
959.896	8301.000
960.039	8393.000
960.182	8209.000
960.325	8469.000
960.468	8325.000
960.611	8376.000
960.754	8287.000
960.897	8363.000
961.040	8239.000
961.183	8375.000
961.326	8326.000
961.469	8450.000
961.612	8287.000
961.755	8441.000
961.898	8183.000
962.041	8422.000
962.184	8255.000
962.327	8410.000
962.470	8260.000
962.613	8469.000
962.756	8328.000
962.899	8388.000
963.042	8294.000
963.185	8425.000
963.328	8265.000
963.471	8378.000
963.614	8296.000
963.757	8409.000
963.900	8249.000
964.043	8332.000
964.186	8291.000
964.329	8358.000
964.472	8280.000
964.615	8416.000
964.758	8269.000
964.900	8447.000
965.043	8317.000
965.186	8430.000
965.329	8417.000
965.472	8482.000
965.615	8343.000
965.758	8354.000
965.901	8284.000
966.044	8393.000
966.187	8241.000
966.329	8409.000
966.472	8424.000
966.615	8459.000
966.758	8295.000
966.901	8466.000
967.044	8424.000
967.187	8375.000
967.330	8298.000
967.472	8450.000
967.615	8311.000
967.758	8446.000
967.901	8299.000
968.044	8486.000
968.187	8300.000
968.329	8409.000
968.472	8325.000
968.615	8425.000
968.758	8322.000
968.901	8417.000
969.043	8378.000
969.186	8387.000
969.329	8335.000
969.472	8539.000
969.615	8374.000
969.757	8392.000
969.900	8360.000
970.043	8468.000
970.186	8272.000
970.328	8441.000
970.471	8414.000
970.614	8482.000
970.757	8357.000
970.899	8399.000
971.042	8303.000
971.185	8393.000
971.328	8356.000
971.470	8419.000
971.613	8354.000
971.756	8452.000
971.899	8329.000
972.041	8421.000
972.184	8194.000
972.327	8510.000
972.469	8277.000
972.612	8396.000
972.755	8279.000
972.898	8454.000
973.040	8303.000
973.183	8390.000
973.326	8394.000
973.468	8314.000
973.611	8268.000
973.754	8404.000
973.896	8334.000
974.039	8380.000
974.182	8261.000
974.324	8495.000
974.467	8351.000
974.610	8411.000
974.752	8286.000
974.895	8402.000
975.037	8328.000
975.180	8431.000
975.323	8246.000
975.465	8420.000
975.608	8291.000
975.751	8301.000
975.893	8295.000
976.036	8360.000
976.178	8279.000
976.321	8485.000
976.464	8199.000
976.606	8258.000
976.749	8250.000
976.891	8440.000
977.034	8291.000
977.176	8314.000
977.319	8171.000
977.462	8415.000
977.604	8232.000
977.747	8374.000
977.889	8236.000
978.032	8415.000
978.174	8281.000
978.317	8399.000
978.459	8326.000
978.602	8400.000
978.744	8273.000
978.887	8427.000
979.029	8219.000
979.172	8299.000
979.314	8306.000
979.457	8358.000
979.599	8199.000
979.742	8430.000
979.884	8178.000
980.027	8300.000
980.169	8248.000
980.312	8394.000
980.454	8238.000
980.597	8363.000
980.739	8252.000
980.882	8276.000
981.024	8215.000
981.167	8308.000
981.309	8305.000
981.452	8278.000
981.594	8208.000
981.736	8282.000
981.879	8279.000
982.021	8330.000
982.164	8208.000
982.306	8251.000
982.449	8219.000
982.591	8299.000
982.733	8233.000
982.876	8324.000
983.018	8199.000
983.161	8363.000
983.303	8164.000
983.445	8317.000
983.588	8173.000
983.730	8402.000
983.873	8235.000
984.015	8445.000
984.157	8139.000
984.300	8428.000
984.442	8213.000
984.584	8382.000
984.727	8234.000
984.869	8381.000
985.011	8268.000
985.154	8271.000
985.296	8203.000
985.438	8360.000
985.581	8208.000
985.723	8319.000
985.865	8207.000
986.008	8355.000
986.150	8304.000
986.292	8340.000
986.435	8267.000
986.577	8338.000
986.719	8177.000
986.861	8391.000
987.004	7892.000
987.146	8364.000
987.288	8261.000
987.431	8295.000
987.573	8284.000
987.715	8298.000
987.857	8153.000
988.000	8291.000
988.142	8280.000
988.284	8440.000
988.426	8202.000
988.569	8313.000
988.711	8189.000
988.853	8377.000
988.995	8229.000
989.138	8284.000
989.280	8157.000
989.422	8377.000
989.564	8274.000
989.706	8348.000
989.849	8198.000
989.991	8351.000
990.133	8216.000
990.275	8384.000
990.417	8264.000
990.560	8295.000
990.702	8134.000
990.844	8305.000
990.986	8245.000
991.128	8443.000
991.270	8209.000
991.413	8385.000
991.555	8252.000
991.697	8378.000
991.839	8247.000
991.981	8371.000
992.123	8220.000
992.265	8399.000
992.408	8276.000
992.550	8362.000
992.692	8252.000
992.834	8385.000
992.976	8293.000
993.118	8388.000
993.260	8238.000
993.402	8299.000
993.544	8203.000
993.687	8403.000
993.829	8188.000
993.971	8323.000
994.113	8181.000
994.255	8286.000
994.397	8197.000
994.539	8377.000
994.681	8240.000
994.823	8354.000
994.965	8221.000
995.107	8419.000
995.249	8300.000
995.391	8315.000
995.533	8202.000
995.675	8349.000
995.817	8265.000
995.959	8370.000
996.101	8195.000
996.243	8391.000
996.385	8246.000
996.527	8323.000
996.669	8164.000
996.811	8357.000
996.953	8260.000
997.095	8319.000
997.237	8209.000
997.379	8368.000
997.521	8212.000
997.663	8320.000
997.805	8320.000
997.947	8322.000
998.089	8239.000
998.231	8295.000
998.373	8185.000
998.515	8405.000
998.657	8318.000
998.799	8348.000
998.941	8206.000
999.083	8257.000
999.225	8249.000
999.367	8325.000
999.509	8310.000
999.651	8419.000
999.793	8209.000
999.934	8343.000
1000.076	8223.000
1000.218	8381.000
1000.360	8240.000
1000.502	8353.000
1000.644	8292.000
1000.786	8399.000
1000.928	8283.000
1001.070	8223.000
1001.212	8164.000
1001.353	8385.000
1001.495	8164.000
1001.637	8291.000
1001.779	8210.000
1001.921	8295.000
1002.063	8188.000
1002.205	8297.000
1002.346	8203.000
1002.488	8397.000
1002.630	8097.000
1002.772	8339.000
1002.914	8215.000
1003.055	8317.000
1003.197	8182.000
1003.339	8297.000
1003.481	8211.000
1003.623	8346.000
1003.765	8161.000
1003.906	8295.000
1004.048	8205.000
1004.190	8335.000
1004.332	8134.000
1004.473	8285.000
1004.615	8342.000
1004.757	8335.000
1004.899	8238.000
1005.041	8358.000
1005.182	8181.000
1005.324	8316.000
1005.466	8160.000
1005.608	8328.000
1005.749	8116.000
1005.891	8466.000
1006.033	8258.000
1006.175	8404.000
1006.316	8202.000
1006.458	8361.000
1006.600	8216.000
1006.741	8366.000
1006.883	8177.000
1007.025	8304.000
1007.167	8178.000
1007.308	8358.000
1007.450	8248.000
1007.592	8328.000
1007.733	8143.000
1007.875	8324.000
1008.017	8238.000
1008.158	8278.000
1008.300	8190.000
1008.442	8317.000
1008.583	8128.000
1008.725	8338.000
1008.867	8120.000
1009.008	8343.000
1009.150	8202.000
1009.292	8421.000
1009.433	8231.000
1009.575	8298.000
1009.716	8155.000
1009.858	8267.000
1010.000	8255.000
1010.141	8360.000
1010.283	8173.000
1010.425	8395.000
1010.566	8081.000
1010.708	8332.000
1010.849	8214.000
1010.991	8316.000
1011.132	8155.000
1011.274	8278.000
1011.416	8278.000
1011.557	8257.000
1011.699	8212.000
1011.840	8361.000
1011.982	8165.000
1012.123	8324.000
1012.265	8125.000
1012.407	8361.000
1012.548	8179.000
1012.690	8246.000
1012.831	8145.000
1012.973	8304.000
1013.114	8205.000
1013.256	8371.000
1013.397	8255.000
1013.539	8543.000
1013.680	8509.000
1013.822	8662.000
1013.963	8578.000
1014.105	8770.000
1014.246	8616.000
1014.388	8963.000
1014.529	8920.000
1014.671	9134.000
1014.812	8608.000
1014.954	8499.000
1015.095	8351.000
1015.237	8367.000
1015.378	8155.000
1015.520	8304.000
1015.661	8107.000
1015.803	8265.000
1015.944	8062.000
1016.085	8263.000
1016.227	8093.000
1016.368	8156.000
1016.510	8012.000
1016.651	8175.000
1016.793	8147.000
1016.934	8161.000
1017.075	8077.000
1017.217	8183.000
1017.358	8080.000
1017.500	8201.000
1017.641	8061.000
1017.782	8269.000
1017.924	8055.000
1018.065	8141.000
1018.207	8030.000
1018.348	8250.000
1018.489	8074.000
1018.631	8144.000
1018.772	8065.000
1018.913	8160.000
1019.055	8007.000
1019.196	8092.000
1019.337	8007.000
1019.479	8216.000
1019.620	8112.000
1019.761	8139.000
1019.903	8013.000
1020.044	8219.000
1020.185	8061.000
1020.327	8092.000
1020.468	7980.000
1020.609	8147.000
1020.751	7977.000
1020.892	8137.000
1021.033	8006.000
1021.175	8151.000
1021.316	8037.000
1021.457	8101.000
1021.598	7973.000
1021.740	8188.000
1021.881	8013.000
1022.022	8123.000
1022.164	8045.000
1022.305	8160.000
1022.446	7946.000
1022.587	8125.000
1022.729	8094.000
1022.870	8231.000
1023.011	8017.000
1023.152	8140.000
1023.294	8037.000
1023.435	8126.000
1023.576	8005.000
1023.717	8149.000
1023.858	8019.000
1024.000	8157.000
1024.141	7988.000
1024.282	8109.000
1024.423	7977.000
1024.564	8211.000
1024.706	8036.000
1024.847	8194.000
1024.988	7971.000
1025.129	8208.000
1025.270	8026.000
1025.412	8195.000
1025.553	8017.000
1025.694	8232.000
1025.835	7986.000
1025.976	8148.000
1026.117	8018.000
1026.258	8188.000
1026.400	8009.000
1026.541	8241.000
1026.682	8052.000
1026.823	8130.000
1026.964	8069.000
1027.105	8135.000
1027.246	8123.000
1027.388	8235.000
1027.529	8052.000
1027.670	8123.000
1027.811	8016.000
1027.952	8199.000
1028.093	8092.000
1028.234	8110.000
1028.375	8086.000
1028.516	8165.000
1028.657	8095.000
1028.798	8228.000
1028.939	8039.000
1029.081	8179.000
1029.222	8144.000
1029.363	8196.000
1029.504	8052.000
1029.645	8266.000
1029.786	8146.000
1029.927	8231.000
1030.068	8135.000
1030.209	8231.000
1030.350	8101.000
1030.491	8208.000
1030.632	8119.000
1030.773	8260.000
1030.914	8070.000
1031.055	8201.000
1031.196	8206.000
1031.337	8233.000
1031.478	8108.000
1031.619	8155.000
1031.760	8061.000
1031.901	8347.000
1032.042	8075.000
1032.183	8205.000
1032.324	8106.000
1032.465	8331.000
1032.606	8632.000
1032.747	8215.000
1032.888	8103.000
1033.029	8224.000
1033.170	8069.000
1033.311	8284.000
1033.452	8027.000
1033.592	8289.000
1033.733	8087.000
1033.874	8149.000
1034.015	8157.000
1034.156	8198.000
1034.297	8124.000
1034.438	8219.000
1034.579	8099.000
1034.720	8311.000
1034.861	8086.000
1035.002	8169.000
1035.142	8073.000
1035.283	8171.000
1035.424	8076.000
1035.565	8208.000
1035.706	8111.000
1035.847	8179.000
1035.988	8141.000
1036.129	8160.000
1036.269	8026.000
1036.410	8290.000
1036.551	8064.000
1036.692	8136.000
1036.833	8049.000
1036.974	8110.000
1037.114	8095.000
1037.255	8154.000
1037.396	8043.000
1037.537	8084.000
1037.678	8061.000
1037.819	8102.000
1037.959	8066.000
1038.100	8143.000
1038.241	8043.000
1038.382	8147.000
1038.523	8040.000
1038.663	8197.000
1038.804	8071.000
1038.945	8143.000
1039.086	8107.000
1039.226	8155.000
1039.367	8126.000
1039.508	8169.000
1039.649	8067.000
1039.789	8128.000
1039.930	8108.000
1040.071	8165.000
1040.212	8163.000
1040.352	8164.000
1040.493	8092.000
1040.634	8101.000
1040.775	8089.000
1040.915	8154.000
1041.056	8047.000
1041.197	8222.000
1041.337	8093.000
1041.478	8218.000
1041.619	8090.000
1041.760	8166.000
1041.900	8089.000
1042.041	8166.000
1042.182	8033.000
1042.322	8254.000
1042.463	8088.000
1042.604	8243.000
1042.744	8139.000
1042.885	8279.000
1043.026	8076.000
1043.166	8268.000
1043.307	8086.000
1043.448	8214.000
1043.588	8089.000
1043.729	8277.000
1043.869	8090.000
1044.010	8280.000
1044.151	8107.000
1044.291	8279.000
1044.432	8094.000
1044.573	8245.000
1044.713	8133.000
1044.854	8307.000
1044.994	8187.000
1045.135	8282.000
1045.276	8225.000
1045.416	8326.000
1045.557	8213.000
1045.697	8250.000
1045.838	8229.000
1045.978	8368.000
1046.119	8146.000
1046.260	8277.000
1046.400	8193.000
1046.541	8384.000
1046.681	8173.000
1046.822	8344.000
1046.962	8183.000
1047.103	8431.000
1047.243	8284.000
1047.384	8336.000
1047.524	8201.000
1047.665	8321.000
1047.805	8212.000
1047.946	8305.000
1048.087	8251.000
1048.227	8363.000
1048.368	8272.000
1048.508	8315.000
1048.649	8237.000
1048.789	8351.000
1048.929	8261.000
1049.070	8363.000
1049.210	8195.000
1049.351	8413.000
1049.491	8179.000
1049.632	8296.000
1049.772	8196.000
1049.913	8350.000
1050.053	8126.000
1050.194	8365.000
1050.334	8258.000
1050.475	8289.000
1050.615	8258.000
1050.755	8410.000
1050.896	8198.000
1051.036	8351.000
1051.177	8259.000
1051.317	8309.000
1051.458	8171.000
1051.598	8306.000
1051.738	8192.000
1051.879	8249.000
1052.019	8218.000
1052.160	8330.000
1052.300	8239.000
1052.440	8320.000
1052.581	8171.000
1052.721	8396.000
1052.861	8288.000
1053.002	8347.000
1053.142	8315.000
1053.282	8375.000
1053.423	8261.000
1053.563	8338.000
1053.704	7094.000
1053.844	8330.000
1053.984	8217.000
1054.125	8243.000
1054.265	8120.000
1054.405	8329.000
1054.546	8155.000
1054.686	8349.000
1054.826	8234.000
1054.966	8370.000
1055.107	8207.000
1055.247	8292.000
1055.387	8219.000
1055.528	8368.000
1055.668	8249.000
1055.808	8318.000
1055.948	8123.000
1056.089	8344.000
1056.229	8153.000
1056.369	8245.000
1056.510	8192.000
1056.650	8241.000
1056.790	8162.000
1056.930	8267.000
1057.071	8108.000
1057.211	8357.000
1057.351	8079.000
1057.491	8356.000
1057.632	8183.000
1057.772	8243.000
1057.912	8165.000
1058.052	8202.000
1058.192	8124.000
1058.333	8179.000
1058.473	8055.000
1058.613	8146.000
1058.753	8111.000
1058.893	8260.000
1059.034	8101.000
1059.174	8280.000
1059.314	8065.000
1059.454	8174.000
1059.594	8066.000
1059.734	8165.000
1059.875	7975.000
1060.015	8174.000
1060.155	8016.000
1060.295	8150.000
1060.435	8020.000
1060.575	8193.000
1060.716	8154.000
1060.856	8183.000
1060.996	8104.000
1061.136	8276.000
1061.276	8012.000
1061.416	8154.000
1061.556	8116.000
1061.696	8228.000
1061.837	8057.000
1061.977	8313.000
1062.117	12475.000
1062.257	8307.000
1062.397	8120.000
1062.537	8229.000
1062.677	8161.000
1062.817	8228.000
1062.957	8046.000
1063.097	8248.000
1063.237	8214.000
1063.377	8369.000
1063.517	8260.000
1063.658	8423.000
1063.798	8388.000
1063.938	8519.000
1064.078	8507.000
1064.218	8629.000
1064.358	8526.000
1064.498	8680.000
1064.638	8554.000
1064.778	8799.000
1064.918	8802.000
1065.058	9030.000
1065.198	8808.000
1065.338	8688.000
1065.478	8407.000
1065.618	8356.000
1065.758	8183.000
1065.898	8243.000
1066.038	8158.000
1066.178	8355.000
1066.318	8180.000
1066.458	8312.000
1066.598	8140.000
1066.738	8358.000
1066.878	8199.000
1067.018	8338.000
1067.158	8172.000
1067.297	8341.000
1067.437	8074.000
1067.577	8294.000
1067.717	8125.000
1067.857	8332.000
1067.997	8103.000
1068.137	8322.000
1068.277	8193.000
1068.417	8297.000
1068.557	8155.000
1068.697	8339.000
1068.837	8114.000
1068.977	8382.000
1069.116	8216.000
1069.256	8231.000
1069.396	8184.000
1069.536	8355.000
1069.676	8186.000
1069.816	8293.000
1069.956	8207.000
1070.096	8332.000
1070.235	8214.000
1070.375	8313.000
1070.515	8217.000
1070.655	8327.000
1070.795	8235.000
1070.935	8408.000
1071.074	8176.000
1071.214	8383.000
1071.354	8172.000
1071.494	8331.000
1071.634	8299.000
1071.774	8439.000
1071.913	8232.000
1072.053	8315.000
1072.193	8264.000
1072.333	8434.000
1072.473	8266.000
1072.612	8423.000
1072.752	8296.000
1072.892	8449.000
1073.032	8265.000
1073.172	8323.000
1073.311	8272.000
1073.451	8406.000
1073.591	8261.000
1073.731	8279.000
1073.870	8310.000
1074.010	8498.000
1074.150	8340.000
1074.290	8369.000
1074.429	8310.000
1074.569	8334.000
1074.709	8373.000
1074.848	8464.000
