1029.870	8861.000
1030.015	8859.000
1030.160	8864.000
1030.305	8917.000
1030.449	8854.000
1030.594	8969.000
1030.739	8835.000
1030.884	8913.000
1031.029	8808.000
1031.173	8884.000
1031.318	8778.000
1031.463	8951.000
1031.608	8813.000
1031.752	8832.000
1031.897	8835.000
1032.042	8956.000
1032.187	8744.000
1032.331	8918.000
1032.476	8808.000
1032.621	8929.000
1032.765	8789.000
1032.910	8815.000
1033.055	8931.000
1033.200	8884.000
1033.344	8895.000
1033.489	8863.000
1033.634	8864.000
1033.778	8828.000
1033.923	8818.000
1034.068	8837.000
1034.212	8862.000
1034.357	8857.000
1034.502	8815.000
1034.646	8850.000
1034.791	8756.000
1034.935	8823.000
1035.080	8860.000
1035.225	8764.000
1035.369	8827.000
1035.514	8858.000
1035.658	8783.000
1035.803	8870.000
1035.947	8763.000
1036.092	8860.000
1036.237	8744.000
1036.381	8874.000
1036.526	8836.000
1036.670	8782.000
1036.815	8765.000
1036.959	8807.000
1037.104	8737.000
1037.248	8782.000
1037.393	8829.000
1037.537	8835.000
1037.682	8762.000
1037.826	8794.000
1037.971	8749.000
1038.115	8802.000
1038.260	8685.000
1038.404	8721.000
1038.549	8773.000
1038.693	8741.000
1038.838	8714.000
1038.982	8704.000
1039.126	8615.000
1039.271	8770.000
1039.415	8721.000
1039.560	8666.000
1039.704	8671.000
1039.848	8720.000
1039.993	8687.000
1040.137	8681.000
1040.282	8681.000
1040.426	8752.000
1040.570	8576.000
1040.715	8648.000
1040.859	8591.000
1041.003	8657.000
1041.148	8624.000
1041.292	8751.000
1041.436	8585.000
1041.581	8675.000
1041.725	8661.000
1041.869	8631.000
1042.014	8568.000
1042.158	8610.000
1042.302	8562.000
1042.447	8589.000
1042.591	8584.000
1042.735	8602.000
1042.879	8559.000
1043.024	8616.000
1043.168	8590.000
1043.312	8602.000
1043.456	8596.000
1043.601	8595.000
1043.745	8518.000
1043.889	8577.000
1044.033	8530.000
1044.178	8603.000
1044.322	8540.000
1044.466	8510.000
1044.610	8460.000
1044.754	8472.000
1044.899	8483.000
1045.043	8603.000
1045.187	8501.000
1045.331	8555.000
1045.475	8506.000
1045.619	8537.000
1045.763	8519.000
1045.908	8586.000
1046.052	8399.000
1046.196	8605.000
1046.340	8472.000
1046.484	8498.000
1046.628	8536.000
1046.772	8554.000
1046.916	8531.000
1047.060	8543.000
1047.205	8494.000
1047.349	8566.000
1047.493	8469.000
1047.637	8578.000
1047.781	8491.000
1047.925	8563.000
1048.069	8428.000
1048.213	8478.000
1048.357	8578.000
1048.501	8566.000
1048.645	8536.000
1048.789	8557.000
1048.933	8548.000
1049.077	8533.000
1049.221	8486.000
1049.365	8498.000
1049.509	8554.000
1049.653	8603.000
1049.797	8493.000
1049.941	8564.000
1050.085	8510.000
1050.229	8576.000
1050.373	8538.000
1050.517	8464.000
1050.660	8493.000
1050.804	8606.000
1050.948	8561.000
1051.092	8584.000
1051.236	8471.000
1051.380	8573.000
1051.524	8506.000
1051.668	8512.000
1051.812	8446.000
1051.956	8554.000
1052.099	8423.000
1052.243	8579.000
1052.387	8517.000
1052.531	8564.000
1052.675	8493.000
1052.819	8530.000
1052.962	8506.000
1053.106	8477.000
1053.250	8422.000
1053.394	8545.000
1053.538	8394.000
1053.681	8516.000
1053.825	8468.000
1053.969	8501.000
1054.113	8491.000
1054.257	8580.000
1054.400	8389.000
1054.544	8540.000
1054.688	8457.000
1054.832	8483.000
1054.975	8494.000
1055.119	8545.000
1055.263	8369.000
1055.407	8539.000
1055.550	8306.000
1055.694	8450.000
1055.838	8433.000
1055.981	8573.000
1056.125	8439.000
1056.269	8543.000
1056.412	8316.000
1056.556	8403.000
1056.700	8389.000
1056.843	8465.000
1056.987	8468.000
1057.131	8524.000
1057.274	8362.000
1057.418	8444.000
1057.562	8342.000
1057.705	8454.000
1057.849	8402.000
1057.992	8500.000
1058.136	8332.000
1058.280	8460.000
1058.423	8292.000
1058.567	8509.000
1058.710	8477.000
1058.854	8409.000
1058.997	8402.000
1059.141	8415.000
1059.285	8321.000
1059.428	8443.000
1059.572	8356.000
1059.715	8503.000
1059.859	8305.000
1060.002	8441.000
1060.146	8333.000
1060.289	8427.000
1060.433	8302.000
1060.576	8490.000
1060.720	8351.000
1060.863	8423.000
1061.007	8320.000
1061.150	8425.000
1061.294	8263.000
1061.437	8440.000
1061.580	8348.000
1061.724	8485.000
1061.867	8331.000
1062.011	8467.000
1062.154	8233.000
1062.298	8460.000
1062.441	8296.000
1062.584	8455.000
1062.728	8306.000
1062.871	8532.000
1063.015	8434.000
1063.158	8640.000
1063.301	8729.000
1063.445	8965.000
1063.588	8810.000
1063.731	8975.000
1063.875	8917.000
1064.018	9115.000
1064.161	8971.000
1064.305	9151.000
1064.448	9142.000
1064.591	9242.000
1064.735	9045.000
1064.878	8772.000
1065.021	8441.000
1065.165	8504.000
1065.308	8356.000
1065.451	8479.000
1065.594	8462.000
1065.738	8499.000
1065.881	8394.000
1066.024	8374.000
1066.167	8292.000
1066.311	8413.000
1066.454	8300.000
1066.597	8470.000
1066.740	8458.000
1066.884	8491.000
1067.027	8304.000
1067.170	8508.000
1067.313	8441.000
1067.456	8387.000
1067.599	8320.000
1067.743	8507.000
1067.886	8329.000
1068.029	8455.000
1068.172	8344.000
1068.315	8516.000
1068.458	8316.000
1068.602	8471.000
1068.745	8368.000
1068.888	8456.000
1069.031	8375.000
1069.174	8452.000
1069.317	8388.000
1069.460	8433.000
1069.603	8368.000
1069.746	8562.000
1069.890	8396.000
1070.033	8406.000
1070.176	8421.000
1070.319	8497.000
1070.462	8303.000
1070.605	8487.000
1070.748	8445.000
1070.891	8521.000
1071.034	8378.000
1071.177	8431.000
1071.320	8389.000
1071.463	8441.000
1071.606	8362.000
1071.749	8467.000
1071.892	8386.000
1072.035	8517.000
1072.178	8371.000
1072.321	8457.000
1072.464	8239.000
1072.607	8517.000
1072.750	8336.000
1072.893	8436.000
1073.036	8326.000
1073.179	8481.000
1073.322	8337.000
1073.465	8439.000
1073.607	8456.000
1073.750	8380.000
1073.893	8304.000
1074.036	8456.000
1074.179	8340.000
1074.322	8416.000
1074.465	8292.000
1074.608	8513.000
1074.751	8409.000
1074.893	8439.000
1075.036	8302.000
1075.179	8449.000
1075.322	8367.000
1075.465	8460.000
1075.608	8247.000
1075.750	8458.000
1075.893	8312.000
1076.036	8332.000
1076.179	8323.000
1076.322	8401.000
1076.464	8325.000
1076.607	8560.000
1076.750	8290.000
1076.893	8298.000
1077.036	8311.000
1077.178	8483.000
1077.321	8376.000
1077.464	8423.000
1077.607	8274.000
1077.749	8539.000
1077.892	8378.000
1078.035	8474.000
1078.177	8400.000
1078.320	8535.000
1078.463	8425.000
1078.606	8518.000
1078.748	8478.000
1078.891	8534.000
1079.034	8337.000
1079.176	8506.000
1079.319	8272.000
1079.462	8394.000
1079.604	8345.000
1079.747	8446.000
1079.890	8225.000
1080.032	8502.000
1080.175	8226.000
1080.317	8344.000
1080.460	8309.000
1080.603	8432.000
1080.745	8331.000
1080.888	8406.000
1081.030	8329.000
1081.173	8349.000
1081.316	8271.000
1081.458	8376.000
1081.601	8388.000
1081.743	8358.000
1081.886	8318.000
1082.028	8330.000
1082.171	8345.000
1082.313	8434.000
1082.456	8284.000
1082.598	8333.000
1082.741	8301.000
1082.883	8382.000
1083.026	8288.000
1083.168	8404.000
1083.311	8267.000
1083.453	8455.000
1083.596	8282.000
1083.738	8402.000
1083.881	8298.000
1084.023	8496.000
1084.166	8331.000
1084.308	8569.000
1084.451	8251.000
1084.593	8554.000
1084.736	8318.000
1084.878	8488.000
1085.020	8373.000
1085.163	8548.000
1085.305	8439.000
1085.448	8449.000
1085.590	8368.000
1085.732	8557.000
1085.875	8365.000
1086.017	8479.000
1086.159	8391.000
1086.302	8492.000
1086.444	8456.000
1086.586	8514.000
1086.729	8462.000
1086.871	8539.000
1087.013	8333.000
1087.156	8533.000
1087.298	8016.000
1087.440	8539.000
1087.583	8403.000
1087.725	8495.000
1087.867	8426.000
1088.010	8455.000
1088.152	8295.000
1088.294	8432.000
1088.436	8392.000
1088.579	8580.000
1088.721	8345.000
1088.863	8482.000
1089.005	8355.000
1089.148	8514.000
1089.290	8408.000
1089.432	8455.000
1089.574	8332.000
1089.716	8516.000
1089.859	8410.000
1090.001	8497.000
1090.143	8368.000
1090.285	8542.000
1090.427	8384.000
1090.569	8511.000
1090.712	8430.000
1090.854	8471.000
1090.996	8283.000
1091.138	8468.000
1091.280	8383.000
1091.422	8604.000
1091.564	8363.000
1091.707	8508.000
1091.849	8372.000
1091.991	8513.000
1092.133	8338.000
1092.275	8499.000
1092.417	8352.000
1092.559	8504.000
1092.701	8364.000
1092.843	8478.000
1092.985	8355.000
1093.127	8509.000
1093.269	8394.000
1093.411	8499.000
1093.554	8310.000
1093.696	8434.000
1093.838	8285.000
1093.980	8481.000
1094.122	8270.000
1094.264	8409.000
1094.406	8302.000
1094.548	8391.000
1094.690	8354.000
1094.832	8445.000
1094.973	8399.000
1095.115	8500.000
1095.257	8378.000
1095.399	8563.000
1095.541	8485.000
1095.683	8555.000
1095.825	8433.000
1095.967	8618.000
1096.109	8526.000
1096.251	8588.000
1096.393	8423.000
1096.535	8598.000
1096.677	8444.000
1096.819	8510.000
1096.960	8399.000
1097.102	8551.000
1097.244	8406.000
1097.386	8515.000
1097.528	8361.000
1097.670	8585.000
1097.812	8355.000
1097.953	8496.000
1098.095	8465.000
1098.237	8502.000
1098.379	8381.000
1098.521	8478.000
1098.662	8339.000
1098.804	8564.000
1098.946	8465.000
1099.088	8492.000
1099.230	8397.000
1099.371	8459.000
1099.513	8431.000
1099.655	8546.000
1099.797	8519.000
1099.938	8600.000
1100.080	8424.000
1100.222	8559.000
1100.364	8451.000
1100.505	8572.000
1100.647	8466.000
1100.789	8615.000
1100.931	8515.000
1101.072	8620.000
1101.214	8468.000
1101.356	8473.000
1101.497	8401.000
1101.639	8599.000
1101.781	8374.000
1101.922	8561.000
1102.064	8426.000
1102.206	8587.000
1102.347	8451.000
1102.489	8555.000
1102.631	8471.000
1102.772	8675.000
1102.914	8359.000
1103.055	8633.000
1103.197	8510.000
1103.339	8587.000
1103.480	8507.000
1103.622	8626.000
1103.763	8532.000
1103.905	8648.000
1104.046	8469.000
1104.188	8635.000
1104.330	8520.000
1104.471	8650.000
1104.613	8480.000
1104.754	8651.000
1104.896	8624.000
1105.037	8673.000
1105.179	8532.000
1105.320	8727.000
1105.462	8511.000
1105.603	8708.000
1105.745	8557.000
1105.886	8741.000
1106.028	8516.000
1106.169	8851.000
1106.311	8627.000
1106.452	8777.000
1106.594	8565.000
1106.735	8768.000
1106.876	8669.000
1107.018	8753.000
1107.159	8582.000
1107.301	8719.000
1107.442	8615.000
1107.584	8772.000
1107.725	8706.000
1107.866	8755.000
1108.008	8588.000
1108.149	8762.000
1108.291	8693.000
1108.432	8785.000
1108.573	8713.000
1108.715	8872.000
1108.856	8695.000
1108.997	8903.000
1109.139	8716.000
1109.280	8906.000
1109.421	8783.000
1109.563	8947.000
1109.704	8789.000
1109.845	8866.000
1109.987	8775.000
1110.128	8875.000
1110.269	8868.000
1110.410	9001.000
1110.552	8788.000
1110.693	8948.000
1110.834	8718.000
1110.975	8961.000
1111.117	8863.000
1111.258	8980.000
1111.399	8869.000
1111.540	9022.000
1111.682	9019.000
1111.823	8983.000
1111.964	8910.000
1112.105	9119.000
1112.247	8914.000
1112.388	9097.000
1112.529	8927.000
1112.670	9222.000
1112.811	9024.000
1112.952	9133.000
1113.094	9010.000
1113.235	9207.000
1113.376	9078.000
1113.517	9159.000
1113.658	8944.000
1113.799	9191.000
1113.940	9135.000
1114.082	9249.000
1114.223	9098.000
1114.364	9303.000
1114.505	9143.000
1114.646	9313.000
1114.787	9143.000
1114.928	9308.000
1115.069	9108.000
1115.210	9336.000
1115.351	9308.000
1115.492	9395.000
1115.633	9293.000
1115.774	9446.000
1115.916	9289.000
1116.057	9477.000
1116.198	9235.000
1116.339	9460.000
1116.480	9290.000
1116.621	9392.000
1116.762	9306.000
1116.903	9442.000
1117.044	9456.000
1117.185	9473.000
1117.326	9394.000
1117.466	9535.000
1117.607	9490.000
1117.748	9608.000
1117.889	9511.000
1118.030	9726.000
1118.171	9595.000
1118.312	9738.000
1118.453	9599.000
1118.594	9836.000
1118.735	9675.000
1118.876	9764.000
1119.017	9673.000
1119.158	9759.000
1119.298	9662.000
1119.439	9766.000
1119.580	9712.000
1119.721	9964.000
1119.862	9894.000
1120.003	9916.000
1120.144	9870.000
1120.284	10030.000
1120.425	9939.000
1120.566	10001.000
1120.707	9937.000
1120.848	10154.000
1120.989	9985.000
1121.129	10207.000
1121.270	10103.000
1121.411	10236.000
1121.552	10158.000
1121.693	10208.000
1121.833	10133.000
1121.974	10343.000
1122.115	10277.000
1122.256	10381.000
1122.396	10333.000
1122.537	10481.000
1122.678	10324.000
1122.819	10495.000
1122.959	10561.000
1123.100	10722.000
1123.241	10602.000
1123.381	10698.000
1123.522	10715.000
1123.663	10739.000
1123.803	10639.000
1123.944	10834.000
1124.085	10788.000
1124.225	10958.000
1124.366	10887.000
1124.507	11048.000
1124.647	11033.000
1124.788	11289.000
1124.929	11152.000
1125.069	11349.000
1125.210	11146.000
1125.351	11388.000
1125.491	11255.000
1125.632	11421.000
1125.772	11306.000
1125.913	11529.000
1126.054	11479.000
1126.194	11654.000
1126.335	11592.000
1126.475	11746.000
1126.616	11683.000
1126.756	11901.000
1126.897	11869.000
1127.037	11971.000
1127.178	12006.000
1127.318	12034.000
1127.459	12079.000
1127.600	12226.000
1127.740	12109.000
1127.881	12169.000
1128.021	12131.000
1128.162	12275.000
1128.302	12226.000
1128.442	12318.000
1128.583	12348.000
1128.723	12431.000
1128.864	12419.000
1129.004	12497.000
1129.145	12325.000
1129.285	12391.000
1129.426	12417.000
1129.566	12402.000
1129.706	12270.000
1129.847	12335.000
1129.987	12121.000
1130.128	12066.000
1130.268	11995.000
1130.408	11967.000
1130.549	11770.000
1130.689	11713.000
1130.830	11544.000
1130.970	11551.000
1131.110	11308.000
1131.251	11237.000
1131.391	11194.000
1131.531	11104.000
1131.672	10907.000
1131.812	10848.000
1131.952	10656.000
1132.093	10766.000
1132.233	10475.000
1132.373	10492.000
1132.513	10344.000
1132.654	10492.000
1132.794	10757.000
1132.934	10288.000
1133.075	10179.000
1133.215	10299.000
1133.355	10108.000
1133.495	10277.000
1133.636	10078.000
1133.776	10275.000
1133.916	10076.000
1134.056	10126.000
1134.196	10211.000
1134.337	10336.000
1134.477	10251.000
1134.617	10428.000
1134.757	10487.000
1134.897	10759.000
1135.038	10779.000
1135.178	11036.000
1135.318	11144.000
1135.458	11376.000
1135.598	11303.000
1135.738	11342.000
1135.879	11143.000
1136.019	11001.000
1136.159	10813.000
1136.299	10640.000
1136.439	10385.000
1136.579	10477.000
1136.719	10226.000
1136.859	10192.000
1136.999	10082.000
1137.140	9999.000
1137.280	9934.000
1137.420	9906.000
1137.560	9841.000
1137.700	9781.000
1137.840	9770.000
1137.980	9751.000
1138.120	9693.000
1138.260	9724.000
1138.400	9589.000
1138.540	9669.000
1138.680	9580.000
1138.820	9696.000
1138.960	9563.000
1139.100	9577.000
1139.240	9572.000
1139.380	9559.000
1139.520	9506.000
1139.660	9595.000
1139.800	9483.000
1139.940	9532.000
1140.080	9516.000
1140.220	9550.000
1140.360	9536.000
1140.500	9547.000
1140.640	9461.000
1140.780	9483.000
1140.919	9433.000
1141.059	9511.000
1141.199	9434.000
1141.339	9584.000
1141.479	9474.000
1141.619	9573.000
1141.759	9488.000
1141.899	9559.000
1142.039	9481.000
1142.178	9586.000
1142.318	9412.000
1142.458	9619.000
1142.598	9525.000
1142.738	9643.000
1142.878	9586.000
1143.017	9680.000
1143.157	9573.000
1143.297	9693.000
1143.437	9556.000
1143.577	9637.000
1143.716	9534.000
1143.856	9730.000
1143.996	9533.000
1144.136	9738.000
1144.275	9599.000
1144.415	9736.000
1144.555	9544.000
1144.695	9668.000
1144.834	9579.000
1144.974	9747.000
1145.114	9672.000
1145.254	9735.000
1145.393	9664.000
1145.533	9778.000
1145.673	9666.000
1145.812	9694.000
1145.952	9605.000
1146.092	9791.000
1146.231	9601.000
1146.371	9705.000
1146.511	9630.000
1146.650	9805.000
1146.790	9562.000
1146.930	9753.000
1147.069	9590.000
1147.209	9837.000
1147.349	9737.000
1147.488	9744.000
1147.628	9596.000
1147.767	9711.000
1147.907	9601.000
1148.047	9751.000
1148.186	9692.000
1148.326	9797.000
1148.465	9707.000
1148.605	9751.000
1148.744	9660.000
1148.884	9807.000
1149.024	9752.000
1149.163	9779.000
1149.303	9642.000
1149.442	9857.000
1149.582	9657.000
1149.721	9749.000
1149.861	9630.000
1150.000	9761.000
1150.140	9550.000
1150.279	9806.000
1150.419	9725.000
1150.558	9683.000
1150.698	9680.000
1150.837	9841.000
1150.977	9645.000
1151.116	9769.000
1151.255	9639.000
1151.395	9710.000
1151.534	9615.000
1151.674	9689.000
1151.813	9596.000
1151.953	9671.000
1152.092	9630.000
1152.231	9666.000
1152.371	9603.000
1152.510	9629.000
1152.650	9514.000
1152.789	9719.000
1152.928	9603.000
1153.068	9612.000
1153.207	9620.000
1153.346	9670.000
1153.486	9546.000
1153.625	9625.000
1153.764	8347.000
1153.904	9603.000
1154.043	9485.000
1154.182	9530.000
1154.322	9401.000
1154.461	9565.000
1154.600	9395.000
1154.740	9535.000
1154.879	9439.000
1155.018	9516.000
1155.157	9396.000
1155.297	9477.000
1155.436	9330.000
1155.575	9497.000
1155.714	9355.000
1155.854	9411.000
1155.993	9228.000
1156.132	9423.000
1156.271	9235.000
1156.411	9341.000
1156.550	9271.000
1156.689	9335.000
1156.828	9249.000
1156.967	9350.000
1157.107	9185.000
1157.246	9384.000
1157.385	9155.000
1157.524	9387.000
1157.663	9223.000
1157.802	9259.000
1157.941	9226.000
1158.081	9207.000
1158.220	9127.000
1158.359	9174.000
1158.498	9081.000
1158.637	9160.000
1158.776	9104.000
1158.915	9256.000
1159.054	9099.000
1159.193	9266.000
1159.333	9057.000
1159.472	9188.000
1159.611	9028.000
1159.750	9200.000
1159.889	8985.000
1160.028	9181.000
1160.167	9003.000
1160.306	9138.000
1160.445	9017.000
1160.584	9187.000
1160.723	9133.000
1160.862	9175.000
1161.001	9078.000
1161.140	9269.000
1161.279	9058.000
1161.418	9162.000
1161.557	9125.000
1161.696	9283.000
1161.835	9070.000
1161.974	9323.000
1162.113	13562.000
1162.252	9311.000
1162.391	9135.000
1162.530	9225.000
1162.669	9151.000
1162.808	9277.000
1162.946	9051.000
1163.085	9255.000
1163.224	9279.000
1163.363	9338.000
1163.502	9227.000
1163.641	9248.000
1163.780	9165.000
1163.919	9273.000
1164.058	9241.000
1164.196	9361.000
1164.335	9186.000
1164.474	9301.000
1164.613	9170.000
1164.752	9357.000
1164.891	9281.000
1165.029	9382.000
1165.168	9268.000
1165.307	9380.000
1165.446	9273.000
1165.585	9371.000
1165.723	9252.000
1165.862	9327.000
1166.001	9275.000
1166.140	9458.000
1166.279	9307.000
1166.417	9439.000
1166.556	9273.000
1166.695	9524.000
1166.834	9345.000
1166.972	9497.000
1167.111	9332.000
1167.250	9497.000
1167.388	9225.000
1167.527	9517.000
1167.666	9328.000
1167.805	9560.000
1167.943	9366.000
1168.082	9590.000
1168.221	9472.000
1168.359	9560.000
1168.498	9452.000
1168.637	9641.000
1168.775	9407.000
1168.914	9683.000
1169.052	9553.000
1169.191	9589.000
1169.330	9540.000
1169.468	9756.000
1169.607	9629.000
1169.746	9732.000
1169.884	9676.000
1170.023	9788.000
1170.161	9756.000
1170.300	9805.000
1170.439	9764.000
1170.577	9850.000
1170.716	9746.000
1170.854	9976.000
1170.993	9763.000
1171.131	9955.000
1171.270	9739.000
1171.408	9933.000
1171.547	9935.000
1171.685	10063.000
1171.824	9914.000
1171.962	9982.000
1172.101	9940.000
1172.239	10127.000
1172.378	10006.000
1172.516	10170.000
1172.655	10039.000
1172.793	10253.000
1172.932	10043.000
1173.070	10134.000
1173.209	10137.000
1173.347	10255.000
1173.486	10129.000
1173.624	10143.000
1173.762	10231.000
1173.901	10405.000
1174.039	10319.000
1174.178	10332.000
1174.316	10296.000
1174.454	10349.000
1174.593	10401.000
1174.731	10530.000
