1059.898	6743.000
1060.043	6747.000
1060.188	6707.000
1060.333	6813.000
1060.479	6699.000
1060.624	6844.000
1060.769	6679.000
1060.914	6789.000
1061.059	6691.000
1061.204	6822.000
1061.349	6647.000
1061.494	6855.000
1061.639	6703.000
1061.784	6766.000
1061.929	6688.000
1062.074	6876.000
1062.219	6634.000
1062.364	6916.000
1062.509	6816.000
1062.654	7076.000
1062.799	6972.000
1062.944	7097.000
1063.089	7184.000
1063.234	7183.000
1063.379	7118.000
1063.524	7128.000
1063.669	7052.000
1063.814	6987.000
1063.959	6811.000
1064.104	6824.000
1064.249	6756.000
1064.394	6869.000
1064.538	6772.000
1064.683	6804.000
1064.828	6647.000
1064.973	6794.000
1065.118	6757.000
1065.263	6802.000
1065.408	6781.000
1065.553	6833.000
1065.697	6728.000
1065.842	6881.000
1065.987	6707.000
1066.132	6866.000
1066.277	6702.000
1066.422	6829.000
1066.566	6777.000
1066.711	6759.000
1066.856	6714.000
1067.001	6832.000
1067.146	6729.000
1067.290	6775.000
1067.435	6768.000
1067.580	6859.000
1067.725	6732.000
1067.869	6818.000
1068.014	6708.000
1068.159	6827.000
1068.303	6717.000
1068.448	6758.000
1068.593	6770.000
1068.738	6787.000
1068.882	6710.000
1069.027	6763.000
1069.172	6675.000
1069.316	6820.000
1069.461	6727.000
1069.606	6752.000
1069.750	6704.000
1069.895	6810.000
1070.040	6677.000
1070.184	6758.000
1070.329	6723.000
1070.473	6842.000
1070.618	6655.000
1070.763	6784.000
1070.907	6663.000
1071.052	6770.000
1071.196	6718.000
1071.341	6877.000
1071.486	6710.000
1071.630	6828.000
1071.775	6758.000
1071.919	6814.000
1072.064	6689.000
1072.208	6785.000
1072.353	6696.000
1072.497	6744.000
1072.642	6721.000
1072.786	6785.000
1072.931	6725.000
1073.075	6805.000
1073.220	6752.000
1073.364	6813.000
1073.509	6770.000
1073.653	6790.000
1073.798	6683.000
1073.942	6813.000
1074.087	6763.000
1074.231	6841.000
1074.376	6735.000
1074.520	6747.000
1074.664	6703.000
1074.809	6720.000
1074.953	6725.000
1075.098	6878.000
1075.242	6705.000
1075.386	6802.000
1075.531	6715.000
1075.675	6792.000
1075.819	6765.000
1075.964	6849.000
1076.108	6645.000
1076.252	6870.000
1076.397	6745.000
1076.541	6804.000
1076.685	6795.000
1076.830	6886.000
1076.974	6827.000
1077.118	6859.000
1077.263	6824.000
1077.407	6888.000
1077.551	6863.000
1077.695	6975.000
1077.840	6823.000
1077.984	6959.000
1078.128	6830.000
1078.272	6910.000
1078.417	6989.000
1078.561	7052.000
1078.705	6963.000
1078.849	7041.000
1078.994	6990.000
1079.138	7011.000
1079.282	6958.000
1079.426	7016.000
1079.570	7025.000
1079.714	7094.000
1079.859	6994.000
1080.003	7076.000
1080.147	7038.000
1080.291	7097.000
1080.435	6982.000
1080.579	7009.000
1080.723	7048.000
1080.868	7150.000
1081.012	7096.000
1081.156	7074.000
1081.300	7015.000
1081.444	7154.000
1081.588	7092.000
1081.732	7074.000
1081.876	7018.000
1082.020	7096.000
1082.164	7042.000
1082.308	7202.000
1082.452	7119.000
1082.596	7197.000
1082.740	7124.000
1082.884	7194.000
1083.028	7159.000
1083.172	7130.000
1083.316	7123.000
1083.460	7243.000
1083.604	7081.000
1083.748	7200.000
1083.892	7228.000
1084.036	7235.000
1084.180	7196.000
1084.324	7306.000
1084.468	7174.000
1084.612	7330.000
1084.756	7268.000
1084.900	7268.000
1085.044	7345.000
1085.188	7383.000
1085.332	7260.000
1085.476	7382.000
1085.619	7237.000
1085.763	7350.000
1085.907	7369.000
1086.051	7464.000
1086.195	7386.000
1086.339	7483.000
1086.483	7323.000
1086.626	7378.000
1086.770	7397.000
1086.914	7452.000
1087.058	7455.000
1087.202	7539.000
1087.346	7397.000
1087.489	7465.000
1087.633	7342.000
1087.777	7497.000
1087.921	7395.000
1088.064	7547.000
1088.208	7367.000
1088.352	7467.000
1088.496	7343.000
1088.639	7518.000
1088.783	7530.000
1088.927	7427.000
1089.071	7437.000
1089.214	7450.000
1089.358	7362.000
1089.502	7482.000
1089.645	7409.000
1089.789	7511.000
1089.933	7359.000
1090.076	7511.000
1090.220	7386.000
1090.364	7440.000
1090.507	7317.000
1090.651	7539.000
1090.795	7387.000
1090.938	7459.000
1091.082	7314.000
1091.226	7435.000
1091.369	7297.000
1091.513	7409.000
1091.656	7369.000
1091.800	7499.000
1091.944	7339.000
1092.087	7445.000
1092.231	7175.000
1092.374	7443.000
1092.518	7242.000
1092.661	7386.000
1092.805	7251.000
1092.948	7440.000
1093.092	7307.000
1093.235	7339.000
1093.379	7243.000
1093.522	7386.000
1093.666	7232.000
1093.809	7346.000
1093.953	7236.000
1094.096	7356.000
1094.240	7176.000
1094.383	7321.000
1094.527	7239.000
1094.670	7353.000
1094.814	7230.000
1094.957	7376.000
1095.101	7245.000
1095.244	7434.000
1095.387	7336.000
1095.531	7439.000
1095.674	7464.000
1095.818	7514.000
1095.961	7458.000
1096.104	7473.000
1096.248	7428.000
1096.391	7538.000
1096.534	7434.000
1096.678	7596.000
1096.821	7616.000
1096.964	7682.000
1097.108	7540.000
1097.251	7683.000
1097.394	7652.000
1097.538	7653.000
1097.681	7539.000
1097.824	7700.000
1097.968	7579.000
1098.111	7714.000
1098.254	7615.000
1098.397	7771.000
1098.541	7601.000
1098.684	7717.000
1098.827	7618.000
1098.970	7743.000
1099.114	7677.000
1099.257	7777.000
1099.400	7722.000
1099.543	7779.000
1099.686	7695.000
1099.830	7918.000
1099.973	7768.000
1100.116	7804.000
1100.259	7788.000
1100.402	7925.000
1100.545	7723.000
1100.689	7931.000
1100.832	7903.000
1100.975	7985.000
1101.118	7830.000
1101.261	7946.000
1101.404	7890.000
1101.547	7986.000
1101.691	7937.000
1101.834	8038.000
1101.977	7993.000
1102.120	8094.000
1102.263	8042.000
1102.406	8112.000
1102.549	7904.000
1102.692	8233.000
1102.835	8081.000
1102.978	8172.000
1103.121	8122.000
1103.264	8280.000
1103.407	8186.000
1103.550	8276.000
1103.693	8326.000
1103.836	8268.000
1103.979	8240.000
1104.122	8462.000
1104.265	8355.000
1104.408	8459.000
1104.551	8333.000
1104.694	8605.000
1104.837	8520.000
1104.980	8614.000
1105.123	8504.000
1105.266	8691.000
1105.409	8649.000
1105.552	8776.000
1105.695	8574.000
1105.838	8838.000
1105.980	8711.000
1106.123	8764.000
1106.266	8816.000
1106.409	8904.000
1106.552	8868.000
1106.695	9077.000
1106.838	8894.000
1106.980	8948.000
1107.123	9023.000
1107.266	9220.000
1107.409	9140.000
1107.552	9187.000
1107.695	9153.000
1107.837	9337.000
1107.980	9288.000
1108.123	9428.000
1108.266	9360.000
1108.409	9491.000
1108.551	9473.000
1108.694	9608.000
1108.837	9613.000
1108.980	9731.000
1109.122	9666.000
1109.265	9887.000
1109.408	9769.000
1109.551	9874.000
1109.693	9955.000
1109.836	10022.000
1109.979	9925.000
1110.121	10222.000
1110.264	10040.000
1110.407	10208.000
1110.549	10226.000
1110.692	10399.000
1110.835	10415.000
1110.977	10527.000
1111.120	10542.000
1111.263	10571.000
1111.405	10604.000
1111.548	10770.000
1111.691	10894.000
1111.833	10871.000
1111.976	10914.000
1112.118	11016.000
1112.261	11100.000
1112.404	11165.000
1112.546	11209.000
1112.689	11291.000
1112.831	11323.000
1112.974	11484.000
1113.116	11494.000
1113.259	11656.000
1113.401	11624.000
1113.544	11870.000
1113.686	11808.000
1113.829	11994.000
1113.971	11990.000
1114.114	12212.000
1114.256	12204.000
1114.399	12483.000
1114.541	12307.000
1114.684	12607.000
1114.826	12521.000
1114.969	12656.000
1115.111	12723.000
1115.254	12947.000
1115.396	12979.000
1115.539	13059.000
1115.681	13147.000
1115.823	13351.000
1115.966	13288.000
1116.108	13451.000
1116.251	13520.000
1116.393	13644.000
1116.535	13795.000
1116.678	13907.000
1116.820	14010.000
1116.962	14138.000
1117.105	14125.000
1117.247	14346.000
1117.389	14193.000
1117.532	14688.000
1117.674	14761.000
1117.816	14813.000
1117.959	14964.000
1118.101	14942.000
1118.243	14995.000
1118.386	15233.000
1118.528	15425.000
1118.670	15554.000
1118.812	15532.000
1118.955	15691.000
1119.097	15794.000
1119.239	16040.000
1119.381	16136.000
1119.524	16280.000
1119.666	16361.000
1119.808	16510.000
1119.950	16639.000
1120.093	16601.000
1120.235	16785.000
1120.377	17017.000
1120.519	17159.000
1120.661	17416.000
1120.803	17585.000
1120.946	17551.000
1121.088	17563.000
1121.230	17754.000
1121.372	17992.000
1121.514	18236.000
1121.656	18162.000
1121.798	18325.000
1121.941	18365.000
1122.083	18505.000
1122.225	18643.000
1122.367	18729.000
1122.509	18831.000
1122.651	19124.000
1122.793	19380.000
1122.935	19617.000
1123.077	19873.000
1123.219	19921.000
1123.361	19964.000
1123.503	19978.000
1123.645	20054.000
1123.787	20232.000
1123.929	20595.000
1124.071	20938.000
1124.213	20993.000
1124.355	21202.000
1124.497	21411.000
1124.639	21464.000
1124.781	21705.000
1124.923	21689.000
1125.065	21636.000
1125.207	21599.000
1125.349	21644.000
1125.491	21804.000
1125.633	22190.000
1125.775	22423.000
1125.917	22603.000
1126.059	22727.000
1126.201	22963.000
1126.343	23068.000
1126.485	23319.000
1126.626	23427.000
1126.768	23594.000
1126.910	23586.000
1127.052	23754.000
1127.194	23730.000
1127.336	23760.000
1127.478	23762.000
1127.619	23715.000
1127.761	23730.000
1127.903	23908.000
1128.045	24083.000
1128.187	24356.000
1128.329	24154.000
1128.470	24307.000
1128.612	24223.000
1128.754	24283.000
1128.896	24376.000
1129.037	24386.000
1129.179	24171.000
1129.321	24301.000
1129.463	23756.000
1129.604	23784.000
1129.746	23601.000
1129.888	23730.000
1130.030	23638.000
1130.171	23543.000
1130.313	23386.000
1130.455	23257.000
1130.596	23034.000
1130.738	22783.000
1130.880	22490.000
1131.021	22283.000
1131.163	21816.000
1131.305	21641.000
1131.446	21082.000
1131.588	20795.000
1131.730	20430.000
1131.871	19967.000
1132.013	19611.000
1132.155	19230.000
1132.296	18732.000
1132.438	18371.000
1132.579	18044.000
1132.721	17649.000
1132.863	17342.000
1133.004	16794.000
1133.146	16545.000
1133.287	16134.000
1133.429	15844.000
1133.570	15522.000
1133.712	15260.000
1133.853	14955.000
1133.995	14723.000
1134.136	14399.000
1134.278	14255.000
1134.419	13904.000
1134.561	13713.000
1134.702	13336.000
1134.844	13323.000
1134.985	13446.000
1135.127	13408.000
1135.268	13382.000
1135.410	13473.000
1135.551	13303.000
1135.693	13396.000
1135.834	13193.000
1135.975	13231.000
1136.117	13038.000
1136.258	13398.000
1136.400	13349.000
1136.541	13457.000
1136.682	13260.000
1136.824	13301.000
1136.965	13135.000
1137.107	13052.000
1137.248	12807.000
1137.389	12749.000
1137.531	12471.000
1137.672	12445.000
1137.813	12173.000
1137.955	12088.000
1138.096	11712.000
1138.237	11701.000
1138.379	11406.000
1138.520	11311.000
1138.661	11053.000
1138.802	11089.000
1138.944	10769.000
1139.085	10845.000
1139.226	10492.000
1139.368	10544.000
1139.509	10352.000
1139.650	10422.000
1139.791	10092.000
1139.933	10060.000
1140.074	9803.000
1140.215	9823.000
1140.356	9736.000
1140.497	9808.000
1140.639	9505.000
1140.780	9547.000
1140.921	9216.000
1141.062	9385.000
1141.203	9225.000
1141.344	9291.000
1141.486	9055.000
1141.627	9154.000
1141.768	9071.000
1141.909	9052.000
1142.050	8933.000
1142.191	9028.000
1142.332	8841.000
1142.473	8959.000
1142.615	8703.000
1142.756	8942.000
1142.897	8697.000
1143.038	8755.000
1143.179	8630.000
1143.320	8766.000
1143.461	8572.000
1143.602	8625.000
1143.743	8450.000
1143.884	8612.000
1144.025	8563.000
1144.166	8616.000
1144.307	8462.000
1144.448	8601.000
1144.589	8415.000
1144.730	8572.000
1144.871	8392.000
1145.012	8517.000
1145.153	8272.000
1145.294	8468.000
1145.435	8363.000
1145.576	8513.000
1145.717	8324.000
1145.858	8488.000
1145.999	8268.000
1146.140	8418.000
1146.281	8213.000
1146.422	8370.000
1146.562	8144.000
1146.703	8213.000
1146.844	8081.000
1146.985	8237.000
1147.126	8182.000
1147.267	8231.000
1147.408	8077.000
1147.549	8185.000
1147.689	8078.000
1147.830	8197.000
1147.971	8008.000
1148.112	8212.000
1148.253	7999.000
1148.394	8139.000
1148.534	7960.000
1148.675	8172.000
1148.816	7958.000
1148.957	8048.000
1149.097	7961.000
1149.238	8046.000
1149.379	7890.000
1149.520	7989.000
1149.661	7876.000
1149.801	8069.000
1149.942	7924.000
1150.083	8001.000
1150.223	7904.000
1150.364	8082.000
1150.505	7928.000
1150.646	8004.000
1150.786	7865.000
1150.927	8041.000
1151.068	7823.000
1151.208	8026.000
1151.349	7883.000
1151.490	8041.000
1151.630	7902.000
1151.771	7982.000
1151.912	7857.000
1152.052	8061.000
1152.193	7902.000
1152.333	8037.000
1152.474	7904.000
1152.615	8022.000
1152.755	7816.000
1152.896	8003.000
1153.036	7972.000
1153.177	8135.000
1153.318	7920.000
1153.458	8039.000
1153.599	7941.000
1153.739	8005.000
1153.880	7897.000
1154.020	8062.000
1154.161	7922.000
1154.301	8058.000
1154.442	7937.000
1154.582	8025.000
1154.723	7894.000
1154.863	8123.000
1155.004	7973.000
1155.144	8117.000
1155.285	7898.000
1155.425	8144.000
1155.566	7940.000
1155.706	8130.000
1155.847	7939.000
1155.987	8151.000
1156.127	7929.000
1156.268	8104.000
1156.408	7973.000
1156.549	8113.000
1156.689	7971.000
1156.829	8180.000
1156.970	8014.000
1157.110	8109.000
1157.251	8023.000
1157.391	8085.000
1157.531	8061.000
1157.672	8189.000
1157.812	8032.000
1157.952	8115.000
1158.093	7985.000
1158.233	8173.000
1158.373	8058.000
1158.514	8113.000
1158.654	8064.000
1158.794	8104.000
1158.935	8043.000
1159.075	8215.000
1159.215	8021.000
1159.355	8133.000
1159.496	8090.000
1159.636	8165.000
1159.776	8030.000
1159.916	8255.000
1160.057	8096.000
1160.197	8175.000
1160.337	8063.000
1160.477	8189.000
1160.617	8029.000
1160.758	8135.000
1160.898	8019.000
1161.038	8168.000
1161.178	8014.000
1161.318	8077.000
1161.459	8072.000
1161.599	8144.000
1161.739	7960.000
1161.879	8043.000
1162.019	7908.000
1162.159	8148.000
1162.299	7917.000
1162.439	8049.000
1162.580	7934.000
1162.720	8130.000
1162.860	8302.000
1163.000	8053.000
1163.140	7890.000
1163.280	7963.000
1163.420	7763.000
1163.560	8003.000
1163.700	7776.000
1163.840	7994.000
1163.980	7777.000
1164.120	7811.000
1164.260	7816.000
1164.400	7892.000
1164.540	7746.000
1164.680	7816.000
1164.820	7719.000
1164.960	7877.000
1165.100	7649.000
1165.240	7783.000
1165.380	7619.000
1165.520	7709.000
1165.660	7570.000
1165.800	7747.000
1165.940	7619.000
1166.080	7691.000
1166.220	7616.000
1166.360	7680.000
1166.500	7505.000
1166.640	7760.000
1166.780	7552.000
1166.919	7611.000
1167.059	7515.000
1167.199	7574.000
1167.339	7495.000
1167.479	7551.000
1167.619	7497.000
1167.759	7495.000
1167.898	7471.000
1168.038	7518.000
1168.178	7488.000
1168.318	7556.000
1168.458	7427.000
1168.598	7573.000
1168.737	7408.000
1168.877	7608.000
1169.017	7437.000
1169.157	7507.000
1169.297	7457.000
1169.436	7475.000
1169.576	7416.000
1169.716	7512.000
1169.856	7406.000
1169.995	7444.000
1170.135	7427.000
1170.275	7520.000
1170.414	7477.000
1170.554	7492.000
1170.694	7435.000
1170.834	7441.000
1170.973	7389.000
1171.113	7475.000
1171.253	7374.000
1171.392	7564.000
1171.532	7405.000
1171.672	7525.000
1171.811	7364.000
1171.951	7473.000
1172.091	7401.000
1172.230	7456.000
1172.370	7316.000
1172.509	7533.000
1172.649	7405.000
1172.789	7530.000
1172.928	7390.000
1173.068	7563.000
1173.207	7361.000
1173.347	7543.000
1173.486	7349.000
1173.626	7491.000
1173.766	7354.000
1173.905	7539.000
1174.045	7345.000
1174.184	7531.000
1174.324	7392.000
1174.463	7551.000
1174.603	7359.000
1174.742	7505.000
1174.882	7398.000
1175.021	7592.000
1175.161	7429.000
1175.300	7554.000
1175.440	7468.000
1175.579	7588.000
1175.719	7492.000
1175.858	7540.000
1175.997	7466.000
1176.137	7661.000
1176.276	7417.000
1176.416	7571.000
1176.555	7451.000
1176.695	7630.000
1176.834	7431.000
1176.973	7629.000
1177.113	7450.000
1177.252	7700.000
1177.391	7575.000
1177.531	7609.000
1177.670	7442.000
1177.809	7582.000
1177.949	7483.000
1178.088	7553.000
1178.227	7503.000
1178.367	7639.000
1178.506	7498.000
1178.645	7616.000
1178.785	7496.000
1178.924	7675.000
1179.063	7509.000
1179.203	7652.000
1179.342	7459.000
1179.481	7723.000
1179.620	7504.000
1179.760	7660.000
1179.899	7489.000
1180.038	7619.000
1180.177	7430.000
1180.317	7673.000
1180.456	7593.000
1180.595	7582.000
1180.734	7558.000
1180.873	7755.000
1181.013	7509.000
1181.152	7643.000
1181.291	7591.000
1181.430	7656.000
1181.569	7494.000
1181.708	7617.000
1181.848	7529.000
1181.987	7638.000
1182.126	7561.000
1182.265	7665.000
1182.404	7563.000
1182.543	7669.000
1182.682	7529.000
1182.821	7747.000
1182.960	7603.000
1183.100	7713.000
1183.239	7652.000
1183.378	7719.000
1183.517	7584.000
1183.656	7712.000
1183.795	6749.000
1183.934	7715.000
1184.073	7588.000
1184.212	7667.000
1184.351	7542.000
1184.490	7728.000
1184.629	7573.000
1184.768	7750.000
1184.907	7628.000
1185.046	7726.000
1185.185	7606.000
1185.324	7685.000
1185.463	7574.000
1185.602	7758.000
1185.741	7609.000
1185.880	7704.000
1186.019	7503.000
1186.158	7722.000
1186.296	7522.000
1186.435	7667.000
1186.574	7610.000
1186.713	7651.000
1186.852	7565.000
1186.991	7666.000
1187.130	7538.000
1187.269	7747.000
1187.408	7506.000
1187.546	7777.000
1187.685	7614.000
1187.824	7671.000
1187.963	7632.000
1188.102	7645.000
1188.241	7563.000
1188.379	7665.000
1188.518	7547.000
1188.657	7657.000
1188.796	7580.000
1188.935	7782.000
1189.073	7622.000
1189.212	7747.000
1189.351	7564.000
1189.490	7717.000
1189.629	7553.000
1189.767	7687.000
1189.906	7493.000
1190.045	7691.000
1190.183	7502.000
1190.322	7675.000
1190.461	7551.000
1190.600	7731.000
1190.738	7645.000
1190.877	7711.000
1191.016	7579.000
1191.154	7807.000
1191.293	7516.000
1191.432	7706.000
1191.570	7631.000
1191.709	7783.000
1191.848	7576.000
1191.986	7874.000
1192.125	10553.000
1192.264	7805.000
1192.402	7627.000
1192.541	7732.000
1192.679	7655.000
1192.818	7790.000
1192.957	7564.000
1193.095	7747.000
1193.234	7718.000
1193.372	7883.000
1193.511	7740.000
1193.649	7745.000
1193.788	7659.000
1193.926	7787.000
1194.065	7731.000
1194.204	7878.000
1194.342	7679.000
1194.481	7827.000
1194.619	7631.000
1194.758	7838.000
1194.896	7717.000
1195.035	7867.000
1195.173	7740.000
1195.311	7872.000
1195.450	7726.000
1195.588	7826.000
1195.727	7687.000
1195.865	7749.000
1196.004	7680.000
1196.142	7834.000
1196.281	7681.000
1196.419	7811.000
1196.557	7672.000
1196.696	7836.000
1196.834	7665.000
1196.973	7855.000
1197.111	7651.000
1197.249	7816.000
1197.388	7539.000
1197.526	7763.000
1197.664	7585.000
1197.803	7769.000
1197.941	7563.000
1198.079	7816.000
1198.218	7639.000
1198.356	7768.000
1198.494	7587.000
1198.633	7796.000
1198.771	7506.000
1198.909	7750.000
1199.048	7618.000
1199.186	7634.000
1199.324	7548.000
1199.462	7720.000
1199.601	7500.000
1199.739	7665.000
1199.877	7527.000
1200.015	7656.000
1200.154	7533.000
1200.292	7595.000
1200.430	7529.000
1200.568	7625.000
1200.706	7513.000
1200.845	7628.000
1200.983	7447.000
1201.121	7632.000
1201.259	7390.000
1201.397	7568.000
1201.535	7491.000
1201.674	7624.000
1201.812	7407.000
1201.950	7495.000
1202.088	7448.000
1202.226	7570.000
1202.364	7399.000
1202.502	7562.000
1202.640	7350.000
1202.778	7535.000
1202.917	7325.000
1203.055	7422.000
1203.193	7304.000
1203.331	7477.000
1203.469	7271.000
1203.607	7334.000
1203.745	7280.000
1203.883	7474.000
1204.021	7316.000
1204.159	7342.000
1204.297	7225.000
1204.435	7253.000
1204.573	7262.000
1204.711	7394.000
