929.762	9058.000
929.906	9032.000
930.049	8982.000
930.193	9113.000
930.337	8991.000
930.481	9096.000
930.625	8979.000
930.769	8967.000
930.913	8938.000
931.057	9012.000
931.201	8873.000
931.345	9001.000
931.488	8950.000
931.632	8937.000
931.776	8926.000
931.920	9036.000
932.064	8821.000
932.208	8990.000
932.352	8880.000
932.495	8996.000
932.639	8843.000
932.783	8907.000
932.927	8989.000
933.071	8953.000
933.215	8932.000
933.359	8875.000
933.502	8918.000
933.646	8864.000
933.790	8847.000
933.934	8865.000
934.078	8885.000
934.221	8927.000
934.365	8891.000
934.509	8882.000
934.653	8792.000
934.797	8866.000
934.940	8894.000
935.084	8827.000
935.228	8888.000
935.372	8869.000
935.515	8836.000
935.659	8894.000
935.803	8775.000
935.947	8910.000
936.090	8775.000
936.234	8818.000
936.378	8840.000
936.522	8783.000
936.665	8822.000
936.809	8837.000
936.953	8741.000
937.097	8746.000
937.240	8795.000
937.384	8811.000
937.528	8717.000
937.671	8789.000
937.815	8699.000
937.959	8783.000
938.102	8695.000
938.246	8731.000
938.390	8744.000
938.534	8697.000
938.677	8656.000
938.821	8666.000
938.965	8629.000
939.108	8733.000
939.252	8651.000
939.396	8635.000
939.539	8596.000
939.683	8662.000
939.826	8642.000
939.970	8620.000
940.114	8580.000
940.257	8673.000
940.401	8535.000
940.545	8574.000
940.688	8527.000
940.832	8572.000
940.975	8541.000
941.119	8670.000
941.263	8499.000
941.406	8572.000
941.550	8539.000
941.693	8563.000
941.837	8470.000
941.981	8512.000
942.124	8455.000
942.268	8504.000
942.411	8502.000
942.555	8512.000
942.698	8462.000
942.842	8526.000
942.986	8475.000
943.129	8549.000
943.273	8445.000
943.416	8483.000
943.560	8420.000
943.703	8458.000
943.847	8456.000
943.990	8460.000
944.134	8420.000
944.277	8425.000
944.421	8353.000
944.564	8358.000
944.708	8382.000
944.851	8480.000
944.995	8363.000
945.138	8415.000
945.282	8363.000
945.425	8389.000
945.569	8360.000
945.712	8430.000
945.856	8236.000
945.999	8443.000
946.143	8310.000
946.286	8339.000
946.430	8383.000
946.573	8397.000
946.716	8369.000
946.860	8370.000
947.003	8320.000
947.147	8383.000
947.290	8292.000
947.434	8453.000
947.577	8287.000
947.720	8406.000
947.864	8259.000
948.007	8333.000
948.151	8398.000
948.294	8418.000
948.437	8321.000
948.581	8395.000
948.724	8322.000
948.868	8327.000
949.011	8268.000
949.154	8343.000
949.298	8366.000
949.441	8400.000
949.584	8256.000
949.728	8353.000
949.871	8306.000
950.015	8359.000
950.158	8268.000
950.301	8295.000
950.445	8302.000
950.588	8386.000
950.731	8321.000
950.875	8320.000
951.018	8249.000
951.161	8362.000
951.304	8272.000
951.448	8286.000
951.591	8185.000
951.734	8287.000
951.878	8217.000
952.021	8354.000
952.164	8288.000
952.308	8357.000
952.451	8254.000
952.594	8274.000
952.737	8242.000
952.881	8236.000
953.024	8235.000
953.167	8290.000
953.310	8165.000
953.454	8272.000
953.597	8219.000
953.740	8282.000
953.883	8211.000
954.027	8322.000
954.170	8135.000
954.313	8266.000
954.456	8241.000
954.600	8215.000
954.743	8245.000
954.886	8291.000
955.029	8142.000
955.172	8297.000
955.316	8070.000
955.459	8164.000
955.602	8157.000
955.745	8290.000
955.888	8163.000
956.032	8250.000
956.175	8059.000
956.318	8116.000
956.461	8132.000
956.604	8173.000
956.747	8138.000
956.890	8259.000
957.034	8057.000
957.177	8138.000
957.320	8051.000
957.463	8182.000
957.606	8082.000
957.749	8231.000
957.892	8063.000
958.036	8170.000
958.179	8006.000
958.322	8237.000
958.465	8173.000
958.608	8134.000
958.751	8109.000
958.894	8129.000
959.037	8009.000
959.180	8141.000
959.323	8076.000
959.467	8199.000
959.610	7993.000
959.753	8179.000
959.896	8000.000
960.039	8095.000
960.182	7996.000
960.325	8203.000
960.468	8063.000
960.611	8122.000
960.754	7973.000
960.897	8092.000
961.040	7950.000
961.183	8120.000
961.326	8050.000
961.469	8147.000
961.612	8035.000
961.755	8144.000
961.898	7920.000
962.041	8148.000
962.184	7998.000
962.327	8149.000
962.470	7997.000
962.613	8169.000
962.756	8010.000
962.899	8124.000
963.042	8001.000
963.185	8161.000
963.328	7983.000
963.471	8078.000
963.614	8027.000
963.757	8141.000
963.900	7960.000
964.043	8065.000
964.186	7959.000
964.329	8082.000
964.472	7998.000
964.615	8087.000
964.758	7950.000
964.900	8124.000
965.043	7992.000
965.186	8098.000
965.329	8096.000
965.472	8174.000
965.615	8045.000
965.758	8038.000
965.901	7938.000
966.044	8096.000
966.187	7983.000
966.329	8083.000
966.472	8115.000
966.615	8147.000
966.758	7970.000
966.901	8135.000
967.044	8091.000
967.187	8074.000
967.330	7985.000
967.472	8122.000
967.615	8013.000
967.758	8105.000
967.901	7968.000
968.044	8148.000
968.187	7974.000
968.329	8063.000
968.472	8003.000
968.615	8092.000
968.758	7999.000
968.901	8088.000
969.043	8057.000
969.186	8076.000
969.329	7991.000
969.472	8193.000
969.615	8022.000
969.757	8028.000
969.900	8019.000
970.043	8167.000
970.186	7938.000
970.328	8114.000
970.471	8067.000
970.614	8138.000
970.757	7995.000
970.899	8046.000
971.042	8007.000
971.185	8110.000
971.328	7965.000
971.470	8084.000
971.613	8026.000
971.756	8105.000
971.899	8015.000
972.041	8098.000
972.184	7845.000
972.327	8173.000
972.469	7927.000
972.612	8057.000
972.755	7948.000
972.898	8123.000
973.040	7928.000
973.183	8052.000
973.326	8036.000
973.468	7975.000
973.611	7908.000
973.754	8054.000
973.896	7974.000
974.039	8052.000
974.182	7886.000
974.324	8139.000
974.467	8018.000
974.610	8082.000
974.752	7924.000
974.895	8071.000
975.037	7978.000
975.180	8101.000
975.323	7886.000
975.465	8091.000
975.608	7942.000
975.751	7940.000
975.893	7966.000
976.036	7997.000
976.178	7901.000
976.321	8126.000
976.464	7879.000
976.606	7910.000
976.749	7917.000
976.891	8085.000
977.034	7939.000
977.176	7989.000
977.319	7831.000
977.462	8052.000
977.604	7895.000
977.747	8031.000
977.889	7880.000
978.032	8025.000
978.174	7919.000
978.317	8051.000
978.459	7968.000
978.602	8061.000
978.744	7909.000
978.887	8063.000
979.029	7833.000
979.172	7927.000
979.314	7925.000
979.457	7997.000
979.599	7808.000
979.742	8083.000
979.884	7812.000
980.027	7923.000
980.169	7869.000
980.312	8029.000
980.454	7900.000
980.597	7977.000
980.739	7882.000
980.882	7915.000
981.024	7837.000
981.167	7950.000
981.309	7973.000
981.452	7909.000
981.594	7867.000
981.736	7923.000
981.879	7902.000
982.021	7987.000
982.164	7808.000
982.306	7902.000
982.449	7834.000
982.591	7953.000
982.733	7854.000
982.876	7968.000
983.018	7810.000
983.161	8011.000
983.303	7785.000
983.445	7977.000
983.588	7831.000
983.730	8009.000
983.873	7868.000
984.015	8070.000
984.157	7774.000
984.300	8089.000
984.442	7843.000
984.584	7956.000
984.727	7854.000
984.869	7980.000
985.011	7880.000
985.154	7914.000
985.296	7851.000
985.438	8009.000
985.581	7802.000
985.723	7934.000
985.865	7862.000
986.008	7980.000
986.150	7911.000
986.292	7988.000
986.435	7917.000
986.577	7971.000
986.719	7802.000
986.861	7997.000
987.004	7611.000
987.146	7981.000
987.288	7883.000
987.431	7949.000
987.573	7918.000
987.715	7916.000
987.857	7746.000
988.000	7917.000
988.142	7874.000
988.284	8059.000
988.426	7832.000
988.569	7935.000
988.711	7780.000
988.853	7975.000
988.995	7846.000
989.138	7947.000
989.280	7754.000
989.422	8016.000
989.564	7890.000
989.706	7962.000
989.849	7831.000
989.991	8011.000
990.133	7812.000
990.275	8005.000
990.417	7874.000
990.560	7925.000
990.702	7745.000
990.844	7950.000
990.986	7841.000
991.128	8083.000
991.270	7837.000
991.413	7978.000
991.555	7852.000
991.697	7963.000
991.839	7810.000
991.981	7985.000
992.123	7835.000
992.265	8004.000
992.408	7868.000
992.550	7936.000
992.692	7838.000
992.834	8029.000
992.976	7872.000
993.118	8012.000
993.260	7836.000
993.402	7902.000
993.544	7803.000
993.687	7993.000
993.829	7777.000
993.971	7943.000
994.113	7781.000
994.255	7871.000
994.397	7821.000
994.539	7934.000
994.681	7856.000
994.823	7968.000
994.965	7836.000
995.107	7995.000
995.249	7881.000
995.391	7939.000
995.533	7803.000
995.675	7996.000
995.817	7877.000
995.959	7952.000
996.101	7800.000
996.243	8013.000
996.385	7849.000
996.527	7890.000
996.669	7806.000
996.811	7967.000
996.953	7843.000
997.095	7945.000
997.237	7803.000
997.379	7959.000
997.521	7826.000
997.663	7923.000
997.805	7906.000
997.947	7931.000
998.089	7812.000
998.231	7902.000
998.373	7745.000
998.515	7998.000
998.657	7888.000
998.799	7924.000
998.941	7823.000
999.083	7857.000
999.225	7869.000
999.367	7963.000
999.509	7890.000
999.651	8000.000
999.793	7820.000
999.934	7959.000
1000.076	7823.000
1000.218	7972.000
1000.360	7827.000
1000.502	7981.000
1000.644	7882.000
1000.786	8019.000
1000.928	7853.000
1001.070	7864.000
1001.212	7765.000
1001.353	7960.000
1001.495	7729.000
1001.637	7885.000
1001.779	7787.000
1001.921	7933.000
1002.063	7808.000
1002.205	7911.000
1002.346	7772.000
1002.488	7984.000
1002.630	7704.000
1002.772	7981.000
1002.914	7810.000
1003.055	7935.000
1003.197	7830.000
1003.339	7940.000
1003.481	7795.000
1003.623	7919.000
1003.765	7789.000
1003.906	7874.000
1004.048	7800.000
1004.190	7947.000
1004.332	7744.000
1004.473	7885.000
1004.615	7929.000
1004.757	7936.000
1004.899	7801.000
1005.041	7948.000
1005.182	7750.000
1005.324	7909.000
1005.466	7765.000
1005.608	7937.000
1005.749	7746.000
1005.891	8064.000
1006.033	7829.000
1006.175	7989.000
1006.316	7780.000
1006.458	7959.000
1006.600	7843.000
1006.741	7960.000
1006.883	7736.000
1007.025	7917.000
1007.167	7790.000
1007.308	7963.000
1007.450	7849.000
1007.592	7972.000
1007.733	7703.000
1007.875	7933.000
1008.017	7833.000
1008.158	7902.000
1008.300	7771.000
1008.442	7978.000
1008.583	7738.000
1008.725	7930.000
1008.867	7742.000
1009.008	7968.000
1009.150	7817.000
1009.292	8025.000
1009.433	7830.000
1009.575	7872.000
1009.716	7780.000
1009.858	7906.000
1010.000	7803.000
1010.141	7970.000
1010.283	7778.000
1010.425	7953.000
1010.566	7682.000
1010.708	7923.000
1010.849	7794.000
1010.991	7923.000
1011.132	7763.000
1011.274	7895.000
1011.416	7861.000
1011.557	7870.000
1011.699	7793.000
1011.840	7975.000
1011.982	7735.000
1012.123	7930.000
1012.265	7738.000
1012.407	7960.000
1012.548	7784.000
1012.690	7862.000
1012.831	7753.000
1012.973	7920.000
1013.114	7795.000
1013.256	7839.000
1013.397	7719.000
1013.539	7960.000
1013.680	7902.000
1013.822	8053.000
1013.963	7935.000
1014.105	8105.000
1014.246	7877.000
1014.388	8043.000
1014.529	7866.000
1014.671	7997.000
1014.812	7766.000
1014.954	7890.000
1015.095	7826.000
1015.237	7919.000
1015.378	7726.000
1015.520	7910.000
1015.661	7727.000
1015.803	7858.000
1015.944	7651.000
1016.085	7848.000
1016.227	7699.000
1016.368	7778.000
1016.510	7619.000
1016.651	7822.000
1016.793	7778.000
1016.934	7802.000
1017.075	7684.000
1017.217	7841.000
1017.358	7693.000
1017.500	7830.000
1017.641	7669.000
1017.782	7872.000
1017.924	7713.000
1018.065	7805.000
1018.207	7651.000
1018.348	7867.000
1018.489	7677.000
1018.631	7777.000
1018.772	7685.000
1018.913	7753.000
1019.055	7636.000
1019.196	7719.000
1019.337	7589.000
1019.479	7842.000
1019.620	7722.000
1019.761	7762.000
1019.903	7649.000
1020.044	7800.000
1020.185	7667.000
1020.327	7747.000
1020.468	7623.000
1020.609	7791.000
1020.751	7596.000
1020.892	7765.000
1021.033	7624.000
1021.175	7775.000
1021.316	7640.000
1021.457	7737.000
1021.598	7596.000
1021.740	7811.000
1021.881	7627.000
1022.022	7727.000
1022.164	7662.000
1022.305	7754.000
1022.446	7560.000
1022.587	7739.000
1022.729	7714.000
1022.870	7867.000
1023.011	7649.000
1023.152	7730.000
1023.294	7653.000
1023.435	7745.000
1023.576	7606.000
1023.717	7759.000
1023.858	7623.000
1024.000	7761.000
1024.141	7585.000
1024.282	7748.000
1024.423	7598.000
1024.564	7840.000
1024.706	7664.000
1024.847	7838.000
1024.988	7589.000
1025.129	7819.000
1025.270	7657.000
1025.412	7803.000
1025.553	7635.000
1025.694	7828.000
1025.835	7634.000
1025.976	7772.000
1026.117	7651.000
1026.258	7795.000
1026.400	7634.000
1026.541	7828.000
1026.682	7663.000
1026.823	7788.000
1026.964	7689.000
1027.105	7775.000
1027.246	7688.000
1027.388	7851.000
1027.529	7707.000
1027.670	7772.000
1027.811	7652.000
1027.952	7818.000
1028.093	7706.000
1028.234	7761.000
1028.375	7705.000
1028.516	7785.000
1028.657	7720.000
1028.798	7862.000
1028.939	7677.000
1029.081	7785.000
1029.222	7755.000
1029.363	7829.000
1029.504	7691.000
1029.645	7879.000
1029.786	7726.000
1029.927	7859.000
1030.068	7772.000
1030.209	7858.000
1030.350	7735.000
1030.491	7806.000
1030.632	7714.000
1030.773	7884.000
1030.914	7751.000
1031.055	7805.000
1031.196	7797.000
1031.337	7855.000
1031.478	7754.000
1031.619	7822.000
1031.760	7688.000
1031.901	7904.000
1032.042	7716.000
1032.183	7817.000
1032.324	7737.000
1032.465	7946.000
1032.606	8103.000
1032.747	7861.000
1032.888	7731.000
1033.029	7872.000
1033.170	7673.000
1033.311	7914.000
1033.452	7695.000
1033.592	7938.000
1033.733	7720.000
1033.874	7797.000
1034.015	7803.000
1034.156	7868.000
1034.297	7721.000
1034.438	7852.000
1034.579	7740.000
1034.720	7921.000
1034.861	7725.000
1035.002	7827.000
1035.142	7691.000
1035.283	7815.000
1035.424	7684.000
1035.565	7863.000
1035.706	7741.000
1035.847	7840.000
1035.988	7795.000
1036.129	7818.000
1036.269	7685.000
1036.410	7940.000
1036.551	7720.000
1036.692	7825.000
1036.833	7696.000
1036.974	7779.000
1037.114	7716.000
1037.255	7780.000
1037.396	7714.000
1037.537	7745.000
1037.678	7736.000
1037.819	7722.000
1037.959	7715.000
1038.100	7813.000
1038.241	7715.000
1038.382	7833.000
1038.523	7699.000
1038.663	7881.000
1038.804	7738.000
1038.945	7797.000
1039.086	7740.000
1039.226	7786.000
1039.367	7749.000
1039.508	7814.000
1039.649	7716.000
1039.789	7792.000
1039.930	7756.000
1040.071	7823.000
1040.212	7783.000
1040.352	7845.000
1040.493	7728.000
1040.634	7814.000
1040.775	7734.000
1040.915	7827.000
1041.056	7730.000
1041.197	7898.000
1041.337	7747.000
1041.478	7896.000
1041.619	7761.000
1041.760	7849.000
1041.900	7759.000
1042.041	7861.000
1042.182	7688.000
1042.322	7903.000
1042.463	7773.000
1042.604	7935.000
1042.744	7812.000
1042.885	7973.000
1043.026	7743.000
1043.166	7923.000
1043.307	7770.000
1043.448	7903.000
1043.588	7769.000
1043.729	7953.000
1043.869	7768.000
1044.010	7953.000
1044.151	7792.000
1044.291	7978.000
1044.432	7784.000
1044.573	7907.000
1044.713	7803.000
1044.854	8002.000
1044.994	7839.000
1045.135	7984.000
1045.276	7891.000
1045.416	8018.000
1045.557	7880.000
1045.697	7920.000
1045.838	7862.000
1045.978	8027.000
1046.119	7856.000
1046.260	7964.000
1046.400	7876.000
1046.541	8077.000
1046.681	7842.000
1046.822	8018.000
1046.962	7817.000
1047.103	8103.000
1047.243	7961.000
1047.384	8036.000
1047.524	7845.000
1047.665	7974.000
1047.805	7883.000
1047.946	8002.000
1048.087	7880.000
1048.227	8028.000
1048.368	7935.000
1048.508	8016.000
1048.649	7917.000
1048.789	8033.000
1048.929	7935.000
1049.070	8000.000
1049.210	7893.000
1049.351	8082.000
1049.491	7882.000
1049.632	8045.000
1049.772	7863.000
1049.913	8009.000
1050.053	7813.000
1050.194	8056.000
1050.334	7967.000
1050.475	7967.000
1050.615	7925.000
1050.755	8110.000
1050.896	7871.000
1051.036	8074.000
1051.177	7946.000
1051.317	8016.000
1051.458	7890.000
1051.598	8030.000
1051.738	7886.000
1051.879	7974.000
1052.019	7894.000
1052.160	8020.000
1052.300	7929.000
1052.440	7987.000
1052.581	7891.000
1052.721	8074.000
1052.861	7986.000
1053.002	8016.000
1053.142	8001.000
1053.282	8063.000
1053.423	7942.000
1053.563	8038.000
1053.704	7162.000
1053.844	8016.000
1053.984	7955.000
1054.125	7963.000
1054.265	7835.000
1054.405	8029.000
1054.546	7896.000
1054.686	8020.000
1054.826	7977.000
1054.966	8065.000
1055.107	7923.000
1055.247	8024.000
1055.387	7890.000
1055.528	8090.000
1055.668	7962.000
1055.808	8031.000
1055.948	7829.000
1056.089	8080.000
1056.229	7884.000
1056.369	7997.000
1056.510	7934.000
1056.650	7980.000
1056.790	7888.000
1056.930	8017.000
1057.071	7871.000
1057.211	8054.000
1057.351	7843.000
1057.491	8110.000
1057.632	7922.000
1057.772	7983.000
1057.912	7929.000
1058.052	7951.000
1058.192	7835.000
1058.333	7933.000
1058.473	7818.000
1058.613	7902.000
1058.753	7851.000
1058.893	8026.000
1059.034	7875.000
1059.174	8027.000
1059.314	7793.000
1059.454	7938.000
1059.594	7834.000
1059.734	7936.000
1059.875	7744.000
1060.015	7935.000
1060.155	7747.000
1060.295	7903.000
1060.435	7779.000
1060.575	7962.000
1060.716	7898.000
1060.856	7914.000
1060.996	7832.000
1061.136	8066.000
1061.276	7787.000
1061.416	7936.000
1061.556	7847.000
1061.696	8008.000
1061.837	7817.000
1061.977	8072.000
1062.117	10555.000
1062.257	8039.000
1062.397	7869.000
1062.537	7994.000
1062.677	7945.000
1062.817	8018.000
1062.957	7815.000
1063.097	7980.000
1063.237	7995.000
1063.377	8115.000
1063.517	7963.000
1063.658	8080.000
1063.798	8072.000
1063.938	8220.000
1064.078	8234.000
1064.218	8370.000
1064.358	8270.000
1064.498	8416.000
1064.638	8248.000
1064.778	8424.000
1064.918	8273.000
1065.058	8368.000
1065.198	8147.000
1065.338	8259.000
1065.478	8106.000
1065.618	8148.000
1065.758	7995.000
1065.898	8056.000
1066.038	7990.000
1066.178	8192.000
1066.318	8007.000
1066.458	8137.000
1066.598	7965.000
1066.738	8189.000
1066.878	8025.000
1067.018	8175.000
1067.158	7988.000
1067.297	8154.000
1067.437	7871.000
1067.577	8149.000
1067.717	7955.000
1067.857	8168.000
1067.997	7988.000
1068.137	8192.000
1068.277	8058.000
1068.417	8144.000
1068.557	8063.000
1068.697	8235.000
1068.837	7955.000
1068.977	8206.000
1069.116	8098.000
1069.256	8136.000
1069.396	8021.000
1069.536	8219.000
1069.676	8052.000
1069.816	8169.000
1069.956	8065.000
1070.096	8192.000
1070.235	8128.000
1070.375	8171.000
1070.515	8132.000
1070.655	8233.000
1070.795	8129.000
1070.935	8303.000
1071.074	8083.000
1071.214	8266.000
1071.354	8042.000
1071.494	8229.000
1071.634	8205.000
1071.774	8342.000
1071.913	8149.000
1072.053	8276.000
1072.193	8202.000
1072.333	8359.000
1072.473	8192.000
1072.612	8387.000
1072.752	8191.000
1072.892	8391.000
1073.032	8200.000
1073.172	8272.000
1073.311	8225.000
1073.451	8362.000
1073.591	8215.000
1073.731	8250.000
1073.870	8264.000
1074.010	8437.000
1074.150	8281.000
1074.290	8331.000
1074.429	8267.000
1074.569	8309.000
1074.709	8350.000
1074.848	8421.000
