1329.918	8736.000
1330.066	8730.000
1330.214	8769.000
1330.363	8823.000
1330.511	8714.000
1330.659	8828.000
1330.807	8721.000
1330.955	8791.000
1331.103	8725.000
1331.251	8771.000
1331.399	8672.000
1331.547	8829.000
1331.695	8730.000
1331.843	8735.000
1331.991	8677.000
1332.139	8840.000
1332.287	8645.000
1332.435	8821.000
1332.583	8672.000
1332.730	8799.000
1332.878	8687.000
1333.026	8691.000
1333.174	8825.000
1333.322	8774.000
1333.470	8715.000
1333.618	8736.000
1333.765	8731.000
1333.913	8702.000
1334.061	8686.000
1334.209	8735.000
1334.356	8700.000
1334.504	8778.000
1334.652	8722.000
1334.800	8728.000
1334.947	8640.000
1335.095	8706.000
1335.243	8768.000
1335.390	8694.000
1335.538	8739.000
1335.686	8721.000
1335.833	8687.000
1335.981	8801.000
1336.128	8617.000
1336.276	8733.000
1336.424	8650.000
1336.571	8710.000
1336.719	8681.000
1336.866	8672.000
1337.014	8662.000
1337.161	8714.000
1337.309	8652.000
1337.456	8636.000
1337.604	8696.000
1337.751	8736.000
1337.899	8618.000
1338.046	8692.000
1338.194	8600.000
1338.341	8712.000
1338.488	8611.000
1338.636	8614.000
1338.783	8637.000
1338.930	8628.000
1339.078	8577.000
1339.225	8593.000
1339.372	8566.000
1339.520	8659.000
1339.667	8586.000
1339.814	8553.000
1339.962	8547.000
1340.109	8581.000
1340.256	8577.000
1340.403	8542.000
1340.550	8567.000
1340.698	8585.000
1340.845	8499.000
1340.992	8545.000
1341.139	8462.000
1341.286	8527.000
1341.433	8487.000
1341.581	8611.000
1341.728	8479.000
1341.875	8537.000
1342.022	8509.000
1342.169	8506.000
1342.316	8421.000
1342.463	8470.000
1342.610	8427.000
1342.757	8498.000
1342.904	8438.000
1343.051	8455.000
1343.198	8431.000
1343.345	8508.000
1343.492	8439.000
1343.639	8472.000
1343.786	8471.000
1343.933	8444.000
1344.080	8370.000
1344.226	8455.000
1344.373	8463.000
1344.520	8485.000
1344.667	8389.000
1344.814	8409.000
1344.961	8360.000
1345.108	8365.000
1345.254	8386.000
1345.401	8490.000
1345.548	8347.000
1345.695	8439.000
1345.841	8361.000
1345.988	8370.000
1346.135	8383.000
1346.282	8461.000
1346.428	8254.000
1346.575	8458.000
1346.722	8335.000
1346.868	8351.000
1347.015	8373.000
1347.162	8407.000
1347.308	8363.000
1347.455	8393.000
1347.601	8338.000
1347.748	8442.000
1347.894	8350.000
1348.041	8472.000
1348.188	8341.000
1348.334	8436.000
1348.481	8252.000
1348.627	8342.000
1348.774	8452.000
1348.920	8440.000
1349.067	8337.000
1349.213	8407.000
1349.359	8413.000
1349.506	8368.000
1349.652	8341.000
1349.799	8413.000
1349.945	8400.000
1350.091	8475.000
1350.238	8343.000
1350.384	8416.000
1350.530	8381.000
1350.677	8457.000
1350.823	8353.000
1350.969	8333.000
1351.116	8368.000
1351.262	8453.000
1351.408	8375.000
1351.554	8387.000
1351.701	8310.000
1351.847	8415.000
1351.993	8382.000
1352.139	8382.000
1352.285	8277.000
1352.432	8379.000
1352.578	8257.000
1352.724	8449.000
1352.870	8378.000
1353.016	8424.000
1353.162	8348.000
1353.308	8393.000
1353.454	8351.000
1353.600	8343.000
1353.747	8281.000
1353.893	8419.000
1354.039	8278.000
1354.185	8382.000
1354.331	8340.000
1354.477	8353.000
1354.623	8279.000
1354.768	8400.000
1354.914	8252.000
1355.060	8386.000
1355.206	8272.000
1355.352	8312.000
1355.498	8326.000
1355.644	8388.000
1355.790	8247.000
1355.936	8392.000
1356.082	8138.000
1356.227	8292.000
1356.373	8239.000
1356.519	8395.000
1356.665	8271.000
1356.811	8340.000
1356.956	8178.000
1357.102	8256.000
1357.248	8208.000
1357.394	8288.000
1357.539	8287.000
1357.685	8367.000
1357.831	8182.000
1357.976	8228.000
1358.122	8138.000
1358.268	8301.000
1358.413	8199.000
1358.559	8351.000
1358.704	8163.000
1358.850	8294.000
1358.996	8113.000
1359.141	8357.000
1359.287	8301.000
1359.432	8232.000
1359.578	8240.000
1359.723	8244.000
1359.869	8114.000
1360.014	8275.000
1360.160	8183.000
1360.305	8317.000
1360.451	8127.000
1360.596	8327.000
1360.742	8193.000
1360.887	8270.000
1361.032	8107.000
1361.178	8313.000
1361.323	8180.000
1361.469	8234.000
1361.614	8118.000
1361.759	8216.000
1361.905	8085.000
1362.050	8233.000
1362.195	8192.000
1362.341	8306.000
1362.486	8156.000
1362.631	8301.000
1362.776	8039.000
1362.922	8262.000
1363.067	8144.000
1363.212	8261.000
1363.357	8133.000
1363.502	8336.000
1363.648	8188.000
1363.793	8257.000
1363.938	8152.000
1364.083	8277.000
1364.228	8130.000
1364.373	8229.000
1364.518	8167.000
1364.663	8298.000
1364.808	8114.000
1364.954	8213.000
1365.099	8140.000
1365.244	8234.000
1365.389	8155.000
1365.534	8237.000
1365.679	8125.000
1365.824	8318.000
1365.969	8175.000
1366.113	8323.000
1366.258	8236.000
1366.403	8327.000
1366.548	8208.000
1366.693	8182.000
1366.838	8132.000
1366.983	8220.000
1367.128	8104.000
1367.273	8278.000
1367.417	8300.000
1367.562	8301.000
1367.707	8138.000
1367.852	8339.000
1367.997	8294.000
1368.141	8240.000
1368.286	8149.000
1368.431	8303.000
1368.576	8148.000
1368.720	8293.000
1368.865	8149.000
1369.010	8327.000
1369.154	8175.000
1369.299	8238.000
1369.444	8216.000
1369.588	8301.000
1369.733	8186.000
1369.878	8272.000
1370.022	8219.000
1370.167	8274.000
1370.311	8181.000
1370.456	8405.000
1370.601	8202.000
1370.745	8212.000
1370.890	8235.000
1371.034	8333.000
1371.179	8106.000
1371.323	8327.000
1371.468	8281.000
1371.612	8322.000
1371.757	8198.000
1371.901	8257.000
1372.045	8175.000
1372.190	8269.000
1372.334	8174.000
1372.479	8280.000
1372.623	8188.000
1372.767	8338.000
1372.912	8195.000
1373.056	8263.000
1373.200	8024.000
1373.345	8334.000
1373.489	8129.000
1373.633	8235.000
1373.777	8123.000
1373.922	8313.000
1374.066	8137.000
1374.210	8249.000
1374.354	8241.000
1374.499	8184.000
1374.643	8116.000
1374.787	8260.000
1374.931	8177.000
1375.075	8260.000
1375.219	8111.000
1375.364	8316.000
1375.508	8225.000
1375.652	8273.000
1375.796	8122.000
1375.940	8254.000
1376.084	8187.000
1376.228	8274.000
1376.372	8090.000
1376.516	8294.000
1376.660	8127.000
1376.804	8147.000
1376.948	8140.000
1377.092	8235.000
1377.236	8095.000
1377.380	8341.000
1377.524	8070.000
1377.668	8120.000
1377.812	8109.000
1377.956	8310.000
1378.099	8160.000
1378.243	8176.000
1378.387	8035.000
1378.531	8297.000
1378.675	8079.000
1378.819	8220.000
1378.962	8102.000
1379.106	8248.000
1379.250	8111.000
1379.394	8221.000
1379.538	8177.000
1379.681	8263.000
1379.825	8107.000
1379.969	8262.000
1380.112	8076.000
1380.256	8159.000
1380.400	8147.000
1380.543	8201.000
1380.687	8035.000
1380.831	8275.000
1380.974	7995.000
1381.118	8134.000
1381.262	8065.000
1381.405	8212.000
1381.549	8105.000
1381.692	8206.000
1381.836	8087.000
1381.979	8119.000
1382.123	8043.000
1382.266	8187.000
1382.410	8172.000
1382.553	8154.000
1382.697	8068.000
1382.840	8106.000
1382.984	8095.000
1383.127	8181.000
1383.271	8029.000
1383.414	8102.000
1383.557	8055.000
1383.701	8198.000
1383.844	8079.000
1383.987	8197.000
1384.131	8013.000
1384.274	8217.000
1384.417	7988.000
1384.561	8200.000
1384.704	8038.000
1384.847	8258.000
1384.990	8069.000
1385.134	8281.000
1385.277	8013.000
1385.420	8310.000
1385.563	8032.000
1385.707	8202.000
1385.850	8065.000
1385.993	8260.000
1386.136	8083.000
1386.279	8137.000
1386.422	8080.000
1386.565	8241.000
1386.709	8029.000
1386.852	8185.000
1386.995	8075.000
1387.138	8194.000
1387.281	8144.000
1387.424	8220.000
1387.567	8133.000
1387.710	8193.000
1387.853	8022.000
1387.996	8209.000
1388.139	7740.000
1388.282	8262.000
1388.425	8089.000
1388.568	8177.000
1388.711	8148.000
1388.854	8160.000
1388.997	8008.000
1389.139	8115.000
1389.282	8105.000
1389.425	8296.000
1389.568	8048.000
1389.711	8178.000
1389.854	8057.000
1389.996	8206.000
1390.139	8076.000
1390.282	8172.000
1390.425	8016.000
1390.568	8218.000
1390.710	8110.000
1390.853	8205.000
1390.996	8030.000
1391.138	8218.000
1391.281	8087.000
1391.424	8245.000
1391.566	8098.000
1391.709	8155.000
1391.852	7990.000
1391.994	8175.000
1392.137	8103.000
1392.280	8328.000
1392.422	8071.000
1392.565	8228.000
1392.707	8095.000
1392.850	8218.000
1392.992	8091.000
1393.135	8226.000
1393.277	8085.000
1393.420	8209.000
1393.562	8087.000
1393.705	8216.000
1393.847	8101.000
1393.990	8267.000
1394.132	8152.000
1394.275	8230.000
1394.417	8084.000
1394.560	8159.000
1394.702	8056.000
1394.844	8284.000
1394.987	8033.000
1395.129	8156.000
1395.271	8045.000
1395.414	8128.000
1395.556	8060.000
1395.698	8190.000
1395.840	8098.000
1395.983	8204.000
1396.125	8056.000
1396.267	8250.000
1396.409	8112.000
1396.552	8185.000
1396.694	8040.000
1396.836	8221.000
1396.978	8167.000
1397.120	8223.000
1397.263	8034.000
1397.405	8251.000
1397.547	8099.000
1397.689	8161.000
1397.831	8041.000
1397.973	8177.000
1398.115	8062.000
1398.257	8216.000
1398.399	8047.000
1398.541	8207.000
1398.683	8040.000
1398.825	8192.000
1398.967	8138.000
1399.109	8162.000
1399.251	8053.000
1399.393	8140.000
1399.535	8009.000
1399.677	8243.000
1399.819	8148.000
1399.961	8166.000
1400.103	8075.000
1400.245	8109.000
1400.387	8103.000
1400.528	8192.000
1400.670	8160.000
1400.812	8242.000
1400.954	8029.000
1401.096	8184.000
1401.238	8079.000
1401.379	8227.000
1401.521	8067.000
1401.663	8205.000
1401.805	8143.000
1401.946	8253.000
1402.088	8114.000
1402.230	8065.000
1402.371	8012.000
1402.513	8224.000
1402.655	8008.000
1402.796	8145.000
1402.938	8054.000
1403.080	8176.000
1403.221	8028.000
1403.363	8167.000
1403.504	8034.000
1403.646	8233.000
1403.788	7960.000
1403.929	8220.000
1404.071	8068.000
1404.212	8147.000
1404.354	8090.000
1404.495	8178.000
1404.637	8020.000
1404.778	8170.000
1404.919	7980.000
1405.061	8158.000
1405.202	8040.000
1405.344	8177.000
1405.485	7982.000
1405.627	8149.000
1405.768	8182.000
1405.909	8176.000
1406.051	8066.000
1406.192	8222.000
1406.333	7991.000
1406.475	8180.000
1406.616	8026.000
1406.757	8206.000
1406.898	7995.000
1407.040	8322.000
1407.181	8076.000
1407.322	8261.000
1407.463	8044.000
1407.605	8227.000
1407.746	8123.000
1407.887	8213.000
1408.028	8016.000
1408.169	8194.000
1408.310	8026.000
1408.452	8210.000
1408.593	8077.000
1408.734	8201.000
1408.875	7982.000
1409.016	8157.000
1409.157	8052.000
1409.298	8135.000
1409.439	8071.000
1409.580	8162.000
1409.721	7975.000
1409.862	8198.000
1410.003	7935.000
1410.144	8234.000
1410.285	8063.000
1410.426	8270.000
1410.567	8056.000
1410.708	8159.000
1410.849	8013.000
1410.990	8132.000
1411.131	8085.000
1411.271	8240.000
1411.412	8030.000
1411.553	8217.000
1411.694	7907.000
1411.835	8181.000
1411.976	8026.000
1412.116	8191.000
1412.257	7986.000
1412.398	8129.000
1412.539	8134.000
1412.680	8131.000
1412.820	8018.000
1412.961	8190.000
1413.102	7980.000
1413.242	8189.000
1413.383	7974.000
1413.524	8210.000
1413.664	7988.000
1413.805	8109.000
1413.946	7976.000
1414.086	8151.000
1414.227	8009.000
1414.367	8101.000
1414.508	7913.000
1414.649	8145.000
1414.789	8077.000
1414.930	8185.000
1415.070	8027.000
1415.211	8187.000
1415.351	7984.000
1415.492	8135.000
1415.632	7933.000
1415.773	8079.000
1415.913	7855.000
1416.053	8073.000
1416.194	8008.000
1416.334	8152.000
1416.475	7983.000
1416.615	8157.000
1416.755	7940.000
1416.896	8129.000
1417.036	7884.000
1417.176	8100.000
1417.317	7935.000
1417.457	7993.000
1417.597	7875.000
1417.738	8035.000
1417.878	7988.000
1418.018	8028.000
1418.158	7918.000
1418.299	8058.000
1418.439	7954.000
1418.579	8082.000
1418.719	7924.000
1418.859	8093.000
1419.000	7874.000
1419.140	8036.000
1419.280	7895.000
1419.420	8108.000
1419.560	7892.000
1419.700	8012.000
1419.840	7887.000
1419.980	8002.000
1420.120	7863.000
1420.260	7947.000
1420.400	7879.000
1420.540	8074.000
1420.680	7926.000
1420.820	7998.000
1420.960	7881.000
1421.100	8043.000
1421.240	7890.000
1421.380	7973.000
1421.520	7848.000
1421.660	7997.000
1421.800	7806.000
1421.940	7984.000
1422.080	7865.000
1422.220	8002.000
1422.360	7873.000
1422.499	7934.000
1422.639	7843.000
1422.779	8017.000
1422.919	7879.000
1423.059	7993.000
1423.198	7865.000
1423.338	8019.000
1423.478	7780.000
1423.618	7945.000
1423.757	7931.000
1423.897	8084.000
1424.037	7866.000
1424.176	7962.000
1424.316	7894.000
1424.456	7969.000
1424.595	7828.000
1424.735	7992.000
1424.875	7886.000
1425.014	8004.000
1425.154	7829.000
1425.293	7952.000
1425.433	7848.000
1425.573	8065.000
1425.712	7920.000
1425.852	8078.000
1425.991	7828.000
1426.131	8076.000
1426.270	7843.000
1426.410	8021.000
1426.549	7886.000
1426.689	8100.000
1426.828	7872.000
1426.967	8009.000
1427.107	7857.000
1427.246	8022.000
1427.386	7840.000
1427.525	8057.000
1427.664	7875.000
1427.804	7990.000
1427.943	7933.000
1428.082	7963.000
1428.222	7955.000
1428.361	8094.000
1428.500	7906.000
1428.640	7973.000
1428.779	7855.000
1428.918	8041.000
1429.057	7894.000
1429.196	8002.000
1429.336	7915.000
1429.475	8027.000
1429.614	7933.000
1429.753	8071.000
1429.892	7879.000
1430.032	8001.000
1430.171	7977.000
1430.310	8038.000
1430.449	7903.000
1430.588	8122.000
1430.727	7948.000
1430.866	8096.000
1431.005	8002.000
1431.144	8109.000
1431.283	7977.000
1431.422	8051.000
1431.561	7944.000
1431.700	8103.000
1431.839	7934.000
1431.978	8030.000
1432.117	7997.000
1432.256	8074.000
1432.395	7951.000
1432.534	8022.000
1432.673	7929.000
1432.812	8140.000
1432.951	7935.000
1433.089	8055.000
1433.228	7990.000
1433.367	8164.000
1433.506	8535.000
1433.645	8080.000
1433.783	7969.000
1433.922	8087.000
1434.061	7891.000
1434.200	8141.000
1434.339	7912.000
1434.477	8120.000
1434.616	7935.000
1434.755	7959.000
1434.893	8014.000
1435.032	8044.000
1435.171	7963.000
1435.309	8066.000
1435.448	7955.000
1435.587	8147.000
1435.725	7937.000
1435.864	8014.000
1436.002	7893.000
1436.141	8016.000
1436.280	7916.000
1436.418	8083.000
1436.557	7940.000
1436.695	7992.000
1436.834	8012.000
1436.972	8019.000
1437.111	7896.000
1437.249	8134.000
1437.388	7917.000
1437.526	8009.000
1437.664	7897.000
1437.803	7960.000
1437.941	7901.000
1438.080	7969.000
1438.218	7924.000
1438.356	7922.000
1438.495	7929.000
1438.633	7960.000
1438.771	7910.000
1438.910	7990.000
1439.048	7863.000
1439.186	8022.000
1439.325	7955.000
1439.463	8082.000
1439.601	7916.000
1439.739	7982.000
1439.878	7936.000
1440.016	7984.000
1440.154	7939.000
1440.292	7995.000
1440.430	7938.000
1440.569	7985.000
1440.707	7949.000
1440.845	8013.000
1440.983	8008.000
1441.121	7977.000
1441.259	7881.000
1441.397	7960.000
1441.535	7922.000
1441.673	8005.000
1441.811	7912.000
1441.949	8049.000
1442.087	7941.000
1442.225	8059.000
1442.363	7926.000
1442.501	7984.000
1442.639	7921.000
1442.777	8010.000
1442.915	7836.000
1443.053	8079.000
1443.191	7959.000
1443.329	8089.000
1443.467	7969.000
1443.605	8132.000
1443.743	7938.000
1443.881	8131.000
1444.018	7934.000
1444.156	8046.000
1444.294	7911.000
1444.432	8123.000
1444.570	7890.000
1444.707	8127.000
1444.845	7958.000
1444.983	8114.000
1445.121	7925.000
1445.258	8059.000
1445.396	7994.000
1445.534	8168.000
1445.671	8022.000
1445.809	8092.000
1445.947	8098.000
1446.084	8166.000
1446.222	8036.000
1446.360	8124.000
1446.497	8023.000
1446.635	8203.000
1446.772	8027.000
1446.910	8148.000
1447.048	8050.000
1447.185	8198.000
1447.323	7998.000
1447.460	8198.000
1447.598	7983.000
1447.735	8269.000
1447.873	8134.000
1448.010	8151.000
1448.147	8013.000
1448.285	8162.000
1448.422	8039.000
1448.560	8157.000
1448.697	8068.000
1448.835	8214.000
1448.972	8074.000
1449.109	8149.000
1449.247	8067.000
1449.384	8204.000
1449.521	8103.000
1449.659	8165.000
1449.796	8031.000
1449.933	8232.000
1450.070	8039.000
1450.208	8158.000
1450.345	8050.000
1450.482	8186.000
1450.619	7964.000
1450.757	8204.000
1450.894	8108.000
1451.031	8104.000
1451.168	8084.000
1451.305	8231.000
1451.442	8040.000
1451.580	8189.000
1451.717	8067.000
1451.854	8132.000
1451.991	8009.000
1452.128	8116.000
1452.265	8015.000
1452.402	8094.000
1452.539	8028.000
1452.676	8144.000
1452.813	8076.000
1452.950	8154.000
1453.087	8015.000
1453.224	8192.000
1453.361	8098.000
1453.498	8163.000
1453.635	8130.000
1453.772	8205.000
1453.909	8030.000
1454.046	8163.000
1454.183	6893.000
1454.319	8142.000
1454.456	8038.000
1454.593	8063.000
1454.730	7978.000
1454.867	8188.000
1455.004	7995.000
1455.140	8175.000
1455.277	8102.000
1455.414	8155.000
1455.551	8023.000
1455.687	8115.000
1455.824	8004.000
1455.961	8203.000
1456.098	8065.000
1456.234	8143.000
1456.371	7935.000
1456.508	8164.000
1456.644	7944.000
1456.781	8054.000
1456.917	8020.000
1457.054	8063.000
1457.191	7991.000
1457.327	8115.000
1457.464	7922.000
1457.600	8170.000
1457.737	7920.000
1457.873	8166.000
1458.010	7995.000
1458.146	8066.000
1458.283	8002.000
1458.419	8002.000
1458.556	7936.000
1458.692	7987.000
1458.829	7884.000
1458.965	7983.000
1459.102	7891.000
1459.238	8070.000
1459.374	7939.000
1459.511	8066.000
1459.647	7855.000
1459.784	8020.000
1459.920	7860.000
1460.056	7999.000
1460.193	7788.000
1460.329	7994.000
1460.465	7841.000
1460.601	7939.000
1460.738	7820.000
1460.874	8023.000
1461.010	7920.000
1461.146	7993.000
1461.283	7833.000
1461.419	8108.000
1461.555	7817.000
1461.691	7981.000
1461.827	7935.000
1461.963	8055.000
1462.100	7854.000
1462.236	8129.000
1462.372	12494.000
1462.508	8092.000
1462.644	7935.000
1462.780	8007.000
1462.916	7927.000
1463.052	8023.000
1463.188	7834.000
1463.324	8020.000
1463.460	8047.000
1463.596	8135.000
1463.732	7992.000
1463.868	8054.000
1464.004	7944.000
1464.140	8077.000
1464.276	8056.000
1464.412	8113.000
1464.548	7964.000
1464.684	8108.000
1464.820	7924.000
1464.955	8132.000
1465.091	8000.000
1465.227	8143.000
1465.363	8014.000
1465.499	8154.000
1465.635	8039.000
1465.770	8129.000
1465.906	7966.000
1466.042	8031.000
1466.178	7993.000
1466.313	8145.000
1466.449	7979.000
1466.585	8113.000
1466.720	7938.000
1466.856	8187.000
1466.992	8005.000
1467.127	8136.000
1467.263	7955.000
1467.399	8150.000
1467.534	7872.000
1467.670	8099.000
1467.806	7888.000
1467.941	8150.000
1468.077	7917.000
1468.212	8171.000
1468.348	7982.000
1468.483	8112.000
1468.619	7997.000
1468.754	8162.000
1468.890	7924.000
1469.025	8194.000
1469.161	8047.000
1469.296	8058.000
1469.432	7967.000
1469.567	8171.000
1469.702	8027.000
1469.838	8091.000
1469.973	8007.000
1470.109	8137.000
1470.244	8059.000
1470.379	8131.000
1470.515	8074.000
1470.650	8181.000
1470.785	8068.000
1470.921	8236.000
1471.056	8023.000
1471.191	8200.000
1471.326	8014.000
1471.462	8150.000
1471.597	8126.000
1471.732	8257.000
1471.867	8056.000
1472.003	8153.000
1472.138	8113.000
1472.273	8242.000
1472.408	8092.000
1472.543	8236.000
1472.678	8079.000
1472.813	8239.000
1472.948	8059.000
1473.084	8170.000
1473.219	8063.000
1473.354	8231.000
1473.489	8083.000
1473.624	8112.000
1473.759	8125.000
1473.894	8321.000
1474.029	8151.000
1474.164	8179.000
1474.299	8077.000
1474.434	8125.000
1474.569	8153.000
1474.704	8258.000
