1429.840	8708.000
1429.989	8693.000
1430.138	8676.000
1430.288	8788.000
1430.437	8646.000
1430.587	8773.000
1430.736	8669.000
1430.885	8740.000
1431.035	8665.000
1431.184	8733.000
1431.333	8619.000
1431.482	8774.000
1431.632	8676.000
1431.781	8667.000
1431.930	8667.000
1432.079	8799.000
1432.229	8590.000
1432.378	8771.000
1432.527	8610.000
1432.676	8765.000
1432.825	8601.000
1432.974	8660.000
1433.123	8755.000
1433.273	8712.000
1433.422	8690.000
1433.571	8699.000
1433.720	8700.000
1433.869	8657.000
1434.018	8639.000
1434.167	8688.000
1434.316	8667.000
1434.465	8710.000
1434.614	8659.000
1434.763	8679.000
1434.911	8600.000
1435.060	8669.000
1435.209	8705.000
1435.358	8606.000
1435.507	8669.000
1435.656	8685.000
1435.805	8667.000
1435.954	8716.000
1436.102	8605.000
1436.251	8735.000
1436.400	8575.000
1436.549	8657.000
1436.697	8678.000
1436.846	8587.000
1436.995	8603.000
1437.144	8663.000
1437.292	8576.000
1437.441	8602.000
1437.590	8648.000
1437.738	8707.000
1437.887	8585.000
1438.035	8626.000
1438.184	8555.000
1438.333	8640.000
1438.481	8531.000
1438.630	8568.000
1438.778	8617.000
1438.927	8578.000
1439.075	8551.000
1439.224	8550.000
1439.372	8480.000
1439.521	8618.000
1439.669	8553.000
1439.818	8484.000
1439.966	8512.000
1440.114	8577.000
1440.263	8486.000
1440.411	8513.000
1440.559	8541.000
1440.708	8550.000
1440.856	8434.000
1441.004	8502.000
1441.153	8419.000
1441.301	8463.000
1441.449	8451.000
1441.597	8579.000
1441.746	8411.000
1441.894	8523.000
1442.042	8492.000
1442.190	8485.000
1442.338	8356.000
1442.487	8430.000
1442.635	8363.000
1442.783	8426.000
1442.931	8398.000
1443.079	8411.000
1443.227	8394.000
1443.375	8435.000
1443.523	8416.000
1443.671	8424.000
1443.819	8438.000
1443.967	8387.000
1444.115	8353.000
1444.263	8404.000
1444.411	8417.000
1444.559	8404.000
1444.707	8324.000
1444.855	8373.000
1445.003	8320.000
1445.151	8319.000
1445.299	8346.000
1445.447	8463.000
1445.594	8322.000
1445.742	8377.000
1445.890	8335.000
1446.038	8368.000
1446.186	8352.000
1446.333	8396.000
1446.481	8226.000
1446.629	8427.000
1446.776	8281.000
1446.924	8291.000
1447.072	8351.000
1447.220	8405.000
1447.367	8370.000
1447.515	8367.000
1447.662	8304.000
1447.810	8384.000
1447.958	8320.000
1448.105	8442.000
1448.253	8281.000
1448.400	8387.000
1448.548	8202.000
1448.695	8288.000
1448.843	8406.000
1448.990	8417.000
1449.138	8328.000
1449.285	8425.000
1449.433	8335.000
1449.580	8330.000
1449.728	8310.000
1449.875	8370.000
1450.022	8366.000
1450.170	8436.000
1450.317	8316.000
1450.464	8400.000
1450.612	8319.000
1450.759	8407.000
1450.906	8297.000
1451.054	8311.000
1451.201	8320.000
1451.348	8402.000
1451.495	8379.000
1451.643	8359.000
1451.790	8298.000
1451.937	8418.000
1452.084	8352.000
1452.231	8345.000
1452.378	8233.000
1452.526	8350.000
1452.673	8258.000
1452.820	8402.000
1452.967	8352.000
1453.114	8400.000
1453.261	8319.000
1453.408	8372.000
1453.555	8291.000
1453.702	8287.000
1453.849	8267.000
1453.996	8377.000
1454.143	8246.000
1454.290	8353.000
1454.437	8306.000
1454.584	8317.000
1454.731	8293.000
1454.878	8388.000
1455.024	8187.000
1455.171	8396.000
1455.318	8256.000
1455.465	8296.000
1455.612	8334.000
1455.759	8339.000
1455.905	8232.000
1456.052	8352.000
1456.199	8115.000
1456.346	8238.000
1456.492	8222.000
1456.639	8361.000
1456.786	8290.000
1456.932	8324.000
1457.079	8138.000
1457.226	8211.000
1457.372	8207.000
1457.519	8252.000
1457.665	8262.000
1457.812	8344.000
1457.959	8173.000
1458.105	8258.000
1458.252	8135.000
1458.398	8281.000
1458.545	8174.000
1458.691	8345.000
1458.838	8141.000
1458.984	8248.000
1459.131	8052.000
1459.277	8298.000
1459.423	8251.000
1459.570	8183.000
1459.716	8217.000
1459.863	8235.000
1460.009	8118.000
1460.155	8272.000
1460.302	8196.000
1460.448	8278.000
1460.594	8116.000
1460.741	8275.000
1460.887	8134.000
1461.033	8222.000
1461.179	8059.000
1461.326	8296.000
1461.472	8142.000
1461.618	8220.000
1461.764	8120.000
1461.910	8232.000
1462.056	8044.000
1462.203	8200.000
1462.349	8170.000
1462.495	8275.000
1462.641	8128.000
1462.787	8265.000
1462.933	8040.000
1463.079	8298.000
1463.225	8092.000
1463.371	8252.000
1463.517	8129.000
1463.663	8330.000
1463.809	8194.000
1463.955	8231.000
1464.101	8122.000
1464.247	8245.000
1464.393	8085.000
1464.539	8221.000
1464.684	8116.000
1464.830	8289.000
1464.976	8096.000
1465.122	8172.000
1465.268	8128.000
1465.414	8226.000
1465.559	8116.000
1465.705	8214.000
1465.851	8121.000
1465.997	8289.000
1466.142	8137.000
1466.288	8280.000
1466.434	8231.000
1466.579	8313.000
1466.725	8192.000
1466.871	8152.000
1467.016	8109.000
1467.162	8244.000
1467.308	8104.000
1467.453	8270.000
1467.599	8269.000
1467.744	8326.000
1467.890	8114.000
1468.035	8340.000
1468.181	8252.000
1468.326	8199.000
1468.472	8138.000
1468.617	8305.000
1468.763	8175.000
1468.908	8278.000
1469.054	8152.000
1469.199	8310.000
1469.344	8172.000
1469.490	8284.000
1469.635	8214.000
1469.780	8268.000
1469.926	8182.000
1470.071	8312.000
1470.216	8237.000
1470.362	8297.000
1470.507	8187.000
1470.652	8413.000
1470.797	8225.000
1470.943	8258.000
1471.088	8208.000
1471.233	8342.000
1471.378	8140.000
1471.523	8320.000
1471.668	8290.000
1471.814	8334.000
1471.959	8173.000
1472.104	8234.000
1472.249	8192.000
1472.394	8245.000
1472.539	8161.000
1472.684	8241.000
1472.829	8196.000
1472.974	8325.000
1473.119	8183.000
1473.264	8259.000
1473.409	8011.000
1473.554	8330.000
1473.699	8147.000
1473.844	8225.000
1473.989	8133.000
1474.134	8297.000
1474.279	8130.000
1474.423	8237.000
1474.568	8225.000
1474.713	8179.000
1474.858	8108.000
1475.003	8248.000
1475.147	8147.000
1475.292	8219.000
1475.437	8069.000
1475.582	8356.000
1475.726	8214.000
1475.871	8216.000
1476.016	8117.000
1476.161	8258.000
1476.305	8163.000
1476.450	8265.000
1476.594	8085.000
1476.739	8278.000
1476.884	8111.000
1477.028	8097.000
1477.173	8128.000
1477.317	8178.000
1477.462	8116.000
1477.606	8337.000
1477.751	8080.000
1477.895	8082.000
1478.040	8086.000
1478.184	8292.000
1478.329	8132.000
1478.473	8156.000
1478.618	8014.000
1478.762	8267.000
1478.907	8068.000
1479.051	8225.000
1479.195	8081.000
1479.340	8208.000
1479.484	8117.000
1479.628	8182.000
1479.773	8165.000
1479.917	8224.000
1480.061	8123.000
1480.205	8301.000
1480.350	8044.000
1480.494	8187.000
1480.638	8148.000
1480.782	8202.000
1480.926	7994.000
1481.071	8257.000
1481.215	8018.000
1481.359	8115.000
1481.503	8049.000
1481.647	8215.000
1481.791	8101.000
1481.935	8180.000
1482.079	8119.000
1482.223	8124.000
1482.367	8037.000
1482.511	8151.000
1482.655	8156.000
1482.799	8098.000
1482.943	8066.000
1483.087	8092.000
1483.231	8098.000
1483.375	8181.000
1483.519	8067.000
1483.663	8111.000
1483.807	8072.000
1483.951	8173.000
1484.095	8089.000
1484.238	8178.000
1484.382	7996.000
1484.526	8216.000
1484.670	8022.000
1484.814	8180.000
1484.957	8063.000
1485.101	8253.000
1485.245	8054.000
1485.389	8293.000
1485.532	8006.000
1485.676	8288.000
1485.820	8044.000
1485.963	8194.000
1486.107	8062.000
1486.250	8207.000
1486.394	8086.000
1486.538	8132.000
1486.681	8072.000
1486.825	8213.000
1486.968	8022.000
1487.112	8159.000
1487.255	8056.000
1487.399	8188.000
1487.542	8126.000
1487.686	8194.000
1487.829	8127.000
1487.973	8187.000
1488.116	8014.000
1488.260	8210.000
1488.403	7718.000
1488.546	8227.000
1488.690	8067.000
1488.833	8188.000
1488.976	8151.000
1489.120	8147.000
1489.263	7994.000
1489.406	8135.000
1489.550	8098.000
1489.693	8264.000
1489.836	8073.000
1489.979	8172.000
1490.123	8041.000
1490.266	8207.000
1490.409	8046.000
1490.552	8181.000
1490.695	8025.000
1490.838	8217.000
1490.981	8116.000
1491.125	8185.000
1491.268	8039.000
1491.411	8222.000
1491.554	8071.000
1491.697	8213.000
1491.840	8098.000
1491.983	8175.000
1492.126	7986.000
1492.269	8138.000
1492.412	8064.000
1492.555	8324.000
1492.698	8038.000
1492.841	8186.000
1492.984	8099.000
1493.126	8183.000
1493.269	8076.000
1493.412	8213.000
1493.555	8104.000
1493.698	8234.000
1493.841	8061.000
1493.984	8187.000
1494.126	8063.000
1494.269	8251.000
1494.412	8117.000
1494.555	8244.000
1494.697	8052.000
1494.840	8146.000
1494.983	8031.000
1495.125	8247.000
1495.268	8039.000
1495.411	8118.000
1495.553	8047.000
1495.696	8143.000
1495.839	8054.000
1495.981	8206.000
1496.124	8072.000
1496.266	8202.000
1496.409	8035.000
1496.551	8241.000
1496.694	8120.000
1496.836	8168.000
1496.979	8028.000
1497.121	8194.000
1497.264	8105.000
1497.406	8179.000
1497.549	8027.000
1497.691	8231.000
1497.834	8084.000
1497.976	8158.000
1498.118	8025.000
1498.261	8199.000
1498.403	8070.000
1498.545	8166.000
1498.688	8035.000
1498.830	8196.000
1498.972	8039.000
1499.114	8168.000
1499.257	8164.000
1499.399	8175.000
1499.541	8037.000
1499.683	8144.000
1499.826	8034.000
1499.968	8254.000
1500.110	8126.000
1500.252	8172.000
1500.394	8072.000
1500.536	8131.000
1500.678	8077.000
1500.820	8165.000
1500.962	8142.000
1501.104	8247.000
1501.247	8039.000
1501.389	8219.000
1501.531	8072.000
1501.673	8201.000
1501.815	8085.000
1501.956	8229.000
1502.098	8115.000
1502.240	8252.000
1502.382	8118.000
1502.524	8068.000
1502.666	8005.000
1502.808	8232.000
1502.950	8005.000
1503.092	8134.000
1503.233	8031.000
1503.375	8143.000
1503.517	8034.000
1503.659	8166.000
1503.801	8045.000
1503.942	8215.000
1504.084	7963.000
1504.226	8220.000
1504.367	8041.000
1504.509	8168.000
1504.651	8037.000
1504.792	8156.000
1504.934	8025.000
1505.076	8160.000
1505.217	7989.000
1505.359	8125.000
1505.501	8030.000
1505.642	8183.000
1505.784	7993.000
1505.925	8154.000
1506.067	8170.000
1506.208	8189.000
1506.350	8020.000
1506.491	8184.000
1506.633	8014.000
1506.774	8177.000
1506.915	8044.000
1507.057	8183.000
1507.198	7960.000
1507.340	8279.000
1507.481	8061.000
1507.622	8238.000
1507.764	8050.000
1507.905	8215.000
1508.046	8102.000
1508.188	8193.000
1508.329	8014.000
1508.470	8159.000
1508.611	7994.000
1508.753	8186.000
1508.894	8074.000
1509.035	8154.000
1509.176	7976.000
1509.317	8137.000
1509.459	8049.000
1509.600	8114.000
1509.741	8059.000
1509.882	8203.000
1510.023	7973.000
1510.164	8174.000
1510.305	7975.000
1510.446	8206.000
1510.587	8056.000
1510.728	8247.000
1510.869	8075.000
1511.010	8149.000
1511.151	7997.000
1511.292	8091.000
1511.433	8077.000
1511.574	8226.000
1511.715	8023.000
1511.856	8201.000
1511.997	7877.000
1512.138	8147.000
1512.279	8050.000
1512.419	8175.000
1512.560	7983.000
1512.701	8131.000
1512.842	8099.000
1512.983	8112.000
1513.123	8025.000
1513.264	8191.000
1513.405	8003.000
1513.546	8178.000
1513.686	7993.000
1513.827	8171.000
1513.968	8020.000
1514.108	8109.000
1514.249	7964.000
1514.390	8153.000
1514.530	8035.000
1514.671	8062.000
1514.811	7910.000
1514.952	8120.000
1515.093	8070.000
1515.233	8174.000
1515.374	8015.000
1515.514	8216.000
1515.655	7965.000
1515.795	8144.000
1515.936	7958.000
1516.076	8098.000
1516.216	7894.000
1516.357	8078.000
1516.497	8019.000
1516.638	8141.000
1516.778	7971.000
1516.918	8131.000
1517.059	7948.000
1517.199	8107.000
1517.339	7860.000
1517.480	8106.000
1517.620	7915.000
1517.760	8002.000
1517.900	7842.000
1518.041	8046.000
1518.181	7999.000
1518.321	7992.000
1518.461	7911.000
1518.601	8041.000
1518.742	7924.000
1518.882	8073.000
1519.022	7912.000
1519.162	8095.000
1519.302	7924.000
1519.442	8011.000
1519.582	7907.000
1519.722	8112.000
1519.862	7899.000
1520.002	7975.000
1520.142	7940.000
1520.282	7991.000
1520.422	7866.000
1520.562	7953.000
1520.702	7845.000
1520.842	8065.000
1520.982	7931.000
1521.122	8015.000
1521.262	7839.000
1521.402	8036.000
1521.542	7876.000
1521.682	7936.000
1521.821	7810.000
1521.961	8007.000
1522.101	7802.000
1522.241	7987.000
1522.380	7847.000
1522.520	8003.000
1522.660	7882.000
1522.800	7943.000
1522.939	7823.000
1523.079	8037.000
1523.219	7863.000
1523.358	7950.000
1523.498	7892.000
1523.638	8037.000
1523.777	7787.000
1523.917	7956.000
1524.057	7961.000
1524.196	8032.000
1524.336	7860.000
1524.475	7953.000
1524.615	7880.000
1524.754	7941.000
1524.894	7836.000
1525.033	8004.000
1525.173	7866.000
1525.312	7987.000
1525.452	7839.000
1525.591	7954.000
1525.730	7823.000
1525.870	8083.000
1526.009	7891.000
1526.148	8029.000
1526.288	7810.000
1526.427	8032.000
1526.566	7888.000
1526.706	8023.000
1526.845	7864.000
1526.984	8081.000
1527.124	7863.000
1527.263	7975.000
1527.402	7867.000
1527.541	8004.000
1527.680	7844.000
1527.820	8035.000
1527.959	7904.000
1528.098	7994.000
1528.237	7934.000
1528.376	7962.000
1528.515	7903.000
1528.654	8097.000
1528.793	7888.000
1528.933	7977.000
1529.072	7853.000
1529.211	8034.000
1529.350	7878.000
1529.489	7992.000
1529.628	7912.000
1529.767	8026.000
1529.905	7913.000
1530.044	8087.000
1530.183	7879.000
1530.322	8023.000
1530.461	7957.000
1530.600	8045.000
1530.739	7923.000
1530.878	8104.000
1531.017	7993.000
1531.155	8070.000
1531.294	8006.000
1531.433	8090.000
1531.572	8004.000
1531.710	8080.000
1531.849	8015.000
1531.988	8160.000
1532.127	8018.000
1532.265	8130.000
1532.404	8142.000
1532.543	8213.000
1532.681	8094.000
1532.820	8137.000
1532.959	8011.000
1533.097	8207.000
1533.236	7980.000
1533.374	8073.000
1533.513	7959.000
1533.651	8153.000
1533.790	8538.000
1533.929	8085.000
1534.067	7926.000
1534.205	8070.000
1534.344	7912.000
1534.482	8156.000
1534.621	7909.000
1534.759	8171.000
1534.898	7911.000
1535.036	7963.000
1535.174	8007.000
1535.313	8065.000
1535.451	7977.000
1535.589	8034.000
1535.728	7938.000
1535.866	8166.000
1536.004	7910.000
1536.143	7993.000
1536.281	7906.000
1536.419	8006.000
1536.557	7918.000
1536.696	8047.000
1536.834	7927.000
1536.972	7999.000
1537.110	7981.000
1537.248	7998.000
1537.386	7861.000
1537.525	8150.000
1537.663	7913.000
1537.801	7996.000
1537.939	7903.000
1538.077	7983.000
1538.215	7915.000
1538.353	7956.000
1538.491	7923.000
1538.629	7909.000
1538.767	7912.000
1538.905	7930.000
1539.043	7912.000
1539.181	8012.000
1539.319	7863.000
1539.457	7996.000
1539.595	7905.000
1539.732	8091.000
1539.870	7902.000
1540.008	7970.000
1540.146	7933.000
1540.284	7975.000
1540.422	7930.000
1540.559	8001.000
1540.697	7909.000
1540.835	7989.000
1540.973	7954.000
1541.110	8020.000
1541.248	8023.000
1541.386	8006.000
1541.523	7931.000
1541.661	7972.000
1541.799	7910.000
1541.936	8007.000
1542.074	7908.000
1542.212	8041.000
1542.349	7947.000
1542.487	8060.000
1542.624	7892.000
1542.762	8010.000
1542.899	7903.000
1543.037	8027.000
1543.174	7859.000
1543.312	8078.000
1543.449	7944.000
1543.587	8083.000
1543.724	7982.000
1543.862	8116.000
1543.999	7931.000
1544.137	8103.000
1544.274	7928.000
1544.411	8041.000
1544.549	7898.000
1544.686	8105.000
1544.823	7912.000
1544.961	8122.000
1545.098	7968.000
1545.235	8106.000
1545.372	7913.000
1545.510	8078.000
1545.647	7965.000
1545.784	8140.000
1545.921	8030.000
1546.058	8109.000
1546.196	8091.000
1546.333	8219.000
1546.470	8053.000
1546.607	8102.000
1546.744	8041.000
1546.881	8203.000
1547.018	8023.000
1547.155	8114.000
1547.292	8034.000
1547.429	8230.000
1547.567	7976.000
1547.704	8221.000
1547.841	8020.000
1547.977	8256.000
1548.114	8142.000
1548.251	8169.000
1548.388	7979.000
1548.525	8163.000
1548.662	8046.000
1548.799	8100.000
1548.936	8059.000
1549.073	8195.000
1549.210	8065.000
1549.346	8152.000
1549.483	8073.000
1549.620	8210.000
1549.757	8093.000
1549.893	8169.000
1550.030	8030.000
1550.167	8246.000
1550.304	8033.000
1550.440	8186.000
1550.577	8024.000
1550.714	8165.000
1550.850	7952.000
1550.987	8205.000
1551.124	8112.000
1551.260	8096.000
1551.397	8072.000
1551.533	8236.000
1551.670	8045.000
1551.807	8179.000
1551.943	8086.000
1552.080	8173.000
1552.216	8000.000
1552.353	8110.000
1552.489	8002.000
1552.626	8086.000
1552.762	8061.000
1552.898	8147.000
1553.035	8070.000
1553.171	8146.000
1553.308	7987.000
1553.444	8207.000
1553.580	8117.000
1553.717	8129.000
1553.853	8118.000
1553.989	8189.000
1554.126	8038.000
1554.262	8159.000
1554.398	6911.000
1554.534	8132.000
1554.671	8043.000
1554.807	8096.000
1554.943	7972.000
1555.079	8176.000
1555.215	7986.000
1555.352	8109.000
1555.488	8059.000
1555.624	8148.000
1555.760	8047.000
1555.896	8133.000
1556.032	8000.000
1556.168	8176.000
1556.304	8055.000
1556.440	8118.000
1556.576	7959.000
1556.712	8122.000
1556.848	7932.000
1556.984	8077.000
1557.120	8002.000
1557.256	8059.000
1557.392	7990.000
1557.528	8100.000
1557.664	7927.000
1557.800	8143.000
1557.936	7925.000
1558.071	8190.000
1558.207	7984.000
1558.343	8058.000
1558.479	8028.000
1558.615	8009.000
1558.751	7920.000
1558.886	7997.000
1559.022	7882.000
1559.158	7975.000
1559.293	7920.000
1559.429	8068.000
1559.565	7927.000
1559.701	8067.000
1559.836	7880.000
1559.972	8009.000
1560.107	7870.000
1560.243	7995.000
1560.379	7781.000
1560.514	7985.000
1560.650	7817.000
1560.785	7954.000
1560.921	7784.000
1561.056	8004.000
1561.192	7906.000
1561.327	7997.000
1561.463	7867.000
1561.598	8070.000
1561.734	7814.000
1561.869	7984.000
1562.005	7932.000
1562.140	8059.000
1562.275	7890.000
1562.411	8091.000
1562.546	12370.000
1562.682	8098.000
1562.817	7896.000
1562.952	8036.000
1563.087	7929.000
1563.223	8049.000
1563.358	7813.000
1563.493	8014.000
1563.628	8030.000
1563.764	8137.000
1563.899	7992.000
1564.034	8011.000
1564.169	7947.000
1564.304	8052.000
1564.440	8020.000
1564.575	8124.000
1564.710	8005.000
1564.845	8128.000
1564.980	7923.000
1565.115	8106.000
1565.250	8007.000
1565.385	8157.000
1565.520	7984.000
1565.655	8135.000
1565.790	8020.000
1565.925	8078.000
1566.060	7972.000
1566.195	8034.000
1566.330	7978.000
1566.465	8150.000
1566.600	7955.000
1566.735	8104.000
1566.870	7974.000
1567.004	8191.000
1567.139	8000.000
1567.274	8180.000
1567.409	7958.000
1567.544	8101.000
1567.678	7875.000
1567.813	8094.000
1567.948	7918.000
1568.083	8130.000
1568.217	7950.000
1568.352	8130.000
1568.487	7983.000
1568.622	8123.000
1568.756	7968.000
1568.891	8153.000
1569.025	7915.000
1569.160	8135.000
1569.295	8058.000
1569.429	8052.000
1569.564	7947.000
1569.698	8131.000
1569.833	8007.000
1569.967	8110.000
1570.102	7977.000
1570.236	8121.000
1570.371	8012.000
1570.505	8130.000
1570.640	8044.000
1570.774	8143.000
1570.909	8036.000
1571.043	8213.000
1571.177	7954.000
1571.312	8170.000
1571.446	7952.000
1571.581	8149.000
1571.715	8098.000
1571.849	8228.000
1571.983	8036.000
1572.118	8127.000
1572.252	8094.000
1572.386	8227.000
1572.521	8077.000
1572.655	8260.000
1572.789	8074.000
1572.923	8243.000
1573.057	8042.000
1573.191	8155.000
1573.326	8087.000
1573.460	8236.000
1573.594	8062.000
1573.728	8075.000
1573.862	8115.000
1573.996	8300.000
1574.130	8146.000
1574.264	8154.000
1574.398	8118.000
1574.532	8126.000
1574.666	8159.000
1574.800	8268.000
