1229.956	8971.000
1230.103	8951.000
1230.250	8965.000
1230.397	9012.000
1230.544	8941.000
1230.691	9030.000
1230.838	8933.000
1230.985	8979.000
1231.132	8948.000
1231.278	8940.000
1231.425	8903.000
1231.572	9012.000
1231.719	8960.000
1231.866	8922.000
1232.013	8910.000
1232.159	9010.000
1232.306	8828.000
1232.453	9015.000
1232.600	8897.000
1232.746	9007.000
1232.893	8877.000
1233.040	8908.000
1233.186	9032.000
1233.333	8989.000
1233.480	8966.000
1233.627	8913.000
1233.773	8963.000
1233.920	8913.000
1234.066	8891.000
1234.213	8902.000
1234.360	8942.000
1234.506	9005.000
1234.653	8971.000
1234.800	8931.000
1234.946	8904.000
1235.093	8932.000
1235.239	8988.000
1235.386	8879.000
1235.532	8986.000
1235.679	8957.000
1235.825	8941.000
1235.972	8960.000
1236.118	8868.000
1236.265	8977.000
1236.411	8877.000
1236.558	8980.000
1236.704	8974.000
1236.851	8887.000
1236.997	8890.000
1237.143	8943.000
1237.290	8899.000
1237.436	8875.000
1237.583	8963.000
1237.729	8959.000
1237.875	8898.000
1238.022	8933.000
1238.168	8871.000
1238.314	8920.000
1238.461	8851.000
1238.607	8858.000
1238.753	8916.000
1238.900	8865.000
1239.046	8818.000
1239.192	8817.000
1239.338	8821.000
1239.485	8883.000
1239.631	8889.000
1239.777	8793.000
1239.923	8789.000
1240.070	8861.000
1240.216	8854.000
1240.362	8782.000
1240.508	8854.000
1240.654	8847.000
1240.800	8748.000
1240.947	8786.000
1241.093	8773.000
1241.239	8771.000
1241.385	8765.000
1241.531	8882.000
1241.677	8731.000
1241.823	8829.000
1241.969	8831.000
1242.115	8768.000
1242.261	8738.000
1242.407	8743.000
1242.553	8731.000
1242.699	8740.000
1242.845	8756.000
1242.991	8747.000
1243.137	8735.000
1243.283	8779.000
1243.429	8771.000
1243.575	8779.000
1243.721	8765.000
1243.867	8730.000
1244.013	8699.000
1244.159	8748.000
1244.305	8724.000
1244.451	8763.000
1244.596	8712.000
1244.742	8669.000
1244.888	8666.000
1245.034	8593.000
1245.180	8667.000
1245.326	8775.000
1245.471	8677.000
1245.617	8706.000
1245.763	8645.000
1245.909	8673.000
1246.055	8706.000
1246.200	8721.000
1246.346	8562.000
1246.492	8763.000
1246.638	8647.000
1246.783	8654.000
1246.929	8696.000
1247.075	8717.000
1247.220	8702.000
1247.366	8701.000
1247.512	8675.000
1247.657	8687.000
1247.803	8691.000
1247.949	8753.000
1248.094	8635.000
1248.240	8745.000
1248.385	8574.000
1248.531	8626.000
1248.676	8736.000
1248.822	8738.000
1248.968	8689.000
1249.113	8735.000
1249.259	8698.000
1249.404	8662.000
1249.550	8665.000
1249.695	8695.000
1249.841	8742.000
1249.986	8762.000
1250.132	8709.000
1250.277	8736.000
1250.422	8717.000
1250.568	8770.000
1250.713	8698.000
1250.859	8601.000
1251.004	8664.000
1251.150	8777.000
1251.295	8729.000
1251.440	8688.000
1251.586	8667.000
1251.731	8770.000
1251.876	8693.000
1252.022	8679.000
1252.167	8646.000
1252.312	8699.000
1252.458	8607.000
1252.603	8758.000
1252.748	8719.000
1252.893	8737.000
1253.039	8678.000
1253.184	8706.000
1253.329	8694.000
1253.474	8653.000
1253.619	8622.000
1253.765	8718.000
1253.910	8612.000
1254.055	8726.000
1254.200	8679.000
1254.345	8673.000
1254.490	8661.000
1254.636	8755.000
1254.781	8573.000
1254.926	8730.000
1255.071	8651.000
1255.216	8632.000
1255.361	8697.000
1255.506	8707.000
1255.651	8569.000
1255.796	8716.000
1255.941	8492.000
1256.086	8593.000
1256.231	8595.000
1256.376	8735.000
1256.521	8614.000
1256.666	8684.000
1256.811	8524.000
1256.956	8573.000
1257.101	8606.000
1257.246	8632.000
1257.391	8635.000
1257.536	8700.000
1257.681	8577.000
1257.826	8607.000
1257.971	8542.000
1258.116	8640.000
1258.260	8565.000
1258.405	8716.000
1258.550	8509.000
1258.695	8604.000
1258.840	8457.000
1258.985	8661.000
1259.129	8680.000
1259.274	8571.000
1259.419	8602.000
1259.564	8581.000
1259.708	8521.000
1259.853	8611.000
1259.998	8545.000
1260.143	8660.000
1260.287	8462.000
1260.432	8630.000
1260.577	8501.000
1260.721	8592.000
1260.866	8467.000
1261.011	8652.000
1261.155	8513.000
1261.300	8565.000
1261.445	8499.000
1261.589	8580.000
1261.734	8444.000
1261.878	8577.000
1262.023	8566.000
1262.168	8630.000
1262.312	8513.000
1262.457	8616.000
1262.601	8394.000
1262.746	8632.000
1262.890	8448.000
1263.035	8590.000
1263.179	8451.000
1263.324	8677.000
1263.468	8553.000
1263.613	8597.000
1263.757	8514.000
1263.902	8638.000
1264.046	8459.000
1264.191	8614.000
1264.335	8487.000
1264.479	8616.000
1264.624	8452.000
1264.768	8522.000
1264.912	8493.000
1265.057	8555.000
1265.201	8514.000
1265.346	8611.000
1265.490	8459.000
1265.634	8626.000
1265.778	8493.000
1265.923	8598.000
1266.067	8611.000
1266.211	8634.000
1266.356	8529.000
1266.500	8540.000
1266.644	8442.000
1266.788	8551.000
1266.933	8442.000
1267.077	8570.000
1267.221	8619.000
1267.365	8620.000
1267.509	8474.000
1267.653	8631.000
1267.798	8596.000
1267.942	8558.000
1268.086	8481.000
1268.230	8643.000
1268.374	8524.000
1268.518	8601.000
1268.662	8480.000
1268.806	8610.000
1268.950	8460.000
1269.095	8551.000
1269.239	8497.000
1269.383	8564.000
1269.527	8477.000
1269.671	8604.000
1269.815	8508.000
1269.959	8563.000
1270.103	8462.000
1270.247	8675.000
1270.391	8506.000
1270.535	8495.000
1270.679	8539.000
1270.822	8600.000
1270.966	8400.000
1271.110	8589.000
1271.254	8556.000
1271.398	8627.000
1271.542	8487.000
1271.686	8554.000
1271.830	8453.000
1271.973	8532.000
1272.117	8432.000
1272.261	8560.000
1272.405	8486.000
1272.549	8586.000
1272.693	8437.000
1272.836	8538.000
1272.980	8264.000
1273.124	8622.000
1273.268	8390.000
1273.411	8495.000
1273.555	8426.000
1273.699	8556.000
1273.843	8411.000
1273.986	8473.000
1274.130	8459.000
1274.274	8410.000
1274.417	8346.000
1274.561	8525.000
1274.705	8376.000
1274.848	8469.000
1274.992	8360.000
1275.135	8570.000
1275.279	8469.000
1275.423	8503.000
1275.566	8344.000
1275.710	8486.000
1275.853	8378.000
1275.997	8492.000
1276.140	8290.000
1276.284	8514.000
1276.427	8341.000
1276.571	8349.000
1276.714	8354.000
1276.858	8420.000
1277.001	8335.000
1277.145	8564.000
1277.288	8318.000
1277.432	8344.000
1277.575	8301.000
1277.719	8463.000
1277.862	8359.000
1278.005	8358.000
1278.149	8251.000
1278.292	8488.000
1278.435	8284.000
1278.579	8417.000
1278.722	8298.000
1278.865	8434.000
1279.009	8299.000
1279.152	8389.000
1279.295	8356.000
1279.439	8431.000
1279.582	8280.000
1279.725	8435.000
1279.868	8224.000
1280.012	8326.000
1280.155	8309.000
1280.298	8379.000
1280.441	8194.000
1280.585	8442.000
1280.728	8168.000
1280.871	8282.000
1281.014	8227.000
1281.157	8414.000
1281.300	8264.000
1281.444	8355.000
1281.587	8277.000
1281.730	8285.000
1281.873	8228.000
1282.016	8316.000
1282.159	8337.000
1282.302	8282.000
1282.445	8226.000
1282.588	8272.000
1282.731	8250.000
1282.874	8319.000
1283.017	8201.000
1283.160	8289.000
1283.303	8244.000
1283.446	8327.000
1283.589	8235.000
1283.732	8308.000
1283.875	8169.000
1284.018	8348.000
1284.161	8168.000
1284.304	8342.000
1284.447	8181.000
1284.590	8369.000
1284.733	8183.000
1284.876	8431.000
1285.019	8122.000
1285.161	8427.000
1285.304	8227.000
1285.447	8355.000
1285.590	8201.000
1285.733	8357.000
1285.876	8225.000
1286.018	8256.000
1286.161	8211.000
1286.304	8367.000
1286.447	8171.000
1286.589	8296.000
1286.732	8250.000
1286.875	8322.000
1287.018	8260.000
1287.160	8322.000
1287.303	8234.000
1287.446	8333.000
1287.588	8163.000
1287.731	8346.000
1287.874	7870.000
1288.016	8360.000
1288.159	8244.000
1288.302	8329.000
1288.444	8266.000
1288.587	8293.000
1288.729	8167.000
1288.872	8267.000
1289.015	8244.000
1289.157	8396.000
1289.300	8179.000
1289.442	8316.000
1289.585	8176.000
1289.727	8393.000
1289.870	8198.000
1290.012	8301.000
1290.155	8157.000
1290.297	8357.000
1290.440	8260.000
1290.582	8318.000
1290.725	8195.000
1290.867	8345.000
1291.009	8197.000
1291.152	8366.000
1291.294	8265.000
1291.437	8263.000
1291.579	8115.000
1291.721	8328.000
1291.864	8224.000
1292.006	8453.000
1292.148	8192.000
1292.291	8352.000
1292.433	8242.000
1292.575	8324.000
1292.718	8233.000
1292.860	8366.000
1293.002	8196.000
1293.145	8358.000
1293.287	8248.000
1293.429	8362.000
1293.571	8211.000
1293.713	8372.000
1293.856	8268.000
1293.998	8370.000
1294.140	8219.000
1294.282	8299.000
1294.424	8201.000
1294.567	8411.000
1294.709	8169.000
1294.851	8282.000
1294.993	8209.000
1295.135	8279.000
1295.277	8167.000
1295.419	8355.000
1295.561	8244.000
1295.703	8364.000
1295.845	8206.000
1295.987	8382.000
1296.129	8296.000
1296.272	8312.000
1296.414	8199.000
1296.556	8359.000
1296.698	8273.000
1296.840	8357.000
1296.981	8180.000
1297.123	8386.000
1297.265	8253.000
1297.407	8308.000
1297.549	8181.000
1297.691	8335.000
1297.833	8207.000
1297.975	8316.000
1298.117	8188.000
1298.259	8371.000
1298.401	8217.000
1298.542	8298.000
1298.684	8320.000
1298.826	8333.000
1298.968	8197.000
1299.110	8298.000
1299.252	8179.000
1299.393	8391.000
1299.535	8315.000
1299.677	8326.000
1299.819	8238.000
1299.960	8276.000
1300.102	8234.000
1300.244	8337.000
1300.386	8293.000
1300.527	8397.000
1300.669	8218.000
1300.811	8351.000
1300.952	8236.000
1301.094	8384.000
1301.236	8240.000
1301.377	8357.000
1301.519	8282.000
1301.661	8377.000
1301.802	8266.000
1301.944	8250.000
1302.085	8184.000
1302.227	8385.000
1302.368	8132.000
1302.510	8294.000
1302.652	8212.000
1302.793	8301.000
1302.935	8195.000
1303.076	8298.000
1303.218	8235.000
1303.359	8416.000
1303.501	8071.000
1303.642	8356.000
1303.783	8214.000
1303.925	8315.000
1304.066	8202.000
1304.208	8356.000
1304.349	8191.000
1304.491	8323.000
1304.632	8167.000
1304.773	8295.000
1304.915	8231.000
1305.056	8308.000
1305.197	8134.000
1305.339	8293.000
1305.480	8339.000
1305.621	8336.000
1305.763	8201.000
1305.904	8349.000
1306.045	8189.000
1306.187	8329.000
1306.328	8176.000
1306.469	8338.000
1306.610	8112.000
1306.752	8446.000
1306.893	8222.000
1307.034	8407.000
1307.175	8177.000
1307.316	8382.000
1307.458	8280.000
1307.599	8365.000
1307.740	8180.000
1307.881	8321.000
1308.022	8165.000
1308.163	8348.000
1308.304	8235.000
1308.446	8334.000
1308.587	8141.000
1308.728	8310.000
1308.869	8203.000
1309.010	8337.000
1309.151	8196.000
1309.292	8300.000
1309.433	8132.000
1309.574	8355.000
1309.715	8109.000
1309.856	8329.000
1309.997	8183.000
1310.138	8409.000
1310.279	8187.000
1310.420	8311.000
1310.561	8123.000
1310.702	8261.000
1310.843	8229.000
1310.984	8375.000
1311.124	8139.000
1311.265	8300.000
1311.406	8092.000
1311.547	8296.000
1311.688	8181.000
1311.829	8336.000
1311.970	8141.000
1312.110	8273.000
1312.251	8245.000
1312.392	8228.000
1312.533	8194.000
1312.674	8332.000
1312.814	8126.000
1312.955	8321.000
1313.096	8080.000
1313.237	8344.000
1313.377	8120.000
1313.518	8230.000
1313.659	8116.000
1313.800	8251.000
1313.940	8150.000
1314.081	8195.000
1314.222	8034.000
1314.362	8248.000
1314.503	8206.000
1314.644	8305.000
1314.784	8149.000
1314.925	8308.000
1315.065	8100.000
1315.206	8241.000
1315.347	8063.000
1315.487	8199.000
1315.628	8057.000
1315.768	8186.000
1315.909	8174.000
1316.049	8282.000
1316.190	8122.000
1316.330	8228.000
1316.471	8065.000
1316.611	8238.000
1316.752	7983.000
1316.892	8218.000
1317.033	8047.000
1317.173	8118.000
1317.313	7980.000
1317.454	8192.000
1317.594	8098.000
1317.735	8126.000
1317.875	8045.000
1318.015	8197.000
1318.156	8034.000
1318.296	8181.000
1318.437	8040.000
1318.577	8205.000
1318.717	8018.000
1318.857	8145.000
1318.998	8031.000
1319.138	8211.000
1319.278	8025.000
1319.419	8111.000
1319.559	8017.000
1319.699	8133.000
1319.839	7964.000
1319.980	8063.000
1320.120	7933.000
1320.260	8189.000
1320.400	8022.000
1320.540	8129.000
1320.681	7999.000
1320.821	8151.000
1320.961	8011.000
1321.101	8051.000
1321.241	7939.000
1321.381	8123.000
1321.521	7899.000
1321.661	8093.000
1321.802	7984.000
1321.942	8087.000
1322.082	8016.000
1322.222	8027.000
1322.362	7921.000
1322.502	8131.000
1322.642	7989.000
1322.782	8101.000
1322.922	7984.000
1323.062	8116.000
1323.202	7940.000
1323.342	8074.000
1323.482	8041.000
1323.622	8184.000
1323.762	7984.000
1323.902	8056.000
1324.041	7994.000
1324.181	8061.000
1324.321	7930.000
1324.461	8104.000
1324.601	7950.000
1324.741	8100.000
1324.881	7951.000
1325.021	8048.000
1325.160	7950.000
1325.300	8173.000
1325.440	7977.000
1325.580	8156.000
1325.720	7931.000
1325.859	8133.000
1325.999	7983.000
1326.139	8111.000
1326.279	7956.000
1326.418	8161.000
1326.558	7945.000
1326.698	8072.000
1326.838	7954.000
1326.977	8101.000
1327.117	7926.000
1327.257	8144.000
1327.396	7988.000
1327.536	8073.000
1327.675	8028.000
1327.815	8082.000
1327.955	7996.000
1328.094	8158.000
1328.234	8024.000
1328.374	8064.000
1328.513	7975.000
1328.653	8123.000
1328.792	8014.000
1328.932	8063.000
1329.071	7997.000
1329.211	8107.000
1329.350	8038.000
1329.490	8144.000
1329.629	7986.000
1329.769	8088.000
1329.908	8026.000
1330.048	8104.000
1330.187	7981.000
1330.327	8209.000
1330.466	8061.000
1330.605	8170.000
1330.745	8054.000
1330.884	8165.000
1331.024	8033.000
1331.163	8105.000
1331.302	8042.000
1331.442	8168.000
1331.581	7984.000
1331.720	8113.000
1331.860	8115.000
1331.999	8157.000
1332.138	8011.000
1332.277	8075.000
1332.417	8010.000
1332.556	8224.000
1332.695	7992.000
1332.834	8135.000
1332.974	8016.000
1333.113	8260.000
1333.252	8593.000
1333.391	8130.000
1333.531	8010.000
1333.670	8146.000
1333.809	7991.000
1333.948	8198.000
1334.087	7979.000
1334.226	8200.000
1334.365	7996.000
1334.505	8017.000
1334.644	8055.000
1334.783	8140.000
1334.922	8043.000
1335.061	8105.000
1335.200	8029.000
1335.339	8208.000
1335.478	7990.000
1335.617	8068.000
1335.756	7964.000
1335.895	8043.000
1336.034	7975.000
1336.173	8089.000
1336.312	7996.000
1336.451	8043.000
1336.590	8060.000
1336.729	8064.000
1336.868	7964.000
1337.007	8206.000
1337.146	8002.000
1337.285	8059.000
1337.423	7963.000
1337.562	8003.000
1337.701	7980.000
1337.840	8064.000
1337.979	7987.000
1338.118	7992.000
1338.256	7960.000
1338.395	8024.000
1338.534	7982.000
1338.673	8067.000
1338.812	7906.000
1338.950	8061.000
1339.089	7967.000
1339.228	8153.000
1339.367	7953.000
1339.505	8026.000
1339.644	8024.000
1339.783	8029.000
1339.922	7992.000
1340.060	8042.000
1340.199	7965.000
1340.338	8063.000
1340.476	8013.000
1340.615	8093.000
1340.753	8036.000
1340.892	8076.000
1341.031	7964.000
1341.169	8002.000
1341.308	7987.000
1341.446	8062.000
1341.585	7958.000
1341.724	8095.000
1341.862	8039.000
1342.001	8087.000
1342.139	7953.000
1342.278	8049.000
1342.416	7975.000
1342.555	8082.000
1342.693	7899.000
1342.832	8120.000
1342.970	7965.000
1343.109	8148.000
1343.247	8031.000
1343.385	8164.000
1343.524	7985.000
1343.662	8164.000
1343.801	7981.000
1343.939	8120.000
1344.077	7944.000
1344.216	8158.000
1344.354	7954.000
1344.492	8152.000
1344.631	8003.000
1344.769	8173.000
1344.907	7950.000
1345.046	8107.000
1345.184	8022.000
1345.322	8184.000
1345.460	8060.000
1345.599	8170.000
1345.737	8097.000
1345.875	8238.000
1346.013	8113.000
1346.152	8136.000
1346.290	8107.000
1346.428	8254.000
1346.566	8070.000
1346.704	8183.000
1346.843	8056.000
1346.981	8252.000
1347.119	8025.000
1347.257	8213.000
1347.395	8071.000
1347.533	8294.000
1347.671	8215.000
1347.809	8226.000
1347.947	8017.000
1348.085	8191.000
1348.224	8088.000
1348.362	8188.000
1348.500	8100.000
1348.638	8234.000
1348.776	8132.000
1348.914	8182.000
1349.052	8102.000
1349.190	8236.000
1349.328	8132.000
1349.466	8208.000
1349.603	8065.000
1349.741	8273.000
1349.879	8079.000
1350.017	8210.000
1350.155	8082.000
1350.293	8230.000
1350.431	7973.000
1350.569	8227.000
1350.707	8159.000
1350.844	8140.000
1350.982	8110.000
1351.120	8285.000
1351.258	8090.000
1351.396	8229.000
1351.534	8100.000
1351.671	8183.000
1351.809	8035.000
1351.947	8152.000
1352.085	8048.000
1352.222	8116.000
1352.360	8081.000
1352.498	8168.000
1352.636	8073.000
1352.773	8157.000
1352.911	8034.000
1353.049	8271.000
1353.186	8160.000
1353.324	8191.000
1353.462	8181.000
1353.599	8225.000
1353.737	8107.000
1353.874	8196.000
1354.012	6958.000
1354.150	8180.000
1354.287	8093.000
1354.425	8112.000
1354.562	7979.000
1354.700	8198.000
1354.837	8022.000
1354.975	8182.000
1355.112	8110.000
1355.250	8159.000
1355.387	8091.000
1355.525	8146.000
1355.662	8038.000
1355.800	8226.000
1355.937	8095.000
1356.075	8152.000
1356.212	7995.000
1356.350	8135.000
1356.487	7977.000
1356.624	8081.000
1356.762	8056.000
1356.899	8073.000
1357.037	8015.000
1357.174	8087.000
1357.311	7943.000
1357.449	8193.000
1357.586	7915.000
1357.723	8222.000
1357.860	8006.000
1357.998	8090.000
1358.135	8027.000
1358.272	8030.000
1358.410	7936.000
1358.547	8010.000
1358.684	7883.000
1358.821	7963.000
1358.959	7934.000
1359.096	8094.000
1359.233	7957.000
1359.370	8148.000
1359.507	7894.000
1359.644	8007.000
1359.782	7915.000
1359.919	7987.000
1360.056	7829.000
1360.193	7998.000
1360.330	7870.000
1360.467	7999.000
1360.604	7838.000
1360.741	8012.000
1360.878	7973.000
1361.015	8026.000
1361.152	7892.000
1361.290	8115.000
1361.427	7853.000
1361.564	7995.000
1361.701	7935.000
1361.838	8072.000
1361.975	7871.000
1362.112	8133.000
1362.248	12539.000
1362.385	8134.000
1362.522	7949.000
1362.659	8061.000
1362.796	7915.000
1362.933	8057.000
1363.070	7846.000
1363.207	8016.000
1363.344	8051.000
1363.481	8137.000
1363.617	8018.000
1363.754	8077.000
1363.891	7946.000
1364.028	8066.000
1364.165	8064.000
1364.302	8154.000
1364.438	8001.000
1364.575	8130.000
1364.712	7944.000
1364.849	8131.000
1364.985	8034.000
1365.122	8157.000
1365.259	8051.000
1365.396	8145.000
1365.532	8042.000
1365.669	8104.000
1365.806	8000.000
1365.942	8077.000
1366.079	7975.000
1366.216	8203.000
1366.352	7965.000
1366.489	8138.000
1366.625	7960.000
1366.762	8196.000
1366.899	7998.000
1367.035	8188.000
1367.172	7999.000
1367.308	8160.000
1367.445	7908.000
1367.581	8151.000
1367.718	7931.000
1367.855	8151.000
1367.991	7943.000
1368.128	8149.000
1368.264	8006.000
1368.401	8129.000
1368.537	7999.000
1368.673	8187.000
1368.810	7896.000
1368.946	8177.000
1369.083	8076.000
1369.219	8044.000
1369.356	7975.000
1369.492	8201.000
1369.628	7987.000
1369.765	8084.000
1369.901	7994.000
1370.037	8155.000
1370.174	8044.000
1370.310	8119.000
1370.446	8067.000
1370.583	8159.000
1370.719	8071.000
1370.855	8220.000
1370.992	7987.000
1371.128	8201.000
1371.264	7950.000
1371.400	8165.000
1371.537	8111.000
1371.673	8269.000
1371.809	8058.000
1371.945	8167.000
1372.081	8082.000
1372.218	8260.000
1372.354	8096.000
1372.490	8245.000
1372.626	8090.000
1372.762	8250.000
1372.898	8089.000
1373.034	8164.000
1373.170	8090.000
1373.307	8243.000
1373.443	8083.000
1373.579	8082.000
1373.715	8111.000
1373.851	8334.000
1373.987	8169.000
1374.123	8191.000
1374.259	8127.000
1374.395	8148.000
1374.531	8197.000
1374.667	8258.000
