1029.870	8683.000
1030.015	8691.000
1030.160	8679.000
1030.305	8797.000
1030.449	8664.000
1030.594	8785.000
1030.739	8611.000
1030.884	8712.000
1031.029	8620.000
1031.173	8678.000
1031.318	8627.000
1031.463	8737.000
1031.608	8656.000
1031.752	8653.000
1031.897	8658.000
1032.042	8795.000
1032.187	8580.000
1032.331	8747.000
1032.476	8627.000
1032.621	8740.000
1032.765	8599.000
1032.910	8648.000
1033.055	8766.000
1033.200	8705.000
1033.344	8639.000
1033.489	8664.000
1033.634	8665.000
1033.778	8644.000
1033.923	8591.000
1034.068	8671.000
1034.212	8668.000
1034.357	8699.000
1034.502	8634.000
1034.646	8660.000
1034.791	8590.000
1034.935	8647.000
1035.080	8705.000
1035.225	8595.000
1035.369	8686.000
1035.514	8689.000
1035.658	8603.000
1035.803	8689.000
1035.947	8578.000
1036.092	8687.000
1036.237	8542.000
1036.381	8646.000
1036.526	8670.000
1036.670	8593.000
1036.815	8577.000
1036.959	8652.000
1037.104	8548.000
1037.248	8597.000
1037.393	8614.000
1037.537	8676.000
1037.682	8587.000
1037.826	8606.000
1037.971	8545.000
1038.115	8632.000
1038.260	8527.000
1038.404	8563.000
1038.549	8576.000
1038.693	8561.000
1038.838	8511.000
1038.982	8535.000
1039.126	8457.000
1039.271	8606.000
1039.415	8527.000
1039.560	8502.000
1039.704	8505.000
1039.848	8564.000
1039.993	8521.000
1040.137	8493.000
1040.282	8505.000
1040.426	8563.000
1040.570	8422.000
1040.715	8532.000
1040.859	8450.000
1041.003	8460.000
1041.148	8426.000
1041.292	8546.000
1041.436	8404.000
1041.581	8492.000
1041.725	8471.000
1041.869	8467.000
1042.014	8359.000
1042.158	8455.000
1042.302	8392.000
1042.447	8426.000
1042.591	8399.000
1042.735	8421.000
1042.879	8367.000
1043.024	8420.000
1043.168	8405.000
1043.312	8427.000
1043.456	8428.000
1043.601	8407.000
1043.745	8322.000
1043.889	8417.000
1044.033	8391.000
1044.178	8428.000
1044.322	8339.000
1044.466	8361.000
1044.610	8332.000
1044.754	8323.000
1044.899	8348.000
1045.043	8463.000
1045.187	8307.000
1045.331	8397.000
1045.475	8313.000
1045.619	8381.000
1045.763	8332.000
1045.908	8393.000
1046.052	8223.000
1046.196	8445.000
1046.340	8291.000
1046.484	8295.000
1046.628	8348.000
1046.772	8377.000
1046.916	8332.000
1047.060	8370.000
1047.205	8304.000
1047.349	8383.000
1047.493	8302.000
1047.637	8428.000
1047.781	8279.000
1047.925	8423.000
1048.069	8219.000
1048.213	8286.000
1048.357	8417.000
1048.501	8400.000
1048.645	8329.000
1048.789	8371.000
1048.933	8352.000
1049.077	8338.000
1049.221	8320.000
1049.365	8340.000
1049.509	8356.000
1049.653	8400.000
1049.797	8320.000
1049.941	8394.000
1050.085	8334.000
1050.229	8413.000
1050.373	8331.000
1050.517	8297.000
1050.660	8317.000
1050.804	8413.000
1050.948	8349.000
1051.092	8375.000
1051.236	8322.000
1051.380	8405.000
1051.524	8337.000
1051.668	8316.000
1051.812	8240.000
1051.956	8379.000
1052.099	8228.000
1052.243	8395.000
1052.387	8353.000
1052.531	8389.000
1052.675	8286.000
1052.819	8343.000
1052.962	8302.000
1053.106	8319.000
1053.250	8274.000
1053.394	8390.000
1053.538	8206.000
1053.681	8353.000
1053.825	8315.000
1053.969	8330.000
1054.113	8290.000
1054.257	8368.000
1054.400	8211.000
1054.544	8367.000
1054.688	8227.000
1054.832	8303.000
1054.975	8326.000
1055.119	8344.000
1055.263	8211.000
1055.407	8334.000
1055.550	8104.000
1055.694	8259.000
1055.838	8224.000
1055.981	8366.000
1056.125	8228.000
1056.269	8305.000
1056.412	8143.000
1056.556	8223.000
1056.700	8216.000
1056.843	8257.000
1056.987	8225.000
1057.131	8341.000
1057.274	8175.000
1057.418	8239.000
1057.562	8117.000
1057.705	8253.000
1057.849	8157.000
1057.992	8338.000
1058.136	8146.000
1058.280	8231.000
1058.423	8095.000
1058.567	8321.000
1058.710	8259.000
1058.854	8195.000
1058.997	8202.000
1059.141	8206.000
1059.285	8135.000
1059.428	8226.000
1059.572	8172.000
1059.715	8292.000
1059.859	8109.000
1060.002	8258.000
1060.146	8134.000
1060.289	8255.000
1060.433	8106.000
1060.576	8314.000
1060.720	8151.000
1060.863	8225.000
1061.007	8067.000
1061.150	8233.000
1061.294	8107.000
1061.437	8215.000
1061.580	8166.000
1061.724	8280.000
1061.867	8134.000
1062.011	8241.000
1062.154	8015.000
1062.298	8283.000
1062.441	8075.000
1062.584	8247.000
1062.728	8103.000
1062.871	8336.000
1063.015	8231.000
1063.158	8432.000
1063.301	8467.000
1063.445	8773.000
1063.588	8637.000
1063.731	8772.000
1063.875	8689.000
1064.018	8899.000
1064.161	8768.000
1064.305	8947.000
1064.448	8914.000
1064.591	9040.000
1064.735	8846.000
1064.878	8598.000
1065.021	8237.000
1065.165	8346.000
1065.308	8155.000
1065.451	8261.000
1065.594	8240.000
1065.738	8323.000
1065.881	8202.000
1066.024	8200.000
1066.167	8116.000
1066.311	8228.000
1066.454	8105.000
1066.597	8248.000
1066.740	8290.000
1066.884	8260.000
1067.027	8136.000
1067.170	8293.000
1067.313	8267.000
1067.456	8221.000
1067.599	8151.000
1067.743	8297.000
1067.886	8150.000
1068.029	8291.000
1068.172	8143.000
1068.315	8338.000
1068.458	8139.000
1068.602	8249.000
1068.745	8164.000
1068.888	8261.000
1069.031	8197.000
1069.174	8269.000
1069.317	8197.000
1069.460	8248.000
1069.603	8184.000
1069.746	8381.000
1069.890	8185.000
1070.033	8239.000
1070.176	8187.000
1070.319	8308.000
1070.462	8104.000
1070.605	8299.000
1070.748	8266.000
1070.891	8308.000
1071.034	8194.000
1071.177	8264.000
1071.320	8182.000
1071.463	8262.000
1071.606	8173.000
1071.749	8238.000
1071.892	8167.000
1072.035	8304.000
1072.178	8203.000
1072.321	8258.000
1072.464	8019.000
1072.607	8324.000
1072.750	8125.000
1072.893	8207.000
1073.036	8124.000
1073.179	8296.000
1073.322	8146.000
1073.465	8236.000
1073.607	8240.000
1073.750	8174.000
1073.893	8114.000
1074.036	8260.000
1074.179	8132.000
1074.322	8247.000
1074.465	8060.000
1074.608	8330.000
1074.751	8207.000
1074.893	8272.000
1075.036	8120.000
1075.179	8237.000
1075.322	8186.000
1075.465	8252.000
1075.608	8047.000
1075.750	8291.000
1075.893	8127.000
1076.036	8137.000
1076.179	8137.000
1076.322	8216.000
1076.464	8063.000
1076.607	8340.000
1076.750	8099.000
1076.893	8103.000
1077.036	8090.000
1077.178	8317.000
1077.321	8183.000
1077.464	8220.000
1077.607	8082.000
1077.749	8318.000
1077.892	8126.000
1078.035	8301.000
1078.177	8199.000
1078.320	8335.000
1078.463	8206.000
1078.606	8279.000
1078.748	8205.000
1078.891	8272.000
1079.034	8130.000
1079.176	8269.000
1079.319	8074.000
1079.462	8199.000
1079.604	8140.000
1079.747	8203.000
1079.890	8019.000
1080.032	8283.000
1080.175	8026.000
1080.317	8167.000
1080.460	8076.000
1080.603	8238.000
1080.745	8121.000
1080.888	8201.000
1081.030	8099.000
1081.173	8123.000
1081.316	8051.000
1081.458	8175.000
1081.601	8188.000
1081.743	8141.000
1081.886	8056.000
1082.028	8117.000
1082.171	8115.000
1082.313	8186.000
1082.456	8051.000
1082.598	8125.000
1082.741	8065.000
1082.883	8169.000
1083.026	8101.000
1083.168	8172.000
1083.311	8017.000
1083.453	8229.000
1083.596	8038.000
1083.738	8208.000
1083.881	8096.000
1084.023	8262.000
1084.166	8092.000
1084.308	8332.000
1084.451	8012.000
1084.593	8348.000
1084.736	8117.000
1084.878	8241.000
1085.020	8155.000
1085.163	8281.000
1085.305	8148.000
1085.448	8193.000
1085.590	8156.000
1085.732	8281.000
1085.875	8079.000
1086.017	8214.000
1086.159	8152.000
1086.302	8232.000
1086.444	8167.000
1086.586	8268.000
1086.729	8167.000
1086.871	8223.000
1087.013	8057.000
1087.156	8248.000
1087.298	7756.000
1087.440	8286.000
1087.583	8167.000
1087.725	8213.000
1087.867	8155.000
1088.010	8191.000
1088.152	8037.000
1088.294	8184.000
1088.436	8141.000
1088.579	8329.000
1088.721	8113.000
1088.863	8224.000
1089.005	8093.000
1089.148	8248.000
1089.290	8169.000
1089.432	8193.000
1089.574	8062.000
1089.716	8294.000
1089.859	8179.000
1090.001	8259.000
1090.143	8094.000
1090.285	8315.000
1090.427	8138.000
1090.569	8285.000
1090.712	8193.000
1090.854	8195.000
1090.996	8038.000
1091.138	8231.000
1091.280	8146.000
1091.422	8414.000
1091.564	8115.000
1091.707	8265.000
1091.849	8176.000
1091.991	8259.000
1092.133	8135.000
1092.275	8280.000
1092.417	8110.000
1092.559	8300.000
1092.701	8175.000
1092.843	8251.000
1092.985	8168.000
1093.127	8344.000
1093.269	8185.000
1093.411	8327.000
1093.554	8139.000
1093.696	8210.000
1093.838	8111.000
1093.980	8325.000
1094.122	8109.000
1094.264	8248.000
1094.406	8123.000
1094.548	8246.000
1094.690	8146.000
1094.832	8295.000
1094.973	8224.000
1095.115	8351.000
1095.257	8208.000
1095.399	8430.000
1095.541	8323.000
1095.683	8385.000
1095.825	8246.000
1095.967	8411.000
1096.109	8333.000
1096.251	8398.000
1096.393	8228.000
1096.535	8421.000
1096.677	8275.000
1096.819	8358.000
1096.960	8259.000
1097.102	8394.000
1097.244	8257.000
1097.386	8392.000
1097.528	8239.000
1097.670	8423.000
1097.812	8259.000
1097.953	8362.000
1098.095	8371.000
1098.237	8360.000
1098.379	8239.000
1098.521	8325.000
1098.662	8183.000
1098.804	8474.000
1098.946	8379.000
1099.088	8402.000
1099.230	8327.000
1099.371	8375.000
1099.513	8350.000
1099.655	8459.000
1099.797	8442.000
1099.938	8563.000
1100.080	8373.000
1100.222	8530.000
1100.364	8410.000
1100.505	8539.000
1100.647	8402.000
1100.789	8533.000
1100.931	8450.000
1101.072	8569.000
1101.214	8440.000
1101.356	8433.000
1101.497	8355.000
1101.639	8571.000
1101.781	8343.000
1101.922	8475.000
1102.064	8403.000
1102.206	8490.000
1102.347	8381.000
1102.489	8514.000
1102.631	8465.000
1102.772	8657.000
1102.914	8384.000
1103.055	8691.000
1103.197	8519.000
1103.339	8627.000
1103.480	8550.000
1103.622	8659.000
1103.763	8488.000
1103.905	8659.000
1104.046	8511.000
1104.188	8652.000
1104.330	8570.000
1104.471	8704.000
1104.613	8533.000
1104.754	8668.000
1104.896	8691.000
1105.037	8685.000
1105.179	8582.000
1105.320	8743.000
1105.462	8635.000
1105.603	8835.000
1105.745	8748.000
1105.886	8896.000
1106.028	8640.000
1106.169	8919.000
1106.311	8679.000
1106.452	8836.000
1106.594	8630.000
1106.735	8843.000
1106.876	8722.000
1107.018	8849.000
1107.159	8669.000
1107.301	8822.000
1107.442	8685.000
1107.584	8844.000
1107.725	8765.000
1107.866	8903.000
1108.008	8705.000
1108.149	8906.000
1108.291	8855.000
1108.432	8984.000
1108.573	8906.000
1108.715	9050.000
1108.856	8882.000
1108.997	9095.000
1109.139	8829.000
1109.280	9014.000
1109.421	8880.000
1109.563	9079.000
1109.704	8896.000
1109.845	9046.000
1109.987	8910.000
1110.128	9010.000
1110.269	9003.000
1110.410	9151.000
1110.552	8917.000
1110.693	9103.000
1110.834	8856.000
1110.975	9090.000
1111.117	9028.000
1111.258	9152.000
1111.399	9034.000
1111.540	9135.000
1111.682	9120.000
1111.823	9089.000
1111.964	9019.000
1112.105	9214.000
1112.247	9055.000
1112.388	9285.000
1112.529	9151.000
1112.670	9371.000
1112.811	9185.000
1112.952	9326.000
1113.094	9200.000
1113.235	9308.000
1113.376	9187.000
1113.517	9194.000
1113.658	9002.000
1113.799	9220.000
1113.940	9175.000
1114.082	9255.000
1114.223	9150.000
1114.364	9347.000
1114.505	9208.000
1114.646	9409.000
1114.787	9254.000
1114.928	9391.000
1115.069	9230.000
1115.210	9371.000
1115.351	9348.000
1115.492	9472.000
1115.633	9339.000
1115.774	9487.000
1115.916	9295.000
1116.057	9465.000
1116.198	9261.000
1116.339	9460.000
1116.480	9343.000
1116.621	9404.000
1116.762	9260.000
1116.903	9407.000
1117.044	9339.000
1117.185	9327.000
1117.326	9267.000
1117.466	9441.000
1117.607	9448.000
1117.748	9564.000
1117.889	9443.000
1118.030	9603.000
1118.171	9495.000
1118.312	9600.000
1118.453	9458.000
1118.594	9662.000
1118.735	9473.000
1118.876	9510.000
1119.017	9425.000
1119.158	9502.000
1119.298	9384.000
1119.439	9504.000
1119.580	9474.000
1119.721	9672.000
1119.862	9572.000
1120.003	9642.000
1120.144	9576.000
1120.284	9725.000
1120.425	9586.000
1120.566	9664.000
1120.707	9571.000
1120.848	9726.000
1120.989	9591.000
1121.129	9749.000
1121.270	9598.000
1121.411	9655.000
1121.552	9571.000
1121.693	9638.000
1121.833	9562.000
1121.974	9771.000
1122.115	9674.000
1122.256	9831.000
1122.396	9708.000
1122.537	9850.000
1122.678	9642.000
1122.819	9806.000
1122.959	9802.000
1123.100	9959.000
1123.241	9806.000
1123.381	9864.000
1123.522	9837.000
1123.663	9856.000
1123.803	9760.000
1123.944	9937.000
1124.085	9862.000
1124.225	9990.000
1124.366	9947.000
1124.507	10040.000
1124.647	9976.000
1124.788	10167.000
1124.929	9989.000
1125.069	10156.000
1125.210	9954.000
1125.351	10184.000
1125.491	10066.000
1125.632	10173.000
1125.772	10048.000
1125.913	10247.000
1126.054	10101.000
1126.194	10244.000
1126.335	10155.000
1126.475	10276.000
1126.616	10156.000
1126.756	10367.000
1126.897	10300.000
1127.037	10381.000
1127.178	10377.000
1127.318	10420.000
1127.459	10399.000
1127.600	10521.000
1127.740	10422.000
1127.881	10491.000
1128.021	10372.000
1128.162	10550.000
1128.302	10488.000
1128.442	10552.000
1128.583	10521.000
1128.723	10584.000
1128.864	10563.000
1129.004	10680.000
1129.145	10489.000
1129.285	10646.000
1129.426	10632.000
1129.566	10685.000
1129.706	10573.000
1129.847	10693.000
1129.987	10527.000
1130.128	10540.000
1130.268	10435.000
1130.408	10478.000
1130.549	10358.000
1130.689	10383.000
1130.830	10270.000
1130.970	10341.000
1131.110	10168.000
1131.251	10243.000
1131.391	10256.000
1131.531	10245.000
1131.672	10076.000
1131.812	10064.000
1131.952	9983.000
1132.093	10159.000
1132.233	9866.000
1132.373	9951.000
1132.513	9859.000
1132.654	9992.000
1132.794	10343.000
1132.934	9893.000
1133.075	9783.000
1133.215	9906.000
1133.355	9719.000
1133.495	9893.000
1133.636	9695.000
1133.776	9893.000
1133.916	9727.000
1134.056	9794.000
1134.196	9826.000
1134.337	9939.000
1134.477	9906.000
1134.617	10019.000
1134.757	10111.000
1134.897	10425.000
1135.038	10365.000
1135.178	10544.000
1135.318	10597.000
1135.458	10740.000
1135.598	10589.000
1135.738	10591.000
1135.879	10426.000
1136.019	10322.000
1136.159	10154.000
1136.299	10014.000
1136.439	9804.000
1136.579	9987.000
1136.719	9796.000
1136.859	9798.000
1136.999	9690.000
1137.140	9700.000
1137.280	9656.000
1137.420	9680.000
1137.560	9629.000
1137.700	9556.000
1137.840	9562.000
1137.980	9571.000
1138.120	9530.000
1138.260	9610.000
1138.400	9467.000
1138.540	9554.000
1138.680	9437.000
1138.820	9603.000
1138.960	9436.000
1139.100	9463.000
1139.240	9471.000
1139.380	9496.000
1139.520	9438.000
1139.660	9488.000
1139.800	9432.000
1139.940	9469.000
1140.080	9433.000
1140.220	9496.000
1140.360	9560.000
1140.500	9498.000
1140.640	9410.000
1140.780	9436.000
1140.919	9396.000
1141.059	9455.000
1141.199	9363.000
1141.339	9541.000
1141.479	9461.000
1141.619	9591.000
1141.759	9457.000
1141.899	9511.000
1142.039	9476.000
1142.178	9552.000
1142.318	9397.000
1142.458	9643.000
1142.598	9504.000
1142.738	9669.000
1142.878	9530.000
1143.017	9702.000
1143.157	9509.000
1143.297	9656.000
1143.437	9531.000
1143.577	9621.000
1143.716	9552.000
1143.856	9723.000
1143.996	9564.000
1144.136	9736.000
1144.275	9574.000
1144.415	9726.000
1144.555	9479.000
1144.695	9634.000
1144.834	9544.000
1144.974	9732.000
1145.114	9642.000
1145.254	9694.000
1145.393	9658.000
1145.533	9769.000
1145.673	9649.000
1145.812	9692.000
1145.952	9648.000
1146.092	9765.000
1146.231	9579.000
1146.371	9728.000
1146.511	9656.000
1146.650	9756.000
1146.790	9591.000
1146.930	9774.000
1147.069	9588.000
1147.209	9836.000
1147.349	9709.000
1147.488	9785.000
1147.628	9577.000
1147.767	9724.000
1147.907	9620.000
1148.047	9704.000
1148.186	9672.000
1148.326	9819.000
1148.465	9712.000
1148.605	9753.000
1148.744	9679.000
1148.884	9790.000
1149.024	9723.000
1149.163	9769.000
1149.303	9680.000
1149.442	9845.000
1149.582	9627.000
1149.721	9746.000
1149.861	9597.000
1150.000	9731.000
1150.140	9533.000
1150.279	9779.000
1150.419	9699.000
1150.558	9629.000
1150.698	9641.000
1150.837	9778.000
1150.977	9564.000
1151.116	9736.000
1151.255	9591.000
1151.395	9629.000
1151.534	9524.000
1151.674	9611.000
1151.813	9533.000
1151.953	9590.000
1152.092	9540.000
1152.231	9578.000
1152.371	9515.000
1152.510	9568.000
1152.650	9431.000
1152.789	9612.000
1152.928	9526.000
1153.068	9519.000
1153.207	9493.000
1153.346	9526.000
1153.486	9428.000
1153.625	9515.000
1153.764	8147.000
1153.904	9442.000
1154.043	9317.000
1154.182	9380.000
1154.322	9241.000
1154.461	9411.000
1154.600	9267.000
1154.740	9403.000
1154.879	9286.000
1155.018	9371.000
1155.157	9265.000
1155.297	9303.000
1155.436	9187.000
1155.575	9338.000
1155.714	9197.000
1155.854	9298.000
1155.993	9080.000
1156.132	9233.000
1156.271	9067.000
1156.411	9148.000
1156.550	9142.000
1156.689	9137.000
1156.828	9098.000
1156.967	9149.000
1157.107	8977.000
1157.246	9196.000
1157.385	8979.000
1157.524	9212.000
1157.663	9041.000
1157.802	9070.000
1157.941	9062.000
1158.081	8984.000
1158.220	8908.000
1158.359	8986.000
1158.498	8887.000
1158.637	8968.000
1158.776	8901.000
1158.915	9082.000
1159.054	8952.000
1159.193	9084.000
1159.333	8863.000
1159.472	9002.000
1159.611	8877.000
1159.750	8971.000
1159.889	8814.000
1160.028	9015.000
1160.167	8837.000
1160.306	8955.000
1160.445	8848.000
1160.584	9002.000
1160.723	8968.000
1160.862	9015.000
1161.001	8884.000
1161.140	9123.000
1161.279	8869.000
1161.418	9020.000
1161.557	8975.000
1161.696	9120.000
1161.835	8964.000
1161.974	9176.000
1162.113	13429.000
1162.252	9210.000
1162.391	9034.000
1162.530	9177.000
1162.669	9113.000
1162.808	9207.000
1162.946	9087.000
1163.085	9191.000
1163.224	9208.000
1163.363	9360.000
1163.502	9218.000
1163.641	9272.000
1163.780	9170.000
1163.919	9310.000
1164.058	9253.000
1164.196	9402.000
1164.335	9293.000
1164.474	9369.000
1164.613	9268.000
1164.752	9447.000
1164.891	9382.000
1165.029	9495.000
1165.168	9387.000
1165.307	9456.000
1165.446	9396.000
1165.585	9480.000
1165.723	9411.000
1165.862	9498.000
1166.001	9466.000
1166.140	9639.000
1166.279	9489.000
1166.417	9630.000
1166.556	9467.000
1166.695	9713.000
1166.834	9538.000
1166.972	9682.000
1167.111	9534.000
1167.250	9714.000
1167.388	9493.000
1167.527	9755.000
1167.666	9574.000
1167.805	9815.000
1167.943	9605.000
1168.082	9870.000
1168.221	9733.000
1168.359	9863.000
1168.498	9753.000
1168.637	9894.000
1168.775	9717.000
1168.914	10006.000
1169.052	9918.000
1169.191	9927.000
1169.330	9903.000
1169.468	10107.000
1169.607	9994.000
1169.746	10048.000
1169.884	9954.000
1170.023	10079.000
1170.161	10036.000
1170.300	10077.000
1170.439	10047.000
1170.577	10199.000
1170.716	10167.000
1170.854	10313.000
1170.993	10176.000
1171.131	10337.000
1171.270	10153.000
1171.408	10332.000
1171.547	10315.000
1171.685	10458.000
1171.824	10284.000
1171.962	10371.000
1172.101	10390.000
1172.239	10545.000
1172.378	10444.000
1172.516	10578.000
1172.655	10444.000
1172.793	10635.000
1172.932	10470.000
1173.070	10583.000
1173.209	10519.000
1173.347	10678.000
1173.486	10576.000
1173.624	10595.000
1173.762	10716.000
1173.901	10865.000
1174.039	10760.000
1174.178	10761.000
1174.316	10760.000
1174.454	10767.000
1174.593	10843.000
1174.731	10941.000
