1059.898	6405.000
1060.043	6446.000
1060.188	6407.000
1060.333	6518.000
1060.479	6374.000
1060.624	6548.000
1060.769	6371.000
1060.914	6527.000
1061.059	6361.000
1061.204	6483.000
1061.349	6336.000
1061.494	6567.000
1061.639	6391.000
1061.784	6482.000
1061.929	6365.000
1062.074	6576.000
1062.219	6346.000
1062.364	6668.000
1062.509	6539.000
1062.654	6860.000
1062.799	6682.000
1062.944	6828.000
1063.089	6886.000
1063.234	6872.000
1063.379	6789.000
1063.524	6819.000
1063.669	6654.000
1063.814	6639.000
1063.959	6453.000
1064.104	6523.000
1064.249	6424.000
1064.394	6553.000
1064.538	6435.000
1064.683	6493.000
1064.828	6347.000
1064.973	6491.000
1065.118	6466.000
1065.263	6481.000
1065.408	6441.000
1065.553	6529.000
1065.697	6389.000
1065.842	6533.000
1065.987	6366.000
1066.132	6583.000
1066.277	6368.000
1066.422	6518.000
1066.566	6466.000
1066.711	6476.000
1066.856	6407.000
1067.001	6528.000
1067.146	6391.000
1067.290	6481.000
1067.435	6422.000
1067.580	6543.000
1067.725	6392.000
1067.869	6531.000
1068.014	6361.000
1068.159	6533.000
1068.303	6358.000
1068.448	6461.000
1068.593	6427.000
1068.738	6474.000
1068.882	6394.000
1069.027	6482.000
1069.172	6362.000
1069.316	6532.000
1069.461	6410.000
1069.606	6432.000
1069.750	6389.000
1069.895	6534.000
1070.040	6386.000
1070.184	6471.000
1070.329	6398.000
1070.473	6522.000
1070.618	6304.000
1070.763	6473.000
1070.907	6350.000
1071.052	6462.000
1071.196	6411.000
1071.341	6587.000
1071.486	6346.000
1071.630	6488.000
1071.775	6432.000
1071.919	6507.000
1072.064	6333.000
1072.208	6506.000
1072.353	6343.000
1072.497	6451.000
1072.642	6399.000
1072.786	6479.000
1072.931	6363.000
1073.075	6528.000
1073.220	6393.000
1073.364	6506.000
1073.509	6442.000
1073.653	6502.000
1073.798	6359.000
1073.942	6519.000
1074.087	6430.000
1074.231	6529.000
1074.376	6385.000
1074.520	6450.000
1074.664	6356.000
1074.809	6450.000
1074.953	6402.000
1075.098	6566.000
1075.242	6387.000
1075.386	6514.000
1075.531	6393.000
1075.675	6482.000
1075.819	6430.000
1075.964	6543.000
1076.108	6320.000
1076.252	6600.000
1076.397	6416.000
1076.541	6494.000
1076.685	6489.000
1076.830	6563.000
1076.974	6493.000
1077.118	6574.000
1077.263	6466.000
1077.407	6573.000
1077.551	6524.000
1077.695	6681.000
1077.840	6495.000
1077.984	6643.000
1078.128	6476.000
1078.272	6602.000
1078.417	6692.000
1078.561	6745.000
1078.705	6647.000
1078.849	6731.000
1078.994	6669.000
1079.138	6689.000
1079.282	6635.000
1079.426	6723.000
1079.570	6669.000
1079.714	6742.000
1079.859	6616.000
1080.003	6745.000
1080.147	6656.000
1080.291	6772.000
1080.435	6658.000
1080.579	6676.000
1080.723	6685.000
1080.868	6785.000
1081.012	6709.000
1081.156	6750.000
1081.300	6653.000
1081.444	6804.000
1081.588	6719.000
1081.732	6743.000
1081.876	6636.000
1082.020	6760.000
1082.164	6663.000
1082.308	6855.000
1082.452	6773.000
1082.596	6867.000
1082.740	6764.000
1082.884	6832.000
1083.028	6808.000
1083.172	6845.000
1083.316	6786.000
1083.460	6892.000
1083.604	6721.000
1083.748	6889.000
1083.892	6855.000
1084.036	6899.000
1084.180	6846.000
1084.324	6964.000
1084.468	6797.000
1084.612	6975.000
1084.756	6891.000
1084.900	6954.000
1085.044	6956.000
1085.188	7028.000
1085.332	6891.000
1085.476	7063.000
1085.619	6873.000
1085.763	6983.000
1085.907	6952.000
1086.051	7114.000
1086.195	7017.000
1086.339	7128.000
1086.483	6948.000
1086.626	7028.000
1086.770	7014.000
1086.914	7099.000
1087.058	7057.000
1087.202	7167.000
1087.346	6995.000
1087.489	7088.000
1087.633	6954.000
1087.777	7107.000
1087.921	7019.000
1088.064	7143.000
1088.208	6972.000
1088.352	7088.000
1088.496	6934.000
1088.639	7143.000
1088.783	7114.000
1088.927	7047.000
1089.071	7029.000
1089.214	7037.000
1089.358	6952.000
1089.502	7093.000
1089.645	7019.000
1089.789	7148.000
1089.933	6951.000
1090.076	7085.000
1090.220	6978.000
1090.364	7080.000
1090.507	6921.000
1090.651	7144.000
1090.795	6982.000
1090.938	7087.000
1091.082	6884.000
1091.226	7037.000
1091.369	6864.000
1091.513	7062.000
1091.656	6972.000
1091.800	7092.000
1091.944	6925.000
1092.087	7040.000
1092.231	6774.000
1092.374	7052.000
1092.518	6791.000
1092.661	6979.000
1092.805	6794.000
1092.948	7018.000
1093.092	6865.000
1093.235	6969.000
1093.379	6803.000
1093.522	6972.000
1093.666	6802.000
1093.809	6923.000
1093.953	6782.000
1094.096	7003.000
1094.240	6776.000
1094.383	6908.000
1094.527	6799.000
1094.670	6931.000
1094.814	6814.000
1094.957	6995.000
1095.101	6813.000
1095.244	7060.000
1095.387	6897.000
1095.531	7100.000
1095.674	7017.000
1095.818	7162.000
1095.961	7048.000
1096.104	7095.000
1096.248	7005.000
1096.391	7138.000
1096.534	7029.000
1096.678	7241.000
1096.821	7189.000
1096.964	7285.000
1097.108	7082.000
1097.251	7283.000
1097.394	7182.000
1097.538	7217.000
1097.681	7101.000
1097.824	7240.000
1097.968	7133.000
1098.111	7262.000
1098.254	7107.000
1098.397	7293.000
1098.541	7125.000
1098.684	7242.000
1098.827	7192.000
1098.970	7298.000
1099.114	7161.000
1099.257	7288.000
1099.400	7207.000
1099.543	7305.000
1099.686	7209.000
1099.830	7449.000
1099.973	7266.000
1100.116	7323.000
1100.259	7289.000
1100.402	7411.000
1100.545	7245.000
1100.689	7439.000
1100.832	7387.000
1100.975	7498.000
1101.118	7330.000
1101.261	7481.000
1101.404	7406.000
1101.547	7498.000
1101.691	7362.000
1101.834	7538.000
1101.977	7443.000
1102.120	7610.000
1102.263	7470.000
1102.406	7615.000
1102.549	7383.000
1102.692	7711.000
1102.835	7526.000
1102.978	7669.000
1103.121	7562.000
1103.264	7789.000
1103.407	7598.000
1103.550	7761.000
1103.693	7751.000
1103.836	7749.000
1103.979	7658.000
1104.122	7879.000
1104.265	7770.000
1104.408	7868.000
1104.551	7751.000
1104.694	8049.000
1104.837	7948.000
1104.980	8040.000
1105.123	7886.000
1105.266	8117.000
1105.409	8006.000
1105.552	8153.000
1105.695	7968.000
1105.838	8208.000
1105.980	8071.000
1106.123	8159.000
1106.266	8180.000
1106.409	8272.000
1106.552	8185.000
1106.695	8477.000
1106.838	8249.000
1106.980	8328.000
1107.123	8322.000
1107.266	8559.000
1107.409	8467.000
1107.552	8567.000
1107.695	8427.000
1107.837	8713.000
1107.980	8567.000
1108.123	8738.000
1108.266	8672.000
1108.409	8846.000
1108.551	8767.000
1108.694	8910.000
1108.837	8895.000
1108.980	9056.000
1109.122	8946.000
1109.265	9165.000
1109.408	8997.000
1109.551	9169.000
1109.693	9187.000
1109.836	9303.000
1109.979	9158.000
1110.121	9487.000
1110.264	9289.000
1110.407	9478.000
1110.549	9462.000
1110.692	9650.000
1110.835	9579.000
1110.977	9739.000
1111.120	9710.000
1111.263	9775.000
1111.405	9763.000
1111.548	9990.000
1111.691	10041.000
1111.833	10061.000
1111.976	10051.000
1112.118	10188.000
1112.261	10236.000
1112.404	10370.000
1112.546	10329.000
1112.689	10409.000
1112.831	10506.000
1112.974	10618.000
1113.116	10625.000
1113.259	10760.000
1113.401	10690.000
1113.544	10958.000
1113.686	10820.000
1113.829	11109.000
1113.971	11074.000
1114.114	11316.000
1114.256	11261.000
1114.399	11540.000
1114.541	11321.000
1114.684	11679.000
1114.826	11552.000
1114.969	11741.000
1115.111	11759.000
1115.254	11984.000
1115.396	12000.000
1115.539	12072.000
1115.681	12140.000
1115.823	12359.000
1115.966	12285.000
1116.108	12461.000
1116.251	12472.000
1116.393	12669.000
1116.535	12743.000
1116.678	12917.000
1116.820	12993.000
1116.962	13074.000
1117.105	13071.000
1117.247	13331.000
1117.389	13084.000
1117.532	13602.000
1117.674	13671.000
1117.816	13729.000
1117.959	13834.000
1118.101	13882.000
1118.243	13910.000
1118.386	14128.000
1118.528	14232.000
1118.670	14443.000
1118.812	14381.000
1118.955	14562.000
1119.097	14628.000
1119.239	14902.000
1119.381	14982.000
1119.524	15141.000
1119.666	15183.000
1119.808	15385.000
1119.950	15406.000
1120.093	15483.000
1120.235	15547.000
1120.377	15893.000
1120.519	16021.000
1120.661	16241.000
1120.803	16329.000
1120.946	16312.000
1121.088	16337.000
1121.230	16606.000
1121.372	16733.000
1121.514	16981.000
1121.656	16916.000
1121.798	17047.000
1121.941	17138.000
1122.083	17271.000
1122.225	17367.000
1122.367	17492.000
1122.509	17625.000
1122.651	17999.000
1122.793	18128.000
1122.935	18446.000
1123.077	18594.000
1123.219	18648.000
1123.361	18686.000
1123.503	18772.000
1123.645	18834.000
1123.787	19066.000
1123.929	19361.000
1124.071	19708.000
1124.213	19718.000
1124.355	19909.000
1124.497	20064.000
1124.639	20161.000
1124.781	20366.000
1124.923	20389.000
1125.065	20308.000
1125.207	20279.000
1125.349	20347.000
1125.491	20655.000
1125.633	21051.000
1125.775	21219.000
1125.917	21336.000
1126.059	21526.000
1126.201	21703.000
1126.343	21847.000
1126.485	22027.000
1126.626	22184.000
1126.768	22295.000
1126.910	22333.000
1127.052	22407.000
1127.194	22455.000
1127.336	22435.000
1127.478	22481.000
1127.619	22439.000
1127.761	22501.000
1127.903	22664.000
1128.045	22915.000
1128.187	23088.000
1128.329	22892.000
1128.470	23055.000
1128.612	22987.000
1128.754	22980.000
1128.896	23094.000
1129.037	23073.000
1129.179	22894.000
1129.321	22860.000
1129.463	22368.000
1129.604	22454.000
1129.746	22335.000
1129.888	22363.000
1130.030	22281.000
1130.171	22156.000
1130.313	22002.000
1130.455	21804.000
1130.596	21575.000
1130.738	21261.000
1130.880	21008.000
1131.021	20739.000
1131.163	20354.000
1131.305	20024.000
1131.446	19491.000
1131.588	19183.000
1131.730	18867.000
1131.871	18404.000
1132.013	18029.000
1132.155	17589.000
1132.296	17179.000
1132.438	16793.000
1132.579	16504.000
1132.721	16086.000
1132.863	15873.000
1133.004	15301.000
1133.146	15158.000
1133.287	14734.000
1133.429	14486.000
1133.570	14188.000
1133.712	14052.000
1133.853	13722.000
1133.995	13568.000
1134.136	13248.000
1134.278	13171.000
1134.419	12851.000
1134.561	12690.000
1134.702	12380.000
1134.844	12503.000
1134.985	12646.000
1135.127	12646.000
1135.268	12637.000
1135.410	12765.000
1135.551	12660.000
1135.693	12753.000
1135.834	12570.000
1135.975	12696.000
1136.117	12578.000
1136.258	12956.000
1136.400	12865.000
1136.541	12932.000
1136.682	12679.000
1136.824	12721.000
1136.965	12484.000
1137.107	12441.000
1137.248	12079.000
1137.389	12035.000
1137.531	11722.000
1137.672	11717.000
1137.813	11413.000
1137.955	11347.000
1138.096	10930.000
1138.237	10970.000
1138.379	10651.000
1138.520	10571.000
1138.661	10365.000
1138.802	10387.000
1138.944	10063.000
1139.085	10134.000
1139.226	9825.000
1139.368	9920.000
1139.509	9671.000
1139.650	9765.000
1139.791	9442.000
1139.933	9451.000
1140.074	9221.000
1140.215	9255.000
1140.356	9131.000
1140.497	9276.000
1140.639	8944.000
1140.780	9036.000
1140.921	8687.000
1141.062	8910.000
1141.203	8729.000
1141.344	8855.000
1141.486	8564.000
1141.627	8687.000
1141.768	8633.000
1141.909	8593.000
1142.050	8449.000
1142.191	8608.000
1142.332	8397.000
1142.473	8512.000
1142.615	8307.000
1142.756	8523.000
1142.897	8294.000
1143.038	8374.000
1143.179	8199.000
1143.320	8381.000
1143.461	8190.000
1143.602	8262.000
1143.743	8048.000
1143.884	8285.000
1144.025	8166.000
1144.166	8256.000
1144.307	8068.000
1144.448	8269.000
1144.589	8017.000
1144.730	8223.000
1144.871	8003.000
1145.012	8187.000
1145.153	7912.000
1145.294	8147.000
1145.435	8011.000
1145.576	8165.000
1145.717	7951.000
1145.858	8137.000
1145.999	7886.000
1146.140	8073.000
1146.281	7800.000
1146.422	8030.000
1146.562	7778.000
1146.703	7908.000
1146.844	7715.000
1146.985	7917.000
1147.126	7844.000
1147.267	7892.000
1147.408	7713.000
1147.549	7877.000
1147.689	7732.000
1147.830	7856.000
1147.971	7694.000
1148.112	7874.000
1148.253	7682.000
1148.394	7812.000
1148.534	7641.000
1148.675	7879.000
1148.816	7615.000
1148.957	7756.000
1149.097	7662.000
1149.238	7766.000
1149.379	7582.000
1149.520	7717.000
1149.661	7522.000
1149.801	7793.000
1149.942	7650.000
1150.083	7735.000
1150.223	7605.000
1150.364	7777.000
1150.505	7622.000
1150.646	7723.000
1150.786	7575.000
1150.927	7761.000
1151.068	7556.000
1151.208	7748.000
1151.349	7579.000
1151.490	7782.000
1151.630	7627.000
1151.771	7740.000
1151.912	7541.000
1152.052	7805.000
1152.193	7620.000
1152.333	7731.000
1152.474	7630.000
1152.615	7771.000
1152.755	7542.000
1152.896	7714.000
1153.036	7700.000
1153.177	7868.000
1153.318	7667.000
1153.458	7779.000
1153.599	7702.000
1153.739	7759.000
1153.880	7616.000
1154.020	7774.000
1154.161	7653.000
1154.301	7813.000
1154.442	7625.000
1154.582	7776.000
1154.723	7633.000
1154.863	7873.000
1155.004	7702.000
1155.144	7861.000
1155.285	7631.000
1155.425	7878.000
1155.566	7698.000
1155.706	7873.000
1155.847	7674.000
1155.987	7927.000
1156.127	7685.000
1156.268	7848.000
1156.408	7707.000
1156.549	7852.000
1156.689	7693.000
1156.829	7925.000
1156.970	7765.000
1157.110	7880.000
1157.251	7807.000
1157.391	7873.000
1157.531	7789.000
1157.672	7969.000
1157.812	7791.000
1157.952	7907.000
1158.093	7731.000
1158.233	7945.000
1158.373	7817.000
1158.514	7906.000
1158.654	7803.000
1158.794	7929.000
1158.935	7816.000
1159.075	8006.000
1159.215	7762.000
1159.355	7955.000
1159.496	7873.000
1159.636	7912.000
1159.776	7790.000
1159.916	8031.000
1160.057	7836.000
1160.197	7976.000
1160.337	7831.000
1160.477	7989.000
1160.617	7825.000
1160.758	7927.000
1160.898	7815.000
1161.038	7959.000
1161.178	7772.000
1161.318	7913.000
1161.459	7859.000
1161.599	7933.000
1161.739	7760.000
1161.879	7842.000
1162.019	7705.000
1162.159	7947.000
1162.299	7725.000
1162.439	7855.000
1162.580	7725.000
1162.720	7936.000
1162.860	8129.000
1163.000	7806.000
1163.140	7681.000
1163.280	7839.000
1163.420	7615.000
1163.560	7872.000
1163.700	7578.000
1163.840	7834.000
1163.980	7564.000
1164.120	7646.000
1164.260	7636.000
1164.400	7727.000
1164.540	7531.000
1164.680	7666.000
1164.820	7493.000
1164.960	7716.000
1165.100	7452.000
1165.240	7587.000
1165.380	7433.000
1165.520	7555.000
1165.660	7423.000
1165.800	7609.000
1165.940	7416.000
1166.080	7531.000
1166.220	7463.000
1166.360	7509.000
1166.500	7351.000
1166.640	7611.000
1166.780	7372.000
1166.919	7491.000
1167.059	7357.000
1167.199	7449.000
1167.339	7353.000
1167.479	7443.000
1167.619	7319.000
1167.759	7356.000
1167.898	7328.000
1168.038	7395.000
1168.178	7302.000
1168.318	7422.000
1168.458	7288.000
1168.598	7460.000
1168.737	7298.000
1168.877	7508.000
1169.017	7278.000
1169.157	7356.000
1169.297	7305.000
1169.436	7385.000
1169.576	7305.000
1169.716	7381.000
1169.856	7295.000
1169.995	7362.000
1170.135	7289.000
1170.275	7431.000
1170.414	7347.000
1170.554	7399.000
1170.694	7277.000
1170.834	7349.000
1170.973	7269.000
1171.113	7362.000
1171.253	7274.000
1171.392	7446.000
1171.532	7262.000
1171.672	7418.000
1171.811	7258.000
1171.951	7395.000
1172.091	7271.000
1172.230	7395.000
1172.370	7222.000
1172.509	7468.000
1172.649	7274.000
1172.789	7505.000
1172.928	7325.000
1173.068	7489.000
1173.207	7267.000
1173.347	7466.000
1173.486	7278.000
1173.626	7438.000
1173.766	7256.000
1173.905	7485.000
1174.045	7279.000
1174.184	7490.000
1174.324	7293.000
1174.463	7477.000
1174.603	7242.000
1174.742	7449.000
1174.882	7293.000
1175.021	7495.000
1175.161	7348.000
1175.300	7475.000
1175.440	7402.000
1175.579	7534.000
1175.719	7387.000
1175.858	7448.000
1175.997	7372.000
1176.137	7536.000
1176.276	7345.000
1176.416	7493.000
1176.555	7366.000
1176.695	7602.000
1176.834	7339.000
1176.973	7559.000
1177.113	7355.000
1177.252	7631.000
1177.391	7468.000
1177.531	7547.000
1177.670	7345.000
1177.809	7526.000
1177.949	7397.000
1178.088	7540.000
1178.227	7427.000
1178.367	7594.000
1178.506	7449.000
1178.645	7551.000
1178.785	7444.000
1178.924	7588.000
1179.063	7463.000
1179.203	7562.000
1179.342	7431.000
1179.481	7655.000
1179.620	7412.000
1179.760	7575.000
1179.899	7443.000
1180.038	7604.000
1180.177	7379.000
1180.317	7640.000
1180.456	7494.000
1180.595	7560.000
1180.734	7492.000
1180.873	7717.000
1181.013	7439.000
1181.152	7654.000
1181.291	7518.000
1181.430	7623.000
1181.569	7456.000
1181.708	7599.000
1181.848	7475.000
1181.987	7565.000
1182.126	7490.000
1182.265	7675.000
1182.404	7522.000
1182.543	7601.000
1182.682	7453.000
1182.821	7738.000
1182.960	7562.000
1183.100	7644.000
1183.239	7562.000
1183.378	7688.000
1183.517	7538.000
1183.656	7674.000
1183.795	6724.000
1183.934	7666.000
1184.073	7525.000
1184.212	7610.000
1184.351	7460.000
1184.490	7686.000
1184.629	7492.000
1184.768	7695.000
1184.907	7587.000
1185.046	7706.000
1185.185	7533.000
1185.324	7664.000
1185.463	7482.000
1185.602	7720.000
1185.741	7565.000
1185.880	7653.000
1186.019	7450.000
1186.158	7655.000
1186.296	7472.000
1186.435	7646.000
1186.574	7564.000
1186.713	7607.000
1186.852	7516.000
1186.991	7665.000
1187.130	7496.000
1187.269	7718.000
1187.408	7479.000
1187.546	7761.000
1187.685	7533.000
1187.824	7649.000
1187.963	7587.000
1188.102	7675.000
1188.241	7529.000
1188.379	7620.000
1188.518	7489.000
1188.657	7633.000
1188.796	7540.000
1188.935	7731.000
1189.073	7565.000
1189.212	7760.000
1189.351	7528.000
1189.490	7683.000
1189.629	7528.000
1189.767	7650.000
1189.906	7471.000
1190.045	7678.000
1190.183	7461.000
1190.322	7669.000
1190.461	7502.000
1190.600	7671.000
1190.738	7595.000
1190.877	7689.000
1191.016	7531.000
1191.154	7772.000
1191.293	7495.000
1191.432	7691.000
1191.570	7582.000
1191.709	7768.000
1191.848	7544.000
1191.986	7794.000
1192.125	10671.000
1192.264	7802.000
1192.402	7606.000
1192.541	7759.000
1192.679	7627.000
1192.818	7752.000
1192.957	7519.000
1193.095	7728.000
1193.234	7725.000
1193.372	7845.000
1193.511	7670.000
1193.649	7787.000
1193.788	7607.000
1193.926	7760.000
1194.065	7700.000
1194.204	7847.000
1194.342	7653.000
1194.481	7806.000
1194.619	7602.000
1194.758	7831.000
1194.896	7690.000
1195.035	7857.000
1195.173	7659.000
1195.311	7842.000
1195.450	7695.000
1195.588	7787.000
1195.727	7622.000
1195.865	7736.000
1196.004	7617.000
1196.142	7838.000
1196.281	7610.000
1196.419	7817.000
1196.557	7639.000
1196.696	7867.000
1196.834	7628.000
1196.973	7821.000
1197.111	7602.000
1197.249	7772.000
1197.388	7494.000
1197.526	7775.000
1197.664	7551.000
1197.803	7758.000
1197.941	7501.000
1198.079	7783.000
1198.218	7562.000
1198.356	7711.000
1198.494	7561.000
1198.633	7762.000
1198.771	7444.000
1198.909	7740.000
1199.048	7562.000
1199.186	7599.000
1199.324	7490.000
1199.462	7675.000
1199.601	7480.000
1199.739	7627.000
1199.877	7449.000
1200.015	7611.000
1200.154	7516.000
1200.292	7593.000
1200.430	7485.000
1200.568	7616.000
1200.706	7463.000
1200.845	7628.000
1200.983	7379.000
1201.121	7560.000
1201.259	7309.000
1201.397	7522.000
1201.535	7434.000
1201.674	7599.000
1201.812	7344.000
1201.950	7474.000
1202.088	7374.000
1202.226	7562.000
1202.364	7310.000
1202.502	7538.000
1202.640	7310.000
1202.778	7511.000
1202.917	7262.000
1203.055	7381.000
1203.193	7250.000
1203.331	7431.000
1203.469	7252.000
1203.607	7260.000
1203.745	7219.000
1203.883	7428.000
1204.021	7234.000
1204.159	7320.000
1204.297	7191.000
1204.435	7242.000
1204.573	7216.000
1204.711	7335.000
