929.762	8717.000
929.906	8713.000
930.049	8686.000
930.193	8778.000
930.337	8641.000
930.481	8791.000
930.625	8649.000
930.769	8727.000
930.913	8661.000
931.057	8769.000
931.201	8610.000
931.345	8773.000
931.488	8673.000
931.632	8696.000
931.776	8664.000
931.920	8810.000
932.064	8573.000
932.208	8778.000
932.352	8633.000
932.495	8786.000
932.639	8612.000
932.783	8666.000
932.927	8783.000
933.071	8709.000
933.215	8706.000
933.359	8680.000
933.502	8709.000
933.646	8638.000
933.790	8634.000
933.934	8691.000
934.078	8674.000
934.221	8708.000
934.365	8671.000
934.509	8698.000
934.653	8595.000
934.797	8661.000
934.940	8715.000
935.084	8595.000
935.228	8714.000
935.372	8715.000
935.515	8662.000
935.659	8734.000
935.803	8629.000
935.947	8727.000
936.090	8601.000
936.234	8666.000
936.378	8677.000
936.522	8616.000
936.665	8607.000
936.809	8690.000
936.953	8616.000
937.097	8585.000
937.240	8672.000
937.384	8719.000
937.528	8568.000
937.671	8651.000
937.815	8569.000
937.959	8630.000
938.102	8523.000
938.246	8558.000
938.390	8610.000
938.534	8557.000
938.677	8563.000
938.821	8559.000
938.965	8484.000
939.108	8617.000
939.252	8569.000
939.396	8507.000
939.539	8513.000
939.683	8599.000
939.826	8507.000
939.970	8526.000
940.114	8532.000
940.257	8545.000
940.401	8436.000
940.545	8504.000
940.688	8456.000
940.832	8494.000
940.975	8451.000
941.119	8573.000
941.263	8422.000
941.406	8513.000
941.550	8463.000
941.693	8461.000
941.837	8391.000
941.981	8445.000
942.124	8399.000
942.268	8431.000
942.411	8431.000
942.555	8451.000
942.698	8414.000
942.842	8461.000
942.986	8431.000
943.129	8436.000
943.273	8419.000
943.416	8426.000
943.560	8374.000
943.703	8445.000
943.847	8414.000
943.990	8450.000
944.134	8366.000
944.277	8375.000
944.421	8341.000
944.564	8346.000
944.708	8352.000
944.851	8461.000
944.995	8314.000
945.138	8400.000
945.282	8360.000
945.425	8368.000
945.569	8338.000
945.712	8432.000
945.856	8233.000
945.999	8436.000
946.143	8333.000
946.286	8316.000
946.430	8369.000
946.573	8368.000
946.716	8357.000
946.860	8398.000
947.003	8330.000
947.147	8375.000
947.290	8337.000
947.434	8442.000
947.577	8298.000
947.720	8390.000
947.864	8254.000
948.007	8313.000
948.151	8419.000
948.294	8424.000
948.437	8316.000
948.581	8412.000
948.724	8356.000
948.868	8337.000
949.011	8306.000
949.154	8382.000
949.298	8362.000
949.441	8445.000
949.584	8336.000
949.728	8397.000
949.871	8386.000
950.015	8432.000
950.158	8340.000
950.301	8293.000
950.445	8352.000
950.588	8438.000
950.731	8390.000
950.875	8367.000
951.018	8309.000
951.161	8438.000
951.304	8341.000
951.448	8360.000
951.591	8232.000
951.734	8389.000
951.878	8267.000
952.021	8405.000
952.164	8352.000
952.308	8410.000
952.451	8348.000
952.594	8388.000
952.737	8309.000
952.881	8314.000
953.024	8287.000
953.167	8423.000
953.310	8236.000
953.454	8327.000
953.597	8321.000
953.740	8308.000
953.883	8297.000
954.027	8393.000
954.170	8197.000
954.313	8375.000
954.456	8258.000
954.600	8324.000
954.743	8312.000
954.886	8352.000
955.029	8217.000
955.172	8360.000
955.316	8175.000
955.459	8281.000
955.602	8207.000
955.745	8367.000
955.888	8278.000
956.032	8339.000
956.175	8150.000
956.318	8257.000
956.461	8222.000
956.604	8270.000
956.747	8263.000
956.890	8351.000
957.034	8196.000
957.177	8252.000
957.320	8127.000
957.463	8280.000
957.606	8174.000
957.749	8337.000
957.892	8143.000
958.036	8265.000
958.179	8109.000
958.322	8335.000
958.465	8306.000
958.608	8223.000
958.751	8247.000
958.894	8219.000
959.037	8148.000
959.180	8229.000
959.323	8180.000
959.467	8295.000
959.610	8108.000
959.753	8272.000
959.896	8159.000
960.039	8274.000
960.182	8081.000
960.325	8284.000
960.468	8185.000
960.611	8206.000
960.754	8118.000
960.897	8224.000
961.040	8074.000
961.183	8227.000
961.326	8161.000
961.469	8307.000
961.612	8155.000
961.755	8290.000
961.898	8023.000
962.041	8316.000
962.184	8107.000
962.327	8229.000
962.470	8112.000
962.613	8316.000
962.756	8189.000
962.899	8232.000
963.042	8168.000
963.185	8264.000
963.328	8122.000
963.471	8228.000
963.614	8156.000
963.757	8261.000
963.900	8098.000
964.043	8203.000
964.186	8142.000
964.329	8212.000
964.472	8141.000
964.615	8266.000
964.758	8111.000
964.900	8305.000
965.043	8131.000
965.186	8300.000
965.329	8262.000
965.472	8307.000
965.615	8206.000
965.758	8200.000
965.901	8124.000
966.044	8248.000
966.187	8099.000
966.329	8260.000
966.472	8270.000
966.615	8305.000
966.758	8134.000
966.901	8309.000
967.044	8261.000
967.187	8228.000
967.330	8133.000
967.472	8289.000
967.615	8175.000
967.758	8247.000
967.901	8175.000
968.044	8297.000
968.187	8156.000
968.329	8263.000
968.472	8220.000
968.615	8272.000
968.758	8174.000
968.901	8257.000
969.043	8210.000
969.186	8264.000
969.329	8140.000
969.472	8429.000
969.615	8169.000
969.757	8227.000
969.900	8200.000
970.043	8307.000
970.186	8125.000
970.328	8299.000
970.471	8257.000
970.614	8348.000
970.757	8230.000
970.899	8255.000
971.042	8190.000
971.185	8279.000
971.328	8175.000
971.470	8263.000
971.613	8212.000
971.756	8292.000
971.899	8182.000
972.041	8270.000
972.184	8076.000
972.327	8359.000
972.469	8145.000
972.612	8229.000
972.755	8161.000
972.898	8316.000
973.040	8174.000
973.183	8227.000
973.326	8233.000
973.468	8169.000
973.611	8081.000
973.754	8287.000
973.896	8150.000
974.039	8239.000
974.182	8118.000
974.324	8319.000
974.467	8205.000
974.610	8262.000
974.752	8141.000
974.895	8251.000
975.037	8158.000
975.180	8270.000
975.323	8071.000
975.465	8283.000
975.608	8112.000
975.751	8142.000
975.893	8172.000
976.036	8193.000
976.178	8110.000
976.321	8343.000
976.464	8099.000
976.606	8119.000
976.749	8118.000
976.891	8292.000
977.034	8165.000
977.176	8158.000
977.319	8041.000
977.462	8252.000
977.604	8066.000
977.747	8225.000
977.889	8100.000
978.032	8265.000
978.174	8118.000
978.317	8230.000
978.459	8167.000
978.602	8248.000
978.744	8114.000
978.887	8269.000
979.029	8059.000
979.172	8169.000
979.314	8110.000
979.457	8225.000
979.599	8002.000
979.742	8291.000
979.884	8021.000
980.027	8150.000
980.169	8054.000
980.312	8228.000
980.454	8114.000
980.597	8223.000
980.739	8122.000
980.882	8103.000
981.024	8063.000
981.167	8162.000
981.309	8205.000
981.452	8138.000
981.594	8057.000
981.736	8113.000
981.879	8102.000
982.021	8198.000
982.164	8078.000
982.306	8097.000
982.449	8062.000
982.591	8143.000
982.733	8074.000
982.876	8197.000
983.018	7995.000
983.161	8207.000
983.303	8017.000
983.445	8194.000
983.588	8069.000
983.730	8244.000
983.873	8097.000
984.015	8298.000
984.157	7989.000
984.300	8297.000
984.442	8069.000
984.584	8176.000
984.727	8071.000
984.869	8186.000
985.011	8094.000
985.154	8131.000
985.296	8076.000
985.438	8207.000
985.581	8037.000
985.723	8160.000
985.865	8102.000
986.008	8190.000
986.150	8148.000
986.292	8199.000
986.435	8131.000
986.577	8191.000
986.719	8019.000
986.861	8230.000
987.004	7739.000
987.146	8242.000
987.288	8110.000
987.431	8161.000
987.573	8141.000
987.715	8126.000
987.857	7984.000
988.000	8133.000
988.142	8098.000
988.284	8271.000
988.426	8062.000
988.569	8172.000
988.711	8069.000
988.853	8242.000
988.995	8067.000
989.138	8158.000
989.280	8016.000
989.422	8223.000
989.564	8138.000
989.706	8167.000
989.849	8048.000
989.991	8210.000
990.133	8053.000
990.275	8233.000
990.417	8108.000
990.560	8169.000
990.702	7979.000
990.844	8142.000
990.986	8096.000
991.128	8329.000
991.270	8062.000
991.413	8200.000
991.555	8089.000
991.697	8206.000
991.839	8087.000
991.981	8234.000
992.123	8071.000
992.265	8212.000
992.408	8094.000
992.550	8220.000
992.692	8068.000
992.834	8266.000
992.976	8101.000
993.118	8235.000
993.260	8089.000
993.402	8131.000
993.544	8040.000
993.687	8259.000
993.829	8023.000
993.971	8153.000
994.113	8062.000
994.255	8155.000
994.397	8059.000
994.539	8179.000
994.681	8106.000
994.823	8205.000
994.965	8044.000
995.107	8239.000
995.249	8153.000
995.391	8184.000
995.533	8037.000
995.675	8192.000
995.817	8119.000
995.959	8212.000
996.101	8061.000
996.243	8234.000
996.385	8090.000
996.527	8171.000
996.669	8051.000
996.811	8206.000
996.953	8087.000
997.095	8185.000
997.237	8061.000
997.379	8226.000
997.521	8045.000
997.663	8190.000
997.805	8117.000
997.947	8165.000
998.089	8081.000
998.231	8152.000
998.373	8003.000
998.515	8275.000
998.657	8130.000
998.799	8164.000
998.941	8070.000
999.083	8106.000
999.225	8121.000
999.367	8215.000
999.509	8146.000
999.651	8287.000
999.793	8044.000
999.934	8189.000
1000.076	8085.000
1000.218	8236.000
1000.360	8076.000
1000.502	8255.000
1000.644	8155.000
1000.786	8267.000
1000.928	8121.000
1001.070	8087.000
1001.212	8030.000
1001.353	8246.000
1001.495	8017.000
1001.637	8137.000
1001.779	8027.000
1001.921	8139.000
1002.063	8044.000
1002.205	8177.000
1002.346	8051.000
1002.488	8236.000
1002.630	7940.000
1002.772	8214.000
1002.914	8057.000
1003.055	8147.000
1003.197	8043.000
1003.339	8177.000
1003.481	8031.000
1003.623	8172.000
1003.765	7995.000
1003.906	8161.000
1004.048	8032.000
1004.190	8162.000
1004.332	7979.000
1004.473	8150.000
1004.615	8162.000
1004.757	8205.000
1004.899	8058.000
1005.041	8211.000
1005.182	8021.000
1005.324	8175.000
1005.466	8013.000
1005.608	8202.000
1005.749	7999.000
1005.891	8293.000
1006.033	8099.000
1006.175	8247.000
1006.316	8039.000
1006.458	8178.000
1006.600	8071.000
1006.741	8221.000
1006.883	8015.000
1007.025	8189.000
1007.167	8017.000
1007.308	8210.000
1007.450	8100.000
1007.592	8192.000
1007.733	7984.000
1007.875	8156.000
1008.017	8032.000
1008.158	8188.000
1008.300	8069.000
1008.442	8195.000
1008.583	7964.000
1008.725	8176.000
1008.867	7982.000
1009.008	8200.000
1009.150	8046.000
1009.292	8299.000
1009.433	8067.000
1009.575	8146.000
1009.716	8036.000
1009.858	8108.000
1010.000	8079.000
1010.141	8221.000
1010.283	8010.000
1010.425	8184.000
1010.566	7909.000
1010.708	8190.000
1010.849	8071.000
1010.991	8190.000
1011.132	8008.000
1011.274	8142.000
1011.416	8117.000
1011.557	8118.000
1011.699	8021.000
1011.840	8207.000
1011.982	8022.000
1012.123	8187.000
1012.265	7994.000
1012.407	8239.000
1012.548	8023.000
1012.690	8116.000
1012.831	7970.000
1012.973	8158.000
1013.114	8033.000
1013.256	8158.000
1013.397	8050.000
1013.539	8300.000
1013.680	8246.000
1013.822	8404.000
1013.963	8263.000
1014.105	8448.000
1014.246	8298.000
1014.388	8527.000
1014.529	8428.000
1014.671	8612.000
1014.812	8236.000
1014.954	8264.000
1015.095	8134.000
1015.237	8180.000
1015.378	8007.000
1015.520	8168.000
1015.661	7943.000
1015.803	8122.000
1015.944	7923.000
1016.085	8081.000
1016.227	7923.000
1016.368	7998.000
1016.510	7849.000
1016.651	8051.000
1016.793	8014.000
1016.934	8031.000
1017.075	7907.000
1017.217	8054.000
1017.358	7967.000
1017.500	8085.000
1017.641	7904.000
1017.782	8113.000
1017.924	7927.000
1018.065	8022.000
1018.207	7882.000
1018.348	8105.000
1018.489	7916.000
1018.631	8002.000
1018.772	7900.000
1018.913	8021.000
1019.055	7867.000
1019.196	7918.000
1019.337	7850.000
1019.479	8082.000
1019.620	7959.000
1019.761	7993.000
1019.903	7881.000
1020.044	8033.000
1020.185	7900.000
1020.327	7977.000
1020.468	7864.000
1020.609	8027.000
1020.751	7802.000
1020.892	7986.000
1021.033	7830.000
1021.175	8018.000
1021.316	7886.000
1021.457	7937.000
1021.598	7812.000
1021.740	8033.000
1021.881	7863.000
1022.022	7954.000
1022.164	7884.000
1022.305	8043.000
1022.446	7797.000
1022.587	7970.000
1022.729	7939.000
1022.870	8084.000
1023.011	7895.000
1023.152	7983.000
1023.294	7871.000
1023.435	7951.000
1023.576	7837.000
1023.717	8008.000
1023.858	7890.000
1024.000	8008.000
1024.141	7819.000
1024.282	7977.000
1024.423	7860.000
1024.564	8092.000
1024.706	7887.000
1024.847	8067.000
1024.988	7837.000
1025.129	8056.000
1025.270	7873.000
1025.412	8054.000
1025.553	7869.000
1025.694	8096.000
1025.835	7856.000
1025.976	7998.000
1026.117	7886.000
1026.258	8021.000
1026.400	7843.000
1026.541	8086.000
1026.682	7904.000
1026.823	8011.000
1026.964	7932.000
1027.105	8014.000
1027.246	7947.000
1027.388	8065.000
1027.529	7920.000
1027.670	7985.000
1027.811	7864.000
1027.952	8050.000
1028.093	7940.000
1028.234	7998.000
1028.375	7936.000
1028.516	8027.000
1028.657	7945.000
1028.798	8105.000
1028.939	7914.000
1029.081	8018.000
1029.222	8015.000
1029.363	8048.000
1029.504	7905.000
1029.645	8135.000
1029.786	7949.000
1029.927	8081.000
1030.068	7984.000
1030.209	8107.000
1030.350	7951.000
1030.491	8051.000
1030.632	7973.000
1030.773	8110.000
1030.914	7922.000
1031.055	8019.000
1031.196	8026.000
1031.337	8106.000
1031.478	7945.000
1031.619	7987.000
1031.760	7948.000
1031.901	8167.000
1032.042	7948.000
1032.183	8056.000
1032.324	7965.000
1032.465	8168.000
1032.606	8516.000
1032.747	8085.000
1032.888	7979.000
1033.029	8071.000
1033.170	7891.000
1033.311	8129.000
1033.452	7904.000
1033.592	8174.000
1033.733	7945.000
1033.874	8000.000
1034.015	8020.000
1034.156	8065.000
1034.297	7971.000
1034.438	8091.000
1034.579	7927.000
1034.720	8122.000
1034.861	7925.000
1035.002	8031.000
1035.142	7930.000
1035.283	8013.000
1035.424	7955.000
1035.565	8046.000
1035.706	7947.000
1035.847	8013.000
1035.988	7980.000
1036.129	8029.000
1036.269	7863.000
1036.410	8134.000
1036.551	7945.000
1036.692	7989.000
1036.833	7914.000
1036.974	7967.000
1037.114	7927.000
1037.255	7999.000
1037.396	7892.000
1037.537	7917.000
1037.678	7951.000
1037.819	7974.000
1037.959	7899.000
1038.100	8021.000
1038.241	7900.000
1038.382	8031.000
1038.523	7926.000
1038.663	8079.000
1038.804	7934.000
1038.945	8005.000
1039.086	7953.000
1039.226	7990.000
1039.367	7943.000
1039.508	8006.000
1039.649	7942.000
1039.789	7980.000
1039.930	7958.000
1040.071	8037.000
1040.212	8004.000
1040.352	8030.000
1040.493	7951.000
1040.634	7953.000
1040.775	7909.000
1040.915	8022.000
1041.056	7926.000
1041.197	8092.000
1041.337	7948.000
1041.478	8114.000
1041.619	7942.000
1041.760	8005.000
1041.900	7943.000
1042.041	8057.000
1042.182	7872.000
1042.322	8085.000
1042.463	7953.000
1042.604	8114.000
1042.744	7984.000
1042.885	8146.000
1043.026	7945.000
1043.166	8119.000
1043.307	7926.000
1043.448	8037.000
1043.588	7944.000
1043.729	8131.000
1043.869	7941.000
1044.010	8179.000
1044.151	7983.000
1044.291	8158.000
1044.432	7942.000
1044.573	8066.000
1044.713	7987.000
1044.854	8139.000
1044.994	8004.000
1045.135	8144.000
1045.276	8069.000
1045.416	8210.000
1045.557	8075.000
1045.697	8115.000
1045.838	8059.000
1045.978	8208.000
1046.119	8052.000
1046.260	8153.000
1046.400	8059.000
1046.541	8230.000
1046.681	8007.000
1046.822	8196.000
1046.962	8031.000
1047.103	8273.000
1047.243	8156.000
1047.384	8207.000
1047.524	8005.000
1047.665	8175.000
1047.805	8070.000
1047.946	8172.000
1048.087	8066.000
1048.227	8213.000
1048.368	8107.000
1048.508	8176.000
1048.649	8074.000
1048.789	8218.000
1048.929	8132.000
1049.070	8166.000
1049.210	8060.000
1049.351	8280.000
1049.491	8037.000
1049.632	8185.000
1049.772	8079.000
1049.913	8192.000
1050.053	7980.000
1050.194	8259.000
1050.334	8146.000
1050.475	8138.000
1050.615	8108.000
1050.755	8236.000
1050.896	8050.000
1051.036	8224.000
1051.177	8090.000
1051.317	8197.000
1051.458	8032.000
1051.598	8170.000
1051.738	8044.000
1051.879	8119.000
1052.019	8076.000
1052.160	8170.000
1052.300	8084.000
1052.440	8167.000
1052.581	8054.000
1052.721	8254.000
1052.861	8144.000
1053.002	8176.000
1053.142	8154.000
1053.282	8213.000
1053.423	8098.000
1053.563	8195.000
1053.704	6878.000
1053.844	8190.000
1053.984	8078.000
1054.125	8135.000
1054.265	7965.000
1054.405	8190.000
1054.546	8038.000
1054.686	8167.000
1054.826	8122.000
1054.966	8202.000
1055.107	8091.000
1055.247	8148.000
1055.387	8046.000
1055.528	8213.000
1055.668	8076.000
1055.808	8172.000
1055.948	7980.000
1056.089	8195.000
1056.229	7996.000
1056.369	8130.000
1056.510	8046.000
1056.650	8129.000
1056.790	8055.000
1056.930	8138.000
1057.071	7994.000
1057.211	8182.000
1057.351	7974.000
1057.491	8219.000
1057.632	8039.000
1057.772	8098.000
1057.912	8053.000
1058.052	8053.000
1058.192	7970.000
1058.333	8051.000
1058.473	7924.000
1058.613	8012.000
1058.753	7962.000
1058.893	8132.000
1059.034	7977.000
1059.174	8118.000
1059.314	7893.000
1059.454	8056.000
1059.594	7911.000
1059.734	8000.000
1059.875	7850.000
1060.015	8033.000
1060.155	7880.000
1060.295	7997.000
1060.435	7871.000
1060.575	8070.000
1060.716	7993.000
1060.856	8023.000
1060.996	7925.000
1061.136	8116.000
1061.276	7857.000
1061.416	8022.000
1061.556	7940.000
1061.696	8089.000
1061.837	7897.000
1061.977	8146.000
1062.117	12552.000
1062.257	8161.000
1062.397	7976.000
1062.537	8070.000
1062.677	7971.000
1062.817	8066.000
1062.957	7894.000
1063.097	8064.000
1063.237	8074.000
1063.377	8218.000
1063.517	8131.000
1063.658	8261.000
1063.798	8221.000
1063.938	8399.000
1064.078	8385.000
1064.218	8507.000
1064.358	8365.000
1064.498	8516.000
1064.638	8416.000
1064.778	8676.000
1064.918	8655.000
1065.058	8858.000
1065.198	8669.000
1065.338	8504.000
1065.478	8235.000
1065.618	8224.000
1065.758	8050.000
1065.898	8122.000
1066.038	8038.000
1066.178	8181.000
1066.318	8015.000
1066.458	8181.000
1066.598	8033.000
1066.738	8272.000
1066.878	8034.000
1067.018	8196.000
1067.158	8019.000
1067.297	8181.000
1067.437	7926.000
1067.577	8178.000
1067.717	7986.000
1067.857	8201.000
1067.997	7964.000
1068.137	8219.000
1068.277	8042.000
1068.417	8178.000
1068.557	8008.000
1068.697	8239.000
1068.837	7979.000
1068.977	8230.000
1069.116	8119.000
1069.256	8086.000
1069.396	8011.000
1069.536	8226.000
1069.676	8083.000
1069.816	8156.000
1069.956	8073.000
1070.096	8172.000
1070.235	8077.000
1070.375	8158.000
1070.515	8094.000
1070.655	8182.000
1070.795	8117.000
1070.935	8245.000
1071.074	8025.000
1071.214	8227.000
1071.354	8028.000
1071.494	8192.000
1071.634	8150.000
1071.774	8295.000
1071.913	8120.000
1072.053	8217.000
1072.193	8170.000
1072.333	8289.000
1072.473	8094.000
1072.612	8293.000
1072.752	8135.000
1072.892	8349.000
1073.032	8164.000
1073.172	8205.000
1073.311	8131.000
1073.451	8314.000
1073.591	8122.000
1073.731	8168.000
1073.870	8168.000
1074.010	8362.000
1074.150	8233.000
1074.290	8215.000
1074.429	8166.000
1074.569	8214.000
1074.709	8232.000
1074.848	8307.000
