1129.938	62777.000
1130.084	62219.000
1130.229	62711.000
1130.375	62392.000
1130.521	62777.000
1130.667	62276.000
1130.813	63094.000
1130.958	62265.000
1131.104	62817.000
1131.250	62287.000
1131.396	62649.000
1131.542	57010.000
1131.687	62754.000
1131.833	54925.000
1131.979	58412.000
1132.124	53570.000
1132.270	56581.000
1132.416	51916.000
1132.561	55296.000
1132.707	50500.000
1132.853	53312.000
1132.998	48759.000
1133.144	51490.000
1133.290	47225.000
1133.435	50442.000
1133.581	47101.000
1133.727	50439.000
1133.872	46941.000
1134.018	50053.000
1134.163	46855.000
1134.309	49634.000
1134.455	45994.000
1134.600	48877.000
1134.746	45771.000
1134.891	48937.000
1135.037	46046.000
1135.182	49350.000
1135.328	46070.000
1135.473	48965.000
1135.619	45853.000
1135.764	48565.000
1135.910	45321.000
1136.055	47649.000
1136.201	44557.000
1136.346	46610.000
1136.492	43559.000
1136.637	45767.000
1136.783	42572.000
1136.928	44507.000
1137.074	41582.000
1137.219	43372.000
1137.364	40645.000
1137.510	42814.000
1137.655	40059.000
1137.801	41727.000
1137.946	39192.000
1138.091	40800.000
1138.237	38366.000
1138.382	39904.000
1138.527	37541.000
1138.673	39104.000
1138.818	36988.000
1138.963	38349.000
1139.109	36438.000
1139.254	37805.000
1139.399	35762.000
1139.544	37155.000
1139.690	35038.000
1139.835	36607.000
1139.980	34894.000
1140.125	36183.000
1140.271	34377.000
1140.416	35765.000
1140.561	34219.000
1140.706	35351.000
1140.851	33739.000
1140.997	34918.000
1141.142	33471.000
1141.287	34611.000
1141.432	33332.000
1141.577	34384.000
1141.723	33152.000
1141.868	34240.000
1142.013	32697.000
1142.158	33835.000
1142.303	32533.000
1142.448	33568.000
1142.593	32287.000
1142.738	33368.000
1142.883	32065.000
1143.028	33106.000
1143.174	31866.000
1143.319	33023.000
1143.464	31889.000
1143.609	33043.000
1143.754	31702.000
1143.899	32836.000
1144.044	31736.000
1144.189	32776.000
1144.334	31657.000
1144.479	32598.000
1144.624	31489.000
1144.769	32453.000
1144.914	31297.000
1145.059	32397.000
1145.204	31413.000
1145.348	32175.000
1145.493	31076.000
1145.638	32018.000
1145.783	30994.000
1145.928	31948.000
1146.073	30978.000
1146.218	31719.000
1146.363	30956.000
1146.508	31636.000
1146.653	30585.000
1146.797	31746.000
1146.942	30673.000
1147.087	31607.000
1147.232	30655.000
1147.377	31448.000
1147.522	30590.000
1147.666	31290.000
1147.811	30481.000
1147.956	31338.000
1148.101	30505.000
1148.245	31137.000
1148.390	30298.000
1148.535	31278.000
1148.680	30326.000
1148.824	31094.000
1148.969	30254.000
1149.114	31262.000
1149.259	30375.000
1149.403	31204.000
1149.548	30331.000
1149.693	31227.000
1149.837	30407.000
1149.982	31182.000
1150.127	30312.000
1150.271	31174.000
1150.416	30355.000
1150.561	31224.000
1150.705	30198.000
1150.850	31136.000
1150.994	30348.000
1151.139	31089.000
1151.284	30272.000
1151.428	30984.000
1151.573	30351.000
1151.717	31026.000
1151.862	30135.000
1152.006	30912.000
1152.151	30372.000
1152.295	31026.000
1152.440	30456.000
1152.584	31187.000
1152.729	30464.000
1152.873	31135.000
1153.018	30265.000
1153.162	31104.000
1153.307	30296.000
1153.451	30998.000
1153.596	30433.000
1153.740	30971.000
1153.885	30399.000
1154.029	31078.000
1154.174	30311.000
1154.318	31081.000
1154.462	30438.000
1154.607	30989.000
1154.751	30366.000
1154.896	31016.000
1155.040	30420.000
1155.184	31111.000
1155.329	30474.000
1155.473	31040.000
1155.617	30444.000
1155.762	30965.000
1155.906	30368.000
1156.050	31061.000
1156.194	30542.000
1156.339	31082.000
1156.483	30394.000
1156.627	30962.000
1156.772	30395.000
1156.916	30979.000
1157.060	30311.000
1157.204	31071.000
1157.349	30494.000
1157.493	30908.000
1157.637	30358.000
1157.781	30898.000
1157.925	30346.000
1158.070	30885.000
1158.214	30346.000
1158.358	30847.000
1158.502	30372.000
1158.646	30765.000
1158.790	30326.000
1158.935	30985.000
1159.079	30209.000
1159.223	30870.000
1159.367	30147.000
1159.511	30778.000
1159.655	30179.000
1159.799	30801.000
1159.943	30180.000
1160.087	30660.000
1160.231	30183.000
1160.375	30520.000
1160.519	30039.000
1160.664	30485.000
1160.808	30032.000
1160.952	30527.000
1161.096	29882.000
1161.240	30295.000
1161.384	29810.000
1161.528	30125.000
1161.672	29758.000
1161.815	30266.000
1161.959	29761.000
1162.103	30167.000
1162.247	29636.000
1162.391	29903.000
1162.535	29547.000
1162.679	29792.000
1162.823	29420.000
1162.967	29750.000
1163.111	29453.000
1163.255	29691.000
1163.399	29194.000
1163.542	29626.000
1163.686	29158.000
1163.830	29398.000
1163.974	28966.000
1164.118	29315.000
1164.262	28995.000
1164.405	29233.000
1164.549	28743.000
1164.693	29049.000
1164.837	28620.000
1164.981	28979.000
1165.124	28581.000
1165.268	28916.000
1165.412	28548.000
1165.556	28758.000
1165.699	28482.000
1165.843	28923.000
1165.987	28411.000
1166.131	28800.000
1166.274	28177.000
1166.418	28508.000
1166.562	28191.000
1166.705	28451.000
1166.849	28148.000
1166.993	28670.000
1167.136	28150.000
1167.280	28418.000
1167.424	28054.000
1167.567	28492.000
1167.711	27976.000
1167.854	28241.000
1167.998	27967.000
1168.142	28252.000
1168.285	27909.000
1168.429	28249.000
1168.572	27904.000
1168.716	28125.000
1168.859	27812.000
1169.003	28220.000
1169.147	27825.000
1169.290	28158.000
1169.434	27803.000
1169.577	28170.000
1169.721	27719.000
1169.864	28037.000
1170.008	27926.000
1170.151	28084.000
1170.294	27609.000
1170.438	28162.000
1170.581	27789.000
1170.725	27959.000
1170.868	27799.000
1171.012	28129.000
1171.155	27818.000
1171.298	27938.000
1171.442	27702.000
1171.585	28056.000
1171.729	27656.000
1171.872	27908.000
1172.015	27589.000
1172.159	27921.000
1172.302	27714.000
1172.445	27924.000
1172.589	27600.000
1172.732	27723.000
1172.875	27743.000
1173.019	27773.000
1173.162	27521.000
1173.305	27822.000
1173.449	27614.000
1173.592	27784.000
1173.735	27479.000
1173.878	27868.000
1174.022	27421.000
1174.165	27753.000
1174.308	27523.000
1174.451	27828.000
1174.594	27554.000
1174.738	27705.000
1174.881	27639.000
1175.024	27811.000
1175.167	27497.000
1175.310	27757.000
1175.454	27449.000
1175.597	27769.000
1175.740	27583.000
1175.883	27703.000
1176.026	27517.000
1176.169	27692.000
1176.312	27346.000
1176.455	27772.000
1176.598	27427.000
1176.742	27686.000
1176.885	27611.000
1177.028	27646.000
1177.171	27356.000
1177.314	27685.000
1177.457	27633.000
1177.600	27763.000
1177.743	27385.000
1177.886	27659.000
1178.029	27589.000
1178.172	27670.000
1178.315	27476.000
1178.458	27743.000
1178.601	27514.000
1178.744	27749.000
1178.887	27539.000
1179.030	27829.000
1179.173	27673.000
1179.316	27808.000
1179.458	27598.000
1179.601	27693.000
1179.744	27515.000
1179.887	27813.000
1180.030	27548.000
1180.173	27710.000
1180.316	27774.000
1180.459	27706.000
1180.602	27520.000
1180.744	27837.000
1180.887	27659.000
1181.030	27930.000
1181.173	27712.000
1181.316	27890.000
1181.458	27582.000
1181.601	27779.000
1181.744	27519.000
1181.887	27951.000
1182.030	27604.000
1182.172	27825.000
1182.315	27562.000
1182.458	27921.000
1182.601	27654.000
1182.743	27919.000
1182.886	27598.000
1183.029	27998.000
1183.171	27667.000
1183.314	27943.000
1183.457	27716.000
1183.599	27882.000
1183.742	27789.000
1183.885	27910.000
1184.027	27723.000
1184.170	27970.000
1184.313	27863.000
1184.455	27945.000
1184.598	27948.000
1184.741	27868.000
1184.883	27967.000
1185.026	27991.000
1185.168	27793.000
1185.311	27983.000
1185.453	27947.000
1185.596	28153.000
1185.739	27787.000
1185.881	28059.000
1186.024	27945.000
1186.166	28073.000
1186.309	27867.000
1186.451	28113.000
1186.594	27976.000
1186.736	28190.000
1186.879	27904.000
1187.021	28166.000
1187.164	28028.000
1187.306	28156.000
1187.448	27938.000
1187.591	27500.000
1187.733	28117.000
1187.876	28262.000
1188.018	27941.000
1188.160	28308.000
1188.303	28001.000
1188.445	28148.000
1188.588	27993.000
1188.730	28305.000
1188.872	28126.000
1189.015	28195.000
1189.157	28000.000
1189.299	28252.000
1189.442	28127.000
1189.584	28288.000
1189.726	27987.000
1189.869	28213.000
1190.011	28097.000
1190.153	28307.000
1190.295	28088.000
1190.438	28187.000
1190.580	28211.000
1190.722	28304.000
1190.864	28147.000
1191.007	28364.000
1191.149	28129.000
1191.291	28187.000
1191.433	28044.000
1191.576	28349.000
1191.718	28342.000
1191.860	28337.000
1192.002	28159.000
1192.144	28363.000
1192.286	28267.000
1192.429	28341.000
1192.571	28241.000
1192.713	28380.000
1192.855	28242.000
1192.997	28382.000
1193.139	28238.000
1193.281	28399.000
1193.423	28238.000
1193.565	28464.000
1193.707	28213.000
1193.850	28310.000
1193.992	28178.000
1194.134	28355.000
1194.276	28239.000
1194.418	28331.000
1194.560	28144.000
1194.702	28363.000
1194.844	28113.000
1194.986	28389.000
1195.128	28227.000
1195.270	28332.000
1195.412	28238.000
1195.554	28352.000
1195.696	28258.000
1195.837	28378.000
1195.979	28028.000
1196.121	28300.000
1196.263	28102.000
1196.405	28311.000
1196.547	28121.000
1196.689	28230.000
1196.831	28073.000
1196.973	28231.000
1197.115	28011.000
1197.256	28172.000
1197.398	28024.000
1197.540	28133.000
1197.682	27795.000
1197.824	28028.000
1197.966	27996.000
1198.107	28027.000
1198.249	27875.000
1198.391	28124.000
1198.533	27761.000
1198.675	27980.000
1198.816	27601.000
1198.958	27901.000
1199.100	27822.000
1199.242	27905.000
1199.383	27587.000
1199.525	27799.000
1199.667	27410.000
1199.808	27721.000
1199.950	27475.000
1200.092	27767.000
1200.233	27498.000
1200.375	27577.000
1200.517	27370.000
1200.658	27455.000
1200.800	27362.000
1200.942	27447.000
1201.083	27207.000
1201.225	27461.000
1201.367	27221.000
1201.508	27365.000
1201.650	26971.000
1201.791	27183.000
1201.933	27058.000
1202.074	27012.000
1202.216	26847.000
1202.358	26962.000
1202.499	26703.000
1202.641	26864.000
1202.782	26620.000
1202.924	26774.000
1203.065	26671.000
1203.207	26614.000
1203.348	26488.000
1203.490	26580.000
1203.631	26395.000
1203.773	26438.000
1203.914	26224.000
1204.056	26325.000
1204.197	26273.000
1204.338	26219.000
1204.480	26056.000
1204.621	26177.000
1204.763	26057.000
1204.904	26073.000
1205.045	25935.000
1205.187	26177.000
1205.328	25943.000
1205.470	26023.000
1205.611	25883.000
1205.752	25908.000
1205.894	25865.000
1206.035	25854.000
1206.176	25719.000
1206.318	25766.000
1206.459	25860.000
1206.600	25923.000
1206.741	25755.000
1206.883	25771.000
1207.024	25752.000
1207.165	25864.000
1207.306	25589.000
1207.448	25739.000
1207.589	25601.000
1207.730	25664.000
1207.871	25630.000
1208.013	25691.000
1208.154	25616.000
1208.295	25607.000
1208.436	25425.000
1208.577	25671.000
1208.719	25527.000
1208.860	25604.000
1209.001	25478.000
1209.142	25448.000
1209.283	25491.000
1209.424	25378.000
1209.565	25360.000
1209.706	25478.000
1209.848	25469.000
1209.989	25478.000
1210.130	25293.000
1210.271	25427.000
1210.412	25181.000
1210.553	25392.000
1210.694	25219.000
1210.835	25324.000
1210.976	25290.000
1211.117	25162.000
1211.258	25148.000
1211.399	25332.000
1211.540	25099.000
1211.681	25141.000
1211.822	25112.000
1211.963	25280.000
1212.104	25073.000
1212.245	25209.000
1212.386	25122.000
1212.527	25144.000
1212.668	25136.000
1212.809	25107.000
1212.950	25061.000
1213.090	25002.000
1213.231	25076.000
1213.372	24984.000
1213.513	24992.000
1213.654	25083.000
1213.795	24922.000
1213.936	24957.000
1214.077	24927.000
1214.217	25070.000
1214.358	25042.000
1214.499	25086.000
1214.640	24924.000
1214.781	24911.000
1214.921	24971.000
1215.062	24834.000
1215.203	24817.000
1215.344	24885.000
1215.485	24850.000
1215.625	24960.000
1215.766	24896.000
1215.907	24953.000
1216.047	24836.000
1216.188	24832.000
1216.329	24761.000
1216.470	24796.000
1216.610	24739.000
1216.751	24813.000
1216.892	24597.000
1217.032	24699.000
1217.173	24690.000
1217.314	24882.000
1217.454	24556.000
1217.595	24744.000
1217.735	24660.000
1217.876	24784.000
1218.017	24646.000
1218.157	24676.000
1218.298	24684.000
1218.438	24670.000
1218.579	24667.000
1218.720	24640.000
1218.860	24736.000
1219.001	24697.000
1219.141	24472.000
1219.282	24722.000
1219.422	24507.000
1219.563	24631.000
1219.703	24490.000
1219.844	24604.000
1219.984	24649.000
1220.125	24682.000
1220.265	24558.000
1220.406	24643.000
1220.546	24620.000
1220.687	24632.000
1220.827	24408.000
1220.967	24550.000
1221.108	24614.000
1221.248	24519.000
1221.389	24478.000
1221.529	24572.000
1221.669	24527.000
1221.810	24618.000
1221.950	24431.000
1222.091	24559.000
1222.231	24527.000
1222.371	24602.000
1222.512	24476.000
1222.652	24614.000
1222.792	24629.000
1222.933	24536.000
1223.073	24490.000
1223.213	24756.000
1223.353	24641.000
1223.494	24651.000
1223.634	24531.000
1223.774	24649.000
1223.914	24507.000
1224.055	24610.000
1224.195	24560.000
1224.335	24620.000
1224.475	24599.000
1224.616	24642.000
1224.756	24493.000
1224.896	24642.000
1225.036	24723.000
1225.176	24683.000
1225.316	24652.000
1225.457	24630.000
1225.597	24669.000
1225.737	24747.000
1225.877	24674.000
1226.017	24679.000
1226.157	24730.000
1226.297	24745.000
1226.437	24620.000
1226.578	24746.000
1226.718	24712.000
1226.858	24684.000
1226.998	24665.000
1227.138	24879.000
1227.278	24645.000
1227.418	24870.000
1227.558	24599.000
1227.698	24873.000
1227.838	24826.000
1227.978	24806.000
1228.118	24710.000
1228.258	24717.000
1228.398	24780.000
1228.538	24799.000
1228.678	24712.000
1228.818	24818.000
1228.958	24736.000
1229.098	24875.000
1229.238	24826.000
1229.377	24819.000
1229.517	24774.000
1229.657	24949.000
1229.797	24772.000
1229.937	24863.000
1230.077	24885.000
1230.217	24978.000
1230.357	24829.000
1230.496	24986.000
1230.636	24856.000
1230.776	24968.000
1230.916	24755.000
1231.056	25032.000
1231.196	24917.000
1231.335	24892.000
1231.475	24802.000
1231.615	25129.000
1231.755	24865.000
1231.894	24989.000
1232.034	24760.000
1232.174	24960.000
1232.314	25058.000
1232.453	24944.000
1232.593	24858.000
1232.733	24996.000
1232.873	25023.000
1233.012	25816.000
1233.152	24829.000
1233.292	24973.000
1233.431	24920.000
1233.571	24881.000
1233.711	24941.000
1233.850	24911.000
1233.990	24964.000
1234.129	24952.000
1234.269	24732.000
1234.409	25059.000
1234.548	24912.000
1234.688	25038.000
1234.828	24851.000
1234.967	24974.000
1235.107	25004.000
1235.246	24988.000
1235.386	24767.000
1235.525	24871.000
1235.665	24834.000
1235.804	24890.000
1235.944	24776.000
1236.083	24882.000
1236.223	24731.000
1236.362	24912.000
1236.502	24690.000
1236.641	24805.000
1236.781	24926.000
1236.920	24919.000
1237.060	24688.000
1237.199	24868.000
1237.339	24658.000
1237.478	24866.000
1237.617	24663.000
1237.757	24856.000
1237.896	24620.000
1238.036	24874.000
1238.175	24636.000
1238.314	24799.000
1238.454	24729.000
1238.593	24749.000
1238.732	24673.000
1238.872	24796.000
1239.011	24852.000
1239.150	24902.000
1239.290	24639.000
1239.429	24945.000
1239.568	24688.000
1239.708	24897.000
1239.847	24725.000
1239.986	24871.000
1240.125	24719.000
1240.265	24919.000
1240.404	24724.000
1240.543	25001.000
1240.682	24750.000
1240.822	24969.000
1240.961	24709.000
1241.100	24944.000
1241.239	24782.000
1241.378	24856.000
1241.518	24836.000
1241.657	24907.000
1241.796	24916.000
1241.935	24978.000
1242.074	24809.000
1242.213	24964.000
1242.352	24858.000
1242.492	24913.000
1242.631	24884.000
1242.770	25010.000
1242.909	24980.000
1243.048	24991.000
1243.187	24951.000
1243.326	24993.000
1243.465	24978.000
1243.604	25017.000
1243.743	24921.000
1243.882	25002.000
1244.021	25038.000
1244.160	25056.000
1244.299	24980.000
1244.438	25015.000
1244.577	25058.000
1244.716	24996.000
1244.855	24950.000
1244.994	25161.000
1245.133	25115.000
1245.272	25282.000
1245.411	25050.000
1245.550	25301.000
1245.689	25217.000
1245.828	25277.000
1245.967	25142.000
1246.106	25278.000
1246.244	25255.000
1246.383	25286.000
1246.522	25072.000
1246.661	25374.000
1246.800	25255.000
1246.939	25245.000
1247.078	25242.000
1247.216	25305.000
1247.355	25343.000
1247.494	25495.000
1247.633	25220.000
1247.772	25273.000
1247.910	25208.000
1248.049	25293.000
1248.188	25231.000
1248.327	25330.000
1248.465	25323.000
1248.604	25323.000
1248.743	25204.000
1248.882	25333.000
1249.020	25297.000
1249.159	25375.000
1249.298	25263.000
1249.436	25376.000
1249.575	25357.000
1249.714	25298.000
1249.852	25263.000
1249.991	25306.000
1250.130	25298.000
1250.268	25231.000
1250.407	25313.000
1250.546	25447.000
1250.684	25212.000
1250.823	25368.000
1250.961	25206.000
1251.100	25359.000
1251.239	25233.000
1251.377	25328.000
1251.516	25220.000
1251.654	25311.000
1251.793	25250.000
1251.931	25318.000
1252.070	25112.000
1252.208	25373.000
1252.347	25207.000
1252.485	25399.000
1252.624	25227.000
1252.762	25292.000
1252.901	25308.000
1253.039	25493.000
1253.178	25216.000
1253.316	25491.000
1253.455	25294.000
1253.593	25380.000
1253.732	25217.000
1253.870	22669.000
1254.008	25233.000
1254.147	25392.000
1254.285	25147.000
1254.424	25323.000
1254.562	25320.000
1254.700	25323.000
1254.839	25236.000
1254.977	25323.000
1255.115	25290.000
1255.254	25289.000
1255.392	25179.000
1255.530	25229.000
1255.669	25313.000
1255.807	25256.000
1255.945	25128.000
1256.084	25224.000
1256.222	25211.000
1256.360	25190.000
1256.498	25012.000
1256.637	25271.000
1256.775	25047.000
1256.913	25230.000
1257.051	25003.000
1257.189	25119.000
1257.328	25212.000
1257.466	25105.000
1257.604	25129.000
1257.742	25215.000
1257.880	25092.000
1258.019	25215.000
1258.157	24970.000
1258.295	25115.000
1258.433	25016.000
1258.571	25149.000
1258.709	24932.000
1258.847	25158.000
1258.986	25031.000
1259.124	25171.000
1259.262	25072.000
1259.400	25057.000
1259.538	25019.000
1259.676	25064.000
1259.814	24935.000
1259.952	24997.000
1260.090	24952.000
1260.228	25011.000
1260.366	24926.000
1260.504	25002.000
1260.642	25006.000
1260.780	25138.000
1260.918	24976.000
1261.056	25104.000
1261.194	25086.000
1261.332	25035.000
1261.470	24939.000
1261.608	25159.000
1261.746	25097.000
1261.884	25050.000
1262.022	25177.000
1262.160	31209.000
1262.297	25237.000
1262.435	25198.000
1262.573	25099.000
1262.711	25221.000
1262.849	25125.000
1262.987	25167.000
1263.125	25136.000
1263.262	25326.000
1263.400	25328.000
1263.538	25351.000
1263.676	25228.000
1263.814	25346.000
1263.952	25264.000
1264.089	25496.000
1264.227	25308.000
1264.365	25422.000
1264.503	25397.000
1264.640	25365.000
1264.778	25414.000
1264.916	25462.000
1265.054	25496.000
1265.191	25564.000
1265.329	25393.000
1265.467	25548.000
1265.604	25434.000
1265.742	25487.000
1265.880	25315.000
1266.017	25560.000
1266.155	25495.000
1266.293	25491.000
1266.430	25383.000
1266.568	25438.000
1266.706	25587.000
1266.843	25495.000
1266.981	25415.000
1267.119	25428.000
1267.256	25480.000
1267.394	25322.000
1267.531	25412.000
1267.669	25452.000
1267.806	25460.000
1267.944	25389.000
1268.081	25482.000
1268.219	25512.000
1268.357	25461.000
1268.494	25516.000
1268.632	25451.000
1268.769	25420.000
1268.907	25679.000
1269.044	25625.000
1269.182	25401.000
1269.319	25533.000
1269.456	25646.000
1269.594	25655.000
1269.731	25560.000
1269.869	25545.000
1270.006	25626.000
1270.144	25752.000
1270.281	25542.000
1270.418	25756.000
1270.556	25713.000
1270.693	25676.000
1270.831	25689.000
1270.968	25699.000
1271.105	25790.000
1271.243	25593.000
1271.380	25652.000
1271.517	25805.000
1271.655	25912.000
1271.792	25824.000
1271.929	25694.000
1272.066	25827.000
1272.204	25952.000
1272.341	25830.000
1272.478	25870.000
1272.616	25846.000
1272.753	25991.000
1272.890	25834.000
1273.027	25793.000
1273.165	25922.000
1273.302	25970.000
1273.439	25880.000
1273.576	25809.000
1273.713	25952.000
1273.851	26140.000
1273.988	26016.000
1274.125	25893.000
1274.262	26011.000
1274.399	25971.000
1274.536	26158.000
1274.673	26018.000
