1229.956	28601.000
1230.103	27774.000
1230.250	28561.000
1230.397	27730.000
1230.544	28502.000
1230.691	27775.000
1230.838	28481.000
1230.985	27646.000
1231.132	28415.000
1231.278	27615.000
1231.425	28310.000
1231.572	27668.000
1231.719	28287.000
1231.866	27534.000
1232.013	28366.000
1232.159	27669.000
1232.306	28169.000
1232.453	27626.000
1232.600	28319.000
1232.746	27557.000
1232.893	28187.000
1233.040	27459.000
1233.186	28362.000
1233.333	27476.000
1233.480	28213.000
1233.627	27435.000
1233.773	28225.000
1233.920	27357.000
1234.066	28120.000
1234.213	27370.000
1234.360	28189.000
1234.506	27411.000
1234.653	28109.000
1234.800	27336.000
1234.946	28004.000
1235.093	27213.000
1235.239	28056.000
1235.386	27178.000
1235.532	28015.000
1235.679	27236.000
1235.825	28026.000
1235.972	27241.000
1236.118	27908.000
1236.265	27250.000
1236.411	27876.000
1236.558	27181.000
1236.704	27952.000
1236.851	27080.000
1236.997	27841.000
1237.143	27087.000
1237.290	27841.000
1237.436	27015.000
1237.583	27938.000
1237.729	27110.000
1237.875	27833.000
1238.022	27043.000
1238.168	27719.000
1238.314	27020.000
1238.461	27626.000
1238.607	26845.000
1238.753	27641.000
1238.900	26860.000
1239.046	27505.000
1239.192	26831.000
1239.338	27534.000
1239.485	26749.000
1239.631	27473.000
1239.777	26609.000
1239.923	27448.000
1240.070	26692.000
1240.216	27378.000
1240.362	26640.000
1240.508	27396.000
1240.654	26686.000
1240.800	27302.000
1240.947	26533.000
1241.093	27191.000
1241.239	26489.000
1241.385	27067.000
1241.531	26589.000
1241.677	27095.000
1241.823	26527.000
1241.969	27178.000
1242.115	26420.000
1242.261	26949.000
1242.407	26357.000
1242.553	26951.000
1242.699	26288.000
1242.845	26947.000
1242.991	26281.000
1243.137	26926.000
1243.283	26249.000
1243.429	26892.000
1243.575	26245.000
1243.721	26929.000
1243.867	26179.000
1244.013	26868.000
1244.159	26290.000
1244.305	26882.000
1244.451	26218.000
1244.596	26709.000
1244.742	26129.000
1244.888	26738.000
1245.034	25970.000
1245.180	26712.000
1245.326	26186.000
1245.471	26623.000
1245.617	26089.000
1245.763	26635.000
1245.909	26091.000
1246.055	26644.000
1246.200	26110.000
1246.346	26528.000
1246.492	26161.000
1246.638	26559.000
1246.783	25896.000
1246.929	26654.000
1247.075	25973.000
1247.220	26599.000
1247.366	25982.000
1247.512	26529.000
1247.657	26111.000
1247.803	26502.000
1247.949	26028.000
1248.094	26581.000
1248.240	26008.000
1248.385	26325.000
1248.531	25898.000
1248.676	26629.000
1248.822	25992.000
1248.968	26509.000
1249.113	25966.000
1249.259	26552.000
1249.404	25986.000
1249.550	26445.000
1249.695	25917.000
1249.841	26527.000
1249.986	26060.000
1250.132	26551.000
1250.277	25964.000
1250.422	26475.000
1250.568	25998.000
1250.713	26519.000
1250.859	25770.000
1251.004	26458.000
1251.150	25976.000
1251.295	26460.000
1251.440	25883.000
1251.586	26320.000
1251.731	25957.000
1251.876	26375.000
1252.022	25753.000
1252.167	26241.000
1252.312	25924.000
1252.458	26246.000
1252.603	25900.000
1252.748	26375.000
1252.893	25896.000
1253.039	26329.000
1253.184	25704.000
1253.329	26264.000
1253.474	25694.000
1253.619	26147.000
1253.765	25810.000
1253.910	26105.000
1254.055	25745.000
1254.200	26232.000
1254.345	25653.000
1254.490	26116.000
1254.636	25731.000
1254.781	26102.000
1254.926	25664.000
1255.071	26094.000
1255.216	25671.000
1255.361	26165.000
1255.506	25671.000
1255.651	26000.000
1255.796	25649.000
1255.941	25846.000
1256.086	25564.000
1256.231	25994.000
1256.376	25666.000
1256.521	25948.000
1256.666	25534.000
1256.811	25825.000
1256.956	25499.000
1257.101	25865.000
1257.246	25471.000
1257.391	25960.000
1257.536	25568.000
1257.681	25787.000
1257.826	25405.000
1257.971	25752.000
1258.116	25376.000
1258.260	25763.000
1258.405	25451.000
1258.550	25732.000
1258.695	25397.000
1258.840	25620.000
1258.985	25410.000
1259.129	25888.000
1259.274	25258.000
1259.419	25761.000
1259.564	25246.000
1259.708	25649.000
1259.853	25312.000
1259.998	25681.000
1260.143	25319.000
1260.287	25617.000
1260.432	25352.000
1260.577	25610.000
1260.721	25255.000
1260.866	25527.000
1261.011	25373.000
1261.155	25656.000
1261.300	25196.000
1261.445	25535.000
1261.589	25248.000
1261.734	25471.000
1261.878	25273.000
1262.023	25613.000
1262.168	25332.000
1262.312	25594.000
1262.457	25261.000
1262.601	25401.000
1262.746	25297.000
1262.890	25447.000
1263.035	25239.000
1263.179	25454.000
1263.324	25357.000
1263.468	25549.000
1263.613	25170.000
1263.757	25541.000
1263.902	25278.000
1264.046	25439.000
1264.191	25171.000
1264.335	25478.000
1264.479	25224.000
1264.624	25444.000
1264.768	25144.000
1264.912	25447.000
1265.057	25092.000
1265.201	25418.000
1265.346	25202.000
1265.490	25445.000
1265.634	25277.000
1265.778	25423.000
1265.923	25206.000
1266.067	25589.000
1266.211	25232.000
1266.356	25565.000
1266.500	25073.000
1266.644	25395.000
1266.788	25123.000
1266.933	25351.000
1267.077	25118.000
1267.221	25641.000
1267.365	25186.000
1267.509	25420.000
1267.653	25181.000
1267.798	25439.000
1267.942	25141.000
1268.086	25379.000
1268.230	25137.000
1268.374	25402.000
1268.518	25170.000
1268.662	25363.000
1268.806	25156.000
1268.950	25362.000
1269.095	25127.000
1269.239	25461.000
1269.383	25129.000
1269.527	25469.000
1269.671	25174.000
1269.815	25397.000
1269.959	25057.000
1270.103	25350.000
1270.247	25279.000
1270.391	25426.000
1270.535	24952.000
1270.679	25456.000
1270.822	25138.000
1270.966	25288.000
1271.110	25138.000
1271.254	25466.000
1271.398	25210.000
1271.542	25387.000
1271.686	25107.000
1271.830	25370.000
1271.973	25070.000
1272.117	25277.000
1272.261	25000.000
1272.405	25315.000
1272.549	25109.000
1272.693	25319.000
1272.836	25001.000
1272.980	25067.000
1273.124	25140.000
1273.268	25228.000
1273.411	24975.000
1273.555	25209.000
1273.699	25051.000
1273.843	25190.000
1273.986	24923.000
1274.130	25288.000
1274.274	24894.000
1274.417	25115.000
1274.561	24952.000
1274.705	25116.000
1274.848	24918.000
1274.992	25055.000
1275.135	25021.000
1275.279	25210.000
1275.423	24876.000
1275.566	25108.000
1275.710	24900.000
1275.853	25098.000
1275.997	24937.000
1276.140	25014.000
1276.284	24864.000
1276.427	25024.000
1276.571	24661.000
1276.714	25046.000
1276.858	24721.000
1277.001	24944.000
1277.145	24923.000
1277.288	24903.000
1277.432	24638.000
1277.575	24927.000
1277.719	24877.000
1277.862	24950.000
1278.005	24605.000
1278.149	24822.000
1278.292	24809.000
1278.435	24852.000
1278.579	24718.000
1278.722	24881.000
1278.865	24642.000
1279.009	24855.000
1279.152	24651.000
1279.295	24932.000
1279.439	24776.000
1279.582	24841.000
1279.725	24677.000
1279.868	24708.000
1280.012	24568.000
1280.155	24842.000
1280.298	24517.000
1280.441	24683.000
1280.585	24705.000
1280.728	24641.000
1280.871	24450.000
1281.014	24718.000
1281.157	24599.000
1281.300	24735.000
1281.444	24523.000
1281.587	24710.000
1281.730	24453.000
1281.873	24584.000
1282.016	24380.000
1282.159	24760.000
1282.302	24386.000
1282.445	24564.000
1282.588	24289.000
1282.731	24578.000
1282.874	24407.000
1283.017	24601.000
1283.160	24326.000
1283.303	24618.000
1283.446	24375.000
1283.589	24589.000
1283.732	24312.000
1283.875	24513.000
1284.018	24399.000
1284.161	24529.000
1284.304	24327.000
1284.447	24515.000
1284.590	24424.000
1284.733	24462.000
1284.876	24459.000
1285.019	24365.000
1285.161	24446.000
1285.304	24450.000
1285.447	24333.000
1285.590	24465.000
1285.733	24424.000
1285.876	24474.000
1286.018	24212.000
1286.161	24428.000
1286.304	24316.000
1286.447	24463.000
1286.589	24233.000
1286.732	24456.000
1286.875	24330.000
1287.018	24499.000
1287.160	24203.000
1287.303	24456.000
1287.446	24277.000
1287.588	24369.000
1287.731	24220.000
1287.874	23748.000
1288.016	24353.000
1288.159	24456.000
1288.302	24183.000
1288.444	24474.000
1288.587	24231.000
1288.729	24272.000
1288.872	24179.000
1289.015	24447.000
1289.157	24282.000
1289.300	24278.000
1289.442	24115.000
1289.585	24352.000
1289.727	24255.000
1289.870	24336.000
1290.012	24120.000
1290.155	24291.000
1290.297	24196.000
1290.440	24320.000
1290.582	24133.000
1290.725	24244.000
1290.867	24280.000
1291.009	24298.000
1291.152	24153.000
1291.294	24328.000
1291.437	24117.000
1291.579	24160.000
1291.721	24076.000
1291.864	24304.000
1292.006	24373.000
1292.148	24221.000
1292.291	24147.000
1292.433	24249.000
1292.575	24136.000
1292.718	24277.000
1292.860	24106.000
1293.002	24242.000
1293.145	24182.000
1293.287	24261.000
1293.429	24095.000
1293.571	24233.000
1293.713	24140.000
1293.856	24295.000
1293.998	24089.000
1294.140	24165.000
1294.282	24031.000
1294.424	24202.000
1294.567	24072.000
1294.709	24118.000
1294.851	23986.000
1294.993	24157.000
1295.135	23944.000
1295.277	24164.000
1295.419	24087.000
1295.561	24169.000
1295.703	24025.000
1295.845	24093.000
1295.987	24083.000
1296.129	24174.000
1296.272	23890.000
1296.414	24123.000
1296.556	24002.000
1296.698	24127.000
1296.840	24011.000
1296.981	24053.000
1297.123	24000.000
1297.265	24146.000
1297.407	23901.000
1297.549	24053.000
1297.691	23915.000
1297.833	24032.000
1297.975	23835.000
1298.117	23994.000
1298.259	23996.000
1298.401	24008.000
1298.542	23909.000
1298.684	24109.000
1298.826	23882.000
1298.968	24061.000
1299.110	23726.000
1299.252	24010.000
1299.393	24034.000
1299.535	24072.000
1299.677	23805.000
1299.819	24026.000
1299.960	23743.000
1300.102	24013.000
1300.244	23779.000
1300.386	24061.000
1300.527	23959.000
1300.669	23980.000
1300.811	23794.000
1300.952	23893.000
1301.094	23865.000
1301.236	23973.000
1301.377	23819.000
1301.519	24045.000
1301.661	23854.000
1301.802	24026.000
1301.944	23668.000
1302.085	23859.000
1302.227	23861.000
1302.368	23841.000
1302.510	23667.000
1302.652	23837.000
1302.793	23665.000
1302.935	23828.000
1303.076	23626.000
1303.218	23826.000
1303.359	23818.000
1303.501	23784.000
1303.642	23712.000
1303.783	23785.000
1303.925	23688.000
1304.066	23776.000
1304.208	23576.000
1304.349	23749.000
1304.491	23668.000
1304.632	23681.000
1304.773	23598.000
1304.915	23685.000
1305.056	23648.000
1305.197	23685.000
1305.339	23568.000
1305.480	23894.000
1305.621	23642.000
1305.763	23741.000
1305.904	23612.000
1306.045	23707.000
1306.187	23691.000
1306.328	23747.000
1306.469	23635.000
1306.610	23612.000
1306.752	23765.000
1306.893	23829.000
1307.034	23673.000
1307.175	23701.000
1307.316	23661.000
1307.458	23731.000
1307.599	23584.000
1307.740	23677.000
1307.881	23578.000
1308.022	23669.000
1308.163	23651.000
1308.304	23729.000
1308.446	23605.000
1308.587	23655.000
1308.728	23485.000
1308.869	23710.000
1309.010	23577.000
1309.151	23613.000
1309.292	23540.000
1309.433	23561.000
1309.574	23545.000
1309.715	23534.000
1309.856	23470.000
1309.997	23576.000
1310.138	23619.000
1310.279	23657.000
1310.420	23411.000
1310.561	23590.000
1310.702	23398.000
1310.843	23626.000
1310.984	23472.000
1311.124	23557.000
1311.265	23510.000
1311.406	23344.000
1311.547	23462.000
1311.688	23555.000
1311.829	23410.000
1311.970	23439.000
1312.110	23384.000
1312.251	23582.000
1312.392	23377.000
1312.533	23486.000
1312.674	23434.000
1312.814	23464.000
1312.955	23447.000
1313.096	23409.000
1313.237	23381.000
1313.377	23366.000
1313.518	23333.000
1313.659	23300.000
1313.800	23293.000
1313.940	23424.000
1314.081	23256.000
1314.222	23259.000
1314.362	23225.000
1314.503	23450.000
1314.644	23338.000
1314.784	23406.000
1314.925	23291.000
1315.065	23250.000
1315.206	23278.000
1315.347	23192.000
1315.487	23152.000
1315.628	23160.000
1315.768	23181.000
1315.909	23320.000
1316.049	23210.000
1316.190	23271.000
1316.330	23167.000
1316.471	23165.000
1316.611	23034.000
1316.752	23093.000
1316.892	23094.000
1317.033	23170.000
1317.173	22894.000
1317.313	22992.000
1317.454	23018.000
1317.594	23160.000
1317.735	22888.000
1317.875	23037.000
1318.015	23020.000
1318.156	23092.000
1318.296	22939.000
1318.437	22944.000
1318.577	22965.000
1318.717	22921.000
1318.857	22908.000
1318.998	22860.000
1319.138	23004.000
1319.278	22962.000
1319.419	22757.000
1319.559	22998.000
1319.699	22806.000
1319.839	22830.000
1319.980	22680.000
1320.120	22884.000
1320.260	22912.000
1320.400	22897.000
1320.540	22763.000
1320.681	22894.000
1320.821	22787.000
1320.961	22887.000
1321.101	22646.000
1321.241	22756.000
1321.381	22791.000
1321.521	22741.000
1321.661	22657.000
1321.802	22769.000
1321.942	22720.000
1322.082	22799.000
1322.222	22609.000
1322.362	22701.000
1322.502	22715.000
1322.642	22727.000
1322.782	22647.000
1322.922	22788.000
1323.062	22786.000
1323.202	22692.000
1323.342	22610.000
1323.482	22884.000
1323.622	22760.000
1323.762	22827.000
1323.902	22630.000
1324.041	22745.000
1324.181	22621.000
1324.321	22743.000
1324.461	22652.000
1324.601	22734.000
1324.741	22674.000
1324.881	22679.000
1325.021	22562.000
1325.160	22660.000
1325.300	22809.000
1325.440	22765.000
1325.580	22675.000
1325.720	22653.000
1325.859	22739.000
1325.999	22766.000
1326.139	22649.000
1326.279	22703.000
1326.418	22768.000
1326.558	22723.000
1326.698	22626.000
1326.838	22711.000
1326.977	22736.000
1327.117	22660.000
1327.257	22673.000
1327.396	22850.000
1327.536	22622.000
1327.675	22852.000
1327.815	22591.000
1327.955	22829.000
1328.094	22802.000
1328.234	22767.000
1328.374	22697.000
1328.513	22708.000
1328.653	22733.000
1328.792	22773.000
1328.932	22649.000
1329.071	22774.000
1329.211	22682.000
1329.350	22803.000
1329.490	22701.000
1329.629	22691.000
1329.769	22704.000
1329.908	22837.000
1330.048	22666.000
1330.187	22765.000
1330.327	22762.000
1330.466	22896.000
1330.605	22731.000
1330.745	22850.000
1330.884	22740.000
1331.024	22839.000
1331.163	22622.000
1331.302	22855.000
1331.442	22778.000
1331.581	22767.000
1331.720	22667.000
1331.860	22960.000
1331.999	22729.000
1332.138	22813.000
1332.277	22641.000
1332.417	22782.000
1332.556	22878.000
1332.695	22747.000
1332.834	22650.000
1332.974	22823.000
1333.113	22861.000
1333.252	23667.000
1333.391	22648.000
1333.531	22813.000
1333.670	22746.000
1333.809	22710.000
1333.948	22723.000
1334.087	22744.000
1334.226	22771.000
1334.365	22785.000
1334.505	22508.000
1334.644	22861.000
1334.783	22706.000
1334.922	22785.000
1335.061	22656.000
1335.200	22753.000
1335.339	22770.000
1335.478	22710.000
1335.617	22520.000
1335.756	22663.000
1335.895	22611.000
1336.034	22687.000
1336.173	22594.000
1336.312	22689.000
1336.451	22546.000
1336.590	22672.000
1336.729	22466.000
1336.868	22580.000
1337.007	22675.000
1337.146	22699.000
1337.285	22454.000
1337.423	22563.000
1337.562	22464.000
1337.701	22610.000
1337.840	22423.000
1337.979	22564.000
1338.118	22335.000
1338.256	22627.000
1338.395	22442.000
1338.534	22540.000
1338.673	22476.000
1338.812	22548.000
1338.950	22421.000
1339.089	22551.000
1339.228	22589.000
1339.367	22630.000
1339.505	22379.000
1339.644	22712.000
1339.783	22456.000
1339.922	22621.000
1340.060	22482.000
1340.199	22657.000
1340.338	22482.000
1340.476	22679.000
1340.615	22475.000
1340.753	22766.000
1340.892	22520.000
1341.031	22653.000
1341.169	22405.000
1341.308	22682.000
1341.446	22551.000
1341.585	22547.000
1341.724	22515.000
1341.862	22701.000
1342.001	22592.000
1342.139	22661.000
1342.278	22544.000
1342.416	22710.000
1342.555	22582.000
1342.693	22607.000
1342.832	22579.000
1342.970	22779.000
1343.109	22697.000
1343.247	22711.000
1343.385	22660.000
1343.524	22730.000
1343.662	22715.000
1343.801	22744.000
1343.939	22629.000
1344.077	22696.000
1344.216	22727.000
1344.354	22740.000
1344.492	22705.000
1344.631	22765.000
1344.769	22785.000
1344.907	22715.000
1345.046	22653.000
1345.184	22859.000
1345.322	22836.000
1345.460	22949.000
1345.599	22734.000
1345.737	22946.000
1345.875	22888.000
1346.013	22970.000
1346.152	22768.000
1346.290	22974.000
1346.428	22943.000
1346.566	22992.000
1346.704	22808.000
1346.843	23029.000
1346.981	23011.000
1347.119	22914.000
1347.257	22931.000
1347.395	22948.000
1347.533	23073.000
1347.671	23156.000
1347.809	22892.000
1347.947	22925.000
1348.085	22952.000
1348.224	22961.000
1348.362	22905.000
1348.500	22949.000
1348.638	22952.000
1348.776	23020.000
1348.914	22800.000
1349.052	22996.000
1349.190	22971.000
1349.328	23066.000
1349.466	22886.000
1349.603	23022.000
1349.741	22996.000
1349.879	22978.000
1350.017	22892.000
1350.155	22925.000
1350.293	22956.000
1350.431	22856.000
1350.569	22949.000
1350.707	23041.000
1350.844	22808.000
1350.982	22989.000
1351.120	22862.000
1351.258	23001.000
1351.396	22858.000
1351.534	22989.000
1351.671	22811.000
1351.809	22937.000
1351.947	22868.000
1352.085	22940.000
1352.222	22782.000
1352.360	22985.000
1352.498	22837.000
1352.636	23034.000
1352.773	22842.000
1352.911	22917.000
1353.049	22917.000
1353.186	23070.000
1353.324	22814.000
1353.462	23058.000
1353.599	22930.000
1353.737	22993.000
1353.874	22860.000
1354.012	20319.000
1354.150	22875.000
1354.287	22949.000
1354.425	22740.000
1354.562	22919.000
1354.700	22945.000
1354.837	22940.000
1354.975	22835.000
1355.112	22927.000
1355.250	22889.000
1355.387	22848.000
1355.525	22768.000
1355.662	22841.000
1355.800	22871.000
1355.937	22878.000
1356.075	22739.000
1356.212	22834.000
1356.350	22853.000
1356.487	22788.000
1356.624	22582.000
1356.762	22845.000
1356.899	22652.000
1357.037	22797.000
1357.174	22634.000
1357.311	22736.000
1357.449	22881.000
1357.586	22780.000
1357.723	22724.000
1357.860	22838.000
1357.998	22675.000
1358.135	22803.000
1358.272	22548.000
1358.410	22682.000
1358.547	22590.000
1358.684	22707.000
1358.821	22521.000
1358.959	22741.000
1359.096	22650.000
1359.233	22696.000
1359.370	22610.000
1359.507	22624.000
1359.644	22595.000
1359.782	22640.000
1359.919	22538.000
1360.056	22556.000
1360.193	22507.000
1360.330	22503.000
1360.467	22435.000
1360.604	22509.000
1360.741	22535.000
1360.878	22657.000
1361.015	22543.000
1361.152	22654.000
1361.290	22721.000
1361.427	22606.000
1361.564	22512.000
1361.701	22684.000
1361.838	22626.000
1361.975	22586.000
1362.112	22663.000
1362.248	28992.000
1362.385	22758.000
1362.522	22732.000
1362.659	22612.000
1362.796	22765.000
1362.933	22682.000
1363.070	22667.000
1363.207	22599.000
1363.344	22814.000
1363.481	22830.000
1363.617	22910.000
1363.754	22802.000
1363.891	22946.000
1364.028	22899.000
1364.165	23084.000
1364.302	22952.000
1364.438	23014.000
1364.575	23038.000
1364.712	22985.000
1364.849	22969.000
1364.985	23128.000
1365.122	23046.000
1365.259	23015.000
1365.396	22983.000
1365.532	23066.000
1365.669	22961.000
1365.806	23003.000
1365.942	22922.000
1366.079	23125.000
1366.216	23055.000
1366.352	23067.000
1366.489	22985.000
1366.625	23051.000
1366.762	23195.000
1366.899	23144.000
1367.035	23046.000
1367.172	23023.000
1367.308	23067.000
1367.445	22961.000
1367.581	23095.000
1367.718	23063.000
1367.855	23065.000
1367.991	23048.000
1368.128	23115.000
1368.264	23150.000
1368.401	23095.000
1368.537	23115.000
1368.673	23067.000
1368.810	23062.000
1368.946	23290.000
1369.083	23308.000
1369.219	23007.000
1369.356	23204.000
1369.492	23291.000
1369.628	23305.000
1369.765	23158.000
1369.901	23315.000
1370.037	23329.000
1370.174	23467.000
1370.310	23239.000
1370.446	23449.000
1370.583	23379.000
1370.719	23355.000
1370.855	23396.000
1370.992	23425.000
1371.128	23450.000
1371.264	23385.000
1371.400	23353.000
1371.537	23569.000
1371.673	23594.000
1371.809	23514.000
1371.945	23352.000
1372.081	23599.000
1372.218	23644.000
1372.354	23693.000
1372.490	23573.000
1372.626	23609.000
1372.762	23660.000
1372.898	23649.000
1373.034	23546.000
1373.170	23721.000
1373.307	23723.000
1373.443	23767.000
1373.579	23541.000
1373.715	23816.000
1373.851	23901.000
1373.987	23879.000
1374.123	23720.000
1374.259	23919.000
1374.395	23751.000
1374.531	24024.000
1374.667	23860.000
