1429.840	25512.000
1429.989	25027.000
1430.138	25517.000
1430.288	24982.000
1430.437	25435.000
1430.587	25044.000
1430.736	25382.000
1430.885	24898.000
1431.035	25350.000
1431.184	24859.000
1431.333	25254.000
1431.482	24881.000
1431.632	25253.000
1431.781	24716.000
1431.930	25267.000
1432.079	24854.000
1432.229	25125.000
1432.378	24779.000
1432.527	25212.000
1432.676	24764.000
1432.825	25076.000
1432.974	24600.000
1433.123	25279.000
1433.273	24630.000
1433.422	25090.000
1433.571	24606.000
1433.720	25120.000
1433.869	24478.000
1434.018	25019.000
1434.167	24542.000
1434.316	25049.000
1434.465	24562.000
1434.614	24963.000
1434.763	24468.000
1434.911	24882.000
1435.060	24352.000
1435.209	24947.000
1435.358	24309.000
1435.507	24905.000
1435.656	24370.000
1435.805	24873.000
1435.954	24369.000
1436.102	24776.000
1436.251	24360.000
1436.400	24674.000
1436.549	24281.000
1436.697	24811.000
1436.846	24166.000
1436.995	24685.000
1437.144	24215.000
1437.292	24696.000
1437.441	24124.000
1437.590	24781.000
1437.738	24180.000
1437.887	24658.000
1438.035	24090.000
1438.184	24530.000
1438.333	24064.000
1438.481	24478.000
1438.630	23946.000
1438.778	24492.000
1438.927	23937.000
1439.075	24381.000
1439.224	23844.000
1439.372	24350.000
1439.521	23871.000
1439.669	24311.000
1439.818	23669.000
1439.966	24252.000
1440.114	23781.000
1440.263	24227.000
1440.411	23622.000
1440.559	24145.000
1440.708	23741.000
1440.856	24091.000
1441.004	23567.000
1441.153	23973.000
1441.301	23566.000
1441.449	23939.000
1441.597	23630.000
1441.746	23910.000
1441.894	23579.000
1442.042	23954.000
1442.190	23381.000
1442.338	23748.000
1442.487	23381.000
1442.635	23777.000
1442.783	23280.000
1442.931	23720.000
1443.079	23289.000
1443.227	23683.000
1443.375	23227.000
1443.523	23668.000
1443.671	23255.000
1443.819	23705.000
1443.967	23127.000
1444.115	23589.000
1444.263	23173.000
1444.411	23650.000
1444.559	23158.000
1444.707	23554.000
1444.855	23115.000
1445.003	23466.000
1445.151	22933.000
1445.299	23513.000
1445.447	23170.000
1445.594	23435.000
1445.742	23035.000
1445.890	23382.000
1446.038	23038.000
1446.186	23364.000
1446.333	23045.000
1446.481	23294.000
1446.629	23112.000
1446.776	23300.000
1446.924	22823.000
1447.072	23411.000
1447.220	22949.000
1447.367	23358.000
1447.515	22924.000
1447.662	23258.000
1447.810	22992.000
1447.958	23261.000
1448.105	22971.000
1448.253	23302.000
1448.400	22885.000
1448.548	23068.000
1448.695	22827.000
1448.843	23336.000
1448.990	22940.000
1449.138	23231.000
1449.285	22853.000
1449.433	23282.000
1449.580	22918.000
1449.728	23184.000
1449.875	22851.000
1450.022	23301.000
1450.170	22951.000
1450.317	23248.000
1450.464	22827.000
1450.612	23207.000
1450.759	22900.000
1450.906	23248.000
1451.054	22697.000
1451.201	23178.000
1451.348	22852.000
1451.495	23206.000
1451.643	22715.000
1451.790	23058.000
1451.937	22809.000
1452.084	23099.000
1452.231	22649.000
1452.378	22960.000
1452.526	22715.000
1452.673	22967.000
1452.820	22753.000
1452.967	23086.000
1453.114	22750.000
1453.261	23060.000
1453.408	22583.000
1453.555	23040.000
1453.702	22576.000
1453.849	22903.000
1453.996	22662.000
1454.143	22816.000
1454.290	22572.000
1454.437	22958.000
1454.584	22539.000
1454.731	22905.000
1454.878	22613.000
1455.024	22795.000
1455.171	22547.000
1455.318	22815.000
1455.465	22532.000
1455.612	22890.000
1455.759	22528.000
1455.905	22747.000
1456.052	22528.000
1456.199	22618.000
1456.346	22403.000
1456.492	22691.000
1456.639	22534.000
1456.786	22708.000
1456.932	22407.000
1457.079	22579.000
1457.226	22305.000
1457.372	22604.000
1457.519	22308.000
1457.665	22676.000
1457.812	22462.000
1457.959	22557.000
1458.105	22241.000
1458.252	22455.000
1458.398	22244.000
1458.545	22458.000
1458.691	22279.000
1458.838	22457.000
1458.984	22260.000
1459.131	22373.000
1459.277	22268.000
1459.423	22533.000
1459.570	22142.000
1459.716	22538.000
1459.863	22079.000
1460.009	22407.000
1460.155	22146.000
1460.302	22435.000
1460.448	22153.000
1460.594	22372.000
1460.741	22171.000
1460.887	22345.000
1461.033	22099.000
1461.179	22284.000
1461.326	22194.000
1461.472	22343.000
1461.618	22015.000
1461.764	22278.000
1461.910	22100.000
1462.056	22231.000
1462.203	22121.000
1462.349	22362.000
1462.495	22189.000
1462.641	22313.000
1462.787	22151.000
1462.933	22173.000
1463.079	22120.000
1463.225	22183.000
1463.371	22093.000
1463.517	22222.000
1463.663	22184.000
1463.809	22311.000
1463.955	22040.000
1464.101	22317.000
1464.247	22130.000
1464.393	22192.000
1464.539	22035.000
1464.684	22237.000
1464.830	22131.000
1464.976	22226.000
1465.122	21947.000
1465.268	22187.000
1465.414	21956.000
1465.559	22230.000
1465.705	22024.000
1465.851	22205.000
1465.997	22089.000
1466.142	22212.000
1466.288	22060.000
1466.434	22355.000
1466.579	22101.000
1466.725	22367.000
1466.871	21905.000
1467.016	22162.000
1467.162	21982.000
1467.308	22149.000
1467.453	21951.000
1467.599	22413.000
1467.744	22066.000
1467.890	22218.000
1468.035	22061.000
1468.181	22273.000
1468.326	22021.000
1468.472	22189.000
1468.617	22026.000
1468.763	22166.000
1468.908	22017.000
1469.054	22216.000
1469.199	22035.000
1469.344	22159.000
1469.490	22033.000
1469.635	22264.000
1469.780	22033.000
1469.926	22205.000
1470.071	22054.000
1470.216	22301.000
1470.362	21960.000
1470.507	22181.000
1470.652	22167.000
1470.797	22266.000
1470.943	21940.000
1471.088	22281.000
1471.233	22088.000
1471.378	22132.000
1471.523	22060.000
1471.668	22350.000
1471.814	22162.000
1471.959	22229.000
1472.104	22016.000
1472.249	22244.000
1472.394	21991.000
1472.539	22163.000
1472.684	21945.000
1472.829	22211.000
1472.974	22093.000
1473.119	22199.000
1473.264	21950.000
1473.409	21996.000
1473.554	22091.000
1473.699	22113.000
1473.844	21890.000
1473.989	22113.000
1474.134	22000.000
1474.279	22120.000
1474.423	21911.000
1474.568	22192.000
1474.713	21864.000
1474.858	22042.000
1475.003	21904.000
1475.147	22116.000
1475.292	21918.000
1475.437	22032.000
1475.582	22006.000
1475.726	22139.000
1475.871	21905.000
1476.016	22034.000
1476.161	21865.000
1476.305	22027.000
1476.450	21914.000
1476.594	21951.000
1476.739	21899.000
1476.884	22034.000
1477.028	21741.000
1477.173	22009.000
1477.317	21774.000
1477.462	21915.000
1477.606	21958.000
1477.751	21895.000
1477.895	21659.000
1478.040	21928.000
1478.184	21960.000
1478.329	21984.000
1478.473	21667.000
1478.618	21829.000
1478.762	21874.000
1478.907	21858.000
1479.051	21780.000
1479.195	21915.000
1479.340	21765.000
1479.484	21898.000
1479.628	21709.000
1479.773	21947.000
1479.917	21789.000
1480.061	21875.000
1480.205	21760.000
1480.350	21752.000
1480.494	21683.000
1480.638	21880.000
1480.782	21669.000
1480.926	21744.000
1481.071	21875.000
1481.215	21763.000
1481.359	21564.000
1481.503	21831.000
1481.647	21749.000
1481.791	21827.000
1481.935	21695.000
1482.079	21842.000
1482.223	21617.000
1482.367	21718.000
1482.511	21545.000
1482.655	21872.000
1482.799	21602.000
1482.943	21728.000
1483.087	21482.000
1483.231	21794.000
1483.375	21598.000
1483.519	21730.000
1483.663	21537.000
1483.807	21811.000
1483.951	21602.000
1484.095	21786.000
1484.238	21580.000
1484.382	21697.000
1484.526	21654.000
1484.670	21746.000
1484.814	21588.000
1484.957	21697.000
1485.101	21664.000
1485.245	21670.000
1485.389	21733.000
1485.532	21595.000
1485.676	21767.000
1485.820	21708.000
1485.963	21624.000
1486.107	21720.000
1486.250	21685.000
1486.394	21759.000
1486.538	21507.000
1486.681	21700.000
1486.825	21660.000
1486.968	21703.000
1487.112	21524.000
1487.255	21742.000
1487.399	21608.000
1487.542	21753.000
1487.686	21551.000
1487.829	21725.000
1487.973	21615.000
1488.116	21680.000
1488.260	21573.000
1488.403	20967.000
1488.546	21689.000
1488.690	21785.000
1488.833	21513.000
1488.976	21785.000
1489.120	21585.000
1489.263	21619.000
1489.406	21529.000
1489.550	21763.000
1489.693	21699.000
1489.836	21647.000
1489.979	21548.000
1490.123	21683.000
1490.266	21611.000
1490.409	21709.000
1490.552	21482.000
1490.695	21618.000
1490.838	21616.000
1490.981	21728.000
1491.125	21622.000
1491.268	21659.000
1491.411	21693.000
1491.554	21744.000
1491.697	21590.000
1491.840	21771.000
1491.983	21559.000
1492.126	21589.000
1492.269	21496.000
1492.412	21738.000
1492.555	21784.000
1492.698	21701.000
1492.841	21580.000
1492.984	21763.000
1493.126	21619.000
1493.269	21682.000
1493.412	21633.000
1493.555	21689.000
1493.698	21658.000
1493.841	21735.000
1493.984	21610.000
1494.126	21702.000
1494.269	21638.000
1494.412	21763.000
1494.555	21632.000
1494.697	21640.000
1494.840	21543.000
1494.983	21717.000
1495.125	21680.000
1495.268	21599.000
1495.411	21535.000
1495.553	21667.000
1495.696	21544.000
1495.839	21669.000
1495.981	21628.000
1496.124	21717.000
1496.266	21644.000
1496.409	21687.000
1496.551	21683.000
1496.694	21747.000
1496.836	21542.000
1496.979	21636.000
1497.121	21623.000
1497.264	21693.000
1497.406	21589.000
1497.549	21633.000
1497.691	21598.000
1497.834	21731.000
1497.976	21543.000
1498.118	21676.000
1498.261	21596.000
1498.403	21695.000
1498.545	21493.000
1498.688	21632.000
1498.830	21649.000
1498.972	21683.000
1499.114	21517.000
1499.257	21798.000
1499.399	21561.000
1499.541	21709.000
1499.683	21446.000
1499.826	21627.000
1499.968	21658.000
1500.110	21764.000
1500.252	21506.000
1500.394	21721.000
1500.536	21466.000
1500.678	21700.000
1500.820	21520.000
1500.962	21792.000
1501.104	21670.000
1501.247	21674.000
1501.389	21510.000
1501.531	21668.000
1501.673	21658.000
1501.815	21656.000
1501.956	21577.000
1502.098	21795.000
1502.240	21599.000
1502.382	21737.000
1502.524	21406.000
1502.666	21602.000
1502.808	21627.000
1502.950	21600.000
1503.092	21451.000
1503.233	21613.000
1503.375	21429.000
1503.517	21573.000
1503.659	21444.000
1503.801	21559.000
1503.942	21589.000
1504.084	21546.000
1504.226	21489.000
1504.367	21548.000
1504.509	21512.000
1504.651	21556.000
1504.792	21435.000
1504.934	21590.000
1505.076	21523.000
1505.217	21505.000
1505.359	21418.000
1505.501	21564.000
1505.642	21564.000
1505.784	21511.000
1505.925	21427.000
1506.067	21740.000
1506.208	21526.000
1506.350	21596.000
1506.491	21486.000
1506.633	21573.000
1506.774	21591.000
1506.915	21578.000
1507.057	21526.000
1507.198	21475.000
1507.340	21673.000
1507.481	21731.000
1507.622	21622.000
1507.764	21600.000
1507.905	21596.000
1508.046	21686.000
1508.188	21522.000
1508.329	21618.000
1508.470	21526.000
1508.611	21566.000
1508.753	21590.000
1508.894	21638.000
1509.035	21550.000
1509.176	21557.000
1509.317	21458.000
1509.459	21643.000
1509.600	21505.000
1509.741	21677.000
1509.882	21548.000
1510.023	21513.000
1510.164	21554.000
1510.305	21446.000
1510.446	21506.000
1510.587	21622.000
1510.728	21624.000
1510.869	21616.000
1511.010	21457.000
1511.151	21609.000
1511.292	21389.000
1511.433	21624.000
1511.574	21493.000
1511.715	21559.000
1511.856	21565.000
1511.997	21368.000
1512.138	21507.000
1512.279	21562.000
1512.419	21499.000
1512.560	21463.000
1512.701	21456.000
1512.842	21638.000
1512.983	21427.000
1513.123	21558.000
1513.264	21464.000
1513.405	21534.000
1513.546	21569.000
1513.686	21478.000
1513.827	21479.000
1513.968	21450.000
1514.108	21470.000
1514.249	21423.000
1514.390	21410.000
1514.530	21499.000
1514.671	21404.000
1514.811	21377.000
1514.952	21360.000
1515.093	21576.000
1515.233	21488.000
1515.374	21461.000
1515.514	21434.000
1515.655	21408.000
1515.795	21443.000
1515.936	21312.000
1516.076	21355.000
1516.216	21308.000
1516.357	21394.000
1516.497	21444.000
1516.638	21401.000
1516.778	21467.000
1516.918	21378.000
1517.059	21322.000
1517.199	21253.000
1517.339	21284.000
1517.480	21324.000
1517.620	21337.000
1517.760	21074.000
1517.900	21199.000
1518.041	21223.000
1518.181	21316.000
1518.321	21108.000
1518.461	21262.000
1518.601	21227.000
1518.742	21251.000
1518.882	21206.000
1519.022	21225.000
1519.162	21214.000
1519.302	21188.000
1519.442	21165.000
1519.582	21113.000
1519.722	21268.000
1519.862	21231.000
1520.002	21030.000
1520.142	21210.000
1520.282	21089.000
1520.422	21172.000
1520.562	20979.000
1520.702	21121.000
1520.842	21181.000
1520.982	21179.000
1521.122	21090.000
1521.262	21132.000
1521.402	21157.000
1521.542	21173.000
1521.682	20980.000
1521.821	21081.000
1521.961	21100.000
1522.101	21022.000
1522.241	21019.000
1522.380	21063.000
1522.520	21066.000
1522.660	21157.000
1522.800	20943.000
1522.939	21010.000
1523.079	21087.000
1523.219	21133.000
1523.358	21031.000
1523.498	21125.000
1523.638	21134.000
1523.777	21037.000
1523.917	21021.000
1524.057	21172.000
1524.196	21146.000
1524.336	21178.000
1524.475	21007.000
1524.615	21076.000
1524.754	21015.000
1524.894	21104.000
1525.033	21023.000
1525.173	21104.000
1525.312	21076.000
1525.452	21099.000
1525.591	21013.000
1525.730	21126.000
1525.870	21221.000
1526.009	21183.000
1526.148	21138.000
1526.288	21090.000
1526.427	21165.000
1526.566	21222.000
1526.706	21147.000
1526.845	21132.000
1526.984	21207.000
1527.124	21167.000
1527.263	21097.000
1527.402	21192.000
1527.541	21194.000
1527.680	21168.000
1527.820	21177.000
1527.959	21275.000
1528.098	21166.000
1528.237	21337.000
1528.376	21078.000
1528.515	21359.000
1528.654	21309.000
1528.793	21259.000
1528.933	21172.000
1529.072	21166.000
1529.211	21243.000
1529.350	21280.000
1529.489	21151.000
1529.628	21265.000
1529.767	21210.000
1529.905	21289.000
1530.044	21259.000
1530.183	21268.000
1530.322	21267.000
1530.461	21385.000
1530.600	21188.000
1530.739	21315.000
1530.878	21361.000
1531.017	21434.000
1531.155	21276.000
1531.294	21440.000
1531.433	21331.000
1531.572	21432.000
1531.710	21274.000
1531.849	21495.000
1531.988	21412.000
1532.127	21358.000
1532.265	21318.000
1532.404	21616.000
1532.543	21446.000
1532.681	21480.000
1532.820	21340.000
1532.959	21477.000
1533.097	21505.000
1533.236	21409.000
1533.374	21337.000
1533.513	21428.000
1533.651	21491.000
1533.790	22294.000
1533.929	21278.000
1534.067	21438.000
1534.205	21380.000
1534.344	21370.000
1534.482	21408.000
1534.621	21366.000
1534.759	21435.000
1534.898	21412.000
1535.036	21178.000
1535.174	21513.000
1535.313	21397.000
1535.451	21442.000
1535.589	21297.000
1535.728	21414.000
1535.866	21451.000
1536.004	21383.000
1536.143	21215.000
1536.281	21355.000
1536.419	21308.000
1536.557	21344.000
1536.696	21218.000
1536.834	21372.000
1536.972	21197.000
1537.110	21390.000
1537.248	21189.000
1537.386	21306.000
1537.525	21427.000
1537.663	21360.000
1537.801	21178.000
1537.939	21331.000
1538.077	21179.000
1538.215	21301.000
1538.353	21141.000
1538.491	21282.000
1538.629	21084.000
1538.767	21353.000
1538.905	21168.000
1539.043	21296.000
1539.181	21207.000
1539.319	21246.000
1539.457	21160.000
1539.595	21307.000
1539.732	21350.000
1539.870	21371.000
1540.008	21187.000
1540.146	21397.000
1540.284	21242.000
1540.422	21367.000
1540.559	21271.000
1540.697	21417.000
1540.835	21232.000
1540.973	21430.000
1541.110	21236.000
1541.248	21552.000
1541.386	21317.000
1541.523	21436.000
1541.661	21267.000
1541.799	21422.000
1541.936	21340.000
1542.074	21376.000
1542.212	21369.000
1542.349	21496.000
1542.487	21436.000
1542.624	21466.000
1542.762	21339.000
1542.899	21532.000
1543.037	21385.000
1543.174	21402.000
1543.312	21417.000
1543.449	21538.000
1543.587	21488.000
1543.724	21518.000
1543.862	21497.000
1543.999	21529.000
1544.137	21541.000
1544.274	21552.000
1544.411	21421.000
1544.549	21482.000
1544.686	21570.000
1544.823	21596.000
1544.961	21528.000
1545.098	21592.000
1545.235	21601.000
1545.372	21535.000
1545.510	21503.000
1545.647	21663.000
1545.784	21688.000
1545.921	21756.000
1546.058	21623.000
1546.196	21840.000
1546.333	21756.000
1546.470	21830.000
1546.607	21650.000
1546.744	21849.000
1546.881	21849.000
1547.018	21855.000
1547.155	21690.000
1547.292	21881.000
1547.429	21854.000
1547.567	21789.000
1547.704	21844.000
1547.841	21847.000
1547.977	21971.000
1548.114	22051.000
1548.251	21817.000
1548.388	21842.000
1548.525	21806.000
1548.662	21884.000
1548.799	21816.000
1548.936	21909.000
1549.073	21872.000
1549.210	21949.000
1549.346	21783.000
1549.483	21915.000
1549.620	21881.000
1549.757	21939.000
1549.893	21811.000
1550.030	21877.000
1550.167	21936.000
1550.304	21919.000
1550.440	21824.000
1550.577	21896.000
1550.714	21898.000
1550.850	21793.000
1550.987	21863.000
1551.124	21996.000
1551.260	21763.000
1551.397	21912.000
1551.533	21808.000
1551.670	21923.000
1551.807	21821.000
1551.943	21958.000
1552.080	21780.000
1552.216	21899.000
1552.353	21816.000
1552.489	21917.000
1552.626	21723.000
1552.762	21938.000
1552.898	21819.000
1553.035	21958.000
1553.171	21837.000
1553.308	21873.000
1553.444	21900.000
1553.580	22079.000
1553.717	21862.000
1553.853	22059.000
1553.989	21896.000
1554.126	21961.000
1554.262	21836.000
1554.398	19337.000
1554.534	21913.000
1554.671	21949.000
1554.807	21812.000
1554.943	21893.000
1555.079	21912.000
1555.215	21940.000
1555.352	21902.000
1555.488	21933.000
1555.624	21935.000
1555.760	21887.000
1555.896	21856.000
1556.032	21878.000
1556.168	21966.000
1556.304	22006.000
1556.440	21845.000
1556.576	21912.000
1556.712	21907.000
1556.848	21811.000
1556.984	21704.000
1557.120	21969.000
1557.256	21773.000
1557.392	21893.000
1557.528	21703.000
1557.664	21804.000
1557.800	21909.000
1557.936	21799.000
1558.071	21860.000
1558.207	21851.000
1558.343	21792.000
1558.479	21918.000
1558.615	21647.000
1558.751	21800.000
1558.886	21696.000
1559.022	21749.000
1559.158	21586.000
1559.293	21796.000
1559.429	21707.000
1559.565	21781.000
1559.701	21716.000
1559.836	21685.000
1559.972	21699.000
1560.107	21664.000
1560.243	21538.000
1560.379	21645.000
1560.514	21618.000
1560.650	21647.000
1560.785	21586.000
1560.921	21623.000
1561.056	21689.000
1561.192	21746.000
1561.327	21617.000
1561.463	21761.000
1561.598	21788.000
1561.734	21690.000
1561.869	21624.000
1562.005	21818.000
1562.140	21809.000
1562.275	21721.000
1562.411	21859.000
1562.546	28230.000
1562.682	21899.000
1562.817	21850.000
1562.952	21786.000
1563.087	21939.000
1563.223	21909.000
1563.358	21832.000
1563.493	21873.000
1563.628	22026.000
1563.764	22055.000
1563.899	22062.000
1564.034	21940.000
1564.169	22008.000
1564.304	22016.000
1564.440	22196.000
1564.575	22065.000
1564.710	22143.000
1564.845	22100.000
1564.980	22069.000
1565.115	22102.000
1565.250	22212.000
1565.385	22180.000
1565.520	22263.000
1565.655	22155.000
1565.790	22252.000
1565.925	22178.000
1566.060	22219.000
1566.195	22068.000
1566.330	22290.000
1566.465	22218.000
1566.600	22211.000
1566.735	22108.000
1566.870	22167.000
1567.004	22305.000
1567.139	22246.000
1567.274	22190.000
1567.409	22152.000
1567.544	22222.000
1567.678	22107.000
1567.813	22176.000
1567.948	22181.000
1568.083	22250.000
1568.217	22194.000
1568.352	22256.000
1568.487	22312.000
1568.622	22282.000
1568.756	22302.000
1568.891	22280.000
1569.025	22254.000
1569.160	22447.000
1569.295	22491.000
1569.429	22202.000
1569.564	22363.000
1569.698	22471.000
1569.833	22498.000
1569.967	22320.000
1570.102	22425.000
1570.236	22402.000
1570.371	22569.000
1570.505	22413.000
1570.640	22608.000
1570.774	22511.000
1570.909	22588.000
1571.043	22589.000
1571.177	22581.000
1571.312	22631.000
1571.446	22503.000
1571.581	22546.000
1571.715	22748.000
1571.849	22732.000
1571.983	22732.000
1572.118	22560.000
1572.252	22812.000
1572.386	22811.000
1572.521	22840.000
1572.655	22802.000
1572.789	22834.000
1572.923	22865.000
1573.057	22824.000
1573.191	22759.000
1573.326	22956.000
1573.460	22926.000
1573.594	22907.000
1573.728	22716.000
1573.862	22963.000
1573.996	23088.000
1574.130	23089.000
1574.264	22926.000
1574.398	23091.000
1574.532	22952.000
1574.666	23249.000
1574.800	23037.000
