1329.918	23811.000
1330.066	23214.000
1330.214	23776.000
1330.363	23249.000
1330.511	23721.000
1330.659	23288.000
1330.807	23736.000
1330.955	23185.000
1331.103	23647.000
1331.251	23149.000
1331.399	23573.000
1331.547	23192.000
1331.695	23623.000
1331.843	23072.000
1331.991	23600.000
1332.139	23237.000
1332.287	23495.000
1332.435	23121.000
1332.583	23603.000
1332.730	23184.000
1332.878	23511.000
1333.026	23045.000
1333.174	23701.000
1333.322	23063.000
1333.470	23514.000
1333.618	23002.000
1333.765	23536.000
1333.913	22938.000
1334.061	23406.000
1334.209	22970.000
1334.356	23535.000
1334.504	22999.000
1334.652	23442.000
1334.800	22937.000
1334.947	23407.000
1335.095	22859.000
1335.243	23445.000
1335.390	22786.000
1335.538	23408.000
1335.686	22892.000
1335.833	23396.000
1335.981	22908.000
1336.128	23309.000
1336.276	22882.000
1336.424	23223.000
1336.571	22838.000
1336.719	23387.000
1336.866	22694.000
1337.014	23248.000
1337.161	22796.000
1337.309	23292.000
1337.456	22632.000
1337.604	23358.000
1337.751	22738.000
1337.899	23217.000
1338.046	22699.000
1338.194	23126.000
1338.341	22679.000
1338.488	23098.000
1338.636	22540.000
1338.783	23079.000
1338.930	22545.000
1339.078	23024.000
1339.225	22542.000
1339.372	23057.000
1339.520	22548.000
1339.667	23000.000
1339.814	22334.000
1339.962	22998.000
1340.109	22512.000
1340.256	22923.000
1340.403	22380.000
1340.550	22914.000
1340.698	22494.000
1340.845	22868.000
1340.992	22352.000
1341.139	22779.000
1341.286	22357.000
1341.433	22741.000
1341.581	22440.000
1341.728	22720.000
1341.875	22386.000
1342.022	22793.000
1342.169	22192.000
1342.316	22606.000
1342.463	22198.000
1342.610	22586.000
1342.757	22107.000
1342.904	22576.000
1343.051	22109.000
1343.198	22537.000
1343.345	22087.000
1343.492	22601.000
1343.639	22104.000
1343.786	22652.000
1343.933	22057.000
1344.080	22555.000
1344.226	22092.000
1344.373	22592.000
1344.520	22111.000
1344.667	22475.000
1344.814	22022.000
1344.961	22455.000
1345.108	21875.000
1345.254	22409.000
1345.401	22113.000
1345.548	22396.000
1345.695	21984.000
1345.841	22343.000
1345.988	21902.000
1346.135	22264.000
1346.282	21879.000
1346.428	22123.000
1346.575	21883.000
1346.722	22109.000
1346.868	21666.000
1347.015	22231.000
1347.162	21762.000
1347.308	22234.000
1347.455	21789.000
1347.601	22176.000
1347.748	21921.000
1347.894	22249.000
1348.041	21964.000
1348.188	22311.000
1348.334	21979.000
1348.481	22143.000
1348.627	21833.000
1348.774	22282.000
1348.920	21833.000
1349.067	22127.000
1349.213	21719.000
1349.359	22171.000
1349.506	21783.000
1349.652	22142.000
1349.799	21726.000
1349.945	22229.000
1350.091	21901.000
1350.238	22170.000
1350.384	21789.000
1350.530	22137.000
1350.677	21830.000
1350.823	22107.000
1350.969	21522.000
1351.116	22005.000
1351.262	21721.000
1351.408	22081.000
1351.554	21638.000
1351.701	21904.000
1351.847	21649.000
1351.993	21923.000
1352.139	21519.000
1352.285	21835.000
1352.432	21673.000
1352.578	21860.000
1352.724	21700.000
1352.870	21977.000
1353.016	21733.000
1353.162	21904.000
1353.308	21350.000
1353.454	21659.000
1353.600	21137.000
1353.747	21400.000
1353.893	21165.000
1354.039	21397.000
1354.185	21111.000
1354.331	21424.000
1354.477	20967.000
1354.623	21322.000
1354.768	21113.000
1354.914	21391.000
1355.060	21251.000
1355.206	21497.000
1355.352	21278.000
1355.498	21731.000
1355.644	21426.000
1355.790	21674.000
1355.936	21446.000
1356.082	21456.000
1356.227	21254.000
1356.373	21509.000
1356.519	21263.000
1356.665	21440.000
1356.811	21190.000
1356.956	21396.000
1357.102	21259.000
1357.248	21542.000
1357.394	21269.000
1357.539	21625.000
1357.685	21383.000
1357.831	21527.000
1357.976	21229.000
1358.122	21403.000
1358.268	21134.000
1358.413	21222.000
1358.559	21032.000
1358.704	21146.000
1358.850	20937.000
1358.996	21106.000
1359.141	20995.000
1359.287	21343.000
1359.432	21002.000
1359.578	21446.000
1359.723	21006.000
1359.869	21237.000
1360.014	20938.000
1360.160	21143.000
1360.305	20835.000
1360.451	20869.000
1360.596	20651.000
1360.742	20681.000
1360.887	20443.000
1361.032	20502.000
1361.178	20391.000
1361.323	20344.000
1361.469	19958.000
1361.614	20133.000
1361.759	20014.000
1361.905	20285.000
1362.050	20377.000
1362.195	20768.000
1362.341	20876.000
1362.486	21245.000
1362.631	21301.000
1362.776	21531.000
1362.922	21591.000
1363.067	21650.000
1363.212	21517.000
1363.357	21518.000
1363.502	21376.000
1363.648	21229.000
1363.793	20741.000
1363.938	20818.000
1364.083	20569.000
1364.228	20591.000
1364.373	20437.000
1364.518	20548.000
1364.663	20453.000
1364.808	20667.000
1364.954	20658.000
1365.099	21079.000
1365.244	21044.000
1365.389	21309.000
1365.534	21233.000
1365.679	21547.000
1365.824	21566.000
1365.969	21701.000
1366.113	21556.000
1366.258	21842.000
1366.403	21505.000
1366.548	21638.000
1366.693	21165.000
1366.838	21235.000
1366.983	20963.000
1367.128	20960.000
1367.273	20868.000
1367.417	21219.000
1367.562	20871.000
1367.707	20896.000
1367.852	20671.000
1367.997	20917.000
1368.141	20693.000
1368.286	21006.000
1368.431	21032.000
1368.576	21272.000
1368.720	21192.000
1368.865	21446.000
1369.010	21403.000
1369.154	21561.000
1369.299	21390.000
1369.444	21606.000
1369.588	21400.000
1369.733	21599.000
1369.878	21393.000
1370.022	21545.000
1370.167	21067.000
1370.311	21206.000
1370.456	21168.000
1370.601	21262.000
1370.745	20968.000
1370.890	21298.000
1371.034	21065.000
1371.179	21149.000
1371.323	21147.000
1371.468	21454.000
1371.612	21353.000
1371.757	21417.000
1371.901	21292.000
1372.045	21531.000
1372.190	21348.000
1372.334	21503.000
1372.479	21299.000
1372.623	21636.000
1372.767	21563.000
1372.912	21749.000
1373.056	21583.000
1373.200	21673.000
1373.345	21734.000
1373.489	21738.000
1373.633	21591.000
1373.777	21773.000
1373.922	21705.000
1374.066	21815.000
1374.210	21560.000
1374.354	21780.000
1374.499	21380.000
1374.643	21545.000
1374.787	21442.000
1374.931	21604.000
1375.075	21453.000
1375.219	21532.000
1375.364	21567.000
1375.508	21683.000
1375.652	21526.000
1375.796	21637.000
1375.940	21509.000
1376.084	21660.000
1376.228	21494.000
1376.372	21438.000
1376.516	21253.000
1376.660	21329.000
1376.804	21057.000
1376.948	21264.000
1377.092	21130.000
1377.236	21225.000
1377.380	21314.000
1377.524	21283.000
1377.668	21135.000
1377.812	21501.000
1377.956	21578.000
1378.099	21536.000
1378.243	21158.000
1378.387	21133.000
1378.531	21001.000
1378.675	20929.000
1378.819	20879.000
1378.962	20946.000
1379.106	20825.000
1379.250	20968.000
1379.394	21035.000
1379.538	21305.000
1379.681	21331.000
1379.825	21375.000
1379.969	21190.000
1380.112	21050.000
1380.256	20710.000
1380.400	20589.000
1380.543	20162.000
1380.687	20013.000
1380.831	20011.000
1380.974	19837.000
1381.118	19817.000
1381.262	20122.000
1381.405	20266.000
1381.549	20554.000
1381.692	20735.000
1381.836	21026.000
1381.979	20859.000
1382.123	20835.000
1382.266	20539.000
1382.410	20524.000
1382.553	19914.000
1382.697	19802.000
1382.840	19528.000
1382.984	19684.000
1383.127	19607.000
1383.271	19780.000
1383.414	19764.000
1383.557	20105.000
1383.701	20194.000
1383.844	20492.000
1383.987	20555.000
1384.131	20699.000
1384.274	20723.000
1384.417	20822.000
1384.561	20768.000
1384.704	20858.000
1384.847	20789.000
1384.990	20731.000
1385.134	20833.000
1385.277	20577.000
1385.420	20722.000
1385.563	20612.000
1385.707	20568.000
1385.850	20634.000
1385.993	20755.000
1386.136	20915.000
1386.279	20771.000
1386.422	20950.000
1386.565	20999.000
1386.709	21047.000
1386.852	20948.000
1386.995	21235.000
1387.138	21193.000
1387.281	21342.000
1387.424	21202.000
1387.567	21358.000
1387.710	21199.000
1387.853	21045.000
1387.996	20832.000
1388.139	20034.000
1388.282	20647.000
1388.425	20575.000
1388.568	20345.000
1388.711	20583.000
1388.854	20480.000
1388.997	20665.000
1389.139	20779.000
1389.282	21152.000
1389.425	21268.000
1389.568	21317.000
1389.711	21278.000
1389.854	21347.000
1389.996	21334.000
1390.139	21309.000
1390.282	21201.000
1390.425	21323.000
1390.568	21338.000
1390.710	21380.000
1390.853	21276.000
1390.996	21359.000
1391.138	21479.000
1391.281	21554.000
1391.424	21452.000
1391.566	21560.000
1391.709	21426.000
1391.852	21406.000
1391.994	21353.000
1392.137	21471.000
1392.280	21415.000
1392.422	21072.000
1392.565	20829.000
1392.707	20685.000
1392.850	20605.000
1392.992	20556.000
1393.135	20596.000
1393.277	20685.000
1393.420	20874.000
1393.562	21053.000
1393.705	21186.000
1393.847	21426.000
1393.990	21632.000
1394.132	21734.000
1394.275	21658.000
1394.417	21685.000
1394.560	21591.000
1394.702	21611.000
1394.844	21551.000
1394.987	21347.000
1395.129	21135.000
1395.271	21098.000
1395.414	20887.000
1395.556	20917.000
1395.698	20766.000
1395.840	20752.000
1395.983	20751.000
1396.125	20726.000
1396.267	20905.000
1396.409	20942.000
1396.552	20731.000
1396.694	20709.000
1396.836	20751.000
1396.978	20842.000
1397.120	20841.000
1397.263	20815.000
1397.405	20921.000
1397.547	21114.000
1397.689	21095.000
1397.831	21379.000
1397.973	21523.000
1398.115	21754.000
1398.257	21659.000
1398.399	21811.000
1398.541	21895.000
1398.683	21903.000
1398.825	21899.000
1398.967	22025.000
1399.109	21882.000
1399.251	22016.000
1399.393	21765.000
1399.535	21875.000
1399.677	21821.000
1399.819	21772.000
1399.961	21514.000
1400.103	21458.000
1400.245	21227.000
1400.387	21320.000
1400.528	21140.000
1400.670	21216.000
1400.812	21081.000
1400.954	20959.000
1401.096	20889.000
1401.238	20898.000
1401.379	20914.000
1401.521	20915.000
1401.663	20896.000
1401.805	21078.000
1401.946	21083.000
1402.088	21248.000
1402.230	21204.000
1402.371	21539.000
1402.513	21696.000
1402.655	21660.000
1402.796	21700.000
1402.938	21851.000
1403.080	21925.000
1403.221	22047.000
1403.363	21989.000
1403.504	22106.000
1403.646	22189.000
1403.788	22008.000
1403.929	22073.000
1404.071	22081.000
1404.212	22060.000
1404.354	22042.000
1404.495	21961.000
1404.637	21981.000
1404.778	22017.000
1404.919	21864.000
1405.061	21741.000
1405.202	21623.000
1405.344	21397.000
1405.485	21161.000
1405.627	21110.000
1405.768	21273.000
1405.909	21185.000
1406.051	21248.000
1406.192	21339.000
1406.333	21463.000
1406.475	21779.000
1406.616	22004.000
1406.757	22129.000
1406.898	22116.000
1407.040	22395.000
1407.181	22290.000
1407.322	22202.000
1407.463	22012.000
1407.605	21960.000
1407.746	21827.000
1407.887	21601.000
1408.028	21569.000
1408.169	21538.000
1408.310	21593.000
1408.452	21751.000
1408.593	21861.000
1408.734	21970.000
1408.875	22063.000
1409.016	22175.000
1409.157	22367.000
1409.298	22359.000
1409.439	22304.000
1409.580	22179.000
1409.721	21991.000
1409.862	21976.000
1410.003	21682.000
1410.144	21647.000
1410.285	21584.000
1410.426	21668.000
1410.567	21630.000
1410.708	21625.000
1410.849	21773.000
1410.990	21841.000
1411.131	22144.000
1411.271	22225.000
1411.412	22339.000
1411.553	22426.000
1411.694	22301.000
1411.835	22433.000
1411.976	22454.000
1412.116	22450.000
1412.257	22355.000
1412.398	22470.000
1412.539	22568.000
1412.680	22393.000
1412.820	22424.000
1412.961	22398.000
1413.102	22390.000
1413.242	22466.000
1413.383	22381.000
1413.524	22460.000
1413.664	22369.000
1413.805	22517.000
1413.946	22408.000
1414.086	22482.000
1414.227	22560.000
1414.367	22458.000
1414.508	22333.000
1414.649	22282.000
1414.789	22249.000
1414.930	22194.000
1415.070	22038.000
1415.211	21973.000
1415.351	21815.000
1415.492	21944.000
1415.632	21801.000
1415.773	21963.000
1415.913	21958.000
1416.053	22182.000
1416.194	22294.000
1416.334	22410.000
1416.475	22475.000
1416.615	22557.000
1416.755	22505.000
1416.896	22525.000
1417.036	22523.000
1417.176	22630.000
1417.317	22667.000
1417.457	22485.000
1417.597	22474.000
1417.738	22600.000
1417.878	22619.000
1418.018	22445.000
1418.158	22497.000
1418.299	22504.000
1418.439	22472.000
1418.579	22449.000
1418.719	22399.000
1418.859	22484.000
1419.000	22394.000
1419.140	22464.000
1419.280	22400.000
1419.420	22572.000
1419.560	22359.000
1419.700	22222.000
1419.840	22299.000
1419.980	22195.000
1420.120	22112.000
1420.260	21975.000
1420.400	22081.000
1420.540	22246.000
1420.680	22209.000
1420.820	22256.000
1420.960	22296.000
1421.100	22430.000
1421.240	22395.000
1421.380	22318.000
1421.520	22409.000
1421.660	22543.000
1421.800	22416.000
1421.940	22476.000
1422.080	22475.000
1422.220	22562.000
1422.360	22594.000
1422.499	22456.000
1422.639	22542.000
1422.779	22670.000
1422.919	22657.000
1423.059	22654.000
1423.198	22665.000
1423.338	22788.000
1423.478	22618.000
1423.618	22649.000
1423.757	22764.000
1423.897	22754.000
1424.037	22675.000
1424.176	22564.000
1424.316	22514.000
1424.456	22503.000
1424.595	22455.000
1424.735	22408.000
1424.875	22385.000
1425.014	22470.000
1425.154	22476.000
1425.293	22421.000
1425.433	22587.000
1425.573	22796.000
1425.712	22723.000
1425.852	22799.000
1425.991	22696.000
1426.131	22909.000
1426.270	22809.000
1426.410	22813.000
1426.549	22738.000
1426.689	22871.000
1426.828	22770.000
1426.967	22728.000
1427.107	22748.000
1427.246	22936.000
1427.386	22812.000
1427.525	22911.000
1427.664	22963.000
1427.804	22953.000
1427.943	23042.000
1428.082	22824.000
1428.222	23029.000
1428.361	23060.000
1428.500	22935.000
1428.640	22879.000
1428.779	22812.000
1428.918	22895.000
1429.057	22835.000
1429.196	22811.000
1429.336	22877.000
1429.475	22913.000
1429.614	22876.000
1429.753	22936.000
1429.892	22860.000
1430.032	22990.000
1430.171	23092.000
1430.310	22984.000
1430.449	22975.000
1430.588	23125.000
1430.727	23167.000
1430.866	23109.000
1431.005	23171.000
1431.144	23142.000
1431.283	23172.000
1431.422	23091.000
1431.561	23212.000
1431.700	23245.000
1431.839	23126.000
1431.978	23115.000
1432.117	23234.000
1432.256	23136.000
1432.395	23060.000
1432.534	22933.000
1432.673	22968.000
1432.812	23145.000
1432.951	22909.000
1433.089	22938.000
1433.228	22983.000
1433.367	23096.000
1433.506	23824.000
1433.645	22951.000
1433.783	23029.000
1433.922	23135.000
1434.061	23044.000
1434.200	23205.000
1434.339	23211.000
1434.477	23381.000
1434.616	23249.000
1434.755	23120.000
1434.893	23295.000
1435.032	23247.000
1435.171	23137.000
1435.309	23094.000
1435.448	23090.000
1435.587	23255.000
1435.725	23076.000
1435.864	23006.000
1436.002	23059.000
1436.141	23162.000
1436.280	23114.000
1436.418	23172.000
1436.557	23258.000
1436.695	23209.000
1436.834	23244.000
1436.972	23131.000
1437.111	23121.000
1437.249	23355.000
1437.388	23274.000
1437.526	23164.000
1437.664	23203.000
1437.803	23131.000
1437.941	23242.000
1438.080	23125.000
1438.218	23178.000
1438.356	23043.000
1438.495	23147.000
1438.633	23003.000
1438.771	23015.000
1438.910	22997.000
1439.048	22902.000
1439.186	23006.000
1439.325	23101.000
1439.463	23241.000
1439.601	23217.000
1439.739	23164.000
1439.878	23362.000
1440.016	23330.000
1440.154	23290.000
1440.292	23216.000
1440.430	23254.000
1440.569	23203.000
1440.707	23257.000
1440.845	23162.000
1440.983	23381.000
1441.121	23229.000
1441.259	23322.000
1441.397	23246.000
1441.535	23364.000
1441.673	23348.000
1441.811	23287.000
1441.949	23371.000
1442.087	23336.000
1442.225	23371.000
1442.363	23281.000
1442.501	23235.000
1442.639	23270.000
1442.777	23228.000
1442.915	23177.000
1443.053	23327.000
1443.191	23340.000
1443.329	23447.000
1443.467	23392.000
1443.605	23472.000
1443.743	23382.000
1443.881	23431.000
1444.018	23332.000
1444.156	23325.000
1444.294	23305.000
1444.432	23488.000
1444.570	23360.000
1444.707	23500.000
1444.845	23411.000
1444.983	23604.000
1445.121	23434.000
1445.258	23477.000
1445.396	23511.000
1445.534	23637.000
1445.671	23594.000
1445.809	23504.000
1445.947	23636.000
1446.084	23700.000
1446.222	23603.000
1446.360	23427.000
1446.497	23414.000
1446.635	23479.000
1446.772	23308.000
1446.910	23189.000
1447.048	23357.000
1447.185	23449.000
1447.323	23285.000
1447.460	23478.000
1447.598	23504.000
1447.735	23778.000
1447.873	23792.000
1448.010	23666.000
1448.147	23601.000
1448.285	23692.000
1448.422	23629.000
1448.560	23739.000
1448.697	23656.000
1448.835	23776.000
1448.972	23715.000
1449.109	23652.000
1449.247	23721.000
1449.384	23768.000
1449.521	23803.000
1449.659	23772.000
1449.796	23726.000
1449.933	23859.000
1450.070	23726.000
1450.208	23774.000
1450.345	23712.000
1450.482	23841.000
1450.619	23545.000
1450.757	23752.000
1450.894	23777.000
1451.031	23601.000
1451.168	23564.000
1451.305	23574.000
1451.442	23507.000
1451.580	23509.000
1451.717	23433.000
1451.854	23397.000
1451.991	23414.000
1452.128	23467.000
1452.265	23446.000
1452.402	23402.000
1452.539	23589.000
1452.676	23627.000
1452.813	23693.000
1452.950	23633.000
1453.087	23599.000
1453.224	23739.000
1453.361	23745.000
1453.498	23687.000
1453.635	23727.000
1453.772	23746.000
1453.909	23663.000
1454.046	23685.000
1454.183	20997.000
1454.319	23741.000
1454.456	23731.000
1454.593	23654.000
1454.730	23651.000
1454.867	23807.000
1455.004	23635.000
1455.140	23696.000
1455.277	23665.000
1455.414	23752.000
1455.551	23588.000
1455.687	23679.000
1455.824	23523.000
1455.961	23734.000
1456.098	23531.000
1456.234	23517.000
1456.371	23474.000
1456.508	23601.000
1456.644	23405.000
1456.781	23418.000
1456.917	23572.000
1457.054	23491.000
1457.191	23542.000
1457.327	23492.000
1457.464	23481.000
1457.600	23716.000
1457.737	23512.000
1457.873	23605.000
1458.010	23594.000
1458.146	23621.000
1458.283	23566.000
1458.419	23436.000
1458.556	23481.000
1458.692	23505.000
1458.829	23470.000
1458.965	23369.000
1459.102	23550.000
1459.238	23596.000
1459.374	23522.000
1459.511	23604.000
1459.647	23444.000
1459.784	23603.000
1459.920	23448.000
1460.056	23464.000
1460.193	23469.000
1460.329	23531.000
1460.465	23462.000
1460.601	23468.000
1460.738	23386.000
1460.874	23534.000
1461.010	23456.000
1461.146	23420.000
1461.283	23417.000
1461.419	23582.000
1461.555	23399.000
1461.691	23398.000
1461.827	23478.000
1461.963	23541.000
1462.100	23355.000
1462.236	23630.000
1462.372	30364.000
1462.508	23684.000
1462.644	23531.000
1462.780	23543.000
1462.916	23615.000
1463.052	23607.000
1463.188	23513.000
1463.324	23657.000
1463.460	23681.000
1463.596	23785.000
1463.732	23692.000
1463.868	23583.000
1464.004	23570.000
1464.140	23647.000
1464.276	23695.000
1464.412	23659.000
1464.548	23666.000
1464.684	23768.000
1464.820	23594.000
1464.955	23776.000
1465.091	23763.000
1465.227	23889.000
1465.363	23787.000
1465.499	23826.000
1465.635	23733.000
1465.770	23793.000
1465.906	23699.000
1466.042	23597.000
1466.178	23748.000
1466.313	23796.000
1466.449	23631.000
1466.585	23672.000
1466.720	23593.000
1466.856	23864.000
1466.992	23658.000
1467.127	23738.000
1467.263	23592.000
1467.399	23755.000
1467.534	23481.000
1467.670	23639.000
1467.806	23528.000
1467.941	23762.000
1468.077	23535.000
1468.212	23744.000
1468.348	23658.000
1468.483	23719.000
1468.619	23623.000
1468.754	23734.000
1468.890	23558.000
1469.025	23940.000
1469.161	23747.000
1469.296	23636.000
1469.432	23697.000
1469.567	23873.000
1469.702	23815.000
1469.838	23748.000
1469.973	23684.000
1470.109	23819.000
1470.244	23730.000
1470.379	23674.000
1470.515	23741.000
1470.650	23798.000
1470.785	23700.000
1470.921	23770.000
1471.056	23654.000
1471.191	23786.000
1471.326	23550.000
1471.462	23696.000
1471.597	23724.000
1471.732	23875.000
1471.867	23708.000
1472.003	23637.000
1472.138	23785.000
1472.273	23946.000
1472.408	23812.000
1472.543	23912.000
1472.678	23827.000
1472.813	23972.000
1472.948	23749.000
1473.084	23758.000
1473.219	23842.000
1473.354	23938.000
1473.489	23808.000
1473.624	23747.000
1473.759	23825.000
1473.894	24144.000
1474.029	23963.000
1474.164	23927.000
1474.299	24016.000
1474.434	23975.000
1474.569	24067.000
1474.704	24027.000
