929.762	22331.000
929.906	21746.000
930.049	22254.000
930.193	21755.000
930.337	22212.000
930.481	21792.000
930.625	22221.000
930.769	21685.000
930.913	22206.000
931.057	21665.000
931.201	22073.000
931.345	21730.000
931.488	22146.000
931.632	21590.000
931.776	22187.000
931.920	21808.000
932.064	22090.000
932.208	21705.000
932.352	22192.000
932.495	21696.000
932.639	22151.000
932.783	21607.000
932.927	22315.000
933.071	21641.000
933.215	22082.000
933.359	21569.000
933.502	22149.000
933.646	21541.000
933.790	22037.000
933.934	21584.000
934.078	22118.000
934.221	21589.000
934.365	22113.000
934.509	21612.000
934.653	22026.000
934.797	21537.000
934.940	22114.000
935.084	21416.000
935.228	22110.000
935.372	21544.000
935.515	22100.000
935.659	21573.000
935.803	22038.000
935.947	21603.000
936.090	21959.000
936.234	21536.000
936.378	22050.000
936.522	21463.000
936.665	22019.000
936.809	21482.000
936.953	22031.000
937.097	21388.000
937.240	22128.000
937.384	21484.000
937.528	22059.000
937.671	21473.000
937.815	21969.000
937.959	21497.000
938.102	21921.000
938.246	21342.000
938.390	21919.000
938.534	21353.000
938.677	21884.000
938.821	21339.000
938.965	21866.000
939.108	21370.000
939.252	21898.000
939.396	21144.000
939.539	21853.000
939.683	21335.000
939.826	21817.000
939.970	21239.000
940.114	21794.000
940.257	21319.000
940.401	21666.000
940.545	21201.000
940.688	21605.000
940.832	21154.000
940.975	21621.000
941.119	21226.000
941.263	21592.000
941.406	21225.000
941.550	21653.000
941.693	21029.000
941.837	21444.000
941.981	21003.000
942.124	21485.000
942.268	20970.000
942.411	21443.000
942.555	20957.000
942.698	21427.000
942.842	20959.000
942.986	21391.000
943.129	20896.000
943.273	21422.000
943.416	20870.000
943.560	21367.000
943.703	20892.000
943.847	21396.000
943.990	20898.000
944.134	21331.000
944.277	20846.000
944.421	21289.000
944.564	20754.000
944.708	21282.000
944.851	20907.000
944.995	21207.000
945.138	20842.000
945.282	21249.000
945.425	20807.000
945.569	21193.000
945.712	20858.000
945.856	21118.000
945.999	20920.000
946.143	21184.000
946.286	20679.000
946.430	21283.000
946.573	20729.000
946.716	21179.000
946.860	20757.000
947.003	21134.000
947.147	20831.000
947.290	21114.000
947.434	20757.000
947.577	21114.000
947.720	20733.000
947.864	20963.000
948.007	20655.000
948.151	21240.000
948.294	20754.000
948.437	21111.000
948.581	20714.000
948.724	21164.000
948.868	20724.000
949.011	21129.000
949.154	20661.000
949.298	21132.000
949.441	20726.000
949.584	21098.000
949.728	20687.000
949.871	21067.000
950.015	20719.000
950.158	21133.000
950.301	20571.000
950.445	21094.000
950.588	20719.000
950.731	21136.000
950.875	20631.000
951.018	20983.000
951.161	20652.000
951.304	21035.000
951.448	20506.000
951.591	20840.000
951.734	20633.000
951.878	20869.000
952.021	20651.000
952.164	21008.000
952.308	20642.000
952.451	20957.000
952.594	20490.000
952.737	20879.000
952.881	20488.000
953.024	20835.000
953.167	20542.000
953.310	20796.000
953.454	20489.000
953.597	20837.000
953.740	20451.000
953.883	20812.000
954.027	20525.000
954.170	20751.000
954.313	20450.000
954.456	20765.000
954.600	20403.000
954.743	20863.000
954.886	20442.000
955.029	20683.000
955.172	20439.000
955.316	20538.000
955.459	20313.000
955.602	20653.000
955.745	20432.000
955.888	20633.000
956.032	20314.000
956.175	20539.000
956.318	20273.000
956.461	20564.000
956.604	20263.000
956.747	20620.000
956.890	20337.000
957.034	20535.000
957.177	20193.000
957.320	20441.000
957.463	20224.000
957.606	20428.000
957.749	20219.000
957.892	20417.000
958.036	20181.000
958.179	20323.000
958.322	20202.000
958.465	20529.000
958.608	20084.000
958.751	20477.000
958.894	20026.000
959.037	20380.000
959.180	20085.000
959.323	20407.000
959.467	20160.000
959.610	20327.000
959.753	20136.000
959.896	20287.000
960.039	20089.000
960.182	20260.000
960.325	20130.000
960.468	20309.000
960.611	20026.000
960.754	20275.000
960.897	20060.000
961.040	20208.000
961.183	20055.000
961.326	20345.000
961.469	20130.000
961.612	20265.000
961.755	20095.000
961.898	20133.000
962.041	20093.000
962.184	20185.000
962.327	20084.000
962.470	20218.000
962.613	20205.000
962.756	20330.000
962.899	20036.000
963.042	20306.000
963.185	20107.000
963.328	20189.000
963.471	20052.000
963.614	20238.000
963.757	20049.000
963.900	20251.000
964.043	19964.000
964.186	20213.000
964.329	20000.000
964.472	20191.000
964.615	20031.000
964.758	20264.000
964.900	20119.000
965.043	20230.000
965.186	20115.000
965.329	20445.000
965.472	20154.000
965.615	20392.000
965.758	20012.000
965.901	20218.000
966.044	20015.000
966.187	20203.000
966.329	20047.000
966.472	20469.000
966.615	20153.000
966.758	20273.000
966.901	20125.000
967.044	20438.000
967.187	20071.000
967.330	20288.000
967.472	20100.000
967.615	20322.000
967.758	20144.000
967.901	20316.000
968.044	20168.000
968.187	20283.000
968.329	20124.000
968.472	20422.000
968.615	20156.000
968.758	20360.000
968.901	20202.000
969.043	20486.000
969.186	20068.000
969.329	20365.000
969.472	20326.000
969.615	20434.000
969.757	20105.000
969.900	20520.000
970.043	20227.000
970.186	20349.000
970.328	20275.000
970.471	20524.000
970.614	20326.000
970.757	20468.000
970.899	20225.000
971.042	20544.000
971.185	20267.000
971.328	20430.000
971.470	20195.000
971.613	20516.000
971.756	20322.000
971.899	20527.000
972.041	20263.000
972.184	20363.000
972.327	20456.000
972.469	20415.000
972.612	20250.000
972.755	20475.000
972.898	20345.000
973.040	20499.000
973.183	20246.000
973.326	20571.000
973.468	20218.000
973.611	20484.000
973.754	20320.000
973.896	20540.000
974.039	20356.000
974.182	20433.000
974.324	20507.000
974.467	20594.000
974.610	20368.000
974.752	20498.000
974.895	20388.000
975.037	20527.000
975.180	20441.000
975.323	20455.000
975.465	20402.000
975.608	20504.000
975.751	20280.000
975.893	20550.000
976.036	20363.000
976.178	20456.000
976.321	20540.000
976.464	20487.000
976.606	20243.000
976.749	20531.000
976.891	20523.000
977.034	20570.000
977.176	20355.000
977.319	20507.000
977.462	20515.000
977.604	20528.000
977.747	20448.000
977.889	20565.000
978.032	20476.000
978.174	20588.000
978.317	20492.000
978.459	20723.000
978.602	20573.000
978.744	20670.000
978.887	20570.000
979.029	20564.000
979.172	20497.000
979.314	20718.000
979.457	20517.000
979.599	20590.000
979.742	20696.000
979.884	20626.000
980.027	20491.000
980.169	20723.000
980.312	20630.000
980.454	20769.000
980.597	20677.000
980.739	20800.000
980.882	20604.000
981.024	20742.000
981.167	20568.000
981.309	20917.000
981.452	20593.000
981.594	20814.000
981.736	20562.000
981.879	20858.000
982.021	20752.000
982.164	20896.000
982.306	20635.000
982.449	20898.000
982.591	20746.000
982.733	20916.000
982.876	20786.000
983.018	20960.000
983.161	20892.000
983.303	20973.000
983.445	20848.000
983.588	21016.000
983.730	21005.000
983.873	21018.000
984.015	21091.000
984.157	20955.000
984.300	21127.000
984.442	21106.000
984.584	21019.000
984.727	21142.000
984.869	21149.000
985.011	21263.000
985.154	20981.000
985.296	21189.000
985.438	21174.000
985.581	21218.000
985.723	21070.000
985.865	21296.000
986.008	21192.000
986.150	21318.000
986.292	21148.000
986.435	21360.000
986.577	21255.000
986.719	21304.000
986.861	21229.000
987.004	20710.000
987.146	21416.000
987.288	21459.000
987.431	21287.000
987.573	21543.000
987.715	21352.000
987.857	21440.000
988.000	21326.000
988.142	21583.000
988.284	21499.000
988.426	21508.000
988.569	21382.000
988.711	21572.000
988.853	21494.000
988.995	21600.000
989.138	21427.000
989.280	21576.000
989.422	21573.000
989.564	21712.000
989.706	21596.000
989.849	21684.000
989.991	21672.000
990.133	21772.000
990.275	21650.000
990.417	21809.000
990.560	21664.000
990.702	21655.000
990.844	21618.000
990.986	21861.000
991.128	21951.000
991.270	21856.000
991.413	21798.000
991.555	21950.000
991.697	21850.000
991.839	21967.000
991.981	21897.000
992.123	21971.000
992.265	21926.000
992.408	22058.000
992.550	21966.000
992.692	22088.000
992.834	22023.000
992.976	22194.000
993.118	22032.000
993.260	22153.000
993.402	22050.000
993.544	22183.000
993.687	22163.000
993.829	22161.000
993.971	22065.000
994.113	22244.000
994.255	22065.000
994.397	22308.000
994.539	22198.000
994.681	22358.000
994.823	22246.000
994.965	22372.000
995.107	22403.000
995.249	22500.000
995.391	22276.000
995.533	22464.000
995.675	22387.000
995.817	22573.000
995.959	22434.000
996.101	22465.000
996.243	22495.000
996.385	22669.000
996.527	22471.000
996.669	22604.000
996.811	22532.000
996.953	22690.000
997.095	22508.000
997.237	22694.000
997.379	22673.000
997.521	22777.000
997.663	22645.000
997.805	22932.000
997.947	22710.000
998.089	22893.000
998.231	22626.000
998.373	22857.000
998.515	22915.000
998.657	23011.000
998.799	22811.000
998.941	23010.000
999.083	22724.000
999.225	23007.000
999.367	22872.000
999.509	23140.000
999.651	23025.000
999.793	23095.000
999.934	23005.000
1000.076	23091.000
1000.218	23106.000
1000.360	23204.000
1000.502	23083.000
1000.644	23330.000
1000.786	23205.000
1000.928	23345.000
1001.070	23069.000
1001.212	23255.000
1001.353	23273.000
1001.495	23300.000
1001.637	23189.000
1001.779	23352.000
1001.921	23190.000
1002.063	23367.000
1002.205	23236.000
1002.346	23487.000
1002.488	23407.000
1002.630	23423.000
1002.772	23408.000
1002.914	23500.000
1003.055	23420.000
1003.197	23533.000
1003.339	23411.000
1003.481	23577.000
1003.623	23574.000
1003.765	23628.000
1003.906	23491.000
1004.048	23696.000
1004.190	23674.000
1004.332	23700.000
1004.473	23614.000
1004.615	23932.000
1004.757	23753.000
1004.899	23864.000
1005.041	23778.000
1005.182	23857.000
1005.324	23875.000
1005.466	23941.000
1005.608	23841.000
1005.749	23861.000
1005.891	24070.000
1006.033	24146.000
1006.175	24020.000
1006.316	24084.000
1006.458	24066.000
1006.600	24240.000
1006.741	24107.000
1006.883	24215.000
1007.025	24116.000
1007.167	24237.000
1007.308	24242.000
1007.450	24333.000
1007.592	24254.000
1007.733	24328.000
1007.875	24164.000
1008.017	24440.000
1008.158	24324.000
1008.300	24450.000
1008.442	24370.000
1008.583	24404.000
1008.725	24439.000
1008.867	24426.000
1009.008	24405.000
1009.150	24571.000
1009.292	24593.000
1009.433	24649.000
1009.575	24474.000
1009.716	24673.000
1009.858	24431.000
1010.000	24729.000
1010.141	24565.000
1010.283	24720.000
1010.425	24670.000
1010.566	24572.000
1010.708	24633.000
1010.849	24792.000
1010.991	24687.000
1011.132	24720.000
1011.274	24722.000
1011.416	24926.000
1011.557	24743.000
1011.699	24898.000
1011.840	24808.000
1011.982	24876.000
1012.123	24885.000
1012.265	24897.000
1012.407	24894.000
1012.548	24880.000
1012.690	24915.000
1012.831	24899.000
1012.973	24880.000
1013.114	25110.000
1013.256	25244.000
1013.397	25799.000
1013.539	26241.000
1013.680	26918.000
1013.822	27026.000
1013.963	27255.000
1014.105	27245.000
1014.246	27267.000
1014.388	27357.000
1014.529	27064.000
1014.671	26631.000
1014.812	26151.000
1014.954	25668.000
1015.095	25576.000
1015.237	25321.000
1015.378	25334.000
1015.520	25227.000
1015.661	25170.000
1015.803	25088.000
1015.944	25115.000
1016.085	25143.000
1016.227	25266.000
1016.368	24957.000
1016.510	25097.000
1016.651	25147.000
1016.793	25315.000
1016.934	25067.000
1017.075	25258.000
1017.217	25207.000
1017.358	25338.000
1017.500	25222.000
1017.641	25305.000
1017.782	25296.000
1017.924	25322.000
1018.065	25234.000
1018.207	25283.000
1018.348	25420.000
1018.489	25401.000
1018.631	25179.000
1018.772	25451.000
1018.913	25280.000
1019.055	25389.000
1019.196	25211.000
1019.337	25429.000
1019.479	25510.000
1019.620	25528.000
1019.761	25350.000
1019.903	25486.000
1020.044	25495.000
1020.185	25559.000
1020.327	25385.000
1020.468	25522.000
1020.609	25589.000
1020.751	25528.000
1020.892	25489.000
1021.033	25650.000
1021.175	25586.000
1021.316	25722.000
1021.457	25493.000
1021.598	25671.000
1021.740	25690.000
1021.881	25745.000
1022.022	25633.000
1022.164	25798.000
1022.305	25873.000
1022.446	25772.000
1022.587	25728.000
1022.729	26023.000
1022.870	25931.000
1023.011	26010.000
1023.152	25792.000
1023.294	25974.000
1023.435	25855.000
1023.576	25997.000
1023.717	25925.000
1023.858	26007.000
1024.000	26034.000
1024.141	26034.000
1024.282	25929.000
1024.423	26136.000
1024.564	26267.000
1024.706	26261.000
1024.847	26158.000
1024.988	26163.000
1025.129	26214.000
1025.270	26348.000
1025.412	26243.000
1025.553	26294.000
1025.694	26388.000
1025.835	26366.000
1025.976	26216.000
1026.117	26446.000
1026.258	26406.000
1026.400	26410.000
1026.541	26355.000
1026.682	26567.000
1026.823	26384.000
1026.964	26588.000
1027.105	26337.000
1027.246	26625.000
1027.388	26572.000
1027.529	26634.000
1027.670	26457.000
1027.811	26519.000
1027.952	26605.000
1028.093	26594.000
1028.234	26511.000
1028.375	26657.000
1028.516	26584.000
1028.657	26702.000
1028.798	26633.000
1028.939	26691.000
1029.081	26687.000
1029.222	26829.000
1029.363	26618.000
1029.504	26736.000
1029.645	26775.000
1029.786	26962.000
1029.927	26729.000
1030.068	26888.000
1030.209	26817.000
1030.350	26936.000
1030.491	26710.000
1030.632	26991.000
1030.773	26824.000
1030.914	26858.000
1031.055	26784.000
1031.196	27087.000
1031.337	26860.000
1031.478	27005.000
1031.619	26823.000
1031.760	26977.000
1031.901	27081.000
1032.042	26925.000
1032.183	26877.000
1032.324	27024.000
1032.465	27067.000
1032.606	27848.000
1032.747	26897.000
1032.888	27101.000
1033.029	27063.000
1033.170	27043.000
1033.311	27037.000
1033.452	27039.000
1033.592	27052.000
1033.733	27103.000
1033.874	26857.000
1034.015	27186.000
1034.156	27066.000
1034.297	27183.000
1034.438	27017.000
1034.579	27188.000
1034.720	27214.000
1034.861	27168.000
1035.002	26987.000
1035.142	27098.000
1035.283	27071.000
1035.424	27113.000
1035.565	27027.000
1035.706	27164.000
1035.847	26974.000
1035.988	27196.000
1036.129	26940.000
1036.269	27129.000
1036.410	27212.000
1036.551	27267.000
1036.692	26953.000
1036.833	27161.000
1036.974	27017.000
1037.114	27202.000
1037.255	27008.000
1037.396	27195.000
1037.537	26974.000
1037.678	27222.000
1037.819	27067.000
1037.959	27116.000
1038.100	27084.000
1038.241	27141.000
1038.382	27040.000
1038.523	27231.000
1038.663	27312.000
1038.804	27285.000
1038.945	27055.000
1039.086	27407.000
1039.226	27173.000
1039.367	27336.000
1039.508	27148.000
1039.649	27350.000
1039.789	27210.000
1039.930	27360.000
1040.071	27162.000
1040.212	27503.000
1040.352	27251.000
1040.493	27421.000
1040.634	27171.000
1040.775	27407.000
1040.915	27299.000
1041.056	27326.000
1041.197	27317.000
1041.337	27415.000
1041.478	27406.000
1041.619	27419.000
1041.760	27308.000
1041.900	27480.000
1042.041	27345.000
1042.182	27369.000
1042.322	27330.000
1042.463	27476.000
1042.604	27473.000
1042.744	27422.000
1042.885	27470.000
1043.026	27507.000
1043.166	27500.000
1043.307	27534.000
1043.448	27427.000
1043.588	27463.000
1043.729	27492.000
1043.869	27570.000
1044.010	27499.000
1044.151	27516.000
1044.291	27563.000
1044.432	27457.000
1044.573	27465.000
1044.713	27590.000
1044.854	27628.000
1044.994	27622.000
1045.135	27501.000
1045.276	27746.000
1045.416	27687.000
1045.557	27704.000
1045.697	27521.000
1045.838	27797.000
1045.978	27776.000
1046.119	27773.000
1046.260	27559.000
1046.400	27780.000
1046.541	27796.000
1046.681	27710.000
1046.822	27708.000
1046.962	27724.000
1047.103	27883.000
1047.243	27964.000
1047.384	27682.000
1047.524	27739.000
1047.665	27714.000
1047.805	27740.000
1047.946	27705.000
1048.087	27767.000
1048.227	27782.000
1048.368	27798.000
1048.508	27678.000
1048.649	27773.000
1048.789	27736.000
1048.929	27836.000
1049.070	27699.000
1049.210	27740.000
1049.351	27796.000
1049.491	27705.000
1049.632	27660.000
1049.772	27702.000
1049.913	27836.000
1050.053	27567.000
1050.194	27735.000
1050.334	27806.000
1050.475	27645.000
1050.615	27684.000
1050.755	27694.000
1050.896	27778.000
1051.036	27670.000
1051.177	27708.000
1051.317	27590.000
1051.458	27693.000
1051.598	27657.000
1051.738	27671.000
1051.879	27565.000
1052.019	27710.000
1052.160	27575.000
1052.300	27740.000
1052.440	27576.000
1052.581	27513.000
1052.721	27664.000
1052.861	27784.000
1053.002	27548.000
1053.142	27686.000
1053.282	27610.000
1053.423	27638.000
1053.563	27470.000
1053.704	24830.000
1053.844	27544.000
1053.984	27579.000
1054.125	27371.000
1054.265	27467.000
1054.405	27527.000
1054.546	27390.000
1054.686	27320.000
1054.826	27355.000
1054.966	27439.000
1055.107	27283.000
1055.247	27294.000
1055.387	27277.000
1055.528	27435.000
1055.668	27298.000
1055.808	27185.000
1055.948	27212.000
1056.089	27259.000
1056.229	27155.000
1056.369	26988.000
1056.510	27233.000
1056.650	27134.000
1056.790	27179.000
1056.930	27000.000
1057.071	27038.000
1057.211	27256.000
1057.351	26980.000
1057.491	27071.000
1057.632	27095.000
1057.772	27047.000
1057.912	27046.000
1058.052	26863.000
1058.192	26983.000
1058.333	26875.000
1058.473	26936.000
1058.613	26775.000
1058.753	26959.000
1058.893	26875.000
1059.034	26860.000
1059.174	26838.000
1059.314	26758.000
1059.454	26894.000
1059.594	26753.000
1059.734	26750.000
1059.875	26766.000
1060.015	26842.000
1060.155	26768.000
1060.295	26727.000
1060.435	26759.000
1060.575	26796.000
1060.716	26815.000
1060.856	26759.000
1060.996	26761.000
1061.136	26858.000
1061.276	26728.000
1061.416	26659.000
1061.556	26776.000
1061.696	26819.000
1061.837	26668.000
1061.977	26815.000
1062.117	33194.000
1062.257	26882.000
1062.397	26725.000
1062.537	26736.000
1062.677	26798.000
1062.817	26757.000
1062.957	26707.000
1063.097	26763.000
1063.237	26848.000
1063.377	27034.000
1063.517	27756.000
1063.658	31109.000
1063.798	34492.000
1063.938	36294.000
1064.078	38534.000
1064.218	39290.000
1064.358	40581.000
1064.498	40596.000
1064.638	40212.000
1064.778	40394.000
1064.918	38110.000
1065.058	33921.000
1065.198	30067.000
1065.338	28113.000
1065.478	27343.000
1065.618	26978.000
1065.758	26785.000
1065.898	26619.000
1066.038	26750.000
1066.178	26751.000
1066.318	26620.000
1066.458	26596.000
1066.598	26572.000
1066.738	26785.000
1066.878	26612.000
1067.018	26581.000
1067.158	26475.000
1067.297	26632.000
1067.437	26368.000
1067.577	26529.000
1067.717	26453.000
1067.857	26528.000
1067.997	26388.000
1068.137	26505.000
1068.277	26473.000
1068.417	26498.000
1068.557	26446.000
1068.697	26455.000
1068.837	26312.000
1068.977	26597.000
1069.116	26460.000
1069.256	26272.000
1069.396	26296.000
1069.536	26501.000
1069.676	26388.000
1069.816	26265.000
1069.956	26349.000
1070.096	26399.000
1070.235	26391.000
1070.375	26238.000
1070.515	26402.000
1070.655	26296.000
1070.795	26221.000
1070.935	26325.000
1071.074	26254.000
1071.214	26344.000
1071.354	26105.000
1071.494	26209.000
1071.634	26323.000
1071.774	26403.000
1071.913	26265.000
1072.053	26141.000
1072.193	26223.000
1072.333	26394.000
1072.473	26273.000
1072.612	26204.000
1072.752	26194.000
1072.892	26324.000
1073.032	26116.000
1073.172	26086.000
1073.311	26202.000
1073.451	26255.000
1073.591	26142.000
1073.731	26005.000
1073.870	26121.000
1074.010	26272.000
1074.150	26132.000
1074.290	26026.000
1074.429	26178.000
1074.569	26040.000
1074.709	26225.000
1074.848	26113.000
