929.762	8893.000
929.906	8843.000
930.049	8867.000
930.193	8939.000
930.337	8872.000
930.481	8983.000
930.625	8836.000
930.769	8920.000
930.913	8846.000
931.057	8925.000
931.201	8795.000
931.345	8958.000
931.488	8874.000
931.632	8842.000
931.776	8852.000
931.920	8973.000
932.064	8755.000
932.208	8967.000
932.352	8826.000
932.495	8962.000
932.639	8795.000
932.783	8856.000
932.927	8966.000
933.071	8906.000
933.215	8859.000
933.359	8871.000
933.502	8882.000
933.646	8824.000
933.790	8806.000
933.934	8842.000
934.078	8851.000
934.221	8895.000
934.365	8838.000
934.509	8868.000
934.653	8773.000
934.797	8840.000
934.940	8908.000
935.084	8821.000
935.228	8824.000
935.372	8871.000
935.515	8773.000
935.659	8893.000
935.803	8795.000
935.947	8908.000
936.090	8764.000
936.234	8868.000
936.378	8864.000
936.522	8775.000
936.665	8802.000
936.809	8827.000
936.953	8784.000
937.097	8768.000
937.240	8826.000
937.384	8858.000
937.528	8776.000
937.671	8843.000
937.815	8739.000
937.959	8822.000
938.102	8702.000
938.246	8738.000
938.390	8801.000
938.534	8762.000
938.677	8696.000
938.821	8715.000
938.965	8657.000
939.108	8807.000
939.252	8732.000
939.396	8689.000
939.539	8704.000
939.683	8764.000
939.826	8682.000
939.970	8661.000
940.114	8729.000
940.257	8726.000
940.401	8625.000
940.545	8689.000
940.688	8609.000
940.832	8656.000
940.975	8644.000
941.119	8753.000
941.263	8598.000
941.406	8690.000
941.550	8644.000
941.693	8637.000
941.837	8535.000
941.981	8644.000
942.124	8576.000
942.268	8599.000
942.411	8601.000
942.555	8602.000
942.698	8569.000
942.842	8630.000
942.986	8599.000
943.129	8584.000
943.273	8599.000
943.416	8588.000
943.560	8525.000
943.703	8570.000
943.847	8610.000
943.990	8598.000
944.134	8535.000
944.277	8533.000
944.421	8498.000
944.564	8473.000
944.708	8532.000
944.851	8618.000
944.995	8482.000
945.138	8547.000
945.282	8489.000
945.425	8541.000
945.569	8530.000
945.712	8581.000
945.856	8422.000
945.999	8622.000
946.143	8502.000
946.286	8527.000
946.430	8533.000
946.573	8588.000
946.716	8563.000
946.860	8560.000
947.003	8513.000
947.147	8551.000
947.290	8515.000
947.434	8600.000
947.577	8473.000
947.720	8578.000
947.864	8411.000
948.007	8490.000
948.151	8587.000
948.294	8586.000
948.437	8515.000
948.581	8563.000
948.724	8532.000
948.868	8532.000
949.011	8520.000
949.154	8562.000
949.298	8544.000
949.441	8624.000
949.584	8503.000
949.728	8571.000
949.871	8555.000
950.015	8592.000
950.158	8523.000
950.301	8494.000
950.445	8497.000
950.588	8596.000
950.731	8547.000
950.875	8543.000
951.018	8519.000
951.161	8613.000
951.304	8541.000
951.448	8535.000
951.591	8427.000
951.734	8542.000
951.878	8428.000
952.021	8627.000
952.164	8524.000
952.308	8581.000
952.451	8514.000
952.594	8571.000
952.737	8482.000
952.881	8489.000
953.024	8464.000
953.167	8576.000
953.310	8435.000
953.454	8516.000
953.597	8504.000
953.740	8532.000
953.883	8480.000
954.027	8550.000
954.170	8384.000
954.313	8553.000
954.456	8454.000
954.600	8479.000
954.743	8490.000
954.886	8522.000
955.029	8389.000
955.172	8540.000
955.316	8321.000
955.459	8451.000
955.602	8428.000
955.745	8540.000
955.888	8452.000
956.032	8477.000
956.175	8329.000
956.318	8403.000
956.461	8397.000
956.604	8448.000
956.747	8434.000
956.890	8503.000
957.034	8353.000
957.177	8407.000
957.320	8320.000
957.463	8461.000
957.606	8372.000
957.749	8497.000
957.892	8326.000
958.036	8439.000
958.179	8284.000
958.322	8488.000
958.465	8454.000
958.608	8371.000
958.751	8386.000
958.894	8411.000
959.037	8310.000
959.180	8439.000
959.323	8352.000
959.467	8495.000
959.610	8312.000
959.753	8443.000
959.896	8319.000
960.039	8424.000
960.182	8278.000
960.325	8485.000
960.468	8317.000
960.611	8412.000
960.754	8286.000
960.897	8424.000
961.040	8293.000
961.183	8400.000
961.326	8342.000
961.469	8447.000
961.612	8339.000
961.755	8461.000
961.898	8188.000
962.041	8435.000
962.184	8259.000
962.327	8407.000
962.470	8283.000
962.613	8498.000
962.756	8369.000
962.899	8432.000
963.042	8299.000
963.185	8482.000
963.328	8288.000
963.471	8400.000
963.614	8338.000
963.757	8456.000
963.900	8275.000
964.043	8379.000
964.186	8305.000
964.329	8385.000
964.472	8332.000
964.615	8395.000
964.758	8283.000
964.900	8475.000
965.043	8341.000
965.186	8474.000
965.329	8403.000
965.472	8490.000
965.615	8378.000
965.758	8387.000
965.901	8287.000
966.044	8412.000
966.187	8265.000
966.329	8437.000
966.472	8450.000
966.615	8495.000
966.758	8263.000
966.901	8499.000
967.044	8434.000
967.187	8395.000
967.330	8333.000
967.472	8471.000
967.615	8355.000
967.758	8437.000
967.901	8352.000
968.044	8451.000
968.187	8324.000
968.329	8429.000
968.472	8374.000
968.615	8463.000
968.758	8333.000
968.901	8465.000
969.043	8408.000
969.186	8441.000
969.329	8342.000
969.472	8563.000
969.615	8399.000
969.757	8429.000
969.900	8378.000
970.043	8491.000
970.186	8328.000
970.328	8470.000
970.471	8473.000
970.614	8520.000
970.757	8382.000
970.899	8431.000
971.042	8370.000
971.185	8466.000
971.328	8350.000
971.470	8451.000
971.613	8369.000
971.756	8485.000
971.899	8398.000
972.041	8418.000
972.184	8193.000
972.327	8521.000
972.469	8311.000
972.612	8401.000
972.755	8323.000
972.898	8495.000
973.040	8311.000
973.183	8429.000
973.326	8414.000
973.468	8333.000
973.611	8308.000
973.754	8452.000
973.896	8345.000
974.039	8408.000
974.182	8267.000
974.324	8486.000
974.467	8404.000
974.610	8433.000
974.752	8301.000
974.895	8429.000
975.037	8362.000
975.180	8456.000
975.323	8247.000
975.465	8449.000
975.608	8295.000
975.751	8318.000
975.893	8323.000
976.036	8384.000
976.178	8283.000
976.321	8506.000
976.464	8262.000
976.606	8279.000
976.749	8259.000
976.891	8447.000
977.034	8330.000
977.176	8333.000
977.319	8191.000
977.462	8466.000
977.604	8260.000
977.747	8401.000
977.889	8270.000
978.032	8432.000
978.174	8305.000
978.317	8379.000
978.459	8374.000
978.602	8438.000
978.744	8270.000
978.887	8456.000
979.029	8279.000
979.172	8354.000
979.314	8340.000
979.457	8400.000
979.599	8193.000
979.742	8460.000
979.884	8192.000
980.027	8301.000
980.169	8257.000
980.312	8417.000
980.454	8290.000
980.597	8359.000
980.739	8287.000
980.882	8278.000
981.024	8208.000
981.167	8330.000
981.309	8363.000
981.452	8293.000
981.594	8242.000
981.736	8318.000
981.879	8275.000
982.021	8362.000
982.164	8214.000
982.306	8285.000
982.449	8242.000
982.591	8328.000
982.733	8233.000
982.876	8355.000
983.018	8195.000
983.161	8396.000
983.303	8191.000
983.445	8359.000
983.588	8227.000
983.730	8466.000
983.873	8253.000
984.015	8458.000
984.157	8169.000
984.300	8462.000
984.442	8231.000
984.584	8363.000
984.727	8267.000
984.869	8398.000
985.011	8270.000
985.154	8292.000
985.296	8286.000
985.438	8365.000
985.581	8213.000
985.723	8362.000
985.865	8247.000
986.008	8355.000
986.150	8320.000
986.292	8378.000
986.435	8300.000
986.577	8366.000
986.719	8203.000
986.861	8391.000
987.004	7889.000
987.146	8437.000
987.288	8274.000
987.431	8353.000
987.573	8327.000
987.715	8296.000
987.857	8187.000
988.000	8288.000
988.142	8292.000
988.284	8449.000
988.426	8234.000
988.569	8323.000
988.711	8171.000
988.853	8423.000
988.995	8270.000
989.138	8286.000
989.280	8196.000
989.422	8408.000
989.564	8295.000
989.706	8352.000
989.849	8227.000
989.991	8374.000
990.133	8222.000
990.275	8398.000
990.417	8303.000
990.560	8330.000
990.702	8159.000
990.844	8332.000
990.986	8248.000
991.128	8502.000
991.270	8239.000
991.413	8380.000
991.555	8267.000
991.697	8394.000
991.839	8265.000
991.981	8428.000
992.123	8242.000
992.265	8403.000
992.408	8269.000
992.550	8366.000
992.692	8296.000
992.834	8430.000
992.976	8293.000
993.118	8441.000
993.260	8266.000
993.402	8344.000
993.544	8259.000
993.687	8411.000
993.829	8238.000
993.971	8329.000
994.113	8235.000
994.255	8310.000
994.397	8207.000
994.539	8365.000
994.681	8287.000
994.823	8414.000
994.965	8223.000
995.107	8423.000
995.249	8312.000
995.391	8340.000
995.533	8241.000
995.675	8413.000
995.817	8304.000
995.959	8380.000
996.101	8199.000
996.243	8435.000
996.385	8257.000
996.527	8343.000
996.669	8212.000
996.811	8366.000
996.953	8291.000
997.095	8348.000
997.237	8220.000
997.379	8380.000
997.521	8225.000
997.663	8342.000
997.805	8328.000
997.947	8336.000
998.089	8230.000
998.231	8303.000
998.373	8218.000
998.515	8415.000
998.657	8354.000
998.799	8298.000
998.941	8213.000
999.083	8288.000
999.225	8258.000
999.367	8364.000
999.509	8331.000
999.651	8438.000
999.793	8235.000
999.934	8383.000
1000.076	8250.000
1000.218	8391.000
1000.360	8229.000
1000.502	8386.000
1000.644	8318.000
1000.786	8429.000
1000.928	8277.000
1001.070	8274.000
1001.212	8218.000
1001.353	8412.000
1001.495	8196.000
1001.637	8362.000
1001.779	8195.000
1001.921	8314.000
1002.063	8218.000
1002.205	8314.000
1002.346	8249.000
1002.488	8396.000
1002.630	8145.000
1002.772	8382.000
1002.914	8237.000
1003.055	8348.000
1003.197	8267.000
1003.339	8338.000
1003.481	8249.000
1003.623	8347.000
1003.765	8199.000
1003.906	8340.000
1004.048	8237.000
1004.190	8357.000
1004.332	8137.000
1004.473	8338.000
1004.615	8354.000
1004.757	8355.000
1004.899	8213.000
1005.041	8373.000
1005.182	8188.000
1005.324	8386.000
1005.466	8194.000
1005.608	8388.000
1005.749	8163.000
1005.891	8463.000
1006.033	8254.000
1006.175	8410.000
1006.316	8224.000
1006.458	8381.000
1006.600	8283.000
1006.741	8384.000
1006.883	8169.000
1007.025	8317.000
1007.167	8212.000
1007.308	8397.000
1007.450	8274.000
1007.592	8381.000
1007.733	8146.000
1007.875	8335.000
1008.017	8233.000
1008.158	8328.000
1008.300	8259.000
1008.442	8361.000
1008.583	8148.000
1008.725	8355.000
1008.867	8150.000
1009.008	8383.000
1009.150	8240.000
1009.292	8431.000
1009.433	8247.000
1009.575	8335.000
1009.716	8183.000
1009.858	8273.000
1010.000	8238.000
1010.141	8436.000
1010.283	8227.000
1010.425	8401.000
1010.566	8096.000
1010.708	8361.000
1010.849	8226.000
1010.991	8367.000
1011.132	8183.000
1011.274	8334.000
1011.416	8298.000
1011.557	8276.000
1011.699	8252.000
1011.840	8352.000
1011.982	8167.000
1012.123	8361.000
1012.265	8151.000
1012.407	8374.000
1012.548	8211.000
1012.690	8282.000
1012.831	8163.000
1012.973	8335.000
1013.114	8229.000
1013.256	8409.000
1013.397	8304.000
1013.539	8581.000
1013.680	8565.000
1013.822	8713.000
1013.963	8592.000
1014.105	8781.000
1014.246	8631.000
1014.388	8992.000
1014.529	8982.000
1014.671	9139.000
1014.812	8613.000
1014.954	8560.000
1015.095	8357.000
1015.237	8430.000
1015.378	8182.000
1015.520	8323.000
1015.661	8169.000
1015.803	8294.000
1015.944	8033.000
1016.085	8303.000
1016.227	8113.000
1016.368	8176.000
1016.510	8047.000
1016.651	8231.000
1016.793	8192.000
1016.934	8182.000
1017.075	8129.000
1017.217	8235.000
1017.358	8109.000
1017.500	8213.000
1017.641	8078.000
1017.782	8253.000
1017.924	8071.000
1018.065	8181.000
1018.207	8061.000
1018.348	8264.000
1018.489	8081.000
1018.631	8166.000
1018.772	8075.000
1018.913	8176.000
1019.055	8025.000
1019.196	8141.000
1019.337	8043.000
1019.479	8261.000
1019.620	8128.000
1019.761	8171.000
1019.903	8045.000
1020.044	8219.000
1020.185	8081.000
1020.327	8126.000
1020.468	8012.000
1020.609	8169.000
1020.751	7962.000
1020.892	8167.000
1021.033	8044.000
1021.175	8166.000
1021.316	8040.000
1021.457	8127.000
1021.598	8014.000
1021.740	8171.000
1021.881	8031.000
1022.022	8145.000
1022.164	8065.000
1022.305	8186.000
1022.446	7969.000
1022.587	8142.000
1022.729	8117.000
1022.870	8242.000
1023.011	8051.000
1023.152	8127.000
1023.294	8080.000
1023.435	8145.000
1023.576	8025.000
1023.717	8200.000
1023.858	8059.000
1024.000	8187.000
1024.141	8008.000
1024.282	8146.000
1024.423	8006.000
1024.564	8235.000
1024.706	8075.000
1024.847	8195.000
1024.988	8004.000
1025.129	8219.000
1025.270	8046.000
1025.412	8215.000
1025.553	8039.000
1025.694	8255.000
1025.835	8038.000
1025.976	8158.000
1026.117	8036.000
1026.258	8239.000
1026.400	8005.000
1026.541	8233.000
1026.682	8089.000
1026.823	8188.000
1026.964	8110.000
1027.105	8145.000
1027.246	8092.000
1027.388	8219.000
1027.529	8078.000
1027.670	8164.000
1027.811	8069.000
1027.952	8187.000
1028.093	8084.000
1028.234	8123.000
1028.375	8115.000
1028.516	8218.000
1028.657	8116.000
1028.798	8278.000
1028.939	8066.000
1029.081	8199.000
1029.222	8170.000
1029.363	8249.000
1029.504	8091.000
1029.645	8307.000
1029.786	8193.000
1029.927	8237.000
1030.068	8189.000
1030.209	8279.000
1030.350	8149.000
1030.491	8214.000
1030.632	8133.000
1030.773	8268.000
1030.914	8140.000
1031.055	8212.000
1031.196	8208.000
1031.337	8244.000
1031.478	8171.000
1031.619	8203.000
1031.760	8101.000
1031.901	8307.000
1032.042	8111.000
1032.183	8247.000
1032.324	8148.000
1032.465	8335.000
1032.606	8689.000
1032.747	8253.000
1032.888	8147.000
1033.029	8255.000
1033.170	8095.000
1033.311	8323.000
1033.452	8081.000
1033.592	8307.000
1033.733	8125.000
1033.874	8157.000
1034.015	8195.000
1034.156	8251.000
1034.297	8127.000
1034.438	8222.000
1034.579	8144.000
1034.720	8330.000
1034.861	8123.000
1035.002	8208.000
1035.142	8114.000
1035.283	8186.000
1035.424	8098.000
1035.565	8234.000
1035.706	8123.000
1035.847	8223.000
1035.988	8183.000
1036.129	8205.000
1036.269	8064.000
1036.410	8339.000
1036.551	8130.000
1036.692	8165.000
1036.833	8090.000
1036.974	8147.000
1037.114	8067.000
1037.255	8167.000
1037.396	8103.000
1037.537	8095.000
1037.678	8135.000
1037.819	8121.000
1037.959	8089.000
1038.100	8153.000
1038.241	8060.000
1038.382	8195.000
1038.523	8093.000
1038.663	8238.000
1038.804	8074.000
1038.945	8181.000
1039.086	8117.000
1039.226	8186.000
1039.367	8124.000
1039.508	8139.000
1039.649	8091.000
1039.789	8169.000
1039.930	8132.000
1040.071	8198.000
1040.212	8168.000
1040.352	8169.000
1040.493	8093.000
1040.634	8145.000
1040.775	8113.000
1040.915	8179.000
1041.056	8077.000
1041.197	8245.000
1041.337	8120.000
1041.478	8231.000
1041.619	8095.000
1041.760	8152.000
1041.900	8117.000
1042.041	8218.000
1042.182	8050.000
1042.322	8256.000
1042.463	8122.000
1042.604	8284.000
1042.744	8153.000
1042.885	8299.000
1043.026	8096.000
1043.166	8285.000
1043.307	8094.000
1043.448	8199.000
1043.588	8086.000
1043.729	8320.000
1043.869	8095.000
1044.010	8306.000
1044.151	8146.000
1044.291	8296.000
1044.432	8107.000
1044.573	8263.000
1044.713	8166.000
1044.854	8317.000
1044.994	8219.000
1045.135	8313.000
1045.276	8274.000
1045.416	8373.000
1045.557	8236.000
1045.697	8283.000
1045.838	8225.000
1045.978	8394.000
1046.119	8224.000
1046.260	8329.000
1046.400	8199.000
1046.541	8391.000
1046.681	8168.000
1046.822	8373.000
1046.962	8195.000
1047.103	8455.000
1047.243	8311.000
1047.384	8396.000
1047.524	8237.000
1047.665	8355.000
1047.805	8234.000
1047.946	8311.000
1048.087	8253.000
1048.227	8375.000
1048.368	8267.000
1048.508	8339.000
1048.649	8253.000
1048.789	8384.000
1048.929	8288.000
1049.070	8363.000
1049.210	8257.000
1049.351	8451.000
1049.491	8220.000
1049.632	8313.000
1049.772	8209.000
1049.913	8368.000
1050.053	8168.000
1050.194	8398.000
1050.334	8278.000
1050.475	8269.000
1050.615	8275.000
1050.755	8430.000
1050.896	8235.000
1051.036	8344.000
1051.177	8298.000
1051.317	8327.000
1051.458	8223.000
1051.598	8309.000
1051.738	8219.000
1051.879	8263.000
1052.019	8226.000
1052.160	8358.000
1052.300	8260.000
1052.440	8330.000
1052.581	8204.000
1052.721	8414.000
1052.861	8322.000
1053.002	8351.000
1053.142	8307.000
1053.282	8385.000
1053.423	8251.000
1053.563	8383.000
1053.704	7121.000
1053.844	8323.000
1053.984	8234.000
1054.125	8300.000
1054.265	8161.000
1054.405	8344.000
1054.546	8202.000
1054.686	8361.000
1054.826	8312.000
1054.966	8376.000
1055.107	8202.000
1055.247	8314.000
1055.387	8220.000
1055.528	8426.000
1055.668	8269.000
1055.808	8338.000
1055.948	8157.000
1056.089	8343.000
1056.229	8160.000
1056.369	8288.000
1056.510	8217.000
1056.650	8238.000
1056.790	8187.000
1056.930	8279.000
1057.071	8100.000
1057.211	8345.000
1057.351	8128.000
1057.491	8369.000
1057.632	8197.000
1057.772	8269.000
1057.912	8242.000
1058.052	8227.000
1058.192	8100.000
1058.333	8204.000
1058.473	8085.000
1058.613	8201.000
1058.753	8120.000
1058.893	8296.000
1059.034	8103.000
1059.174	8273.000
1059.314	8090.000
1059.454	8207.000
1059.594	8083.000
1059.734	8198.000
1059.875	8020.000
1060.015	8191.000
1060.155	8052.000
1060.295	8191.000
1060.435	8054.000
1060.575	8189.000
1060.716	8166.000
1060.856	8194.000
1060.996	8060.000
1061.136	8309.000
1061.276	8015.000
1061.416	8192.000
1061.556	8105.000
1061.696	8260.000
1061.837	8090.000
1061.977	8314.000
1062.117	12493.000
1062.257	8306.000
1062.397	8141.000
1062.537	8229.000
1062.677	8168.000
1062.817	8225.000
1062.957	8087.000
1063.097	8254.000
1063.237	8238.000
1063.377	8359.000
1063.517	8278.000
1063.658	8433.000
1063.798	8383.000
1063.938	8550.000
1064.078	8541.000
1064.218	8659.000
1064.358	8540.000
1064.498	8695.000
1064.638	8578.000
1064.778	8837.000
1064.918	8791.000
1065.058	9053.000
1065.198	8844.000
1065.338	8640.000
1065.478	8395.000
1065.618	8405.000
1065.758	8208.000
1065.898	8274.000
1066.038	8170.000
1066.178	8362.000
1066.318	8212.000
1066.458	8308.000
1066.598	8195.000
1066.738	8400.000
1066.878	8215.000
1067.018	8359.000
1067.158	8139.000
1067.297	8339.000
1067.437	8099.000
1067.577	8326.000
1067.717	8143.000
1067.857	8349.000
1067.997	8138.000
1068.137	8365.000
1068.277	8199.000
1068.417	8319.000
1068.557	8192.000
1068.697	8371.000
1068.837	8171.000
1068.977	8392.000
1069.116	8244.000
1069.256	8240.000
1069.396	8168.000
1069.536	8368.000
1069.676	8207.000
1069.816	8320.000
1069.956	8232.000
1070.096	8326.000
1070.235	8270.000
1070.375	8299.000
1070.515	8266.000
1070.655	8386.000
1070.795	8226.000
1070.935	8431.000
1071.074	8217.000
1071.214	8400.000
1071.354	8185.000
1071.494	8354.000
1071.634	8323.000
1071.774	8437.000
1071.913	8253.000
1072.053	8348.000
1072.193	8306.000
1072.333	8449.000
1072.473	8290.000
1072.612	8456.000
1072.752	8300.000
1072.892	8482.000
1073.032	8314.000
1073.172	8354.000
1073.311	8293.000
1073.451	8483.000
1073.591	8332.000
1073.731	8313.000
1073.870	8330.000
1074.010	8517.000
1074.150	8374.000
1074.290	8392.000
1074.429	8327.000
1074.569	8332.000
1074.709	8398.000
1074.848	8460.000
