1159.948	7750.000
1160.095	7577.000
1160.241	7714.000
1160.387	7660.000
1160.533	7686.000
1160.679	7664.000
1160.825	7659.000
1160.971	7614.000
1161.117	7683.000
1161.263	7599.000
1161.410	7597.000
1161.556	7673.000
1161.702	7638.000
1161.848	7542.000
1161.994	7615.000
1162.140	7680.000
1162.286	7544.000
1162.432	7636.000
1162.578	7560.000
1162.724	7592.000
1162.870	7537.000
1163.016	7505.000
1163.162	7711.000
1163.308	7520.000
1163.454	7593.000
1163.599	7473.000
1163.745	7558.000
1163.891	7490.000
1164.037	7504.000
1164.183	7474.000
1164.329	7525.000
1164.475	7530.000
1164.621	7528.000
1164.767	7481.000
1164.912	7454.000
1165.058	7473.000
1165.204	7551.000
1165.350	7436.000
1165.496	7506.000
1165.642	7497.000
1165.787	7448.000
1165.933	7516.000
1166.079	7426.000
1166.225	7507.000
1166.370	7411.000
1166.516	7455.000
1166.662	7488.000
1166.808	7428.000
1166.953	7422.000
1167.099	7463.000
1167.245	7435.000
1167.390	7369.000
1167.536	7458.000
1167.682	7440.000
1167.827	7402.000
1167.973	7424.000
1168.119	7400.000
1168.264	7427.000
1168.410	7388.000
1168.556	7353.000
1168.701	7449.000
1168.847	7363.000
1168.992	7368.000
1169.138	7352.000
1169.284	7348.000
1169.429	7439.000
1169.575	7401.000
1169.720	7339.000
1169.866	7412.000
1170.011	7353.000
1170.157	7395.000
1170.302	7344.000
1170.448	7382.000
1170.593	7394.000
1170.739	7302.000
1170.884	7344.000
1171.030	7351.000
1171.175	7326.000
1171.321	7349.000
1171.466	7424.000
1171.611	7288.000
1171.757	7369.000
1171.902	7362.000
1172.048	7368.000
1172.193	7291.000
1172.338	7320.000
1172.484	7287.000
1172.629	7311.000
1172.775	7362.000
1172.920	7331.000
1173.065	7315.000
1173.211	7355.000
1173.356	7373.000
1173.501	7348.000
1173.646	7361.000
1173.792	7335.000
1173.937	7303.000
1174.082	7341.000
1174.228	7350.000
1174.373	7406.000
1174.518	7306.000
1174.663	7314.000
1174.809	7301.000
1174.954	7284.000
1175.099	7325.000
1175.244	7393.000
1175.389	7294.000
1175.535	7351.000
1175.680	7344.000
1175.825	7349.000
1175.970	7341.000
1176.115	7395.000
1176.260	7194.000
1176.405	7429.000
1176.550	7327.000
1176.696	7361.000
1176.841	7387.000
1176.986	7429.000
1177.131	7399.000
1177.276	7395.000
1177.421	7372.000
1177.566	7405.000
1177.711	7366.000
1177.856	7469.000
1178.001	7329.000
1178.146	7457.000
1178.291	7325.000
1178.436	7358.000
1178.581	7469.000
1178.726	7470.000
1178.871	7400.000
1179.016	7475.000
1179.161	7439.000
1179.306	7401.000
1179.451	7400.000
1179.596	7451.000
1179.741	7496.000
1179.886	7490.000
1180.030	7452.000
1180.175	7483.000
1180.320	7492.000
1180.465	7526.000
1180.610	7446.000
1180.755	7426.000
1180.900	7472.000
1181.044	7564.000
1181.189	7544.000
1181.334	7507.000
1181.479	7483.000
1181.624	7576.000
1181.768	7520.000
1181.913	7493.000
1182.058	7457.000
1182.203	7502.000
1182.348	7458.000
1182.492	7592.000
1182.637	7558.000
1182.782	7598.000
1182.926	7537.000
1183.071	7602.000
1183.216	7555.000
1183.360	7547.000
1183.505	7537.000
1183.650	7589.000
1183.794	7493.000
1183.939	7567.000
1184.084	7554.000
1184.228	7572.000
1184.373	7559.000
1184.518	7618.000
1184.662	7486.000
1184.807	7614.000
1184.951	7536.000
1185.096	7530.000
1185.241	7611.000
1185.385	7628.000
1185.530	7517.000
1185.674	7660.000
1185.819	7471.000
1185.963	7540.000
1186.108	7567.000
1186.252	7645.000
1186.397	7560.000
1186.541	7640.000
1186.686	7499.000
1186.830	7566.000
1186.975	7528.000
1187.119	7618.000
1187.263	7611.000
1187.408	7669.000
1187.552	7559.000
1187.697	7593.000
1187.841	7525.000
1187.985	7643.000
1188.130	7577.000
1188.274	7712.000
1188.419	7563.000
1188.563	7633.000
1188.707	7507.000
1188.852	7691.000
1188.996	7705.000
1189.140	7627.000
1189.285	7623.000
1189.429	7623.000
1189.573	7564.000
1189.717	7656.000
1189.862	7584.000
1190.006	7704.000
1190.150	7549.000
1190.294	7665.000
1190.439	7598.000
1190.583	7681.000
1190.727	7547.000
1190.871	7749.000
1191.016	7598.000
1191.160	7653.000
1191.304	7511.000
1191.448	7656.000
1191.592	7575.000
1191.736	7642.000
1191.881	7620.000
1192.025	7717.000
1192.169	7620.000
1192.313	7727.000
1192.457	7507.000
1192.601	7713.000
1192.745	7585.000
1192.889	7694.000
1193.033	7576.000
1193.177	7759.000
1193.321	7626.000
1193.465	7722.000
1193.610	7604.000
1193.754	7741.000
1193.898	7596.000
1194.042	7664.000
1194.186	7624.000
1194.330	7749.000
1194.474	7551.000
1194.617	7666.000
1194.761	7584.000
1194.905	7670.000
1195.049	7615.000
1195.193	7701.000
1195.337	7564.000
1195.481	7708.000
1195.625	7596.000
1195.769	7728.000
1195.913	7683.000
1196.057	7766.000
1196.201	7622.000
1196.344	7655.000
1196.488	7519.000
1196.632	7672.000
1196.776	7511.000
1196.920	7721.000
1197.064	7699.000
1197.207	7722.000
1197.351	7571.000
1197.495	7740.000
1197.639	7652.000
1197.782	7624.000
1197.926	7513.000
1198.070	7651.000
1198.214	7548.000
1198.357	7634.000
1198.501	7521.000
1198.645	7652.000
1198.789	7486.000
1198.932	7595.000
1199.076	7511.000
1199.220	7592.000
1199.363	7490.000
1199.507	7561.000
1199.651	7480.000
1199.794	7556.000
1199.938	7452.000
1200.081	7650.000
1200.225	7490.000
1200.369	7493.000
1200.512	7465.000
1200.656	7563.000
1200.799	7338.000
1200.943	7523.000
1201.087	7467.000
1201.230	7536.000
1201.374	7357.000
1201.517	7446.000
1201.661	7363.000
1201.804	7443.000
1201.948	7296.000
1202.091	7427.000
1202.235	7321.000
1202.378	7423.000
1202.522	7269.000
1202.665	7381.000
1202.808	7147.000
1202.952	7436.000
1203.095	7223.000
1203.239	7300.000
1203.382	7209.000
1203.526	7345.000
1203.669	7182.000
1203.812	7279.000
1203.956	7212.000
1204.099	7188.000
1204.242	7110.000
1204.386	7260.000
1204.529	7124.000
1204.672	7202.000
1204.816	7060.000
1204.959	7287.000
1205.102	7192.000
1205.246	7242.000
1205.389	7071.000
1205.532	7210.000
1205.675	7093.000
1205.819	7226.000
1205.962	6995.000
1206.105	7237.000
1206.248	7039.000
1206.392	7101.000
1206.535	7061.000
1206.678	7157.000
1206.821	7027.000
1206.964	7253.000
1207.108	7000.000
1207.251	7042.000
1207.394	7028.000
1207.537	7179.000
1207.680	7063.000
1207.823	7089.000
1207.966	6899.000
1208.109	7165.000
1208.253	6963.000
1208.396	7121.000
1208.539	6960.000
1208.682	7122.000
1208.825	7006.000
1208.968	7108.000
1209.111	7015.000
1209.254	7112.000
1209.397	6971.000
1209.540	7128.000
1209.683	6927.000
1209.826	7029.000
1209.969	6972.000
1210.112	7057.000
1210.255	6825.000
1210.398	7097.000
1210.541	6841.000
1210.684	7018.000
1210.827	6893.000
1210.970	7078.000
1211.113	6903.000
1211.255	7072.000
1211.398	6904.000
1211.541	6945.000
1211.684	6873.000
1211.827	6982.000
1211.970	6982.000
1212.113	6928.000
1212.256	6899.000
1212.398	6955.000
1212.541	6927.000
1212.684	7024.000
1212.827	6867.000
1212.970	6959.000
1213.112	6865.000
1213.255	6980.000
1213.398	6898.000
1213.541	6994.000
1213.683	6793.000
1213.826	7054.000
1213.969	6826.000
1214.112	7005.000
1214.254	6854.000
1214.397	7025.000
1214.540	6835.000
1214.682	7094.000
1214.825	6793.000
1214.968	7098.000
1215.110	6855.000
1215.253	7016.000
1215.396	6867.000
1215.538	7018.000
1215.681	6853.000
1215.824	6953.000
1215.966	6861.000
1216.109	7041.000
1216.251	6826.000
1216.394	6983.000
1216.536	6874.000
1216.679	7002.000
1216.822	6940.000
1216.964	7011.000
1217.107	6920.000
1217.249	7013.000
1217.392	6828.000
1217.534	7060.000
1217.677	6639.000
1217.819	7013.000
1217.962	6906.000
1218.104	6996.000
1218.247	6950.000
1218.389	6947.000
1218.531	6770.000
1218.674	6953.000
1218.816	6904.000
1218.959	7082.000
1219.101	6863.000
1219.243	6981.000
1219.386	6835.000
1219.528	7003.000
1219.671	6895.000
1219.813	6982.000
1219.955	6794.000
1220.098	7030.000
1220.240	6900.000
1220.382	6972.000
1220.525	6857.000
1220.667	7009.000
1220.809	6860.000
1220.951	7045.000
1221.094	6911.000
1221.236	6948.000
1221.378	6769.000
1221.520	6978.000
1221.663	6869.000
1221.805	7119.000
1221.947	6851.000
1222.089	7066.000
1222.232	6888.000
1222.374	6996.000
1222.516	6870.000
1222.658	7045.000
1222.800	6837.000
1222.942	7057.000
1223.084	6898.000
1223.227	7000.000
1223.369	6893.000
1223.511	7057.000
1223.653	6894.000
1223.795	7056.000
1223.937	6879.000
1224.079	7000.000
1224.221	6833.000
1224.363	7082.000
1224.505	6847.000
1224.647	6984.000
1224.789	6862.000
1224.932	6969.000
1225.074	6828.000
1225.216	7001.000
1225.358	6906.000
1225.500	7007.000
1225.641	6846.000
1225.783	7041.000
1225.925	6926.000
1226.067	7017.000
1226.209	6851.000
1226.351	7060.000
1226.493	6931.000
1226.635	7035.000
1226.777	6863.000
1226.919	7047.000
1227.061	6886.000
1227.203	6992.000
1227.345	6834.000
1227.486	7013.000
1227.628	6874.000
1227.770	7004.000
1227.912	6842.000
1228.054	7022.000
1228.196	6851.000
1228.337	6998.000
1228.479	6961.000
1228.621	6971.000
1228.763	6838.000
1228.904	6969.000
1229.046	6826.000
1229.188	7067.000
1229.330	6954.000
1229.471	6990.000
1229.613	6888.000
1229.755	6951.000
1229.897	6901.000
1230.038	7039.000
1230.180	6948.000
1230.322	7090.000
1230.463	6847.000
1230.605	7035.000
1230.747	6880.000
1230.888	7032.000
1231.030	6861.000
1231.171	7059.000
1231.313	6949.000
1231.455	7077.000
1231.596	6913.000
1231.738	6927.000
1231.879	6812.000
1232.021	7063.000
1232.163	6792.000
1232.304	6968.000
1232.446	6859.000
1232.587	6992.000
1232.729	6831.000
1232.870	6990.000
1233.012	6839.000
1233.153	7050.000
1233.295	6772.000
1233.436	7037.000
1233.578	6867.000
1233.719	7013.000
1233.860	6866.000
1234.002	7020.000
1234.143	6854.000
1234.285	6997.000
1234.426	6817.000
1234.568	6975.000
1234.709	6847.000
1234.850	6993.000
1234.992	6771.000
1235.133	6982.000
1235.274	6974.000
1235.416	7020.000
1235.557	6866.000
1235.698	7034.000
1235.840	6821.000
1235.981	6991.000
1236.122	6821.000
1236.264	7026.000
1236.405	6795.000
1236.546	7125.000
1236.687	6879.000
1236.829	7045.000
1236.970	6820.000
1237.111	7035.000
1237.252	6879.000
1237.394	7017.000
1237.535	6811.000
1237.676	6974.000
1237.817	6819.000
1237.958	7043.000
1238.100	6866.000
1238.241	6999.000
1238.382	6758.000
1238.523	6978.000
1238.664	6855.000
1238.805	6947.000
1238.946	6851.000
1239.088	6990.000
1239.229	6768.000
1239.370	7012.000
1239.511	6757.000
1239.652	6980.000
1239.793	6831.000
1239.934	7041.000
1240.075	6838.000
1240.216	6952.000
1240.357	6768.000
1240.498	6934.000
1240.639	6837.000
1240.780	7079.000
1240.921	6806.000
1241.062	6996.000
1241.203	6721.000
1241.344	6960.000
1241.485	6820.000
1241.626	6977.000
1241.767	6780.000
1241.908	6952.000
1242.049	6888.000
1242.190	6899.000
1242.330	6813.000
1242.471	7008.000
1242.612	6784.000
1242.753	6981.000
1242.894	6747.000
1243.035	7026.000
1243.176	6811.000
1243.316	6884.000
1243.457	6799.000
1243.598	6923.000
1243.739	6789.000
1243.880	6861.000
1244.020	6689.000
1244.161	6916.000
1244.302	6867.000
1244.443	6979.000
1244.584	6807.000
1244.724	6976.000
1244.865	6775.000
1245.006	6917.000
1245.146	6750.000
1245.287	6928.000
1245.428	6716.000
1245.568	6905.000
1245.709	6823.000
1245.850	6980.000
1245.990	6767.000
1246.131	6938.000
1246.272	6732.000
1246.412	6915.000
1246.553	6672.000
1246.694	6921.000
1246.834	6751.000
1246.975	6836.000
1247.115	6657.000
1247.256	6843.000
1247.397	6804.000
1247.537	6857.000
1247.678	6695.000
1247.818	6869.000
1247.959	6763.000
1248.099	6875.000
1248.240	6725.000
1248.380	6939.000
1248.521	6708.000
1248.661	6839.000
1248.802	6674.000
1248.942	6935.000
1249.083	6706.000
1249.223	6820.000
1249.364	6719.000
1249.504	6824.000
1249.644	6665.000
1249.785	6761.000
1249.925	6655.000
1250.066	6896.000
1250.206	6718.000
1250.346	6809.000
1250.487	6704.000
1250.627	6831.000
1250.767	6700.000
1250.908	6806.000
1251.048	6657.000
1251.188	6825.000
1251.329	6640.000
1251.469	6812.000
1251.609	6661.000
1251.750	6835.000
1251.890	6655.000
1252.030	6781.000
1252.170	6619.000
1252.311	6870.000
1252.451	6694.000
1252.591	6813.000
1252.731	6707.000
1252.871	6837.000
1253.012	6592.000
1253.152	6796.000
1253.292	6743.000
1253.432	6889.000
1253.572	6673.000
1253.712	6771.000
1253.853	6690.000
1253.993	6766.000
1254.133	6623.000
1254.273	6820.000
1254.413	6694.000
1254.553	6810.000
1254.693	6604.000
1254.833	6759.000
1254.973	6606.000
1255.114	6860.000
1255.254	6660.000
1255.394	6872.000
1255.534	6589.000
1255.674	6857.000
1255.814	6664.000
1255.954	6837.000
1256.094	6649.000
1256.234	6885.000
1256.374	6640.000
1256.514	6821.000
1256.654	6651.000
1256.794	6820.000
1256.933	6627.000
1257.073	6861.000
1257.213	6700.000
1257.353	6784.000
1257.493	6709.000
1257.633	6787.000
1257.773	6699.000
1257.913	6870.000
1258.053	6692.000
1258.193	6783.000
1258.332	6635.000
1258.472	6831.000
1258.612	6696.000
1258.752	6776.000
1258.892	6692.000
1259.031	6788.000
1259.171	6696.000
1259.311	6873.000
1259.451	6654.000
1259.591	6812.000
1259.730	6723.000
1259.870	6839.000
1260.010	6673.000
1260.150	6901.000
1260.289	6750.000
1260.429	6875.000
1260.569	6752.000
1260.708	6867.000
1260.848	6711.000
1260.988	6815.000
1261.127	6728.000
1261.267	6887.000
1261.407	6702.000
1261.546	6811.000
1261.686	6757.000
1261.826	6872.000
1261.965	6699.000
1262.105	6769.000
1262.244	6650.000
1262.384	6903.000
1262.524	6673.000
1262.663	6827.000
1262.803	6712.000
1262.942	6955.000
1263.082	7099.000
1263.221	6846.000
1263.361	6692.000
1263.500	6822.000
1263.640	6658.000
1263.779	6874.000
1263.919	6676.000
1264.058	6889.000
1264.198	6657.000
1264.337	6763.000
1264.477	6741.000
1264.616	6820.000
1264.756	6676.000
1264.895	6829.000
1265.034	6692.000
1265.174	6893.000
1265.313	6671.000
1265.453	6779.000
1265.592	6640.000
1265.731	6752.000
1265.871	6637.000
1266.010	6831.000
1266.149	6672.000
1266.289	6793.000
1266.428	6734.000
1266.567	6774.000
1266.707	6642.000
1266.846	6915.000
1266.985	6658.000
1267.124	6798.000
1267.264	6657.000
1267.403	6747.000
1267.542	6691.000
1267.681	6762.000
1267.821	6672.000
1267.960	6697.000
1268.099	6675.000
1268.238	6736.000
1268.377	6652.000
1268.517	6739.000
1268.656	6649.000
1268.795	6789.000
1268.934	6630.000
1269.073	6815.000
1269.212	6653.000
1269.352	6702.000
1269.491	6674.000
1269.630	6765.000
1269.769	6660.000
1269.908	6754.000
1270.047	6663.000
1270.186	6723.000
1270.325	6685.000
1270.464	6803.000
1270.603	6720.000
1270.742	6759.000
1270.881	6654.000
1271.020	6733.000
1271.159	6633.000
1271.298	6762.000
1271.437	6618.000
1271.576	6823.000
1271.715	6652.000
1271.854	6799.000
1271.993	6651.000
1272.132	6746.000
1272.271	6659.000
1272.410	6751.000
1272.549	6570.000
1272.688	6783.000
1272.827	6639.000
1272.966	6842.000
1273.104	6684.000
1273.243	6857.000
1273.382	6611.000
1273.521	6804.000
1273.660	6633.000
1273.799	6775.000
1273.938	6617.000
1274.076	6843.000
1274.215	6598.000
1274.354	6865.000
1274.493	6658.000
1274.632	6816.000
1274.770	6611.000
1274.909	6757.000
1275.048	6619.000
1275.187	6829.000
1275.325	6688.000
1275.464	6840.000
1275.603	6732.000
1275.741	6857.000
1275.880	6704.000
1276.019	6784.000
1276.157	6680.000
1276.296	6886.000
1276.435	6692.000
1276.573	6836.000
1276.712	6672.000
1276.851	6852.000
1276.989	6637.000
1277.128	6873.000
1277.267	6656.000
1277.405	6877.000
1277.544	6750.000
1277.682	6841.000
1277.821	6631.000
1277.959	6806.000
1278.098	6668.000
1278.236	6819.000
1278.375	6691.000
1278.514	6851.000
1278.652	6734.000
1278.791	6789.000
1278.929	6695.000
1279.068	6813.000
1279.206	6734.000
1279.344	6835.000
1279.483	6661.000
1279.621	6865.000
1279.760	6660.000
1279.898	6793.000
1280.037	6646.000
1280.175	6821.000
1280.313	6602.000
1280.452	6840.000
1280.590	6721.000
1280.729	6739.000
1280.867	6696.000
1281.005	6883.000
1281.144	6631.000
1281.282	6823.000
1281.420	6688.000
1281.559	6772.000
1281.697	6633.000
1281.835	6724.000
1281.974	6628.000
1282.112	6760.000
1282.250	6638.000
1282.388	6770.000
1282.527	6661.000
1282.665	6762.000
1282.803	6631.000
1282.941	6843.000
1283.080	6692.000
1283.218	6763.000
1283.356	6750.000
1283.494	6799.000
1283.632	6670.000
1283.771	6769.000
1283.909	5832.000
1284.047	6767.000
1284.185	6605.000
1284.323	6713.000
1284.461	6550.000
1284.599	6733.000
1284.737	6589.000
1284.876	6764.000
1285.014	6660.000
1285.152	6709.000
1285.290	6635.000
1285.428	6718.000
1285.566	6578.000
1285.704	6787.000
1285.842	6609.000
1285.980	6733.000
1286.118	6535.000
1286.256	6733.000
1286.394	6536.000
1286.532	6673.000
1286.670	6595.000
1286.808	6680.000
1286.946	6535.000
1287.084	6695.000
1287.222	6491.000
1287.360	6712.000
1287.498	6444.000
1287.636	6784.000
1287.774	6569.000
1287.911	6641.000
1288.049	6583.000
1288.187	6628.000
1288.325	6487.000
1288.463	6594.000
1288.601	6467.000
1288.739	6607.000
1288.876	6487.000
1289.014	6671.000
1289.152	6504.000
1289.290	6686.000
1289.428	6469.000
1289.565	6592.000
1289.703	6441.000
1289.841	6589.000
1289.979	6386.000
1290.117	6578.000
1290.254	6377.000
1290.392	6563.000
1290.530	6436.000
1290.667	6602.000
1290.805	6507.000
1290.943	6628.000
1291.080	6414.000
1291.218	6645.000
1291.356	6400.000
1291.493	6557.000
1291.631	6472.000
1291.769	6622.000
1291.906	6428.000
1292.044	6691.000
1292.182	9272.000
1292.319	6672.000
1292.457	6464.000
1292.594	6577.000
1292.732	6488.000
1292.870	6599.000
1293.007	6400.000
1293.145	6556.000
1293.282	6542.000
1293.420	6702.000
1293.557	6537.000
1293.695	6590.000
1293.832	6436.000
1293.970	6613.000
1294.107	6535.000
1294.245	6675.000
1294.382	6489.000
1294.520	6633.000
1294.657	6445.000
1294.795	6660.000
1294.932	6519.000
1295.069	6667.000
1295.207	6511.000
1295.344	6644.000
1295.482	6527.000
1295.619	6596.000
1295.756	6435.000
1295.894	6560.000
1296.031	6423.000
1296.168	6660.000
1296.306	6455.000
1296.443	6606.000
1296.580	6422.000
1296.718	6692.000
1296.855	6456.000
1296.992	6673.000
1297.130	6439.000
1297.267	6645.000
1297.404	6348.000
1297.541	6592.000
1297.679	6399.000
1297.816	6638.000
1297.953	6377.000
1298.090	6648.000
1298.228	6453.000
1298.365	6588.000
1298.502	6427.000
1298.639	6659.000
1298.776	6352.000
1298.913	6646.000
1299.051	6470.000
1299.188	6516.000
1299.325	6377.000
1299.462	6623.000
1299.599	6412.000
1299.736	6595.000
1299.873	6424.000
1300.010	6536.000
1300.147	6459.000
1300.285	6536.000
1300.422	6457.000
1300.559	6592.000
1300.696	6439.000
1300.833	6636.000
1300.970	6360.000
1301.107	6592.000
1301.244	6332.000
1301.381	6534.000
1301.518	6495.000
1301.655	6656.000
1301.792	6422.000
1301.929	6559.000
1302.066	6492.000
1302.203	6630.000
1302.340	6426.000
1302.476	6641.000
1302.613	6465.000
1302.750	6665.000
1302.887	6399.000
1303.024	6554.000
1303.161	6439.000
1303.298	6629.000
1303.435	6409.000
1303.572	6479.000
1303.708	6444.000
1303.845	6656.000
1303.982	6460.000
1304.119	6574.000
1304.256	6409.000
1304.392	6516.000
1304.529	6476.000
1304.666	6643.000
