1129.938	15451.000
1130.084	14224.000
1130.229	14623.000
1130.375	13609.000
1130.521	13800.000
1130.667	13008.000
1130.813	13186.000
1130.958	12456.000
1131.104	12651.000
1131.250	12055.000
1131.396	12193.000
1131.542	11781.000
1131.687	11924.000
1131.833	11442.000
1131.979	11624.000
1132.124	11354.000
1132.270	11339.000
1132.416	11146.000
1132.561	11214.000
1132.707	10991.000
1132.853	11075.000
1132.998	10774.000
1133.144	11111.000
1133.290	10790.000
1133.435	10988.000
1133.581	10795.000
1133.727	11116.000
1133.872	10821.000
1134.018	11111.000
1134.163	10842.000
1134.309	11036.000
1134.455	10806.000
1134.600	10892.000
1134.746	10604.000
1134.891	10647.000
1135.037	10376.000
1135.182	10599.000
1135.328	10229.000
1135.473	10363.000
1135.619	10163.000
1135.764	10177.000
1135.910	10023.000
1136.055	9981.000
1136.201	9940.000
1136.346	9828.000
1136.492	9750.000
1136.637	9841.000
1136.783	9603.000
1136.928	9687.000
1137.074	9552.000
1137.219	9586.000
1137.364	9455.000
1137.510	9553.000
1137.655	9491.000
1137.801	9431.000
1137.946	9376.000
1138.091	9349.000
1138.237	9343.000
1138.382	9261.000
1138.527	9201.000
1138.673	9315.000
1138.818	9173.000
1138.963	9187.000
1139.109	9146.000
1139.254	9128.000
1139.399	9148.000
1139.544	9127.000
1139.690	9046.000
1139.835	9092.000
1139.980	9044.000
1140.125	9070.000
1140.271	8989.000
1140.416	8993.000
1140.561	9020.000
1140.706	8908.000
1140.851	8915.000
1140.997	8927.000
1141.142	8918.000
1141.287	8911.000
1141.432	8978.000
1141.577	8848.000
1141.723	8887.000
1141.868	8911.000
1142.013	8832.000
1142.158	8789.000
1142.303	8818.000
1142.448	8773.000
1142.593	8803.000
1142.738	8825.000
1142.883	8757.000
1143.028	8755.000
1143.174	8795.000
1143.319	8778.000
1143.464	8771.000
1143.609	8784.000
1143.754	8731.000
1143.899	8692.000
1144.044	8734.000
1144.189	8726.000
1144.334	8732.000
1144.479	8692.000
1144.624	8644.000
1144.769	8652.000
1144.914	8628.000
1145.059	8644.000
1145.204	8730.000
1145.348	8636.000
1145.493	8682.000
1145.638	8615.000
1145.783	8645.000
1145.928	8627.000
1146.073	8682.000
1146.218	8518.000
1146.363	8706.000
1146.508	8597.000
1146.653	8590.000
1146.797	8638.000
1146.942	8660.000
1147.087	8631.000
1147.232	8659.000
1147.377	8583.000
1147.522	8633.000
1147.666	8585.000
1147.811	8696.000
1147.956	8578.000
1148.101	8643.000
1148.245	8507.000
1148.390	8543.000
1148.535	8655.000
1148.680	8674.000
1148.824	8610.000
1148.969	8622.000
1149.114	8630.000
1149.259	8585.000
1149.403	8581.000
1149.548	8616.000
1149.693	8632.000
1149.837	8670.000
1149.982	8571.000
1150.127	8641.000
1150.271	8611.000
1150.416	8661.000
1150.561	8591.000
1150.705	8537.000
1150.850	8595.000
1150.994	8666.000
1151.139	8643.000
1151.284	8584.000
1151.428	8562.000
1151.573	8653.000
1151.717	8596.000
1151.862	8595.000
1152.006	8537.000
1152.151	8578.000
1152.295	8549.000
1152.440	8625.000
1152.584	8596.000
1152.729	8632.000
1152.873	8582.000
1153.018	8623.000
1153.162	8595.000
1153.307	8531.000
1153.451	8520.000
1153.596	8614.000
1153.740	8483.000
1153.885	8578.000
1154.029	8567.000
1154.174	8525.000
1154.318	8532.000
1154.462	8625.000
1154.607	8442.000
1154.751	8599.000
1154.896	8490.000
1155.040	8536.000
1155.184	8560.000
1155.329	8582.000
1155.473	8451.000
1155.617	8554.000
1155.762	8372.000
1155.906	8455.000
1156.050	8451.000
1156.194	8598.000
1156.339	8458.000
1156.483	8519.000
1156.627	8349.000
1156.772	8441.000
1156.916	8446.000
1157.060	8445.000
1157.204	8462.000
1157.349	8528.000
1157.493	8358.000
1157.637	8471.000
1157.781	8347.000
1157.925	8474.000
1158.070	8367.000
1158.214	8458.000
1158.358	8337.000
1158.502	8421.000
1158.646	8289.000
1158.790	8460.000
1158.935	8457.000
1159.079	8386.000
1159.223	8399.000
1159.367	8391.000
1159.511	8284.000
1159.655	8410.000
1159.799	8310.000
1159.943	8463.000
1160.087	8263.000
1160.231	8424.000
1160.375	8291.000
1160.519	8359.000
1160.664	8256.000
1160.808	8440.000
1160.952	8281.000
1161.096	8357.000
1161.240	8237.000
1161.384	8309.000
1161.528	8200.000
1161.672	8354.000
1161.815	8279.000
1161.959	8391.000
1162.103	8268.000
1162.247	8375.000
1162.391	8102.000
1162.535	8361.000
1162.679	8186.000
1162.823	8318.000
1162.967	8195.000
1163.111	8384.000
1163.255	8226.000
1163.399	8299.000
1163.542	8219.000
1163.686	8348.000
1163.830	8178.000
1163.974	8295.000
1164.118	8177.000
1164.262	8333.000
1164.405	8143.000
1164.549	8222.000
1164.693	8173.000
1164.837	8262.000
1164.981	8156.000
1165.124	8241.000
1165.268	8116.000
1165.412	8284.000
1165.556	8210.000
1165.699	8289.000
1165.843	8269.000
1165.987	8350.000
1166.131	8215.000
1166.274	8228.000
1166.418	8161.000
1166.562	8248.000
1166.705	8110.000
1166.849	8296.000
1166.993	8280.000
1167.136	8358.000
1167.280	8152.000
1167.424	8318.000
1167.567	8274.000
1167.711	8272.000
1167.854	8153.000
1167.998	8337.000
1168.142	8192.000
1168.285	8270.000
1168.429	8146.000
1168.572	8302.000
1168.716	8162.000
1168.859	8284.000
1169.003	8206.000
1169.147	8279.000
1169.290	8188.000
1169.434	8299.000
1169.577	8224.000
1169.721	8308.000
1169.864	8211.000
1170.008	8428.000
1170.151	8220.000
1170.294	8255.000
1170.438	8250.000
1170.581	8325.000
1170.725	8163.000
1170.868	8352.000
1171.012	8296.000
1171.155	8370.000
1171.298	8206.000
1171.442	8294.000
1171.585	8225.000
1171.729	8270.000
1171.872	8183.000
1172.015	8267.000
1172.159	8251.000
1172.302	8322.000
1172.445	8233.000
1172.589	8290.000
1172.732	8057.000
1172.875	8359.000
1173.019	8152.000
1173.162	8277.000
1173.305	8189.000
1173.449	8329.000
1173.592	8171.000
1173.735	8282.000
1173.878	8305.000
1174.022	8207.000
1174.165	8150.000
1174.308	8297.000
1174.451	8180.000
1174.594	8291.000
1174.738	8153.000
1174.881	8375.000
1175.024	8269.000
1175.167	8319.000
1175.310	8182.000
1175.454	8294.000
1175.597	8240.000
1175.740	8338.000
1175.883	8148.000
1176.026	8324.000
1176.169	8182.000
1176.312	8213.000
1176.455	8225.000
1176.598	8267.000
1176.742	8191.000
1176.885	8427.000
1177.028	8169.000
1177.171	8178.000
1177.314	8150.000
1177.457	8372.000
1177.600	8238.000
1177.743	8265.000
1177.886	8122.000
1178.029	8356.000
1178.172	8191.000
1178.315	8320.000
1178.458	8205.000
1178.601	8355.000
1178.744	8203.000
1178.887	8344.000
1179.030	8276.000
1179.173	8350.000
1179.316	8256.000
1179.458	8393.000
1179.601	8203.000
1179.744	8321.000
1179.887	8262.000
1180.030	8345.000
1180.173	8164.000
1180.316	8399.000
1180.459	8164.000
1180.602	8301.000
1180.744	8256.000
1180.887	8366.000
1181.030	8280.000
1181.173	8354.000
1181.316	8273.000
1181.458	8304.000
1181.601	8219.000
1181.744	8346.000
1181.887	8341.000
1182.030	8295.000
1182.172	8306.000
1182.315	8332.000
1182.458	8283.000
1182.601	8398.000
1182.743	8245.000
1182.886	8334.000
1183.029	8290.000
1183.171	8402.000
1183.314	8312.000
1183.457	8399.000
1183.599	8247.000
1183.742	8471.000
1183.885	8278.000
1184.027	8438.000
1184.170	8284.000
1184.313	8496.000
1184.455	8312.000
1184.598	8570.000
1184.741	8260.000
1184.883	8564.000
1185.026	8349.000
1185.168	8448.000
1185.311	8375.000
1185.453	8526.000
1185.596	8394.000
1185.739	8453.000
1185.881	8401.000
1186.024	8524.000
1186.166	8353.000
1186.309	8514.000
1186.451	8456.000
1186.594	8538.000
1186.736	8497.000
1186.879	8546.000
1187.021	8489.000
1187.164	8575.000
1187.306	8419.000
1187.448	8616.000
1187.591	8243.000
1187.733	8610.000
1187.876	8510.000
1188.018	8552.000
1188.160	8537.000
1188.303	8536.000
1188.445	8418.000
1188.588	8562.000
1188.730	8549.000
1188.872	8677.000
1189.015	8507.000
1189.157	8639.000
1189.299	8489.000
1189.442	8686.000
1189.584	8537.000
1189.726	8590.000
1189.869	8487.000
1190.011	8683.000
1190.153	8568.000
1190.295	8681.000
1190.438	8536.000
1190.580	8691.000
1190.722	8577.000
1190.864	8715.000
1191.007	8631.000
1191.149	8657.000
1191.291	8503.000
1191.433	8702.000
1191.576	8618.000
1191.718	8863.000
1191.860	8617.000
1192.002	8785.000
1192.144	8648.000
1192.286	8748.000
1192.429	8653.000
1192.571	8803.000
1192.713	8673.000
1192.855	8792.000
1192.997	8696.000
1193.139	8782.000
1193.281	8721.000
1193.423	8856.000
1193.565	8742.000
1193.707	8861.000
1193.850	8699.000
1193.992	8772.000
1194.134	8704.000
1194.276	8870.000
1194.418	8692.000
1194.560	8780.000
1194.702	8739.000
1194.844	8770.000
1194.986	8711.000
1195.128	8806.000
1195.270	8751.000
1195.412	8853.000
1195.554	8749.000
1195.696	8927.000
1195.837	8777.000
1195.979	8817.000
1196.121	8731.000
1196.263	8898.000
1196.405	8807.000
1196.547	8899.000
1196.689	8723.000
1196.831	8887.000
1196.973	8734.000
1197.115	8789.000
1197.256	8688.000
1197.398	8827.000
1197.540	8715.000
1197.682	8839.000
1197.824	8691.000
1197.966	8856.000
1198.107	8710.000
1198.249	8806.000
1198.391	8776.000
1198.533	8792.000
1198.675	8649.000
1198.816	8776.000
1198.958	8621.000
1199.100	8852.000
1199.242	8739.000
1199.383	8739.000
1199.525	8659.000
1199.667	8694.000
1199.808	8656.000
1199.950	8768.000
1200.092	8713.000
1200.233	8778.000
1200.375	8640.000
1200.517	8739.000
1200.658	8607.000
1200.800	8709.000
1200.942	8614.000
1201.083	8710.000
1201.225	8592.000
1201.367	8701.000
1201.508	8579.000
1201.650	8529.000
1201.791	8452.000
1201.933	8654.000
1202.074	8392.000
1202.216	8565.000
1202.358	8447.000
1202.499	8487.000
1202.641	8402.000
1202.782	8491.000
1202.924	8387.000
1203.065	8554.000
1203.207	8250.000
1203.348	8503.000
1203.490	8303.000
1203.631	8434.000
1203.773	8308.000
1203.914	8438.000
1204.056	8287.000
1204.197	8421.000
1204.338	8227.000
1204.480	8375.000
1204.621	8276.000
1204.763	8391.000
1204.904	8167.000
1205.045	8375.000
1205.187	8366.000
1205.328	8411.000
1205.470	8270.000
1205.611	8416.000
1205.752	8241.000
1205.894	8398.000
1206.035	8208.000
1206.176	8394.000
1206.318	8185.000
1206.459	8501.000
1206.600	8280.000
1206.741	8431.000
1206.883	8250.000
1207.024	8407.000
1207.165	8278.000
1207.306	8416.000
1207.448	8203.000
1207.589	8353.000
1207.730	8207.000
1207.871	8397.000
1208.013	8284.000
1208.154	8391.000
1208.295	8176.000
1208.436	8362.000
1208.577	8266.000
1208.719	8345.000
1208.860	8253.000
1209.001	8342.000
1209.142	8166.000
1209.283	8415.000
1209.424	8162.000
1209.565	8339.000
1209.706	8220.000
1209.848	8430.000
1209.989	8229.000
1210.130	8321.000
1210.271	8187.000
1210.412	8287.000
1210.553	8229.000
1210.694	8399.000
1210.835	8188.000
1210.976	8358.000
1211.117	8129.000
1211.258	8359.000
1211.399	8202.000
1211.540	8360.000
1211.681	8183.000
1211.822	8337.000
1211.963	8269.000
1212.104	8314.000
1212.245	8214.000
1212.386	8366.000
1212.527	8184.000
1212.668	8357.000
1212.809	8128.000
1212.950	8398.000
1213.090	8194.000
1213.231	8322.000
1213.372	8165.000
1213.513	8364.000
1213.654	8195.000
1213.795	8281.000
1213.936	8113.000
1214.077	8338.000
1214.217	8264.000
1214.358	8344.000
1214.499	8255.000
1214.640	8388.000
1214.781	8197.000
1214.921	8365.000
1215.062	8180.000
1215.203	8304.000
1215.344	8139.000
1215.485	8319.000
1215.625	8241.000
1215.766	8358.000
1215.907	8205.000
1216.047	8361.000
1216.188	8136.000
1216.329	8290.000
1216.470	8098.000
1216.610	8295.000
1216.751	8145.000
1216.892	8262.000
1217.032	8104.000
1217.173	8272.000
1217.314	8235.000
1217.454	8258.000
1217.595	8144.000
1217.735	8315.000
1217.876	8207.000
1218.017	8284.000
1218.157	8141.000
1218.298	8319.000
1218.438	8147.000
1218.579	8262.000
1218.720	8111.000
1218.860	8329.000
1219.001	8168.000
1219.141	8229.000
1219.282	8139.000
1219.422	8242.000
1219.563	8093.000
1219.703	8167.000
1219.844	8102.000
1219.984	8332.000
1220.125	8169.000
1220.265	8247.000
1220.406	8157.000
1220.546	8284.000
1220.687	8139.000
1220.827	8225.000
1220.967	8107.000
1221.108	8275.000
1221.248	8056.000
1221.389	8214.000
1221.529	8136.000
1221.669	8306.000
1221.810	8144.000
1221.950	8215.000
1222.091	8101.000
1222.231	8262.000
1222.371	8138.000
1222.512	8267.000
1222.652	8163.000
1222.792	8285.000
1222.933	8065.000
1223.073	8235.000
1223.213	8204.000
1223.353	8339.000
1223.494	8196.000
1223.634	8261.000
1223.774	8171.000
1223.914	8229.000
1224.055	8107.000
1224.195	8299.000
1224.335	8145.000
1224.475	8277.000
1224.616	8109.000
1224.756	8227.000
1224.896	8138.000
1225.036	8339.000
1225.176	8199.000
1225.316	8326.000
1225.457	8101.000
1225.597	8352.000
1225.737	8161.000
1225.877	8346.000
1226.017	8127.000
1226.157	8388.000
1226.297	8156.000
1226.437	8309.000
1226.578	8189.000
1226.718	8292.000
1226.858	8173.000
1226.998	8369.000
1227.138	8210.000
1227.278	8315.000
1227.418	8243.000
1227.558	8272.000
1227.698	8202.000
1227.838	8340.000
1227.978	8222.000
1228.118	8279.000
1228.258	8166.000
1228.398	8357.000
1228.538	8231.000
1228.678	8304.000
1228.818	8231.000
1228.958	8321.000
1229.098	8233.000
1229.238	8404.000
1229.377	8200.000
1229.517	8317.000
1229.657	8289.000
1229.797	8385.000
1229.937	8227.000
1230.077	8402.000
1230.217	8285.000
1230.357	8363.000
1230.496	8291.000
1230.636	8394.000
1230.776	8288.000
1230.916	8355.000
1231.056	8249.000
1231.196	8446.000
1231.335	8290.000
1231.475	8324.000
1231.615	8352.000
1231.755	8407.000
1231.894	8271.000
1232.034	8359.000
1232.174	8198.000
1232.314	8449.000
1232.453	8251.000
1232.593	8345.000
1232.733	8303.000
1232.873	8483.000
1233.012	8684.000
1233.152	8423.000
1233.292	8278.000
1233.431	8444.000
1233.571	8210.000
1233.711	8458.000
1233.850	8256.000
1233.990	8427.000
1234.129	8253.000
1234.269	8323.000
1234.409	8346.000
1234.548	8388.000
1234.688	8267.000
1234.828	8381.000
1234.967	8273.000
1235.107	8466.000
1235.246	8252.000
1235.386	8336.000
1235.525	8258.000
1235.665	8339.000
1235.804	8256.000
1235.944	8357.000
1236.083	8279.000
1236.223	8361.000
1236.362	8352.000
1236.502	8342.000
1236.641	8233.000
1236.781	8470.000
1236.920	8254.000
1237.060	8357.000
1237.199	8246.000
1237.339	8310.000
1237.478	8269.000
1237.617	8319.000
1237.757	8262.000
1237.896	8263.000
1238.036	8278.000
1238.175	8301.000
1238.314	8270.000
1238.454	8343.000
1238.593	8219.000
1238.732	8335.000
1238.872	8253.000
1239.011	8439.000
1239.150	8237.000
1239.290	8311.000
1239.429	8295.000
1239.568	8348.000
1239.708	8283.000
1239.847	8315.000
1239.986	8260.000
1240.125	8343.000
1240.265	8285.000
1240.404	8396.000
1240.543	8344.000
1240.682	8341.000
1240.822	8252.000
1240.961	8319.000
1241.100	8262.000
1241.239	8354.000
1241.378	8265.000
1241.518	8415.000
1241.657	8303.000
1241.796	8412.000
1241.935	8266.000
1242.074	8376.000
1242.213	8285.000
1242.352	8373.000
1242.492	8237.000
1242.631	8423.000
1242.770	8294.000
1242.909	8443.000
1243.048	8325.000
1243.187	8459.000
1243.326	8283.000
1243.465	8469.000
1243.604	8287.000
1243.743	8395.000
1243.882	8287.000
1244.021	8444.000
1244.160	8276.000
1244.299	8492.000
1244.438	8317.000
1244.577	8479.000
1244.716	8289.000
1244.855	8433.000
1244.994	8328.000
1245.133	8486.000
1245.272	8348.000
1245.411	8466.000
1245.550	8414.000
1245.689	8534.000
1245.828	8408.000
1245.967	8404.000
1246.106	8384.000
1246.244	8549.000
1246.383	8372.000
1246.522	8486.000
1246.661	8348.000
1246.800	8531.000
1246.939	8338.000
1247.078	8540.000
1247.216	8336.000
1247.355	8577.000
1247.494	8459.000
1247.633	8516.000
1247.772	8358.000
1247.910	8472.000
1248.049	8410.000
1248.188	8486.000
1248.327	8421.000
1248.465	8561.000
1248.604	8430.000
1248.743	8493.000
1248.882	8394.000
1249.020	8556.000
1249.159	8441.000
1249.298	8498.000
1249.436	8356.000
1249.575	8575.000
1249.714	8378.000
1249.852	8515.000
1249.991	8377.000
1250.130	8499.000
1250.268	8273.000
1250.407	8525.000
1250.546	8423.000
1250.684	8422.000
1250.823	8444.000
1250.961	8554.000
1251.100	8356.000
1251.239	8563.000
1251.377	8423.000
1251.516	8481.000
1251.654	8361.000
1251.793	8487.000
1251.931	8369.000
1252.070	8446.000
1252.208	8420.000
1252.347	8510.000
1252.485	8396.000
1252.624	8467.000
1252.762	8356.000
1252.901	8572.000
1253.039	8450.000
1253.178	8509.000
1253.316	8473.000
1253.455	8520.000
1253.593	8416.000
1253.732	8475.000
1253.870	7651.000
1254.008	8479.000
1254.147	8411.000
1254.285	8448.000
1254.424	8330.000
1254.562	8520.000
1254.700	8349.000
1254.839	8510.000
1254.977	8446.000
1255.115	8539.000
1255.254	8375.000
1255.392	8493.000
1255.530	8371.000
1255.669	8554.000
1255.807	8402.000
1255.945	8503.000
1256.084	8301.000
1256.222	8520.000
1256.360	8338.000
1256.498	8451.000
1256.637	8374.000
1256.775	8440.000
1256.913	8371.000
1257.051	8491.000
1257.189	8317.000
1257.328	8513.000
1257.466	8307.000
1257.604	8578.000
1257.742	8367.000
1257.880	8416.000
1258.019	8386.000
1258.157	8407.000
1258.295	8289.000
1258.433	8382.000
1258.571	8266.000
1258.709	8365.000
1258.847	8334.000
1258.986	8486.000
1259.124	8316.000
1259.262	8475.000
1259.400	8290.000
1259.538	8418.000
1259.676	8310.000
1259.814	8381.000
1259.952	8246.000
1260.090	8393.000
1260.228	8254.000
1260.366	8382.000
1260.504	8240.000
1260.642	8439.000
1260.780	8400.000
1260.918	8411.000
1261.056	8314.000
1261.194	8536.000
1261.332	8268.000
1261.470	8382.000
1261.608	8330.000
1261.746	8473.000
1261.884	8285.000
1262.022	8552.000
1262.160	11087.000
1262.297	8518.000
1262.435	8343.000
1262.573	8448.000
1262.711	8388.000
1262.849	8519.000
1262.987	8303.000
1263.125	8431.000
1263.262	8470.000
1263.400	8588.000
1263.538	8451.000
1263.676	8503.000
1263.814	8374.000
1263.952	8529.000
1264.089	8475.000
1264.227	8575.000
1264.365	8438.000
1264.503	8550.000
1264.640	8417.000
1264.778	8576.000
1264.916	8495.000
1265.054	8618.000
1265.191	8461.000
1265.329	8594.000
1265.467	8509.000
1265.604	8586.000
1265.742	8442.000
1265.880	8537.000
1266.017	8432.000
1266.155	8642.000
1266.293	8468.000
1266.430	8589.000
1266.568	8439.000
1266.706	8696.000
1266.843	8478.000
1266.981	8640.000
1267.119	8469.000
1267.256	8584.000
1267.394	8353.000
1267.531	8614.000
1267.669	8432.000
1267.806	8637.000
1267.944	8422.000
1268.081	8642.000
1268.219	8480.000
1268.357	8619.000
1268.494	8490.000
1268.632	8667.000
1268.769	8405.000
1268.907	8681.000
1269.044	8550.000
1269.182	8557.000
1269.319	8451.000
1269.456	8689.000
1269.594	8524.000
1269.731	8605.000
1269.869	8498.000
1270.006	8644.000
1270.144	8550.000
1270.281	8625.000
1270.418	8593.000
1270.556	8669.000
1270.693	8569.000
1270.831	8763.000
1270.968	8493.000
1271.105	8716.000
1271.243	8511.000
1271.380	8669.000
1271.517	8650.000
1271.655	8807.000
1271.792	8543.000
1271.929	8701.000
1272.066	8619.000
1272.204	8828.000
1272.341	8653.000
1272.478	8819.000
1272.616	8595.000
1272.753	8836.000
1272.890	8601.000
1273.027	8739.000
1273.165	8633.000
1273.302	8792.000
1273.439	8619.000
1273.576	8674.000
1273.713	8674.000
1273.851	8897.000
1273.988	8702.000
1274.125	8779.000
1274.262	8666.000
1274.399	8743.000
1274.536	8723.000
1274.673	8885.000
