1429.840	9012.000
1429.989	8979.000
1430.138	9013.000
1430.288	9089.000
1430.437	8958.000
1430.587	9080.000
1430.736	8950.000
1430.885	9004.000
1431.035	8942.000
1431.184	9008.000
1431.333	8866.000
1431.482	9018.000
1431.632	8926.000
1431.781	8932.000
1431.930	8899.000
1432.079	9030.000
1432.229	8813.000
1432.378	8986.000
1432.527	8838.000
1432.676	8995.000
1432.825	8826.000
1432.974	8855.000
1433.123	8992.000
1433.273	8929.000
1433.422	8881.000
1433.571	8895.000
1433.720	8904.000
1433.869	8855.000
1434.018	8827.000
1434.167	8888.000
1434.316	8856.000
1434.465	8929.000
1434.614	8878.000
1434.763	8889.000
1434.911	8798.000
1435.060	8809.000
1435.209	8880.000
1435.358	8800.000
1435.507	8832.000
1435.656	8856.000
1435.805	8809.000
1435.954	8880.000
1436.102	8729.000
1436.251	8887.000
1436.400	8717.000
1436.549	8816.000
1436.697	8803.000
1436.846	8739.000
1436.995	8771.000
1437.144	8832.000
1437.292	8682.000
1437.441	8740.000
1437.590	8787.000
1437.738	8808.000
1437.887	8687.000
1438.035	8768.000
1438.184	8677.000
1438.333	8765.000
1438.481	8641.000
1438.630	8688.000
1438.778	8706.000
1438.927	8690.000
1439.075	8621.000
1439.224	8633.000
1439.372	8586.000
1439.521	8706.000
1439.669	8641.000
1439.818	8605.000
1439.966	8586.000
1440.114	8635.000
1440.263	8583.000
1440.411	8623.000
1440.559	8576.000
1440.708	8618.000
1440.856	8493.000
1441.004	8584.000
1441.153	8522.000
1441.301	8534.000
1441.449	8555.000
1441.597	8642.000
1441.746	8500.000
1441.894	8563.000
1442.042	8529.000
1442.190	8540.000
1442.338	8428.000
1442.487	8510.000
1442.635	8417.000
1442.783	8464.000
1442.931	8450.000
1443.079	8498.000
1443.227	8431.000
1443.375	8496.000
1443.523	8447.000
1443.671	8467.000
1443.819	8456.000
1443.967	8441.000
1444.115	8402.000
1444.263	8465.000
1444.411	8420.000
1444.559	8460.000
1444.707	8379.000
1444.855	8380.000
1445.003	8318.000
1445.151	8340.000
1445.299	8359.000
1445.447	8478.000
1445.594	8329.000
1445.742	8407.000
1445.890	8339.000
1446.038	8370.000
1446.186	8340.000
1446.333	8394.000
1446.481	8220.000
1446.629	8434.000
1446.776	8296.000
1446.924	8316.000
1447.072	8312.000
1447.220	8399.000
1447.367	8316.000
1447.515	8363.000
1447.662	8285.000
1447.810	8350.000
1447.958	8267.000
1448.105	8401.000
1448.253	8263.000
1448.400	8395.000
1448.548	8206.000
1448.695	8262.000
1448.843	8374.000
1448.990	8362.000
1449.138	8290.000
1449.285	8331.000
1449.433	8296.000
1449.580	8313.000
1449.728	8282.000
1449.875	8306.000
1450.022	8308.000
1450.170	8370.000
1450.317	8243.000
1450.464	8336.000
1450.612	8292.000
1450.759	8357.000
1450.906	8244.000
1451.054	8268.000
1451.201	8270.000
1451.348	8368.000
1451.495	8298.000
1451.643	8309.000
1451.790	8233.000
1451.937	8331.000
1452.084	8245.000
1452.231	8268.000
1452.378	8205.000
1452.526	8264.000
1452.673	8186.000
1452.820	8333.000
1452.967	8252.000
1453.114	8331.000
1453.261	8198.000
1453.408	8269.000
1453.555	8223.000
1453.702	8243.000
1453.849	8197.000
1453.996	8295.000
1454.143	8138.000
1454.290	8260.000
1454.437	8221.000
1454.584	8222.000
1454.731	8204.000
1454.878	8284.000
1455.024	8103.000
1455.171	8267.000
1455.318	8150.000
1455.465	8181.000
1455.612	8196.000
1455.759	8246.000
1455.905	8112.000
1456.052	8240.000
1456.199	8044.000
1456.346	8142.000
1456.492	8140.000
1456.639	8250.000
1456.786	8139.000
1456.932	8222.000
1457.079	8004.000
1457.226	8111.000
1457.372	8094.000
1457.519	8127.000
1457.665	8122.000
1457.812	8242.000
1457.959	8066.000
1458.105	8140.000
1458.252	8002.000
1458.398	8190.000
1458.545	8064.000
1458.691	8195.000
1458.838	8011.000
1458.984	8141.000
1459.131	7953.000
1459.277	8178.000
1459.423	8156.000
1459.570	8091.000
1459.716	8104.000
1459.863	8107.000
1460.009	7995.000
1460.155	8124.000
1460.302	8042.000
1460.448	8178.000
1460.594	7998.000
1460.741	8165.000
1460.887	7989.000
1461.033	8103.000
1461.179	7990.000
1461.326	8194.000
1461.472	8000.000
1461.618	8097.000
1461.764	7942.000
1461.910	8087.000
1462.056	7942.000
1462.203	8090.000
1462.349	7999.000
1462.495	8146.000
1462.641	8019.000
1462.787	8100.000
1462.933	7871.000
1463.079	8134.000
1463.225	7935.000
1463.371	8101.000
1463.517	7941.000
1463.663	8187.000
1463.809	8011.000
1463.955	8084.000
1464.101	7990.000
1464.247	8133.000
1464.393	7961.000
1464.539	8059.000
1464.684	7999.000
1464.830	8130.000
1464.976	7911.000
1465.122	8003.000
1465.268	7936.000
1465.414	8080.000
1465.559	7954.000
1465.705	8075.000
1465.851	7908.000
1465.997	8088.000
1466.142	7983.000
1466.288	8132.000
1466.434	8051.000
1466.579	8150.000
1466.725	8002.000
1466.871	8049.000
1467.016	7970.000
1467.162	8079.000
1467.308	7941.000
1467.453	8093.000
1467.599	8079.000
1467.744	8121.000
1467.890	7968.000
1468.035	8133.000
1468.181	8064.000
1468.326	8037.000
1468.472	7945.000
1468.617	8136.000
1468.763	7960.000
1468.908	8078.000
1469.054	7950.000
1469.199	8124.000
1469.344	7945.000
1469.490	8052.000
1469.635	7955.000
1469.780	8097.000
1469.926	7976.000
1470.071	8077.000
1470.216	7988.000
1470.362	8078.000
1470.507	7942.000
1470.652	8155.000
1470.797	7999.000
1470.943	8000.000
1471.088	8008.000
1471.233	8086.000
1471.378	7903.000
1471.523	8090.000
1471.668	8048.000
1471.814	8117.000
1471.959	7967.000
1472.104	8042.000
1472.249	7958.000
1472.394	8066.000
1472.539	7954.000
1472.684	8067.000
1472.829	7992.000
1472.974	8112.000
1473.119	7974.000
1473.264	8050.000
1473.409	7817.000
1473.554	8130.000
1473.699	7922.000
1473.844	8026.000
1473.989	7901.000
1474.134	8108.000
1474.279	7929.000
1474.423	8020.000
1474.568	8015.000
1474.713	7960.000
1474.858	7864.000
1475.003	8050.000
1475.147	7904.000
1475.292	8019.000
1475.437	7871.000
1475.582	8081.000
1475.726	7972.000
1475.871	8031.000
1476.016	7895.000
1476.161	8025.000
1476.305	7933.000
1476.450	8046.000
1476.594	7856.000
1476.739	8067.000
1476.884	7864.000
1477.028	7921.000
1477.173	7936.000
1477.317	7963.000
1477.462	7871.000
1477.606	8114.000
1477.751	7819.000
1477.895	7892.000
1478.040	7871.000
1478.184	8032.000
1478.329	7890.000
1478.473	7949.000
1478.618	7784.000
1478.762	8058.000
1478.907	7857.000
1479.051	7977.000
1479.195	7827.000
1479.340	7999.000
1479.484	7866.000
1479.628	7962.000
1479.773	7924.000
1479.917	8049.000
1480.061	7859.000
1480.205	8024.000
1480.350	7804.000
1480.494	7954.000
1480.638	7902.000
1480.782	7937.000
1480.926	7745.000
1481.071	8020.000
1481.215	7746.000
1481.359	7891.000
1481.503	7822.000
1481.647	7995.000
1481.791	7853.000
1481.935	7955.000
1482.079	7839.000
1482.223	7893.000
1482.367	7802.000
1482.511	7936.000
1482.655	7918.000
1482.799	7901.000
1482.943	7833.000
1483.087	7871.000
1483.231	7849.000
1483.375	7955.000
1483.519	7819.000
1483.663	7883.000
1483.807	7833.000
1483.951	7932.000
1484.095	7832.000
1484.238	7942.000
1484.382	7776.000
1484.526	7965.000
1484.670	7783.000
1484.814	7923.000
1484.957	7787.000
1485.101	8003.000
1485.245	7809.000
1485.389	8045.000
1485.532	7720.000
1485.676	8074.000
1485.820	7799.000
1485.963	7963.000
1486.107	7829.000
1486.250	7954.000
1486.394	7827.000
1486.538	7878.000
1486.681	7813.000
1486.825	7949.000
1486.968	7751.000
1487.112	7910.000
1487.255	7812.000
1487.399	7911.000
1487.542	7870.000
1487.686	7928.000
1487.829	7851.000
1487.973	7927.000
1488.116	7752.000
1488.260	7991.000
1488.403	7572.000
1488.546	7994.000
1488.690	7832.000
1488.833	7918.000
1488.976	7864.000
1489.120	7873.000
1489.263	7725.000
1489.406	7854.000
1489.550	7826.000
1489.693	8024.000
1489.836	7768.000
1489.979	7883.000
1490.123	7724.000
1490.266	7933.000
1490.409	7810.000
1490.552	7911.000
1490.695	7743.000
1490.838	7984.000
1490.981	7872.000
1491.125	7914.000
1491.268	7761.000
1491.411	7965.000
1491.554	7791.000
1491.697	7962.000
1491.840	7824.000
1491.983	7905.000
1492.126	7686.000
1492.269	7908.000
1492.412	7813.000
1492.555	8054.000
1492.698	7775.000
1492.841	7961.000
1492.984	7831.000
1493.126	7915.000
1493.269	7812.000
1493.412	7960.000
1493.555	7811.000
1493.698	7971.000
1493.841	7873.000
1493.984	7922.000
1494.126	7805.000
1494.269	7992.000
1494.412	7827.000
1494.555	7967.000
1494.697	7813.000
1494.840	7882.000
1494.983	7766.000
1495.125	7965.000
1495.268	7738.000
1495.411	7923.000
1495.553	7770.000
1495.696	7874.000
1495.839	7761.000
1495.981	7892.000
1496.124	7823.000
1496.266	7941.000
1496.409	7776.000
1496.551	7957.000
1496.694	7860.000
1496.836	7884.000
1496.979	7761.000
1497.121	7960.000
1497.264	7840.000
1497.406	7930.000
1497.549	7759.000
1497.691	8003.000
1497.834	7787.000
1497.976	7900.000
1498.118	7769.000
1498.261	7939.000
1498.403	7789.000
1498.545	7917.000
1498.688	7773.000
1498.830	7915.000
1498.972	7768.000
1499.114	7882.000
1499.257	7849.000
1499.399	7928.000
1499.541	7747.000
1499.683	7904.000
1499.826	7715.000
1499.968	7993.000
1500.110	7878.000
1500.252	7920.000
1500.394	7774.000
1500.536	7847.000
1500.678	7812.000
1500.820	7930.000
1500.962	7831.000
1501.104	7996.000
1501.247	7786.000
1501.389	7914.000
1501.531	7787.000
1501.673	7961.000
1501.815	7807.000
1501.956	7940.000
1502.098	7871.000
1502.240	7974.000
1502.382	7803.000
1502.524	7831.000
1502.666	7750.000
1502.808	7960.000
1502.950	7700.000
1503.092	7877.000
1503.233	7748.000
1503.375	7885.000
1503.517	7749.000
1503.659	7900.000
1503.801	7764.000
1503.942	7954.000
1504.084	7651.000
1504.226	7929.000
1504.367	7772.000
1504.509	7874.000
1504.651	7762.000
1504.792	7882.000
1504.934	7753.000
1505.076	7886.000
1505.217	7723.000
1505.359	7856.000
1505.501	7762.000
1505.642	7902.000
1505.784	7670.000
1505.925	7881.000
1506.067	7877.000
1506.208	7913.000
1506.350	7792.000
1506.491	7918.000
1506.633	7738.000
1506.774	7898.000
1506.915	7747.000
1507.057	7927.000
1507.198	7679.000
1507.340	8016.000
1507.481	7813.000
1507.622	7960.000
1507.764	7752.000
1507.905	7948.000
1508.046	7800.000
1508.188	7921.000
1508.329	7731.000
1508.470	7887.000
1508.611	7726.000
1508.753	7945.000
1508.894	7799.000
1509.035	7898.000
1509.176	7709.000
1509.317	7888.000
1509.459	7777.000
1509.600	7897.000
1509.741	7785.000
1509.882	7911.000
1510.023	7681.000
1510.164	7912.000
1510.305	7680.000
1510.446	7958.000
1510.587	7759.000
1510.728	8005.000
1510.869	7749.000
1511.010	7879.000
1511.151	7721.000
1511.292	7869.000
1511.433	7787.000
1511.574	7973.000
1511.715	7723.000
1511.856	7917.000
1511.997	7671.000
1512.138	7897.000
1512.279	7771.000
1512.419	7893.000
1512.560	7691.000
1512.701	7835.000
1512.842	7833.000
1512.983	7837.000
1513.123	7753.000
1513.264	7909.000
1513.405	7721.000
1513.546	7911.000
1513.686	7679.000
1513.827	7918.000
1513.968	7739.000
1514.108	7821.000
1514.249	7702.000
1514.390	7874.000
1514.530	7763.000
1514.671	7807.000
1514.811	7638.000
1514.952	7834.000
1515.093	7790.000
1515.233	7881.000
1515.374	7739.000
1515.514	7917.000
1515.655	7699.000
1515.795	7870.000
1515.936	7712.000
1516.076	7824.000
1516.216	7621.000
1516.357	7806.000
1516.497	7755.000
1516.638	7872.000
1516.778	7678.000
1516.918	7872.000
1517.059	7673.000
1517.199	7827.000
1517.339	7607.000
1517.480	7821.000
1517.620	7660.000
1517.760	7740.000
1517.900	7612.000
1518.041	7787.000
1518.181	7733.000
1518.321	7747.000
1518.461	7621.000
1518.601	7816.000
1518.742	7675.000
1518.882	7805.000
1519.022	7656.000
1519.162	7814.000
1519.302	7618.000
1519.442	7762.000
1519.582	7619.000
1519.722	7843.000
1519.862	7662.000
1520.002	7738.000
1520.142	7633.000
1520.282	7744.000
1520.422	7575.000
1520.562	7693.000
1520.702	7581.000
1520.842	7776.000
1520.982	7683.000
1521.122	7739.000
1521.262	7627.000
1521.402	7752.000
1521.542	7656.000
1521.682	7702.000
1521.821	7580.000
1521.961	7747.000
1522.101	7559.000
1522.241	7740.000
1522.380	7595.000
1522.520	7751.000
1522.660	7610.000
1522.800	7696.000
1522.939	7557.000
1523.079	7789.000
1523.219	7616.000
1523.358	7710.000
1523.498	7628.000
1523.638	7780.000
1523.777	7512.000
1523.917	7708.000
1524.057	7677.000
1524.196	7832.000
1524.336	7623.000
1524.475	7716.000
1524.615	7637.000
1524.754	7716.000
1524.894	7597.000
1525.033	7744.000
1525.173	7637.000
1525.312	7737.000
1525.452	7573.000
1525.591	7712.000
1525.730	7579.000
1525.870	7798.000
1526.009	7623.000
1526.148	7785.000
1526.288	7552.000
1526.427	7794.000
1526.566	7582.000
1526.706	7771.000
1526.845	7602.000
1526.984	7811.000
1527.124	7615.000
1527.263	7738.000
1527.402	7623.000
1527.541	7765.000
1527.680	7583.000
1527.820	7793.000
1527.959	7649.000
1528.098	7766.000
1528.237	7662.000
1528.376	7711.000
1528.515	7685.000
1528.654	7803.000
1528.793	7640.000
1528.933	7725.000
1529.072	7604.000
1529.211	7804.000
1529.350	7677.000
1529.489	7757.000
1529.628	7660.000
1529.767	7772.000
1529.905	7685.000
1530.044	7851.000
1530.183	7665.000
1530.322	7793.000
1530.461	7721.000
1530.600	7790.000
1530.739	7675.000
1530.878	7870.000
1531.017	7683.000
1531.155	7829.000
1531.294	7694.000
1531.433	7847.000
1531.572	7708.000
1531.710	7803.000
1531.849	7702.000
1531.988	7892.000
1532.127	7715.000
1532.265	7805.000
1532.404	7797.000
1532.543	7863.000
1532.681	7717.000
1532.820	7773.000
1532.959	7707.000
1533.097	7930.000
1533.236	7705.000
1533.374	7803.000
1533.513	7728.000
1533.651	7922.000
1533.790	8077.000
1533.929	7840.000
1534.067	7705.000
1534.205	7812.000
1534.344	7668.000
1534.482	7919.000
1534.621	7685.000
1534.759	7906.000
1534.898	7659.000
1535.036	7746.000
1535.174	7755.000
1535.313	7806.000
1535.451	7715.000
1535.589	7840.000
1535.728	7696.000
1535.866	7884.000
1536.004	7707.000
1536.143	7791.000
1536.281	7653.000
1536.419	7777.000
1536.557	7679.000
1536.696	7852.000
1536.834	7684.000
1536.972	7778.000
1537.110	7746.000
1537.248	7771.000
1537.386	7647.000
1537.525	7911.000
1537.663	7682.000
1537.801	7802.000
1537.939	7691.000
1538.077	7740.000
1538.215	7675.000
1538.353	7757.000
1538.491	7683.000
1538.629	7688.000
1538.767	7690.000
1538.905	7747.000
1539.043	7666.000
1539.181	7787.000
1539.319	7657.000
1539.457	7784.000
1539.595	7666.000
1539.732	7856.000
1539.870	7692.000
1540.008	7771.000
1540.146	7709.000
1540.284	7789.000
1540.422	7738.000
1540.559	7780.000
1540.697	7702.000
1540.835	7773.000
1540.973	7725.000
1541.110	7844.000
1541.248	7799.000
1541.386	7810.000
1541.523	7717.000
1541.661	7734.000
1541.799	7686.000
1541.936	7810.000
1542.074	7664.000
1542.212	7862.000
1542.349	7738.000
1542.487	7858.000
1542.624	7717.000
1542.762	7808.000
1542.899	7729.000
1543.037	7826.000
1543.174	7652.000
1543.312	7881.000
1543.449	7740.000
1543.587	7907.000
1543.724	7738.000
1543.862	7896.000
1543.999	7717.000
1544.137	7889.000
1544.274	7729.000
1544.411	7837.000
1544.549	7703.000
1544.686	7932.000
1544.823	7679.000
1544.961	7939.000
1545.098	7742.000
1545.235	7956.000
1545.372	7691.000
1545.510	7863.000
1545.647	7765.000
1545.784	7961.000
1545.921	7815.000
1546.058	7936.000
1546.196	7863.000
1546.333	7967.000
1546.470	7864.000
1546.607	7904.000
1546.744	7868.000
1546.881	7996.000
1547.018	7805.000
1547.155	7951.000
1547.292	7808.000
1547.429	8020.000
1547.567	7790.000
1547.704	7995.000
1547.841	7811.000
1547.977	8066.000
1548.114	7957.000
1548.251	7989.000
1548.388	7798.000
1548.525	7948.000
1548.662	7834.000
1548.799	7982.000
1548.936	7867.000
1549.073	7985.000
1549.210	7837.000
1549.346	7994.000
1549.483	7884.000
1549.620	7997.000
1549.757	7891.000
1549.893	8005.000
1550.030	7851.000
1550.167	8056.000
1550.304	7839.000
1550.440	7993.000
1550.577	7836.000
1550.714	7997.000
1550.850	7790.000
1550.987	8032.000
1551.124	7897.000
1551.260	7917.000
1551.397	7899.000
1551.533	8068.000
1551.670	7852.000
1551.807	8013.000
1551.943	7891.000
1552.080	7972.000
1552.216	7795.000
1552.353	7951.000
1552.489	7848.000
1552.626	7924.000
1552.762	7860.000
1552.898	7991.000
1553.035	7888.000
1553.171	7946.000
1553.308	7841.000
1553.444	8051.000
1553.580	7941.000
1553.717	7997.000
1553.853	7964.000
1553.989	8019.000
1554.126	7908.000
1554.262	8005.000
1554.398	7111.000
1554.534	7966.000
1554.671	7868.000
1554.807	7948.000
1554.943	7829.000
1555.079	8002.000
1555.215	7844.000
1555.352	7998.000
1555.488	7948.000
1555.624	8009.000
1555.760	7888.000
1555.896	7986.000
1556.032	7871.000
1556.168	8049.000
1556.304	7905.000
1556.440	7997.000
1556.576	7795.000
1556.712	8034.000
1556.848	7829.000
1556.984	7922.000
1557.120	7865.000
1557.256	7929.000
1557.392	7851.000
1557.528	7985.000
1557.664	7804.000
1557.800	8009.000
1557.936	7789.000
1558.071	8050.000
1558.207	7845.000
1558.343	7929.000
1558.479	7903.000
1558.615	7896.000
1558.751	7810.000
1558.886	7877.000
1559.022	7753.000
1559.158	7855.000
1559.293	7785.000
1559.429	7979.000
1559.565	7818.000
1559.701	7976.000
1559.836	7780.000
1559.972	7925.000
1560.107	7771.000
1560.243	7889.000
1560.379	7704.000
1560.514	7885.000
1560.650	7731.000
1560.785	7879.000
1560.921	7738.000
1561.056	7887.000
1561.192	7847.000
1561.327	7896.000
1561.463	7751.000
1561.598	7999.000
1561.734	7718.000
1561.869	7885.000
1562.005	7795.000
1562.140	7995.000
1562.275	7809.000
1562.411	8032.000
1562.546	10517.000
1562.682	8033.000
1562.817	7851.000
1562.952	7932.000
1563.087	7868.000
1563.223	7982.000
1563.358	7754.000
1563.493	7951.000
1563.628	7919.000
1563.764	8046.000
1563.899	7935.000
1564.034	8011.000
1564.169	7891.000
1564.304	7997.000
1564.440	7955.000
1564.575	8096.000
1564.710	7914.000
1564.845	8038.000
1564.980	7873.000
1565.115	8082.000
1565.250	7965.000
1565.385	8088.000
1565.520	7968.000
1565.655	8053.000
1565.790	7992.000
1565.925	8051.000
1566.060	7922.000
1566.195	8006.000
1566.330	7913.000
1566.465	8104.000
1566.600	7899.000
1566.735	8087.000
1566.870	7912.000
1567.004	8157.000
1567.139	7957.000
1567.274	8124.000
1567.409	7942.000
1567.544	8103.000
1567.678	7851.000
1567.813	8083.000
1567.948	7907.000
1568.083	8121.000
1568.217	7899.000
1568.352	8134.000
1568.487	7960.000
1568.622	8125.000
1568.756	7943.000
1568.891	8180.000
1569.025	7890.000
1569.160	8145.000
1569.295	8054.000
1569.429	8062.000
1569.564	7951.000
1569.698	8178.000
1569.833	8011.000
1569.967	8116.000
1570.102	7997.000
1570.236	8141.000
1570.371	8059.000
1570.505	8125.000
1570.640	8062.000
1570.774	8164.000
1570.909	8100.000
1571.043	8225.000
1571.177	8019.000
1571.312	8210.000
1571.446	8008.000
1571.581	8172.000
1571.715	8160.000
1571.849	8317.000
1571.983	8088.000
1572.118	8207.000
1572.252	8114.000
1572.386	8280.000
1572.521	8144.000
1572.655	8324.000
1572.789	8134.000
1572.923	8334.000
1573.057	8132.000
1573.191	8254.000
1573.326	8153.000
1573.460	8305.000
1573.594	8152.000
1573.728	8192.000
1573.862	8197.000
1573.996	8375.000
1574.130	8254.000
1574.264	8271.000
1574.398	8199.000
1574.532	8237.000
1574.666	8276.000
1574.800	8375.000
