1229.956	9482.000
1230.103	9395.000
1230.250	9474.000
1230.397	9475.000
1230.544	9420.000
1230.691	9476.000
1230.838	9417.000
1230.985	9425.000
1231.132	9432.000
1231.278	9420.000
1231.425	9369.000
1231.572	9462.000
1231.719	9388.000
1231.866	9355.000
1232.013	9371.000
1232.159	9467.000
1232.306	9293.000
1232.453	9395.000
1232.600	9315.000
1232.746	9396.000
1232.893	9298.000
1233.040	9360.000
1233.186	9470.000
1233.333	9359.000
1233.480	9406.000
1233.627	9323.000
1233.773	9376.000
1233.920	9283.000
1234.066	9326.000
1234.213	9301.000
1234.360	9320.000
1234.506	9358.000
1234.653	9339.000
1234.800	9306.000
1234.946	9269.000
1235.093	9295.000
1235.239	9380.000
1235.386	9272.000
1235.532	9341.000
1235.679	9314.000
1235.825	9296.000
1235.972	9291.000
1236.118	9248.000
1236.265	9326.000
1236.411	9231.000
1236.558	9267.000
1236.704	9329.000
1236.851	9201.000
1236.997	9241.000
1237.143	9225.000
1237.290	9234.000
1237.436	9201.000
1237.583	9270.000
1237.729	9263.000
1237.875	9219.000
1238.022	9215.000
1238.168	9164.000
1238.314	9208.000
1238.461	9191.000
1238.607	9148.000
1238.753	9223.000
1238.900	9161.000
1239.046	9139.000
1239.192	9097.000
1239.338	9155.000
1239.485	9180.000
1239.631	9163.000
1239.777	9053.000
1239.923	9115.000
1240.070	9148.000
1240.216	9116.000
1240.362	9079.000
1240.508	9122.000
1240.654	9091.000
1240.800	9007.000
1240.947	9049.000
1241.093	9010.000
1241.239	9040.000
1241.385	9043.000
1241.531	9084.000
1241.677	8974.000
1241.823	9037.000
1241.969	9034.000
1242.115	9010.000
1242.261	8953.000
1242.407	8979.000
1242.553	8951.000
1242.699	8942.000
1242.845	8991.000
1242.991	8960.000
1243.137	8948.000
1243.283	8950.000
1243.429	8986.000
1243.575	8947.000
1243.721	8950.000
1243.867	8916.000
1244.013	8871.000
1244.159	8931.000
1244.305	8908.000
1244.451	8952.000
1244.596	8861.000
1244.742	8860.000
1244.888	8869.000
1245.034	8832.000
1245.180	8866.000
1245.326	8949.000
1245.471	8827.000
1245.617	8860.000
1245.763	8864.000
1245.909	8872.000
1246.055	8839.000
1246.200	8890.000
1246.346	8755.000
1246.492	8895.000
1246.638	8791.000
1246.783	8800.000
1246.929	8840.000
1247.075	8865.000
1247.220	8850.000
1247.366	8807.000
1247.512	8782.000
1247.657	8822.000
1247.803	8802.000
1247.949	8880.000
1248.094	8766.000
1248.240	8838.000
1248.385	8746.000
1248.531	8748.000
1248.676	8881.000
1248.822	8873.000
1248.968	8773.000
1249.113	8812.000
1249.259	8821.000
1249.404	8799.000
1249.550	8769.000
1249.695	8806.000
1249.841	8830.000
1249.986	8825.000
1250.132	8738.000
1250.277	8803.000
1250.422	8778.000
1250.568	8838.000
1250.713	8768.000
1250.859	8751.000
1251.004	8758.000
1251.150	8848.000
1251.295	8792.000
1251.440	8751.000
1251.586	8755.000
1251.731	8827.000
1251.876	8760.000
1252.022	8768.000
1252.167	8693.000
1252.312	8769.000
1252.458	8659.000
1252.603	8759.000
1252.748	8750.000
1252.893	8815.000
1253.039	8727.000
1253.184	8732.000
1253.329	8722.000
1253.474	8741.000
1253.619	8682.000
1253.765	8776.000
1253.910	8625.000
1254.055	8733.000
1254.200	8747.000
1254.345	8729.000
1254.490	8704.000
1254.636	8738.000
1254.781	8614.000
1254.926	8731.000
1255.071	8653.000
1255.216	8678.000
1255.361	8697.000
1255.506	8723.000
1255.651	8612.000
1255.796	8737.000
1255.941	8542.000
1256.086	8631.000
1256.231	8623.000
1256.376	8750.000
1256.521	8638.000
1256.666	8693.000
1256.811	8537.000
1256.956	8584.000
1257.101	8614.000
1257.246	8646.000
1257.391	8636.000
1257.536	8723.000
1257.681	8571.000
1257.826	8610.000
1257.971	8549.000
1258.116	8654.000
1258.260	8590.000
1258.405	8700.000
1258.550	8489.000
1258.695	8615.000
1258.840	8482.000
1258.985	8677.000
1259.129	8655.000
1259.274	8596.000
1259.419	8592.000
1259.564	8612.000
1259.708	8522.000
1259.853	8621.000
1259.998	8551.000
1260.143	8681.000
1260.287	8504.000
1260.432	8659.000
1260.577	8528.000
1260.721	8613.000
1260.866	8459.000
1261.011	8676.000
1261.155	8547.000
1261.300	8568.000
1261.445	8466.000
1261.589	8567.000
1261.734	8441.000
1261.878	8597.000
1262.023	8526.000
1262.168	8630.000
1262.312	8514.000
1262.457	8636.000
1262.601	8409.000
1262.746	8656.000
1262.890	8484.000
1263.035	8618.000
1263.179	8458.000
1263.324	8689.000
1263.468	8563.000
1263.613	8601.000
1263.757	8495.000
1263.902	8609.000
1264.046	8486.000
1264.191	8575.000
1264.335	8519.000
1264.479	8643.000
1264.624	8455.000
1264.768	8541.000
1264.912	8492.000
1265.057	8601.000
1265.201	8470.000
1265.346	8592.000
1265.490	8452.000
1265.634	8620.000
1265.778	8541.000
1265.923	8600.000
1266.067	8595.000
1266.211	8642.000
1266.356	8547.000
1266.500	8562.000
1266.644	8455.000
1266.788	8595.000
1266.933	8426.000
1267.077	8602.000
1267.221	8602.000
1267.365	8663.000
1267.509	8483.000
1267.653	8685.000
1267.798	8596.000
1267.942	8584.000
1268.086	8479.000
1268.230	8641.000
1268.374	8486.000
1268.518	8612.000
1268.662	8495.000
1268.806	8655.000
1268.950	8496.000
1269.095	8603.000
1269.239	8492.000
1269.383	8592.000
1269.527	8535.000
1269.671	8605.000
1269.815	8544.000
1269.959	8578.000
1270.103	8503.000
1270.247	8704.000
1270.391	8537.000
1270.535	8536.000
1270.679	8564.000
1270.822	8624.000
1270.966	8463.000
1271.110	8618.000
1271.254	8598.000
1271.398	8646.000
1271.542	8501.000
1271.686	8574.000
1271.830	8501.000
1271.973	8585.000
1272.117	8498.000
1272.261	8618.000
1272.405	8535.000
1272.549	8630.000
1272.693	8513.000
1272.836	8628.000
1272.980	8348.000
1273.124	8668.000
1273.268	8454.000
1273.411	8544.000
1273.555	8483.000
1273.699	8633.000
1273.843	8497.000
1273.986	8539.000
1274.130	8587.000
1274.274	8485.000
1274.417	8415.000
1274.561	8586.000
1274.705	8484.000
1274.848	8572.000
1274.992	8434.000
1275.135	8654.000
1275.279	8568.000
1275.423	8599.000
1275.566	8454.000
1275.710	8562.000
1275.853	8517.000
1275.997	8604.000
1276.140	8417.000
1276.284	8590.000
1276.427	8435.000
1276.571	8483.000
1276.714	8499.000
1276.858	8542.000
1277.001	8459.000
1277.145	8629.000
1277.288	8405.000
1277.432	8436.000
1277.575	8451.000
1277.719	8602.000
1277.862	8473.000
1278.005	8474.000
1278.149	8364.000
1278.292	8602.000
1278.435	8437.000
1278.579	8549.000
1278.722	8409.000
1278.865	8560.000
1279.009	8403.000
1279.152	8551.000
1279.295	8521.000
1279.439	8627.000
1279.582	8474.000
1279.725	8592.000
1279.868	8396.000
1280.012	8525.000
1280.155	8454.000
1280.298	8549.000
1280.441	8333.000
1280.585	8571.000
1280.728	8374.000
1280.871	8463.000
1281.014	8417.000
1281.157	8546.000
1281.300	8441.000
1281.444	8508.000
1281.587	8427.000
1281.730	8456.000
1281.873	8355.000
1282.016	8508.000
1282.159	8508.000
1282.302	8433.000
1282.445	8400.000
1282.588	8472.000
1282.731	8396.000
1282.874	8518.000
1283.017	8387.000
1283.160	8422.000
1283.303	8380.000
1283.446	8489.000
1283.589	8392.000
1283.732	8503.000
1283.875	8328.000
1284.018	8532.000
1284.161	8326.000
1284.304	8487.000
1284.447	8387.000
1284.590	8561.000
1284.733	8393.000
1284.876	8591.000
1285.019	8311.000
1285.161	8588.000
1285.304	8410.000
1285.447	8503.000
1285.590	8380.000
1285.733	8522.000
1285.876	8405.000
1286.018	8450.000
1286.161	8374.000
1286.304	8535.000
1286.447	8343.000
1286.589	8460.000
1286.732	8377.000
1286.875	8528.000
1287.018	8471.000
1287.160	8530.000
1287.303	8450.000
1287.446	8514.000
1287.588	8339.000
1287.731	8545.000
1287.874	8159.000
1288.016	8554.000
1288.159	8464.000
1288.302	8495.000
1288.444	8460.000
1288.587	8487.000
1288.729	8314.000
1288.872	8435.000
1289.015	8430.000
1289.157	8578.000
1289.300	8378.000
1289.442	8482.000
1289.585	8346.000
1289.727	8554.000
1289.870	8409.000
1290.012	8485.000
1290.155	8325.000
1290.297	8539.000
1290.440	8449.000
1290.582	8492.000
1290.725	8384.000
1290.867	8528.000
1291.009	8356.000
1291.152	8517.000
1291.294	8464.000
1291.437	8479.000
1291.579	8327.000
1291.721	8456.000
1291.864	8385.000
1292.006	8604.000
1292.148	8367.000
1292.291	8513.000
1292.433	8419.000
1292.575	8507.000
1292.718	8395.000
1292.860	8531.000
1293.002	8407.000
1293.145	8533.000
1293.287	8424.000
1293.429	8526.000
1293.571	8422.000
1293.713	8569.000
1293.856	8403.000
1293.998	8559.000
1294.140	8394.000
1294.282	8487.000
1294.424	8369.000
1294.567	8553.000
1294.709	8348.000
1294.851	8491.000
1294.993	8387.000
1295.135	8481.000
1295.277	8375.000
1295.419	8477.000
1295.561	8403.000
1295.703	8527.000
1295.845	8373.000
1295.987	8557.000
1296.129	8435.000
1296.272	8488.000
1296.414	8369.000
1296.556	8547.000
1296.698	8436.000
1296.840	8520.000
1296.981	8345.000
1297.123	8574.000
1297.265	8413.000
1297.407	8476.000
1297.549	8361.000
1297.691	8509.000
1297.833	8430.000
1297.975	8515.000
1298.117	8359.000
1298.259	8502.000
1298.401	8327.000
1298.542	8456.000
1298.684	8470.000
1298.826	8495.000
1298.968	8350.000
1299.110	8440.000
1299.252	8322.000
1299.393	8531.000
1299.535	8460.000
1299.677	8456.000
1299.819	8362.000
1299.960	8457.000
1300.102	8381.000
1300.244	8487.000
1300.386	8392.000
1300.527	8559.000
1300.669	8366.000
1300.811	8502.000
1300.952	8396.000
1301.094	8537.000
1301.236	8382.000
1301.377	8526.000
1301.519	8444.000
1301.661	8567.000
1301.802	8423.000
1301.944	8398.000
1302.085	8331.000
1302.227	8541.000
1302.368	8274.000
1302.510	8467.000
1302.652	8350.000
1302.793	8457.000
1302.935	8336.000
1303.076	8462.000
1303.218	8347.000
1303.359	8555.000
1303.501	8239.000
1303.642	8496.000
1303.783	8356.000
1303.925	8464.000
1304.066	8351.000
1304.208	8473.000
1304.349	8371.000
1304.491	8446.000
1304.632	8294.000
1304.773	8424.000
1304.915	8374.000
1305.056	8463.000
1305.197	8274.000
1305.339	8436.000
1305.480	8489.000
1305.621	8496.000
1305.763	8346.000
1305.904	8526.000
1306.045	8282.000
1306.187	8479.000
1306.328	8331.000
1306.469	8444.000
1306.610	8258.000
1306.752	8564.000
1306.893	8386.000
1307.034	8544.000
1307.175	8341.000
1307.316	8505.000
1307.458	8369.000
1307.599	8503.000
1307.740	8283.000
1307.881	8425.000
1308.022	8305.000
1308.163	8461.000
1308.304	8359.000
1308.446	8478.000
1308.587	8273.000
1308.728	8438.000
1308.869	8333.000
1309.010	8425.000
1309.151	8331.000
1309.292	8438.000
1309.433	8253.000
1309.574	8455.000
1309.715	8247.000
1309.856	8475.000
1309.997	8347.000
1310.138	8554.000
1310.279	8342.000
1310.420	8396.000
1310.561	8271.000
1310.702	8381.000
1310.843	8347.000
1310.984	8532.000
1311.124	8265.000
1311.265	8478.000
1311.406	8197.000
1311.547	8426.000
1311.688	8309.000
1311.829	8413.000
1311.970	8254.000
1312.110	8408.000
1312.251	8364.000
1312.392	8387.000
1312.533	8287.000
1312.674	8483.000
1312.814	8277.000
1312.955	8440.000
1313.096	8236.000
1313.237	8456.000
1313.377	8274.000
1313.518	8352.000
1313.659	8227.000
1313.800	8395.000
1313.940	8250.000
1314.081	8306.000
1314.222	8164.000
1314.362	8369.000
1314.503	8292.000
1314.644	8411.000
1314.784	8252.000
1314.925	8430.000
1315.065	8233.000
1315.206	8366.000
1315.347	8201.000
1315.487	8332.000
1315.628	8164.000
1315.768	8337.000
1315.909	8261.000
1316.049	8376.000
1316.190	8205.000
1316.330	8390.000
1316.471	8185.000
1316.611	8352.000
1316.752	8127.000
1316.892	8334.000
1317.033	8149.000
1317.173	8241.000
1317.313	8088.000
1317.454	8266.000
1317.594	8241.000
1317.735	8228.000
1317.875	8143.000
1318.015	8286.000
1318.156	8183.000
1318.296	8271.000
1318.437	8087.000
1318.577	8304.000
1318.717	8101.000
1318.857	8249.000
1318.998	8106.000
1319.138	8320.000
1319.278	8101.000
1319.419	8206.000
1319.559	8125.000
1319.699	8183.000
1319.839	8031.000
1319.980	8130.000
1320.120	8073.000
1320.260	8269.000
1320.400	8115.000
1320.540	8171.000
1320.681	8032.000
1320.821	8205.000
1320.961	8088.000
1321.101	8097.000
1321.241	8035.000
1321.381	8171.000
1321.521	7993.000
1321.661	8141.000
1321.802	8081.000
1321.942	8188.000
1322.082	8019.000
1322.222	8110.000
1322.362	8001.000
1322.502	8204.000
1322.642	8027.000
1322.782	8124.000
1322.922	8031.000
1323.062	8175.000
1323.202	7944.000
1323.342	8111.000
1323.482	8110.000
1323.622	8227.000
1323.762	8007.000
1323.902	8127.000
1324.041	8024.000
1324.181	8084.000
1324.321	7958.000
1324.461	8130.000
1324.601	7987.000
1324.741	8113.000
1324.881	7970.000
1325.021	8074.000
1325.160	7999.000
1325.300	8193.000
1325.440	8019.000
1325.580	8158.000
1325.720	7954.000
1325.859	8156.000
1325.999	7976.000
1326.139	8138.000
1326.279	7986.000
1326.418	8184.000
1326.558	7972.000
1326.698	8120.000
1326.838	7973.000
1326.977	8129.000
1327.117	7980.000
1327.257	8160.000
1327.396	7992.000
1327.536	8090.000
1327.675	8034.000
1327.815	8081.000
1327.955	7998.000
1328.094	8162.000
1328.234	8000.000
1328.374	8054.000
1328.513	7927.000
1328.653	8110.000
1328.792	7980.000
1328.932	8068.000
1329.071	8005.000
1329.211	8092.000
1329.350	8011.000
1329.490	8154.000
1329.629	7969.000
1329.769	8055.000
1329.908	8020.000
1330.048	8099.000
1330.187	7977.000
1330.327	8201.000
1330.466	8049.000
1330.605	8145.000
1330.745	8057.000
1330.884	8132.000
1331.024	8009.000
1331.163	8074.000
1331.302	7991.000
1331.442	8156.000
1331.581	7974.000
1331.720	8049.000
1331.860	8066.000
1331.999	8094.000
1332.138	7982.000
1332.277	8066.000
1332.417	7953.000
1332.556	8163.000
1332.695	7984.000
1332.834	8055.000
1332.974	8002.000
1333.113	8168.000
1333.252	8364.000
1333.391	8113.000
1333.531	7994.000
1333.670	8113.000
1333.809	7956.000
1333.948	8125.000
1334.087	7970.000
1334.226	8171.000
1334.365	7947.000
1334.505	7977.000
1334.644	8041.000
1334.783	8072.000
1334.922	7976.000
1335.061	8061.000
1335.200	7960.000
1335.339	8163.000
1335.478	7948.000
1335.617	7999.000
1335.756	7909.000
1335.895	8008.000
1336.034	7895.000
1336.173	8068.000
1336.312	7958.000
1336.451	8005.000
1336.590	7989.000
1336.729	7997.000
1336.868	7890.000
1337.007	8126.000
1337.146	7920.000
1337.285	8027.000
1337.423	7898.000
1337.562	7976.000
1337.701	7923.000
1337.840	8001.000
1337.979	7933.000
1338.118	7926.000
1338.256	7907.000
1338.395	7941.000
1338.534	7918.000
1338.673	8036.000
1338.812	7895.000
1338.950	8017.000
1339.089	7897.000
1339.228	8048.000
1339.367	7940.000
1339.505	7978.000
1339.644	7936.000
1339.783	7975.000
1339.922	7917.000
1340.060	7966.000
1340.199	7925.000
1340.338	7973.000
1340.476	7937.000
1340.615	8033.000
1340.753	7973.000
1340.892	8005.000
1341.031	7928.000
1341.169	7960.000
1341.308	7919.000
1341.446	7996.000
1341.585	7905.000
1341.724	8043.000
1341.862	7921.000
1342.001	8051.000
1342.139	7897.000
1342.278	7984.000
1342.416	7943.000
1342.555	8007.000
1342.693	7860.000
1342.832	8067.000
1342.970	7923.000
1343.109	8095.000
1343.247	7951.000
1343.385	8098.000
1343.524	7937.000
1343.662	8080.000
1343.801	7934.000
1343.939	8039.000
1344.077	7913.000
1344.216	8087.000
1344.354	7917.000
1344.492	8106.000
1344.631	7950.000
1344.769	8130.000
1344.907	7871.000
1345.046	8050.000
1345.184	7945.000
1345.322	8112.000
1345.460	7977.000
1345.599	8085.000
1345.737	8032.000
1345.875	8135.000
1346.013	8052.000
1346.152	8088.000
1346.290	8006.000
1346.428	8194.000
1346.566	7983.000
1346.704	8133.000
1346.843	7977.000
1346.981	8176.000
1347.119	7984.000
1347.257	8168.000
1347.395	7985.000
1347.533	8239.000
1347.671	8076.000
1347.809	8161.000
1347.947	7989.000
1348.085	8120.000
1348.224	7997.000
1348.362	8097.000
1348.500	8003.000
1348.638	8164.000
1348.776	8023.000
1348.914	8127.000
1349.052	8019.000
1349.190	8161.000
1349.328	8054.000
1349.466	8143.000
1349.603	7987.000
1349.741	8192.000
1349.879	7999.000
1350.017	8128.000
1350.155	7992.000
1350.293	8115.000
1350.431	7942.000
1350.569	8143.000
1350.707	8050.000
1350.844	8089.000
1350.982	8024.000
1351.120	8214.000
1351.258	7976.000
1351.396	8164.000
1351.534	8043.000
1351.671	8093.000
1351.809	8008.000
1351.947	8100.000
1352.085	8027.000
1352.222	8058.000
1352.360	8007.000
1352.498	8140.000
1352.636	8026.000
1352.773	8097.000
1352.911	7979.000
1353.049	8172.000
1353.186	8099.000
1353.324	8139.000
1353.462	8066.000
1353.599	8140.000
1353.737	8048.000
1353.874	8126.000
1354.012	7198.000
1354.150	8116.000
1354.287	8009.000
1354.425	8065.000
1354.562	7944.000
1354.700	8144.000
1354.837	7958.000
1354.975	8133.000
1355.112	8040.000
1355.250	8159.000
1355.387	8012.000
1355.525	8056.000
1355.662	7977.000
1355.800	8160.000
1355.937	8011.000
1356.075	8093.000
1356.212	7936.000
1356.350	8164.000
1356.487	7949.000
1356.624	8040.000
1356.762	7963.000
1356.899	8046.000
1357.037	7983.000
1357.174	8079.000
1357.311	7939.000
1357.449	8136.000
1357.586	7904.000
1357.723	8118.000
1357.860	7970.000
1357.998	8026.000
1358.135	8005.000
1358.272	7990.000
1358.410	7908.000
1358.547	7979.000
1358.684	7880.000
1358.821	8004.000
1358.959	7908.000
1359.096	8097.000
1359.233	7934.000
1359.370	8068.000
1359.507	7904.000
1359.644	7990.000
1359.782	7872.000
1359.919	7990.000
1360.056	7784.000
1360.193	7991.000
1360.330	7796.000
1360.467	7940.000
1360.604	7822.000
1360.741	7993.000
1360.878	7948.000
1361.015	8010.000
1361.152	7853.000
1361.290	8094.000
1361.427	7830.000
1361.564	7996.000
1361.701	7903.000
1361.838	8029.000
1361.975	7898.000
1362.112	8102.000
1362.248	10593.000
1362.385	8112.000
1362.522	7945.000
1362.659	8031.000
1362.796	7948.000
1362.933	8052.000
1363.070	7840.000
1363.207	7987.000
1363.344	7999.000
1363.481	8142.000
1363.617	8034.000
1363.754	8063.000
1363.891	7965.000
1364.028	8147.000
1364.165	8058.000
1364.302	8165.000
1364.438	8034.000
1364.575	8121.000
1364.712	7974.000
1364.849	8142.000
1364.985	8051.000
1365.122	8191.000
1365.259	8048.000
1365.396	8151.000
1365.532	8048.000
1365.669	8140.000
1365.806	7986.000
1365.942	8072.000
1366.079	7976.000
1366.216	8185.000
1366.352	8023.000
1366.489	8153.000
1366.625	8031.000
1366.762	8230.000
1366.899	8053.000
1367.035	8233.000
1367.172	8042.000
1367.308	8220.000
1367.445	7935.000
1367.581	8181.000
1367.718	7971.000
1367.855	8176.000
1367.991	7986.000
1368.128	8240.000
1368.264	8044.000
1368.401	8187.000
1368.537	8011.000
1368.673	8223.000
1368.810	7974.000
1368.946	8242.000
1369.083	8114.000
1369.219	8111.000
1369.356	8041.000
1369.492	8256.000
1369.628	8075.000
1369.765	8207.000
1369.901	8072.000
1370.037	8218.000
1370.174	8120.000
1370.310	8221.000
1370.446	8133.000
1370.583	8254.000
1370.719	8126.000
1370.855	8277.000
1370.992	8098.000
1371.128	8258.000
1371.264	8065.000
1371.400	8235.000
1371.537	8230.000
1371.673	8355.000
1371.809	8123.000
1371.945	8262.000
1372.081	8200.000
1372.218	8363.000
1372.354	8184.000
1372.490	8362.000
1372.626	8229.000
1372.762	8404.000
1372.898	8191.000
1373.034	8288.000
1373.170	8220.000
1373.307	8391.000
1373.443	8219.000
1373.579	8241.000
1373.715	8280.000
1373.851	8439.000
1373.987	8321.000
1374.123	8364.000
1374.259	8239.000
1374.395	8333.000
1374.531	8356.000
1374.667	8453.000
