1129.938	9135.000
1130.084	9070.000
1130.229	9104.000
1130.375	9156.000
1130.521	9095.000
1130.667	9162.000
1130.813	9065.000
1130.958	9104.000
1131.104	9107.000
1131.250	9120.000
1131.396	9053.000
1131.542	9182.000
1131.687	9071.000
1131.833	9062.000
1131.979	9093.000
1132.124	9213.000
1132.270	9002.000
1132.416	9193.000
1132.561	9067.000
1132.707	9144.000
1132.853	9059.000
1132.998	9071.000
1133.144	9185.000
1133.290	9121.000
1133.435	9114.000
1133.581	9089.000
1133.727	9110.000
1133.872	9086.000
1134.018	9046.000
1134.163	9066.000
1134.309	9086.000
1134.455	9139.000
1134.600	9098.000
1134.746	9125.000
1134.891	9014.000
1135.037	9089.000
1135.182	9131.000
1135.328	9032.000
1135.473	9106.000
1135.619	9103.000
1135.764	9068.000
1135.910	9135.000
1136.055	9052.000
1136.201	9142.000
1136.346	9030.000
1136.492	9066.000
1136.637	9102.000
1136.783	9010.000
1136.928	9037.000
1137.074	9073.000
1137.219	9054.000
1137.364	9029.000
1137.510	9081.000
1137.655	9126.000
1137.801	9030.000
1137.946	9117.000
1138.091	9012.000
1138.237	9039.000
1138.382	8986.000
1138.527	8999.000
1138.673	9078.000
1138.818	8970.000
1138.963	8992.000
1139.109	9018.000
1139.254	8953.000
1139.399	9048.000
1139.544	9002.000
1139.690	8938.000
1139.835	8969.000
1139.980	8999.000
1140.125	8966.000
1140.271	8951.000
1140.416	8963.000
1140.561	8994.000
1140.706	8892.000
1140.851	8937.000
1140.997	8870.000
1141.142	8923.000
1141.287	8897.000
1141.432	9014.000
1141.577	8850.000
1141.723	8940.000
1141.868	8914.000
1142.013	8880.000
1142.158	8796.000
1142.303	8865.000
1142.448	8815.000
1142.593	8832.000
1142.738	8832.000
1142.883	8856.000
1143.028	8824.000
1143.174	8892.000
1143.319	8824.000
1143.464	8868.000
1143.609	8832.000
1143.754	8835.000
1143.899	8766.000
1144.044	8830.000
1144.189	8825.000
1144.334	8867.000
1144.479	8776.000
1144.624	8787.000
1144.769	8764.000
1144.914	8718.000
1145.059	8759.000
1145.204	8878.000
1145.348	8751.000
1145.493	8807.000
1145.638	8768.000
1145.783	8760.000
1145.928	8774.000
1146.073	8808.000
1146.218	8659.000
1146.363	8873.000
1146.508	8733.000
1146.653	8723.000
1146.797	8772.000
1146.942	8776.000
1147.087	8765.000
1147.232	8763.000
1147.377	8715.000
1147.522	8777.000
1147.666	8719.000
1147.811	8808.000
1147.956	8713.000
1148.101	8806.000
1148.245	8603.000
1148.390	8675.000
1148.535	8782.000
1148.680	8787.000
1148.824	8710.000
1148.969	8776.000
1149.114	8727.000
1149.259	8739.000
1149.403	8718.000
1149.548	8747.000
1149.693	8771.000
1149.837	8798.000
1149.982	8721.000
1150.127	8786.000
1150.271	8717.000
1150.416	8784.000
1150.561	8713.000
1150.705	8683.000
1150.850	8726.000
1150.994	8793.000
1151.139	8754.000
1151.284	8716.000
1151.428	8665.000
1151.573	8777.000
1151.717	8716.000
1151.862	8675.000
1152.006	8637.000
1152.151	8707.000
1152.295	8614.000
1152.440	8775.000
1152.584	8682.000
1152.729	8748.000
1152.873	8686.000
1153.018	8714.000
1153.162	8653.000
1153.307	8658.000
1153.451	8620.000
1153.596	8730.000
1153.740	8581.000
1153.885	8692.000
1154.029	8663.000
1154.174	8668.000
1154.318	8619.000
1154.462	8745.000
1154.607	8543.000
1154.751	8688.000
1154.896	8603.000
1155.040	8606.000
1155.184	8665.000
1155.329	8688.000
1155.473	8551.000
1155.617	8686.000
1155.762	8480.000
1155.906	8613.000
1156.050	8566.000
1156.194	8706.000
1156.339	8580.000
1156.483	8657.000
1156.627	8471.000
1156.772	8567.000
1156.916	8564.000
1157.060	8588.000
1157.204	8549.000
1157.349	8686.000
1157.493	8498.000
1157.637	8546.000
1157.781	8451.000
1157.925	8590.000
1158.070	8485.000
1158.214	8639.000
1158.358	8461.000
1158.502	8605.000
1158.646	8420.000
1158.790	8653.000
1158.935	8596.000
1159.079	8542.000
1159.223	8571.000
1159.367	8527.000
1159.511	8471.000
1159.655	8541.000
1159.799	8482.000
1159.943	8609.000
1160.087	8425.000
1160.231	8598.000
1160.375	8439.000
1160.519	8569.000
1160.664	8392.000
1160.808	8612.000
1160.952	8475.000
1161.096	8556.000
1161.240	8421.000
1161.384	8543.000
1161.528	8369.000
1161.672	8550.000
1161.815	8462.000
1161.959	8621.000
1162.103	8487.000
1162.247	8574.000
1162.391	8332.000
1162.535	8612.000
1162.679	8392.000
1162.823	8562.000
1162.967	8403.000
1163.111	8621.000
1163.255	8483.000
1163.399	8558.000
1163.542	8468.000
1163.686	8556.000
1163.830	8398.000
1163.974	8528.000
1164.118	8458.000
1164.262	8576.000
1164.405	8375.000
1164.549	8518.000
1164.693	8432.000
1164.837	8527.000
1164.981	8450.000
1165.124	8550.000
1165.268	8388.000
1165.412	8582.000
1165.556	8461.000
1165.699	8579.000
1165.843	8529.000
1165.987	8623.000
1166.131	8519.000
1166.274	8509.000
1166.418	8414.000
1166.562	8557.000
1166.705	8415.000
1166.849	8592.000
1166.993	8612.000
1167.136	8575.000
1167.280	8442.000
1167.424	8619.000
1167.567	8568.000
1167.711	8552.000
1167.854	8422.000
1167.998	8598.000
1168.142	8475.000
1168.285	8606.000
1168.429	8448.000
1168.572	8595.000
1168.716	8454.000
1168.859	8546.000
1169.003	8474.000
1169.147	8555.000
1169.290	8471.000
1169.434	8585.000
1169.577	8531.000
1169.721	8555.000
1169.864	8457.000
1170.008	8707.000
1170.151	8515.000
1170.294	8558.000
1170.438	8535.000
1170.581	8647.000
1170.725	8448.000
1170.868	8615.000
1171.012	8588.000
1171.155	8621.000
1171.298	8498.000
1171.442	8563.000
1171.585	8508.000
1171.729	8573.000
1171.872	8488.000
1172.015	8558.000
1172.159	8486.000
1172.302	8614.000
1172.445	8501.000
1172.589	8559.000
1172.732	8341.000
1172.875	8652.000
1173.019	8449.000
1173.162	8552.000
1173.305	8441.000
1173.449	8630.000
1173.592	8456.000
1173.735	8544.000
1173.878	8561.000
1174.022	8492.000
1174.165	8420.000
1174.308	8576.000
1174.451	8480.000
1174.594	8543.000
1174.738	8431.000
1174.881	8635.000
1175.024	8548.000
1175.167	8599.000
1175.310	8417.000
1175.454	8558.000
1175.597	8481.000
1175.740	8615.000
1175.883	8401.000
1176.026	8588.000
1176.169	8450.000
1176.312	8465.000
1176.455	8485.000
1176.598	8523.000
1176.742	8418.000
1176.885	8652.000
1177.028	8388.000
1177.171	8446.000
1177.314	8419.000
1177.457	8625.000
1177.600	8466.000
1177.743	8506.000
1177.886	8350.000
1178.029	8594.000
1178.172	8407.000
1178.315	8555.000
1178.458	8427.000
1178.601	8572.000
1178.744	8433.000
1178.887	8539.000
1179.030	8503.000
1179.173	8582.000
1179.316	8450.000
1179.458	8635.000
1179.601	8377.000
1179.744	8519.000
1179.887	8472.000
1180.030	8553.000
1180.173	8334.000
1180.316	8595.000
1180.459	8347.000
1180.602	8474.000
1180.744	8417.000
1180.887	8577.000
1181.030	8422.000
1181.173	8549.000
1181.316	8442.000
1181.458	8466.000
1181.601	8371.000
1181.744	8504.000
1181.887	8511.000
1182.030	8470.000
1182.172	8424.000
1182.315	8488.000
1182.458	8433.000
1182.601	8523.000
1182.743	8416.000
1182.886	8459.000
1183.029	8423.000
1183.171	8528.000
1183.314	8413.000
1183.457	8528.000
1183.599	8385.000
1183.742	8557.000
1183.885	8371.000
1184.027	8533.000
1184.170	8377.000
1184.313	8594.000
1184.455	8427.000
1184.598	8654.000
1184.741	8367.000
1184.883	8651.000
1185.026	8428.000
1185.168	8557.000
1185.311	8408.000
1185.453	8608.000
1185.596	8458.000
1185.739	8475.000
1185.881	8464.000
1186.024	8582.000
1186.166	8403.000
1186.309	8538.000
1186.451	8466.000
1186.594	8601.000
1186.736	8539.000
1186.879	8575.000
1187.021	8511.000
1187.164	8567.000
1187.306	8409.000
1187.448	8615.000
1187.591	8129.000
1187.733	8626.000
1187.876	8525.000
1188.018	8558.000
1188.160	8555.000
1188.303	8544.000
1188.445	8389.000
1188.588	8539.000
1188.730	8519.000
1188.872	8694.000
1189.015	8452.000
1189.157	8582.000
1189.299	8433.000
1189.442	8658.000
1189.584	8477.000
1189.726	8561.000
1189.869	8415.000
1190.011	8641.000
1190.153	8516.000
1190.295	8590.000
1190.438	8459.000
1190.580	8642.000
1190.722	8473.000
1190.864	8660.000
1191.007	8524.000
1191.149	8576.000
1191.291	8384.000
1191.433	8602.000
1191.576	8516.000
1191.718	8756.000
1191.860	8477.000
1192.002	8632.000
1192.144	8504.000
1192.286	8641.000
1192.429	8532.000
1192.571	8660.000
1192.713	8510.000
1192.855	8674.000
1192.997	8521.000
1193.139	8628.000
1193.281	8533.000
1193.423	8705.000
1193.565	8563.000
1193.707	8675.000
1193.850	8471.000
1193.992	8612.000
1194.134	8494.000
1194.276	8680.000
1194.418	8495.000
1194.560	8609.000
1194.702	8523.000
1194.844	8572.000
1194.986	8484.000
1195.128	8634.000
1195.270	8538.000
1195.412	8658.000
1195.554	8501.000
1195.696	8706.000
1195.837	8549.000
1195.979	8636.000
1196.121	8502.000
1196.263	8669.000
1196.405	8574.000
1196.547	8651.000
1196.689	8519.000
1196.831	8700.000
1196.973	8556.000
1197.115	8614.000
1197.256	8508.000
1197.398	8645.000
1197.540	8544.000
1197.682	8634.000
1197.824	8478.000
1197.966	8658.000
1198.107	8504.000
1198.249	8610.000
1198.391	8605.000
1198.533	8652.000
1198.675	8505.000
1198.816	8613.000
1198.958	8475.000
1199.100	8711.000
1199.242	8594.000
1199.383	8591.000
1199.525	8509.000
1199.667	8613.000
1199.808	8576.000
1199.950	8644.000
1200.092	8611.000
1200.233	8751.000
1200.375	8507.000
1200.517	8671.000
1200.658	8558.000
1200.800	8689.000
1200.942	8536.000
1201.083	8696.000
1201.225	8585.000
1201.367	8713.000
1201.508	8581.000
1201.650	8558.000
1201.791	8490.000
1201.933	8723.000
1202.074	8441.000
1202.216	8592.000
1202.358	8498.000
1202.499	8624.000
1202.641	8510.000
1202.782	8616.000
1202.924	8477.000
1203.065	8692.000
1203.207	8407.000
1203.348	8679.000
1203.490	8491.000
1203.631	8641.000
1203.773	8517.000
1203.914	8619.000
1204.056	8495.000
1204.197	8617.000
1204.338	8462.000
1204.480	8600.000
1204.621	8487.000
1204.763	8600.000
1204.904	8454.000
1205.045	8573.000
1205.187	8654.000
1205.328	8636.000
1205.470	8506.000
1205.611	8661.000
1205.752	8454.000
1205.894	8661.000
1206.035	8458.000
1206.176	8650.000
1206.318	8430.000
1206.459	8733.000
1206.600	8517.000
1206.741	8693.000
1206.883	8460.000
1207.024	8642.000
1207.165	8549.000
1207.306	8629.000
1207.448	8472.000
1207.589	8617.000
1207.730	8454.000
1207.871	8669.000
1208.013	8493.000
1208.154	8651.000
1208.295	8420.000
1208.436	8604.000
1208.577	8504.000
1208.719	8596.000
1208.860	8504.000
1209.001	8603.000
1209.142	8414.000
1209.283	8634.000
1209.424	8407.000
1209.565	8615.000
1209.706	8443.000
1209.848	8734.000
1209.989	8486.000
1210.130	8579.000
1210.271	8427.000
1210.412	8548.000
1210.553	8487.000
1210.694	8653.000
1210.835	8443.000
1210.976	8616.000
1211.117	8328.000
1211.258	8571.000
1211.399	8442.000
1211.540	8580.000
1211.681	8416.000
1211.822	8528.000
1211.963	8557.000
1212.104	8539.000
1212.245	8451.000
1212.386	8616.000
1212.527	8426.000
1212.668	8609.000
1212.809	8395.000
1212.950	8638.000
1213.090	8390.000
1213.231	8514.000
1213.372	8372.000
1213.513	8556.000
1213.654	8386.000
1213.795	8495.000
1213.936	8326.000
1214.077	8502.000
1214.217	8480.000
1214.358	8572.000
1214.499	8424.000
1214.640	8542.000
1214.781	8363.000
1214.921	8553.000
1215.062	8362.000
1215.203	8486.000
1215.344	8254.000
1215.485	8471.000
1215.625	8424.000
1215.766	8557.000
1215.907	8352.000
1216.047	8524.000
1216.188	8346.000
1216.329	8486.000
1216.470	8277.000
1216.610	8475.000
1216.751	8283.000
1216.892	8359.000
1217.032	8255.000
1217.173	8436.000
1217.314	8374.000
1217.454	8371.000
1217.595	8295.000
1217.735	8431.000
1217.876	8298.000
1218.017	8413.000
1218.157	8280.000
1218.298	8446.000
1218.438	8265.000
1218.579	8370.000
1218.720	8255.000
1218.860	8457.000
1219.001	8282.000
1219.141	8354.000
1219.282	8298.000
1219.422	8399.000
1219.563	8231.000
1219.703	8323.000
1219.844	8222.000
1219.984	8429.000
1220.125	8268.000
1220.265	8351.000
1220.406	8250.000
1220.546	8398.000
1220.687	8263.000
1220.827	8306.000
1220.967	8185.000
1221.108	8378.000
1221.248	8152.000
1221.389	8321.000
1221.529	8204.000
1221.669	8349.000
1221.810	8219.000
1221.950	8282.000
1222.091	8154.000
1222.231	8342.000
1222.371	8213.000
1222.512	8337.000
1222.652	8236.000
1222.792	8346.000
1222.933	8134.000
1223.073	8304.000
1223.213	8274.000
1223.353	8397.000
1223.494	8185.000
1223.634	8292.000
1223.774	8249.000
1223.914	8262.000
1224.055	8178.000
1224.195	8333.000
1224.335	8205.000
1224.475	8341.000
1224.616	8175.000
1224.756	8293.000
1224.896	8143.000
1225.036	8399.000
1225.176	8212.000
1225.316	8356.000
1225.457	8134.000
1225.597	8352.000
1225.737	8181.000
1225.877	8358.000
1226.017	8166.000
1226.157	8387.000
1226.297	8165.000
1226.437	8308.000
1226.578	8178.000
1226.718	8331.000
1226.858	8179.000
1226.998	8385.000
1227.138	8209.000
1227.278	8298.000
1227.418	8243.000
1227.558	8292.000
1227.698	8226.000
1227.838	8391.000
1227.978	8202.000
1228.118	8286.000
1228.258	8153.000
1228.398	8324.000
1228.538	8209.000
1228.678	8285.000
1228.818	8229.000
1228.958	8314.000
1229.098	8197.000
1229.238	8360.000
1229.377	8167.000
1229.517	8316.000
1229.657	8267.000
1229.797	8358.000
1229.937	8210.000
1230.077	8401.000
1230.217	8244.000
1230.357	8367.000
1230.496	8259.000
1230.636	8354.000
1230.776	8238.000
1230.916	8341.000
1231.056	8202.000
1231.196	8396.000
1231.335	8185.000
1231.475	8316.000
1231.615	8283.000
1231.755	8338.000
1231.894	8222.000
1232.034	8262.000
1232.174	8193.000
1232.314	8416.000
1232.453	8183.000
1232.593	8294.000
1232.733	8193.000
1232.873	8408.000
1233.012	8775.000
1233.152	8345.000
1233.292	8217.000
1233.431	8342.000
1233.571	8169.000
1233.711	8372.000
1233.850	8170.000
1233.990	8359.000
1234.129	8181.000
1234.269	8223.000
1234.409	8263.000
1234.548	8345.000
1234.688	8210.000
1234.828	8311.000
1234.967	8179.000
1235.107	8390.000
1235.246	8158.000
1235.386	8244.000
1235.525	8143.000
1235.665	8243.000
1235.804	8135.000
1235.944	8265.000
1236.083	8185.000
1236.223	8232.000
1236.362	8216.000
1236.502	8222.000
1236.641	8128.000
1236.781	8369.000
1236.920	8178.000
1237.060	8238.000
1237.199	8151.000
1237.339	8181.000
1237.478	8129.000
1237.617	8201.000
1237.757	8133.000
1237.896	8167.000
1238.036	8134.000
1238.175	8170.000
1238.314	8114.000
1238.454	8202.000
1238.593	8077.000
1238.732	8213.000
1238.872	8134.000
1239.011	8301.000
1239.150	8144.000
1239.290	8186.000
1239.429	8167.000
1239.568	8201.000
1239.708	8170.000
1239.847	8194.000
1239.986	8128.000
1240.125	8189.000
1240.265	8163.000
1240.404	8220.000
1240.543	8209.000
1240.682	8230.000
1240.822	8117.000
1240.961	8150.000
1241.100	8129.000
1241.239	8204.000
1241.378	8086.000
1241.518	8294.000
1241.657	8132.000
1241.796	8290.000
1241.935	8123.000
1242.074	8236.000
1242.213	8135.000
1242.352	8236.000
1242.492	8087.000
1242.631	8269.000
1242.770	8156.000
1242.909	8328.000
1243.048	8201.000
1243.187	8316.000
1243.326	8135.000
1243.465	8301.000
1243.604	8156.000
1243.743	8272.000
1243.882	8120.000
1244.021	8326.000
1244.160	8136.000
1244.299	8317.000
1244.438	8156.000
1244.577	8320.000
1244.716	8134.000
1244.855	8281.000
1244.994	8163.000
1245.133	8339.000
1245.272	8228.000
1245.411	8338.000
1245.550	8262.000
1245.689	8397.000
1245.828	8237.000
1245.967	8261.000
1246.106	8214.000
1246.244	8423.000
1246.383	8215.000
1246.522	8310.000
1246.661	8234.000
1246.800	8422.000
1246.939	8189.000
1247.078	8406.000
1247.216	8179.000
1247.355	8453.000
1247.494	8315.000
1247.633	8394.000
1247.772	8190.000
1247.910	8346.000
1248.049	8236.000
1248.188	8321.000
1248.327	8222.000
1248.465	8379.000
1248.604	8293.000
1248.743	8359.000
1248.882	8267.000
1249.020	8388.000
1249.159	8286.000
1249.298	8351.000
1249.436	8216.000
1249.575	8441.000
1249.714	8208.000
1249.852	8386.000
1249.991	8219.000
1250.130	8349.000
1250.268	8147.000
1250.407	8396.000
1250.546	8306.000
1250.684	8292.000
1250.823	8282.000
1250.961	8445.000
1251.100	8199.000
1251.239	8406.000
1251.377	8260.000
1251.516	8321.000
1251.654	8199.000
1251.793	8264.000
1251.931	8195.000
1252.070	8294.000
1252.208	8235.000
1252.347	8336.000
1252.485	8277.000
1252.624	8293.000
1252.762	8218.000
1252.901	8362.000
1253.039	8294.000
1253.178	8328.000
1253.316	8290.000
1253.455	8358.000
1253.593	8230.000
1253.732	8343.000
1253.870	7058.000
1254.008	8358.000
1254.147	8197.000
1254.285	8262.000
1254.424	8140.000
1254.562	8346.000
1254.700	8205.000
1254.839	8312.000
1254.977	8242.000
1255.115	8350.000
1255.254	8212.000
1255.392	8311.000
1255.530	8177.000
1255.669	8347.000
1255.807	8248.000
1255.945	8325.000
1256.084	8140.000
1256.222	8339.000
1256.360	8104.000
1256.498	8222.000
1256.637	8186.000
1256.775	8258.000
1256.913	8164.000
1257.051	8255.000
1257.189	8098.000
1257.328	8350.000
1257.466	8098.000
1257.604	8365.000
1257.742	8130.000
1257.880	8249.000
1258.019	8183.000
1258.157	8181.000
1258.295	8050.000
1258.433	8178.000
1258.571	8053.000
1258.709	8131.000
1258.847	8086.000
1258.986	8247.000
1259.124	8095.000
1259.262	8286.000
1259.400	8061.000
1259.538	8157.000
1259.676	8040.000
1259.814	8146.000
1259.952	7970.000
1260.090	8166.000
1260.228	7991.000
1260.366	8106.000
1260.504	8000.000
1260.642	8170.000
1260.780	8111.000
1260.918	8170.000
1261.056	8027.000
1261.194	8282.000
1261.332	8011.000
1261.470	8144.000
1261.608	8081.000
1261.746	8205.000
1261.884	8023.000
1262.022	8285.000
1262.160	12649.000
1262.297	8281.000
1262.435	8088.000
1262.573	8169.000
1262.711	8108.000
1262.849	8196.000
1262.987	8036.000
1263.125	8177.000
1263.262	8152.000
1263.400	8303.000
1263.538	8147.000
1263.676	8215.000
1263.814	8135.000
1263.952	8217.000
1264.089	8212.000
1264.227	8306.000
1264.365	8133.000
1264.503	8297.000
1264.640	8114.000
1264.778	8249.000
1264.916	8152.000
1265.054	8329.000
1265.191	8161.000
1265.329	8272.000
1265.467	8197.000
1265.604	8258.000
1265.742	8124.000
1265.880	8217.000
1266.017	8111.000
1266.155	8308.000
1266.293	8103.000
1266.430	8281.000
1266.568	8136.000
1266.706	8350.000
1266.843	8172.000
1266.981	8335.000
1267.119	8107.000
1267.256	8294.000
1267.394	8012.000
1267.531	8295.000
1267.669	8067.000
1267.806	8313.000
1267.944	8075.000
1268.081	8316.000
1268.219	8130.000
1268.357	8282.000
1268.494	8119.000
1268.632	8316.000
1268.769	8078.000
1268.907	8324.000
1269.044	8204.000
1269.182	8219.000
1269.319	8109.000
1269.456	8334.000
1269.594	8172.000
1269.731	8251.000
1269.869	8181.000
1270.006	8288.000
1270.144	8195.000
1270.281	8279.000
1270.418	8230.000
1270.556	8306.000
1270.693	8188.000
1270.831	8379.000
1270.968	8148.000
1271.105	8321.000
1271.243	8119.000
1271.380	8286.000
1271.517	8271.000
1271.655	8404.000
1271.792	8194.000
1271.929	8295.000
1272.066	8211.000
1272.204	8396.000
1272.341	8236.000
1272.478	8422.000
1272.616	8224.000
1272.753	8423.000
1272.890	8220.000
1273.027	8295.000
1273.165	8244.000
1273.302	8370.000
1273.439	8220.000
1273.576	8253.000
1273.713	8266.000
1273.851	8443.000
1273.988	8306.000
1274.125	8322.000
1274.262	8266.000
1274.399	8315.000
1274.536	8304.000
1274.673	8426.000
