1059.898	6428.000
1060.043	6445.000
1060.188	6377.000
1060.333	6506.000
1060.479	6363.000
1060.624	6531.000
1060.769	6362.000
1060.914	6476.000
1061.059	6360.000
1061.204	6478.000
1061.349	6326.000
1061.494	6547.000
1061.639	6374.000
1061.784	6457.000
1061.929	6363.000
1062.074	6555.000
1062.219	6355.000
1062.364	6618.000
1062.509	6535.000
1062.654	6858.000
1062.799	6690.000
1062.944	6803.000
1063.089	6917.000
1063.234	6869.000
1063.379	6779.000
1063.524	6792.000
1063.669	6679.000
1063.814	6605.000
1063.959	6463.000
1064.104	6498.000
1064.249	6421.000
1064.394	6525.000
1064.538	6429.000
1064.683	6491.000
1064.828	6334.000
1064.973	6471.000
1065.118	6443.000
1065.263	6460.000
1065.408	6418.000
1065.553	6533.000
1065.697	6376.000
1065.842	6519.000
1065.987	6362.000
1066.132	6561.000
1066.277	6360.000
1066.422	6484.000
1066.566	6456.000
1066.711	6451.000
1066.856	6395.000
1067.001	6493.000
1067.146	6389.000
1067.290	6461.000
1067.435	6407.000
1067.580	6542.000
1067.725	6375.000
1067.869	6495.000
1068.014	6379.000
1068.159	6499.000
1068.303	6357.000
1068.448	6434.000
1068.593	6439.000
1068.738	6444.000
1068.882	6352.000
1069.027	6431.000
1069.172	6324.000
1069.316	6529.000
1069.461	6367.000
1069.606	6416.000
1069.750	6375.000
1069.895	6471.000
1070.040	6371.000
1070.184	6436.000
1070.329	6388.000
1070.473	6469.000
1070.618	6326.000
1070.763	6451.000
1070.907	6349.000
1071.052	6413.000
1071.196	6402.000
1071.341	6544.000
1071.486	6339.000
1071.630	6460.000
1071.775	6390.000
1071.919	6449.000
1072.064	6343.000
1072.208	6428.000
1072.353	6300.000
1072.497	6420.000
1072.642	6379.000
1072.786	6435.000
1072.931	6367.000
1073.075	6503.000
1073.220	6395.000
1073.364	6460.000
1073.509	6399.000
1073.653	6435.000
1073.798	6334.000
1073.942	6469.000
1074.087	6394.000
1074.231	6489.000
1074.376	6369.000
1074.520	6396.000
1074.664	6336.000
1074.809	6386.000
1074.953	6368.000
1075.098	6513.000
1075.242	6374.000
1075.386	6467.000
1075.531	6365.000
1075.675	6424.000
1075.819	6403.000
1075.964	6473.000
1076.108	6283.000
1076.252	6513.000
1076.397	6348.000
1076.541	6449.000
1076.685	6466.000
1076.830	6515.000
1076.974	6445.000
1077.118	6505.000
1077.263	6468.000
1077.407	6539.000
1077.551	6452.000
1077.695	6605.000
1077.840	6467.000
1077.984	6641.000
1078.128	6439.000
1078.272	6543.000
1078.417	6628.000
1078.561	6677.000
1078.705	6541.000
1078.849	6667.000
1078.994	6586.000
1079.138	6622.000
1079.282	6539.000
1079.426	6635.000
1079.570	6602.000
1079.714	6695.000
1079.859	6555.000
1080.003	6687.000
1080.147	6596.000
1080.291	6708.000
1080.435	6603.000
1080.579	6613.000
1080.723	6606.000
1080.868	6720.000
1081.012	6657.000
1081.156	6699.000
1081.300	6588.000
1081.444	6721.000
1081.588	6640.000
1081.732	6688.000
1081.876	6570.000
1082.020	6702.000
1082.164	6593.000
1082.308	6784.000
1082.452	6691.000
1082.596	6798.000
1082.740	6694.000
1082.884	6789.000
1083.028	6711.000
1083.172	6731.000
1083.316	6711.000
1083.460	6817.000
1083.604	6652.000
1083.748	6809.000
1083.892	6768.000
1084.036	6809.000
1084.180	6778.000
1084.324	6898.000
1084.468	6689.000
1084.612	6906.000
1084.756	6802.000
1084.900	6828.000
1085.044	6896.000
1085.188	6968.000
1085.332	6818.000
1085.476	6970.000
1085.619	6789.000
1085.763	6899.000
1085.907	6869.000
1086.051	7027.000
1086.195	6943.000
1086.339	7020.000
1086.483	6862.000
1086.626	6914.000
1086.770	6950.000
1086.914	6973.000
1087.058	6977.000
1087.202	7075.000
1087.346	6852.000
1087.489	6968.000
1087.633	6868.000
1087.777	7008.000
1087.921	6877.000
1088.064	7042.000
1088.208	6872.000
1088.352	6969.000
1088.496	6815.000
1088.639	7024.000
1088.783	6976.000
1088.927	6923.000
1089.071	6935.000
1089.214	6945.000
1089.358	6835.000
1089.502	6955.000
1089.645	6891.000
1089.789	7029.000
1089.933	6858.000
1090.076	6986.000
1090.220	6878.000
1090.364	6971.000
1090.507	6795.000
1090.651	7022.000
1090.795	6868.000
1090.938	6953.000
1091.082	6806.000
1091.226	6915.000
1091.369	6747.000
1091.513	6902.000
1091.656	6812.000
1091.800	6933.000
1091.944	6790.000
1092.087	6927.000
1092.231	6648.000
1092.374	6903.000
1092.518	6680.000
1092.661	6842.000
1092.805	6733.000
1092.948	6917.000
1093.092	6770.000
1093.235	6836.000
1093.379	6709.000
1093.522	6852.000
1093.666	6678.000
1093.809	6802.000
1093.953	6704.000
1094.096	6871.000
1094.240	6632.000
1094.383	6764.000
1094.527	6689.000
1094.670	6820.000
1094.814	6731.000
1094.957	6831.000
1095.101	6688.000
1095.244	6912.000
1095.387	6800.000
1095.531	6963.000
1095.674	6898.000
1095.818	7023.000
1095.961	6906.000
1096.104	6969.000
1096.248	6876.000
1096.391	7003.000
1096.534	6889.000
1096.678	7084.000
1096.821	7076.000
1096.964	7097.000
1097.108	6929.000
1097.251	7135.000
1097.394	7042.000
1097.538	7053.000
1097.681	6935.000
1097.824	7114.000
1097.968	6983.000
1098.111	7044.000
1098.254	6947.000
1098.397	7109.000
1098.541	6932.000
1098.684	7099.000
1098.827	7015.000
1098.970	7112.000
1099.114	7010.000
1099.257	7118.000
1099.400	7059.000
1099.543	7134.000
1099.686	7046.000
1099.830	7312.000
1099.973	7107.000
1100.116	7131.000
1100.259	7132.000
1100.402	7238.000
1100.545	7048.000
1100.689	7282.000
1100.832	7217.000
1100.975	7268.000
1101.118	7154.000
1101.261	7281.000
1101.404	7179.000
1101.547	7295.000
1101.691	7212.000
1101.834	7292.000
1101.977	7266.000
1102.120	7386.000
1102.263	7283.000
1102.406	7401.000
1102.549	7161.000
1102.692	7482.000
1102.835	7297.000
1102.978	7430.000
1103.121	7337.000
1103.264	7517.000
1103.407	7375.000
1103.550	7512.000
1103.693	7523.000
1103.836	7479.000
1103.979	7421.000
1104.122	7611.000
1104.265	7527.000
1104.408	7666.000
1104.551	7501.000
1104.694	7746.000
1104.837	7684.000
1104.980	7749.000
1105.123	7645.000
1105.266	7786.000
1105.409	7734.000
1105.552	7855.000
1105.695	7685.000
1105.838	7915.000
1105.980	7798.000
1106.123	7841.000
1106.266	7865.000
1106.409	7939.000
1106.552	7888.000
1106.695	8142.000
1106.838	7922.000
1106.980	7989.000
1107.123	7999.000
1107.266	8211.000
1107.409	8122.000
1107.552	8185.000
1107.695	8073.000
1107.837	8344.000
1107.980	8190.000
1108.123	8382.000
1108.266	8326.000
1108.409	8454.000
1108.551	8371.000
1108.694	8506.000
1108.837	8530.000
1108.980	8665.000
1109.122	8527.000
1109.265	8757.000
1109.408	8584.000
1109.551	8728.000
1109.693	8747.000
1109.836	8882.000
1109.979	8715.000
1110.121	9017.000
1110.264	8825.000
1110.407	9011.000
1110.549	8996.000
1110.692	9173.000
1110.835	9122.000
1110.977	9239.000
1111.120	9203.000
1111.263	9275.000
1111.405	9263.000
1111.548	9458.000
1111.691	9524.000
1111.833	9499.000
1111.976	9536.000
1112.118	9644.000
1112.261	9689.000
1112.404	9791.000
1112.546	9765.000
1112.689	9864.000
1112.831	9892.000
1112.974	10028.000
1113.116	10031.000
1113.259	10192.000
1113.401	10116.000
1113.544	10349.000
1113.686	10237.000
1113.829	10471.000
1113.971	10444.000
1114.114	10687.000
1114.256	10600.000
1114.399	10869.000
1114.541	10663.000
1114.684	11013.000
1114.826	10868.000
1114.969	11038.000
1115.111	11037.000
1115.254	11257.000
1115.396	11290.000
1115.539	11361.000
1115.681	11428.000
1115.823	11577.000
1115.966	11519.000
1116.108	11651.000
1116.251	11697.000
1116.393	11850.000
1116.535	11945.000
1116.678	12071.000
1116.820	12163.000
1116.962	12239.000
1117.105	12240.000
1117.247	12480.000
1117.389	12235.000
1117.532	12744.000
1117.674	12792.000
1117.816	12846.000
1117.959	12971.000
1118.101	12936.000
1118.243	12961.000
1118.386	13200.000
1118.528	13322.000
1118.670	13513.000
1118.812	13454.000
1118.955	13630.000
1119.097	13700.000
1119.239	13939.000
1119.381	13970.000
1119.524	14109.000
1119.666	14135.000
1119.808	14341.000
1119.950	14382.000
1120.093	14427.000
1120.235	14564.000
1120.377	14772.000
1120.519	14905.000
1120.661	15090.000
1120.803	15248.000
1120.946	15190.000
1121.088	15194.000
1121.230	15458.000
1121.372	15612.000
1121.514	15855.000
1121.656	15748.000
1121.798	15949.000
1121.941	15964.000
1122.083	16172.000
1122.225	16200.000
1122.367	16351.000
1122.509	16502.000
1122.651	16733.000
1122.793	16909.000
1122.935	17192.000
1123.077	17322.000
1123.219	17399.000
1123.361	17409.000
1123.503	17428.000
1123.645	17549.000
1123.787	17783.000
1123.929	18108.000
1124.071	18379.000
1124.213	18370.000
1124.355	18586.000
1124.497	18750.000
1124.639	18823.000
1124.781	19008.000
1124.923	18997.000
1125.065	18910.000
1125.207	18960.000
1125.349	19011.000
1125.491	19294.000
1125.633	19644.000
1125.775	19800.000
1125.917	19906.000
1126.059	20078.000
1126.201	20252.000
1126.343	20398.000
1126.485	20596.000
1126.626	20704.000
1126.768	20845.000
1126.910	20823.000
1127.052	20916.000
1127.194	20950.000
1127.336	20996.000
1127.478	20958.000
1127.619	20979.000
1127.761	21032.000
1127.903	21226.000
1128.045	21382.000
1128.187	21557.000
1128.329	21425.000
1128.470	21477.000
1128.612	21438.000
1128.754	21475.000
1128.896	21594.000
1129.037	21540.000
1129.179	21426.000
1129.321	21360.000
1129.463	20900.000
1129.604	20964.000
1129.746	20837.000
1129.888	20914.000
1130.030	20750.000
1130.171	20666.000
1130.313	20439.000
1130.455	20275.000
1130.596	20067.000
1130.738	19738.000
1130.880	19518.000
1131.021	19260.000
1131.163	18803.000
1131.305	18535.000
1131.446	18063.000
1131.588	17721.000
1131.730	17446.000
1131.871	16966.000
1132.013	16630.000
1132.155	16223.000
1132.296	15849.000
1132.438	15572.000
1132.579	15218.000
1132.721	14875.000
1132.863	14676.000
1133.004	14123.000
1133.146	14051.000
1133.287	13646.000
1133.429	13439.000
1133.570	13179.000
1133.712	13060.000
1133.853	12768.000
1133.995	12690.000
1134.136	12380.000
1134.278	12296.000
1134.419	12076.000
1134.561	11967.000
1134.702	11668.000
1134.844	11818.000
1134.985	11958.000
1135.127	12001.000
1135.268	11960.000
1135.410	12140.000
1135.551	12053.000
1135.693	12187.000
1135.834	12025.000
1135.975	12167.000
1136.117	12020.000
1136.258	12363.000
1136.400	12271.000
1136.541	12336.000
1136.682	12094.000
1136.824	12093.000
1136.965	11914.000
1137.107	11790.000
1137.248	11476.000
1137.389	11413.000
1137.531	11111.000
1137.672	11109.000
1137.813	10822.000
1137.955	10718.000
1138.096	10360.000
1138.237	10384.000
1138.379	10136.000
1138.520	10065.000
1138.661	9850.000
1138.802	9870.000
1138.944	9571.000
1139.085	9654.000
1139.226	9335.000
1139.368	9477.000
1139.509	9223.000
1139.650	9337.000
1139.791	9003.000
1139.933	9074.000
1140.074	8850.000
1140.215	8882.000
1140.356	8756.000
1140.497	8883.000
1140.639	8571.000
1140.780	8659.000
1140.921	8358.000
1141.062	8578.000
1141.203	8446.000
1141.344	8495.000
1141.486	8296.000
1141.627	8376.000
1141.768	8342.000
1141.909	8321.000
1142.050	8197.000
1142.191	8338.000
1142.332	8089.000
1142.473	8264.000
1142.615	7993.000
1142.756	8246.000
1142.897	8030.000
1143.038	8112.000
1143.179	7989.000
1143.320	8125.000
1143.461	7980.000
1143.602	8030.000
1143.743	7822.000
1143.884	8036.000
1144.025	7958.000
1144.166	8078.000
1144.307	7893.000
1144.448	8063.000
1144.589	7816.000
1144.730	8014.000
1144.871	7826.000
1145.012	7951.000
1145.153	7736.000
1145.294	7910.000
1145.435	7839.000
1145.576	7990.000
1145.717	7748.000
1145.858	7942.000
1145.999	7721.000
1146.140	7864.000
1146.281	7600.000
1146.422	7795.000
1146.562	7608.000
1146.703	7689.000
1146.844	7530.000
1146.985	7702.000
1147.126	7657.000
1147.267	7657.000
1147.408	7501.000
1147.549	7675.000
1147.689	7551.000
1147.830	7679.000
1147.971	7524.000
1148.112	7721.000
1148.253	7485.000
1148.394	7643.000
1148.534	7482.000
1148.675	7680.000
1148.816	7476.000
1148.957	7583.000
1149.097	7498.000
1149.238	7573.000
1149.379	7454.000
1149.520	7513.000
1149.661	7394.000
1149.801	7627.000
1149.942	7484.000
1150.083	7555.000
1150.223	7492.000
1150.364	7627.000
1150.505	7468.000
1150.646	7527.000
1150.786	7401.000
1150.927	7569.000
1151.068	7376.000
1151.208	7558.000
1151.349	7458.000
1151.490	7603.000
1151.630	7452.000
1151.771	7571.000
1151.912	7385.000
1152.052	7622.000
1152.193	7457.000
1152.333	7622.000
1152.474	7470.000
1152.615	7609.000
1152.755	7399.000
1152.896	7586.000
1153.036	7540.000
1153.177	7696.000
1153.318	7535.000
1153.458	7604.000
1153.599	7517.000
1153.739	7610.000
1153.880	7448.000
1154.020	7643.000
1154.161	7505.000
1154.301	7620.000
1154.442	7476.000
1154.582	7594.000
1154.723	7479.000
1154.863	7686.000
1155.004	7547.000
1155.144	7723.000
1155.285	7481.000
1155.425	7730.000
1155.566	7542.000
1155.706	7691.000
1155.847	7552.000
1155.987	7751.000
1156.127	7539.000
1156.268	7715.000
1156.408	7567.000
1156.549	7723.000
1156.689	7564.000
1156.829	7791.000
1156.970	7611.000
1157.110	7734.000
1157.251	7620.000
1157.391	7700.000
1157.531	7630.000
1157.672	7813.000
1157.812	7616.000
1157.952	7716.000
1158.093	7613.000
1158.233	7785.000
1158.373	7662.000
1158.514	7750.000
1158.654	7677.000
1158.794	7775.000
1158.935	7659.000
1159.075	7857.000
1159.215	7656.000
1159.355	7794.000
1159.496	7715.000
1159.636	7793.000
1159.776	7665.000
1159.916	7856.000
1160.057	7716.000
1160.197	7831.000
1160.337	7722.000
1160.477	7827.000
1160.617	7682.000
1160.758	7786.000
1160.898	7676.000
1161.038	7816.000
1161.178	7659.000
1161.318	7743.000
1161.459	7726.000
1161.599	7795.000
1161.739	7630.000
1161.879	7709.000
1162.019	7597.000
1162.159	7817.000
1162.299	7562.000
1162.439	7705.000
1162.580	7595.000
1162.720	7817.000
1162.860	7981.000
1163.000	7701.000
1163.140	7534.000
1163.280	7652.000
1163.420	7476.000
1163.560	7698.000
1163.700	7473.000
1163.840	7636.000
1163.980	7451.000
1164.120	7507.000
1164.260	7509.000
1164.400	7555.000
1164.540	7376.000
1164.680	7553.000
1164.820	7408.000
1164.960	7586.000
1165.100	7349.000
1165.240	7448.000
1165.380	7322.000
1165.520	7426.000
1165.660	7299.000
1165.800	7472.000
1165.940	7301.000
1166.080	7420.000
1166.220	7381.000
1166.360	7424.000
1166.500	7217.000
1166.640	7480.000
1166.780	7251.000
1166.919	7373.000
1167.059	7240.000
1167.199	7304.000
1167.339	7259.000
1167.479	7317.000
1167.619	7233.000
1167.759	7270.000
1167.898	7222.000
1168.038	7251.000
1168.178	7203.000
1168.318	7293.000
1168.458	7179.000
1168.598	7345.000
1168.737	7209.000
1168.877	7377.000
1169.017	7192.000
1169.157	7285.000
1169.297	7215.000
1169.436	7269.000
1169.576	7216.000
1169.716	7280.000
1169.856	7212.000
1169.995	7251.000
1170.135	7222.000
1170.275	7361.000
1170.414	7287.000
1170.554	7315.000
1170.694	7176.000
1170.834	7247.000
1170.973	7195.000
1171.113	7291.000
1171.253	7197.000
1171.392	7359.000
1171.532	7202.000
1171.672	7302.000
1171.811	7180.000
1171.951	7270.000
1172.091	7171.000
1172.230	7298.000
1172.370	7103.000
1172.509	7352.000
1172.649	7196.000
1172.789	7384.000
1172.928	7259.000
1173.068	7414.000
1173.207	7183.000
1173.347	7364.000
1173.486	7179.000
1173.626	7332.000
1173.766	7177.000
1173.905	7388.000
1174.045	7166.000
1174.184	7379.000
1174.324	7227.000
1174.463	7372.000
1174.603	7169.000
1174.742	7337.000
1174.882	7255.000
1175.021	7412.000
1175.161	7259.000
1175.300	7382.000
1175.440	7317.000
1175.579	7447.000
1175.719	7322.000
1175.858	7368.000
1175.997	7288.000
1176.137	7451.000
1176.276	7278.000
1176.416	7425.000
1176.555	7279.000
1176.695	7467.000
1176.834	7280.000
1176.973	7479.000
1177.113	7287.000
1177.252	7501.000
1177.391	7411.000
1177.531	7467.000
1177.670	7262.000
1177.809	7444.000
1177.949	7309.000
1178.088	7432.000
1178.227	7357.000
1178.367	7473.000
1178.506	7361.000
1178.645	7504.000
1178.785	7359.000
1178.924	7508.000
1179.063	7385.000
1179.203	7512.000
1179.342	7371.000
1179.481	7549.000
1179.620	7359.000
1179.760	7483.000
1179.899	7341.000
1180.038	7507.000
1180.177	7279.000
1180.317	7559.000
1180.456	7440.000
1180.595	7461.000
1180.734	7409.000
1180.873	7581.000
1181.013	7398.000
1181.152	7550.000
1181.291	7452.000
1181.430	7528.000
1181.569	7389.000
1181.708	7513.000
1181.848	7410.000
1181.987	7522.000
1182.126	7435.000
1182.265	7560.000
1182.404	7458.000
1182.543	7538.000
1182.682	7393.000
1182.821	7627.000
1182.960	7518.000
1183.100	7562.000
1183.239	7549.000
1183.378	7595.000
1183.517	7469.000
1183.656	7628.000
1183.795	6667.000
1183.934	7589.000
1184.073	7455.000
1184.212	7532.000
1184.351	7385.000
1184.490	7615.000
1184.629	7442.000
1184.768	7622.000
1184.907	7503.000
1185.046	7620.000
1185.185	7457.000
1185.324	7598.000
1185.463	7436.000
1185.602	7659.000
1185.741	7504.000
1185.880	7577.000
1186.019	7412.000
1186.158	7610.000
1186.296	7402.000
1186.435	7521.000
1186.574	7450.000
1186.713	7527.000
1186.852	7452.000
1186.991	7612.000
1187.130	7413.000
1187.269	7672.000
1187.408	7409.000
1187.546	7683.000
1187.685	7488.000
1187.824	7585.000
1187.963	7527.000
1188.102	7543.000
1188.241	7441.000
1188.379	7514.000
1188.518	7447.000
1188.657	7528.000
1188.796	7458.000
1188.935	7650.000
1189.073	7487.000
1189.212	7665.000
1189.351	7461.000
1189.490	7585.000
1189.629	7425.000
1189.767	7585.000
1189.906	7385.000
1190.045	7597.000
1190.183	7405.000
1190.322	7532.000
1190.461	7394.000
1190.600	7603.000
1190.738	7553.000
1190.877	7608.000
1191.016	7453.000
1191.154	7687.000
1191.293	7401.000
1191.432	7569.000
1191.570	7476.000
1191.709	7647.000
1191.848	7468.000
1191.986	7747.000
1192.125	10424.000
1192.264	7716.000
1192.402	7516.000
1192.541	7671.000
1192.679	7541.000
1192.818	7664.000
1192.957	7420.000
1193.095	7643.000
1193.234	7632.000
1193.372	7764.000
1193.511	7592.000
1193.649	7637.000
1193.788	7509.000
1193.926	7683.000
1194.065	7633.000
1194.204	7730.000
1194.342	7590.000
1194.481	7688.000
1194.619	7536.000
1194.758	7710.000
1194.896	7587.000
1195.035	7758.000
1195.173	7593.000
1195.311	7735.000
1195.450	7589.000
1195.588	7700.000
1195.727	7522.000
1195.865	7644.000
1196.004	7528.000
1196.142	7728.000
1196.281	7536.000
1196.419	7686.000
1196.557	7486.000
1196.696	7731.000
1196.834	7529.000
1196.973	7686.000
1197.111	7523.000
1197.249	7665.000
1197.388	7404.000
1197.526	7655.000
1197.664	7439.000
1197.803	7653.000
1197.941	7405.000
1198.079	7655.000
1198.218	7468.000
1198.356	7608.000
1198.494	7442.000
1198.633	7644.000
1198.771	7352.000
1198.909	7643.000
1199.048	7494.000
1199.186	7499.000
1199.324	7397.000
1199.462	7592.000
1199.601	7401.000
1199.739	7516.000
1199.877	7382.000
1200.015	7490.000
1200.154	7414.000
1200.292	7465.000
1200.430	7388.000
1200.568	7485.000
1200.706	7378.000
1200.845	7507.000
1200.983	7273.000
1201.121	7476.000
1201.259	7235.000
1201.397	7426.000
1201.535	7354.000
1201.674	7487.000
1201.812	7239.000
1201.950	7370.000
1202.088	7276.000
1202.226	7418.000
1202.364	7256.000
1202.502	7424.000
1202.640	7233.000
1202.778	7412.000
1202.917	7153.000
1203.055	7284.000
1203.193	7168.000
1203.331	7331.000
1203.469	7118.000
1203.607	7180.000
1203.745	7169.000
1203.883	7354.000
1204.021	7165.000
1204.159	7196.000
1204.297	7089.000
1204.435	7163.000
1204.573	7125.000
1204.711	7242.000
