929.762	8721.000
929.906	8689.000
930.049	8679.000
930.193	8751.000
930.337	8668.000
930.481	8769.000
930.625	8658.000
930.769	8736.000
930.913	8675.000
931.057	8749.000
931.201	8588.000
931.345	8749.000
931.488	8641.000
931.632	8657.000
931.776	8636.000
931.920	8804.000
932.064	8581.000
932.208	8757.000
932.352	8625.000
932.495	8758.000
932.639	8621.000
932.783	8630.000
932.927	8764.000
933.071	8728.000
933.215	8675.000
933.359	8683.000
933.502	8685.000
933.646	8664.000
933.790	8617.000
933.934	8627.000
934.078	8646.000
934.221	8718.000
934.365	8670.000
934.509	8678.000
934.653	8594.000
934.797	8636.000
934.940	8700.000
935.084	8639.000
935.228	8687.000
935.372	8704.000
935.515	8607.000
935.659	8676.000
935.803	8592.000
935.947	8743.000
936.090	8574.000
936.234	8673.000
936.378	8674.000
936.522	8624.000
936.665	8598.000
936.809	8657.000
936.953	8595.000
937.097	8605.000
937.240	8629.000
937.384	8669.000
937.528	8583.000
937.671	8622.000
937.815	8531.000
937.959	8647.000
938.102	8544.000
938.246	8567.000
938.390	8592.000
938.534	8575.000
938.677	8521.000
938.821	8564.000
938.965	8491.000
939.108	8582.000
939.252	8533.000
939.396	8488.000
939.539	8514.000
939.683	8569.000
939.826	8479.000
939.970	8497.000
940.114	8489.000
940.257	8545.000
940.401	8400.000
940.545	8481.000
940.688	8413.000
940.832	8475.000
940.975	8465.000
941.119	8580.000
941.263	8405.000
941.406	8495.000
941.550	8479.000
941.693	8448.000
941.837	8392.000
941.981	8447.000
942.124	8380.000
942.268	8445.000
942.411	8403.000
942.555	8437.000
942.698	8388.000
942.842	8452.000
942.986	8406.000
943.129	8402.000
943.273	8392.000
943.416	8415.000
943.560	8375.000
943.703	8432.000
943.847	8385.000
943.990	8458.000
944.134	8327.000
944.277	8369.000
944.421	8326.000
944.564	8314.000
944.708	8350.000
944.851	8468.000
944.995	8335.000
945.138	8382.000
945.282	8339.000
945.425	8358.000
945.569	8343.000
945.712	8409.000
945.856	8206.000
945.999	8451.000
946.143	8287.000
946.286	8314.000
946.430	8371.000
946.573	8382.000
946.716	8356.000
946.860	8366.000
947.003	8285.000
947.147	8367.000
947.290	8305.000
947.434	8433.000
947.577	8295.000
947.720	8369.000
947.864	8227.000
948.007	8295.000
948.151	8416.000
948.294	8421.000
948.437	8318.000
948.581	8392.000
948.724	8344.000
948.868	8336.000
949.011	8301.000
949.154	8349.000
949.298	8372.000
949.441	8387.000
949.584	8355.000
949.728	8394.000
949.871	8313.000
950.015	8390.000
950.158	8307.000
950.301	8306.000
950.445	8326.000
950.588	8444.000
950.731	8361.000
950.875	8374.000
951.018	8303.000
951.161	8422.000
951.304	8303.000
951.448	8328.000
951.591	8259.000
951.734	8339.000
951.878	8249.000
952.021	8409.000
952.164	8352.000
952.308	8409.000
952.451	8324.000
952.594	8353.000
952.737	8311.000
952.881	8302.000
953.024	8280.000
953.167	8378.000
953.310	8220.000
953.454	8345.000
953.597	8279.000
953.740	8334.000
953.883	8274.000
954.027	8384.000
954.170	8193.000
954.313	8341.000
954.456	8256.000
954.600	8270.000
954.743	8315.000
954.886	8357.000
955.029	8227.000
955.172	8348.000
955.316	8125.000
955.459	8268.000
955.602	8219.000
955.745	8375.000
955.888	8245.000
956.032	8315.000
956.175	8168.000
956.318	8254.000
956.461	8213.000
956.604	8261.000
956.747	8229.000
956.890	8321.000
957.034	8154.000
957.177	8237.000
957.320	8102.000
957.463	8281.000
957.606	8200.000
957.749	8325.000
957.892	8170.000
958.036	8235.000
958.179	8094.000
958.322	8331.000
958.465	8271.000
958.608	8211.000
958.751	8214.000
958.894	8235.000
959.037	8137.000
959.180	8229.000
959.323	8149.000
959.467	8287.000
959.610	8107.000
959.753	8257.000
959.896	8173.000
960.039	8233.000
960.182	8079.000
960.325	8305.000
960.468	8177.000
960.611	8205.000
960.754	8107.000
960.897	8251.000
961.040	8082.000
961.183	8209.000
961.326	8152.000
961.469	8295.000
961.612	8132.000
961.755	8260.000
961.898	8000.000
962.041	8300.000
962.184	8084.000
962.327	8246.000
962.470	8109.000
962.613	8325.000
962.756	8169.000
962.899	8231.000
963.042	8147.000
963.185	8276.000
963.328	8097.000
963.471	8202.000
963.614	8149.000
963.757	8277.000
963.900	8099.000
964.043	8177.000
964.186	8112.000
964.329	8204.000
964.472	8110.000
964.615	8204.000
964.758	8087.000
964.900	8327.000
965.043	8149.000
965.186	8294.000
965.329	8252.000
965.472	8317.000
965.615	8203.000
965.758	8204.000
965.901	8127.000
966.044	8230.000
966.187	8087.000
966.329	8270.000
966.472	8262.000
966.615	8295.000
966.758	8150.000
966.901	8321.000
967.044	8260.000
967.187	8198.000
967.330	8125.000
967.472	8304.000
967.615	8150.000
967.758	8272.000
967.901	8140.000
968.044	8308.000
968.187	8120.000
968.329	8260.000
968.472	8162.000
968.615	8264.000
968.758	8181.000
968.901	8259.000
969.043	8200.000
969.186	8269.000
969.329	8140.000
969.472	8378.000
969.615	8195.000
969.757	8207.000
969.900	8231.000
970.043	8332.000
970.186	8094.000
970.328	8309.000
970.471	8273.000
970.614	8315.000
970.757	8197.000
970.899	8253.000
971.042	8182.000
971.185	8238.000
971.328	8142.000
971.470	8271.000
971.613	8183.000
971.756	8304.000
971.899	8187.000
972.041	8282.000
972.184	8037.000
972.327	8323.000
972.469	8162.000
972.612	8229.000
972.755	8145.000
972.898	8304.000
973.040	8129.000
973.183	8245.000
973.326	8247.000
973.468	8160.000
973.611	8123.000
973.754	8260.000
973.896	8167.000
974.039	8249.000
974.182	8088.000
974.324	8327.000
974.467	8206.000
974.610	8270.000
974.752	8127.000
974.895	8263.000
975.037	8162.000
975.180	8275.000
975.323	8073.000
975.465	8278.000
975.608	8098.000
975.751	8154.000
975.893	8180.000
976.036	8182.000
976.178	8083.000
976.321	8352.000
976.464	8073.000
976.606	8126.000
976.749	8072.000
976.891	8289.000
977.034	8131.000
977.176	8143.000
977.319	8016.000
977.462	8275.000
977.604	8054.000
977.747	8232.000
977.889	8103.000
978.032	8218.000
978.174	8096.000
978.317	8196.000
978.459	8178.000
978.602	8272.000
978.744	8099.000
978.887	8275.000
979.029	8067.000
979.172	8161.000
979.314	8130.000
979.457	8190.000
979.599	8007.000
979.742	8257.000
979.884	8024.000
980.027	8137.000
980.169	8085.000
980.312	8249.000
980.454	8105.000
980.597	8216.000
980.739	8097.000
980.882	8090.000
981.024	8036.000
981.167	8175.000
981.309	8195.000
981.452	8133.000
981.594	8079.000
981.736	8110.000
981.879	8084.000
982.021	8181.000
982.164	8034.000
982.306	8122.000
982.449	8084.000
982.591	8173.000
982.733	8066.000
982.876	8165.000
983.018	8009.000
983.161	8218.000
983.303	8002.000
983.445	8170.000
983.588	8026.000
983.730	8240.000
983.873	8036.000
984.015	8280.000
984.157	7966.000
984.300	8299.000
984.442	8031.000
984.584	8200.000
984.727	8055.000
984.869	8210.000
985.011	8075.000
985.154	8106.000
985.296	8087.000
985.438	8190.000
985.581	8037.000
985.723	8198.000
985.865	8076.000
986.008	8173.000
986.150	8138.000
986.292	8197.000
986.435	8092.000
986.577	8190.000
986.719	8029.000
986.861	8216.000
987.004	7720.000
987.146	8240.000
987.288	8136.000
987.431	8157.000
987.573	8142.000
987.715	8150.000
987.857	7985.000
988.000	8135.000
988.142	8076.000
988.284	8255.000
988.426	8048.000
988.569	8167.000
988.711	8011.000
988.853	8240.000
988.995	8064.000
989.138	8154.000
989.280	8046.000
989.422	8208.000
989.564	8108.000
989.706	8186.000
989.849	8046.000
989.991	8213.000
990.133	8039.000
990.275	8225.000
990.417	8093.000
990.560	8143.000
990.702	7978.000
990.844	8166.000
990.986	8071.000
991.128	8332.000
991.270	8053.000
991.413	8220.000
991.555	8073.000
991.697	8221.000
991.839	8078.000
991.981	8213.000
992.123	8074.000
992.265	8226.000
992.408	8087.000
992.550	8215.000
992.692	8095.000
992.834	8237.000
992.976	8084.000
993.118	8244.000
993.260	8069.000
993.402	8150.000
993.544	8025.000
993.687	8240.000
993.829	8048.000
993.971	8151.000
994.113	8045.000
994.255	8174.000
994.397	8034.000
994.539	8206.000
994.681	8114.000
994.823	8214.000
994.965	8101.000
995.107	8239.000
995.249	8104.000
995.391	8165.000
995.533	8049.000
995.675	8213.000
995.817	8108.000
995.959	8192.000
996.101	8028.000
996.243	8220.000
996.385	8099.000
996.527	8150.000
996.669	8064.000
996.811	8179.000
996.953	8075.000
997.095	8167.000
997.237	8055.000
997.379	8211.000
997.521	8043.000
997.663	8174.000
997.805	8146.000
997.947	8166.000
998.089	8067.000
998.231	8138.000
998.373	8029.000
998.515	8249.000
998.657	8162.000
998.799	8164.000
998.941	8074.000
999.083	8111.000
999.225	8119.000
999.367	8170.000
999.509	8134.000
999.651	8260.000
999.793	8039.000
999.934	8176.000
1000.076	8100.000
1000.218	8263.000
1000.360	8066.000
1000.502	8196.000
1000.644	8140.000
1000.786	8266.000
1000.928	8100.000
1001.070	8074.000
1001.212	8015.000
1001.353	8256.000
1001.495	8009.000
1001.637	8154.000
1001.779	8027.000
1001.921	8126.000
1002.063	8067.000
1002.205	8147.000
1002.346	8034.000
1002.488	8237.000
1002.630	7945.000
1002.772	8206.000
1002.914	8056.000
1003.055	8147.000
1003.197	8034.000
1003.339	8163.000
1003.481	8045.000
1003.623	8135.000
1003.765	7982.000
1003.906	8170.000
1004.048	8045.000
1004.190	8135.000
1004.332	7964.000
1004.473	8167.000
1004.615	8162.000
1004.757	8184.000
1004.899	8051.000
1005.041	8176.000
1005.182	8014.000
1005.324	8175.000
1005.466	8021.000
1005.608	8169.000
1005.749	7975.000
1005.891	8267.000
1006.033	8071.000
1006.175	8232.000
1006.316	8035.000
1006.458	8210.000
1006.600	8087.000
1006.741	8194.000
1006.883	8027.000
1007.025	8197.000
1007.167	8008.000
1007.308	8225.000
1007.450	8112.000
1007.592	8202.000
1007.733	7974.000
1007.875	8166.000
1008.017	8045.000
1008.158	8156.000
1008.300	8089.000
1008.442	8186.000
1008.583	7981.000
1008.725	8202.000
1008.867	7963.000
1009.008	8192.000
1009.150	8071.000
1009.292	8238.000
1009.433	8051.000
1009.575	8148.000
1009.716	8007.000
1009.858	8113.000
1010.000	8053.000
1010.141	8219.000
1010.283	7984.000
1010.425	8203.000
1010.566	7902.000
1010.708	8173.000
1010.849	8056.000
1010.991	8195.000
1011.132	8034.000
1011.274	8139.000
1011.416	8092.000
1011.557	8067.000
1011.699	8047.000
1011.840	8201.000
1011.982	8042.000
1012.123	8191.000
1012.265	7953.000
1012.407	8215.000
1012.548	7976.000
1012.690	8107.000
1012.831	7982.000
1012.973	8139.000
1013.114	8038.000
1013.256	8197.000
1013.397	8111.000
1013.539	8368.000
1013.680	8334.000
1013.822	8459.000
1013.963	8353.000
1014.105	8556.000
1014.246	8402.000
1014.388	8737.000
1014.529	8675.000
1014.671	8856.000
1014.812	8393.000
1014.954	8334.000
1015.095	8163.000
1015.237	8213.000
1015.378	8002.000
1015.520	8154.000
1015.661	7936.000
1015.803	8130.000
1015.944	7867.000
1016.085	8093.000
1016.227	7959.000
1016.368	7999.000
1016.510	7865.000
1016.651	8053.000
1016.793	7976.000
1016.934	8023.000
1017.075	7931.000
1017.217	8041.000
1017.358	7964.000
1017.500	8076.000
1017.641	7908.000
1017.782	8078.000
1017.924	7900.000
1018.065	8029.000
1018.207	7875.000
1018.348	8108.000
1018.489	7901.000
1018.631	7967.000
1018.772	7918.000
1018.913	8027.000
1019.055	7850.000
1019.196	7937.000
1019.337	7853.000
1019.479	8093.000
1019.620	7917.000
1019.761	8012.000
1019.903	7850.000
1020.044	8044.000
1020.185	7892.000
1020.327	7954.000
1020.468	7831.000
1020.609	8015.000
1020.751	7816.000
1020.892	7997.000
1021.033	7877.000
1021.175	7993.000
1021.316	7900.000
1021.457	7939.000
1021.598	7805.000
1021.740	8020.000
1021.881	7882.000
1022.022	7996.000
1022.164	7878.000
1022.305	8032.000
1022.446	7783.000
1022.587	7962.000
1022.729	7947.000
1022.870	8061.000
1023.011	7886.000
1023.152	7970.000
1023.294	7886.000
1023.435	7978.000
1023.576	7832.000
1023.717	7989.000
1023.858	7867.000
1024.000	8011.000
1024.141	7834.000
1024.282	7945.000
1024.423	7825.000
1024.564	8076.000
1024.706	7888.000
1024.847	8054.000
1024.988	7808.000
1025.129	8058.000
1025.270	7868.000
1025.412	8051.000
1025.553	7861.000
1025.694	8068.000
1025.835	7877.000
1025.976	8003.000
1026.117	7893.000
1026.258	8014.000
1026.400	7859.000
1026.541	8076.000
1026.682	7887.000
1026.823	8023.000
1026.964	7917.000
1027.105	7956.000
1027.246	7950.000
1027.388	8092.000
1027.529	7915.000
1027.670	7974.000
1027.811	7864.000
1027.952	8011.000
1028.093	7930.000
1028.234	7981.000
1028.375	7914.000
1028.516	8022.000
1028.657	7943.000
1028.798	8097.000
1028.939	7894.000
1029.081	8002.000
1029.222	7955.000
1029.363	8019.000
1029.504	7913.000
1029.645	8109.000
1029.786	7995.000
1029.927	8072.000
1030.068	8012.000
1030.209	8074.000
1030.350	7968.000
1030.491	8019.000
1030.632	7970.000
1030.773	8093.000
1030.914	7955.000
1031.055	7996.000
1031.196	8017.000
1031.337	8097.000
1031.478	7950.000
1031.619	8030.000
1031.760	7941.000
1031.901	8149.000
1032.042	7937.000
1032.183	8063.000
1032.324	7944.000
1032.465	8162.000
1032.606	8496.000
1032.747	8069.000
1032.888	7937.000
1033.029	8059.000
1033.170	7919.000
1033.311	8130.000
1033.452	7914.000
1033.592	8104.000
1033.733	7926.000
1033.874	8000.000
1034.015	7996.000
1034.156	8058.000
1034.297	7963.000
1034.438	8076.000
1034.579	7955.000
1034.720	8131.000
1034.861	7945.000
1035.002	8028.000
1035.142	7929.000
1035.283	8037.000
1035.424	7876.000
1035.565	8026.000
1035.706	7921.000
1035.847	8037.000
1035.988	7968.000
1036.129	7986.000
1036.269	7905.000
1036.410	8144.000
1036.551	7945.000
1036.692	7988.000
1036.833	7919.000
1036.974	7967.000
1037.114	7915.000
1037.255	7989.000
1037.396	7933.000
1037.537	7930.000
1037.678	7934.000
1037.819	7926.000
1037.959	7931.000
1038.100	8014.000
1038.241	7891.000
1038.382	8003.000
1038.523	7887.000
1038.663	8105.000
1038.804	7901.000
1038.945	7976.000
1039.086	7959.000
1039.226	7983.000
1039.367	7936.000
1039.508	7978.000
1039.649	7937.000
1039.789	8015.000
1039.930	7941.000
1040.071	8022.000
1040.212	8013.000
1040.352	8023.000
1040.493	7931.000
1040.634	7968.000
1040.775	7895.000
1040.915	8031.000
1041.056	7920.000
1041.197	8059.000
1041.337	7924.000
1041.478	8090.000
1041.619	7904.000
1041.760	8015.000
1041.900	7937.000
1042.041	8035.000
1042.182	7834.000
1042.322	8080.000
1042.463	7954.000
1042.604	8099.000
1042.744	7980.000
1042.885	8115.000
1043.026	7951.000
1043.166	8112.000
1043.307	7931.000
1043.448	8067.000
1043.588	7956.000
1043.729	8119.000
1043.869	7924.000
1044.010	8119.000
1044.151	7983.000
1044.291	8121.000
1044.432	7954.000
1044.573	8064.000
1044.713	8004.000
1044.854	8133.000
1044.994	8029.000
1045.135	8110.000
1045.276	8065.000
1045.416	8209.000
1045.557	8058.000
1045.697	8109.000
1045.838	8053.000
1045.978	8191.000
1046.119	8039.000
1046.260	8162.000
1046.400	8052.000
1046.541	8227.000
1046.681	7972.000
1046.822	8216.000
1046.962	7976.000
1047.103	8278.000
1047.243	8147.000
1047.384	8204.000
1047.524	7997.000
1047.665	8136.000
1047.805	8035.000
1047.946	8143.000
1048.087	8093.000
1048.227	8199.000
1048.368	8073.000
1048.508	8176.000
1048.649	8045.000
1048.789	8202.000
1048.929	8092.000
1049.070	8169.000
1049.210	8046.000
1049.351	8264.000
1049.491	8039.000
1049.632	8187.000
1049.772	8053.000
1049.913	8169.000
1050.053	7959.000
1050.194	8220.000
1050.334	8117.000
1050.475	8104.000
1050.615	8048.000
1050.755	8210.000
1050.896	8054.000
1051.036	8201.000
1051.177	8079.000
1051.317	8158.000
1051.458	8019.000
1051.598	8115.000
1051.738	8014.000
1051.879	8130.000
1052.019	8079.000
1052.160	8162.000
1052.300	8059.000
1052.440	8135.000
1052.581	8050.000
1052.721	8238.000
1052.861	8116.000
1053.002	8156.000
1053.142	8129.000
1053.282	8179.000
1053.423	8062.000
1053.563	8178.000
1053.704	6918.000
1053.844	8123.000
1053.984	8025.000
1054.125	8100.000
1054.265	7998.000
1054.405	8176.000
1054.546	8002.000
1054.686	8141.000
1054.826	8067.000
1054.966	8151.000
1055.107	8071.000
1055.247	8126.000
1055.387	8006.000
1055.528	8189.000
1055.668	8091.000
1055.808	8150.000
1055.948	8000.000
1056.089	8193.000
1056.229	7957.000
1056.369	8066.000
1056.510	8037.000
1056.650	8068.000
1056.790	8030.000
1056.930	8092.000
1057.071	7955.000
1057.211	8161.000
1057.351	7941.000
1057.491	8191.000
1057.632	8016.000
1057.772	8088.000
1057.912	8055.000
1058.052	8049.000
1058.192	7966.000
1058.333	8039.000
1058.473	7894.000
1058.613	8003.000
1058.753	7908.000
1058.893	8107.000
1059.034	7942.000
1059.174	8113.000
1059.314	7928.000
1059.454	8027.000
1059.594	7886.000
1059.734	7993.000
1059.875	7788.000
1060.015	8011.000
1060.155	7838.000
1060.295	7977.000
1060.435	7859.000
1060.575	8025.000
1060.716	7997.000
1060.856	7992.000
1060.996	7895.000
1061.136	8116.000
1061.276	7839.000
1061.416	7980.000
1061.556	7953.000
1061.696	8072.000
1061.837	7901.000
1061.977	8144.000
1062.117	12456.000
1062.257	8126.000
1062.397	7926.000
1062.537	8060.000
1062.677	7986.000
1062.817	8046.000
1062.957	7871.000
1063.097	8044.000
1063.237	8050.000
1063.377	8184.000
1063.517	8124.000
1063.658	8248.000
1063.798	8199.000
1063.938	8356.000
1064.078	8381.000
1064.218	8471.000
1064.358	8336.000
1064.498	8477.000
1064.638	8398.000
1064.778	8646.000
1064.918	8631.000
1065.058	8815.000
1065.198	8623.000
1065.338	8471.000
1065.478	8207.000
1065.618	8209.000
1065.758	8013.000
1065.898	8098.000
1066.038	7983.000
1066.178	8195.000
1066.318	8017.000
1066.458	8124.000
1066.598	7996.000
1066.738	8235.000
1066.878	8013.000
1067.018	8182.000
1067.158	7970.000
1067.297	8169.000
1067.437	7918.000
1067.577	8157.000
1067.717	7975.000
1067.857	8182.000
1067.997	7909.000
1068.137	8189.000
1068.277	7986.000
1068.417	8143.000
1068.557	8010.000
1068.697	8172.000
1068.837	7959.000
1068.977	8187.000
1069.116	8096.000
1069.256	8103.000
1069.396	8017.000
1069.536	8195.000
1069.676	8055.000
1069.816	8152.000
1069.956	8026.000
1070.096	8128.000
1070.235	8064.000
1070.375	8122.000
1070.515	8085.000
1070.655	8186.000
1070.795	8072.000
1070.935	8234.000
1071.074	8011.000
1071.214	8210.000
1071.354	7979.000
1071.494	8169.000
1071.634	8134.000
1071.774	8322.000
1071.913	8063.000
1072.053	8149.000
1072.193	8088.000
1072.333	8270.000
1072.473	8100.000
1072.612	8269.000
1072.752	8089.000
1072.892	8283.000
1073.032	8096.000
1073.172	8182.000
1073.311	8119.000
1073.451	8234.000
1073.591	8078.000
1073.731	8110.000
1073.870	8105.000
1074.010	8326.000
1074.150	8161.000
1074.290	8204.000
1074.429	8152.000
1074.569	8157.000
1074.709	8226.000
1074.848	8298.000
