929.762	8931.000
929.906	8918.000
930.049	8896.000
930.193	8979.000
930.337	8862.000
930.481	9013.000
930.625	8866.000
930.769	8934.000
930.913	8865.000
931.057	8922.000
931.201	8824.000
931.345	8959.000
931.488	8872.000
931.632	8870.000
931.776	8794.000
931.920	9019.000
932.064	8803.000
932.208	8948.000
932.352	8853.000
932.495	8931.000
932.639	8832.000
932.783	8851.000
932.927	8964.000
933.071	8915.000
933.215	8886.000
933.359	8902.000
933.502	8890.000
933.646	8859.000
933.790	8846.000
933.934	8861.000
934.078	8889.000
934.221	8912.000
934.365	8886.000
934.509	8871.000
934.653	8774.000
934.797	8851.000
934.940	8906.000
935.084	8797.000
935.228	8853.000
935.372	8883.000
935.515	8852.000
935.659	8884.000
935.803	8800.000
935.947	8911.000
936.090	8789.000
936.234	8851.000
936.378	8826.000
936.522	8812.000
936.665	8804.000
936.809	8842.000
936.953	8816.000
937.097	8802.000
937.240	8860.000
937.384	8886.000
937.528	8768.000
937.671	8828.000
937.815	8765.000
937.959	8834.000
938.102	8758.000
938.246	8758.000
938.390	8746.000
938.534	8783.000
938.677	8727.000
938.821	8764.000
938.965	8712.000
939.108	8793.000
939.252	8732.000
939.396	8706.000
939.539	8693.000
939.683	8762.000
939.826	8738.000
939.970	8676.000
940.114	8710.000
940.257	8748.000
940.401	8632.000
940.545	8671.000
940.688	8628.000
940.832	8663.000
940.975	8651.000
941.119	8739.000
941.263	8596.000
941.406	8701.000
941.550	8695.000
941.693	8661.000
941.837	8552.000
941.981	8639.000
942.124	8579.000
942.268	8588.000
942.411	8631.000
942.555	8616.000
942.698	8562.000
942.842	8658.000
942.986	8628.000
943.129	8625.000
943.273	8623.000
943.416	8591.000
943.560	8532.000
943.703	8619.000
943.847	8581.000
943.990	8641.000
944.134	8534.000
944.277	8567.000
944.421	8487.000
944.564	8501.000
944.708	8540.000
944.851	8660.000
944.995	8532.000
945.138	8610.000
945.282	8509.000
945.425	8580.000
945.569	8546.000
945.712	8603.000
945.856	8414.000
945.999	8649.000
946.143	8483.000
946.286	8506.000
946.430	8540.000
946.573	8587.000
946.716	8563.000
946.860	8568.000
947.003	8508.000
947.147	8581.000
947.290	8536.000
947.434	8610.000
947.577	8465.000
947.720	8596.000
947.864	8415.000
948.007	8488.000
948.151	8592.000
948.294	8611.000
948.437	8519.000
948.581	8598.000
948.724	8527.000
948.868	8542.000
949.011	8506.000
949.154	8542.000
949.298	8564.000
949.441	8598.000
949.584	8502.000
949.728	8602.000
949.871	8559.000
950.015	8599.000
950.158	8511.000
950.301	8516.000
950.445	8548.000
950.588	8597.000
950.731	8582.000
950.875	8540.000
951.018	8464.000
951.161	8620.000
951.304	8540.000
951.448	8532.000
951.591	8454.000
951.734	8524.000
951.878	8447.000
952.021	8602.000
952.164	8534.000
952.308	8605.000
952.451	8524.000
952.594	8562.000
952.737	8513.000
952.881	8499.000
953.024	8452.000
953.167	8579.000
953.310	8425.000
953.454	8544.000
953.597	8534.000
953.740	8516.000
953.883	8468.000
954.027	8579.000
954.170	8388.000
954.313	8526.000
954.456	8473.000
954.600	8478.000
954.743	8523.000
954.886	8563.000
955.029	8410.000
955.172	8560.000
955.316	8331.000
955.459	8433.000
955.602	8397.000
955.745	8537.000
955.888	8443.000
956.032	8541.000
956.175	8354.000
956.318	8429.000
956.461	8386.000
956.604	8433.000
956.747	8411.000
956.890	8523.000
957.034	8375.000
957.177	8424.000
957.320	8345.000
957.463	8461.000
957.606	8355.000
957.749	8521.000
957.892	8319.000
958.036	8456.000
958.179	8260.000
958.322	8504.000
958.465	8466.000
958.608	8418.000
958.751	8410.000
958.894	8405.000
959.037	8355.000
959.180	8423.000
959.323	8372.000
959.467	8478.000
959.610	8284.000
959.753	8467.000
959.896	8312.000
960.039	8453.000
960.182	8284.000
960.325	8489.000
960.468	8372.000
960.611	8405.000
960.754	8307.000
960.897	8387.000
961.040	8262.000
961.183	8383.000
961.326	8366.000
961.469	8488.000
961.612	8327.000
961.755	8427.000
961.898	8197.000
962.041	8466.000
962.184	8268.000
962.327	8455.000
962.470	8293.000
962.613	8516.000
962.756	8354.000
962.899	8413.000
963.042	8359.000
963.185	8499.000
963.328	8309.000
963.471	8407.000
963.614	8352.000
963.757	8475.000
963.900	8288.000
964.043	8354.000
964.186	8302.000
964.329	8409.000
964.472	8303.000
964.615	8441.000
964.758	8280.000
964.900	8476.000
965.043	8328.000
965.186	8486.000
965.329	8442.000
965.472	8515.000
965.615	8392.000
965.758	8407.000
965.901	8310.000
966.044	8403.000
966.187	8281.000
966.329	8444.000
966.472	8487.000
966.615	8495.000
966.758	8313.000
966.901	8501.000
967.044	8445.000
967.187	8421.000
967.330	8304.000
967.472	8495.000
967.615	8340.000
967.758	8438.000
967.901	8331.000
968.044	8484.000
968.187	8330.000
968.329	8429.000
968.472	8369.000
968.615	8450.000
968.758	8345.000
968.901	8457.000
969.043	8411.000
969.186	8433.000
969.329	8369.000
969.472	8577.000
969.615	8409.000
969.757	8409.000
969.900	8397.000
970.043	8493.000
970.186	8307.000
970.328	8467.000
970.471	8449.000
970.614	8517.000
970.757	8392.000
970.899	8438.000
971.042	8370.000
971.185	8437.000
971.328	8365.000
971.470	8438.000
971.613	8373.000
971.756	8470.000
971.899	8381.000
972.041	8447.000
972.184	8252.000
972.327	8533.000
972.469	8361.000
972.612	8452.000
972.755	8341.000
972.898	8484.000
973.040	8323.000
973.183	8439.000
973.326	8419.000
973.468	8344.000
973.611	8304.000
973.754	8450.000
973.896	8357.000
974.039	8427.000
974.182	8306.000
974.324	8499.000
974.467	8392.000
974.610	8448.000
974.752	8305.000
974.895	8431.000
975.037	8351.000
975.180	8444.000
975.323	8255.000
975.465	8445.000
975.608	8300.000
975.751	8320.000
975.893	8351.000
976.036	8405.000
976.178	8296.000
976.321	8521.000
976.464	8274.000
976.606	8270.000
976.749	8305.000
976.891	8495.000
977.034	8340.000
977.176	8341.000
977.319	8195.000
977.462	8452.000
977.604	8280.000
977.747	8388.000
977.889	8274.000
978.032	8434.000
978.174	8304.000
978.317	8395.000
978.459	8379.000
978.602	8481.000
978.744	8303.000
978.887	8436.000
979.029	8232.000
979.172	8353.000
979.314	8317.000
979.457	8395.000
979.599	8188.000
979.742	8490.000
979.884	8174.000
980.027	8314.000
980.169	8261.000
980.312	8410.000
980.454	8286.000
980.597	8354.000
980.739	8305.000
980.882	8332.000
981.024	8214.000
981.167	8332.000
981.309	8368.000
981.452	8327.000
981.594	8280.000
981.736	8302.000
981.879	8279.000
982.021	8364.000
982.164	8242.000
982.306	8326.000
982.449	8279.000
982.591	8342.000
982.733	8253.000
982.876	8361.000
983.018	8211.000
983.161	8400.000
983.303	8187.000
983.445	8347.000
983.588	8227.000
983.730	8416.000
983.873	8246.000
984.015	8451.000
984.157	8149.000
984.300	8475.000
984.442	8254.000
984.584	8363.000
984.727	8246.000
984.869	8374.000
985.011	8262.000
985.154	8329.000
985.296	8221.000
985.438	8406.000
985.581	8211.000
985.723	8338.000
985.865	8270.000
986.008	8387.000
986.150	8321.000
986.292	8368.000
986.435	8322.000
986.577	8362.000
986.719	8204.000
986.861	8391.000
987.004	7922.000
987.146	8428.000
987.288	8308.000
987.431	8332.000
987.573	8339.000
987.715	8339.000
987.857	8179.000
988.000	8307.000
988.142	8291.000
988.284	8456.000
988.426	8210.000
988.569	8359.000
988.711	8226.000
988.853	8394.000
988.995	8255.000
989.138	8332.000
989.280	8197.000
989.422	8418.000
989.564	8302.000
989.706	8390.000
989.849	8234.000
989.991	8404.000
990.133	8244.000
990.275	8431.000
990.417	8281.000
990.560	8320.000
990.702	8172.000
990.844	8339.000
990.986	8261.000
991.128	8500.000
991.270	8250.000
991.413	8400.000
991.555	8259.000
991.697	8384.000
991.839	8251.000
991.981	8411.000
992.123	8272.000
992.265	8443.000
992.408	8300.000
992.550	8403.000
992.692	8279.000
992.834	8423.000
992.976	8280.000
993.118	8385.000
993.260	8255.000
993.402	8356.000
993.544	8240.000
993.687	8414.000
993.829	8195.000
993.971	8320.000
994.113	8236.000
994.255	8312.000
994.397	8230.000
994.539	8364.000
994.681	8272.000
994.823	8393.000
994.965	8282.000
995.107	8423.000
995.249	8304.000
995.391	8363.000
995.533	8223.000
995.675	8401.000
995.817	8344.000
995.959	8395.000
996.101	8216.000
996.243	8437.000
996.385	8289.000
996.527	8338.000
996.669	8227.000
996.811	8378.000
996.953	8262.000
997.095	8366.000
997.237	8226.000
997.379	8389.000
997.521	8210.000
997.663	8357.000
997.805	8334.000
997.947	8368.000
998.089	8247.000
998.231	8346.000
998.373	8218.000
998.515	8445.000
998.657	8347.000
998.799	8344.000
998.941	8283.000
999.083	8299.000
999.225	8285.000
999.367	8379.000
999.509	8371.000
999.651	8470.000
999.793	8227.000
999.934	8387.000
1000.076	8274.000
1000.218	8413.000
1000.360	8280.000
1000.502	8398.000
1000.644	8345.000
1000.786	8439.000
1000.928	8290.000
1001.070	8256.000
1001.212	8210.000
1001.353	8411.000
1001.495	8177.000
1001.637	8326.000
1001.779	8205.000
1001.921	8358.000
1002.063	8208.000
1002.205	8365.000
1002.346	8236.000
1002.488	8419.000
1002.630	8123.000
1002.772	8386.000
1002.914	8224.000
1003.055	8346.000
1003.197	8252.000
1003.339	8355.000
1003.481	8233.000
1003.623	8362.000
1003.765	8171.000
1003.906	8308.000
1004.048	8219.000
1004.190	8361.000
1004.332	8185.000
1004.473	8366.000
1004.615	8357.000
1004.757	8338.000
1004.899	8237.000
1005.041	8417.000
1005.182	8201.000
1005.324	8369.000
1005.466	8197.000
1005.608	8377.000
1005.749	8138.000
1005.891	8479.000
1006.033	8311.000
1006.175	8459.000
1006.316	8232.000
1006.458	8398.000
1006.600	8298.000
1006.741	8368.000
1006.883	8204.000
1007.025	8362.000
1007.167	8202.000
1007.308	8392.000
1007.450	8285.000
1007.592	8381.000
1007.733	8175.000
1007.875	8342.000
1008.017	8250.000
1008.158	8325.000
1008.300	8271.000
1008.442	8326.000
1008.583	8164.000
1008.725	8391.000
1008.867	8153.000
1009.008	8398.000
1009.150	8224.000
1009.292	8472.000
1009.433	8244.000
1009.575	8338.000
1009.716	8210.000
1009.858	8327.000
1010.000	8267.000
1010.141	8433.000
1010.283	8198.000
1010.425	8402.000
1010.566	8124.000
1010.708	8368.000
1010.849	8213.000
1010.991	8363.000
1011.132	8186.000
1011.274	8341.000
1011.416	8329.000
1011.557	8330.000
1011.699	8217.000
1011.840	8373.000
1011.982	8193.000
1012.123	8363.000
1012.265	8174.000
1012.407	8416.000
1012.548	8223.000
1012.690	8311.000
1012.831	8166.000
1012.973	8352.000
1013.114	8256.000
1013.256	8404.000
1013.397	8290.000
1013.539	8567.000
1013.680	8531.000
1013.822	8713.000
1013.963	8596.000
1014.105	8769.000
1014.246	8656.000
1014.388	8966.000
1014.529	8962.000
1014.671	9158.000
1014.812	8658.000
1014.954	8596.000
1015.095	8391.000
1015.237	8394.000
1015.378	8204.000
1015.520	8344.000
1015.661	8130.000
1015.803	8297.000
1015.944	8101.000
1016.085	8268.000
1016.227	8104.000
1016.368	8170.000
1016.510	8045.000
1016.651	8226.000
1016.793	8196.000
1016.934	8197.000
1017.075	8111.000
1017.217	8236.000
1017.358	8171.000
1017.500	8250.000
1017.641	8103.000
1017.782	8295.000
1017.924	8084.000
1018.065	8224.000
1018.207	8050.000
1018.348	8280.000
1018.489	8105.000
1018.631	8193.000
1018.772	8080.000
1018.913	8181.000
1019.055	8061.000
1019.196	8100.000
1019.337	8051.000
1019.479	8247.000
1019.620	8125.000
1019.761	8163.000
1019.903	8045.000
1020.044	8201.000
1020.185	8099.000
1020.327	8122.000
1020.468	8004.000
1020.609	8194.000
1020.751	7992.000
1020.892	8190.000
1021.033	8055.000
1021.175	8166.000
1021.316	8027.000
1021.457	8129.000
1021.598	7989.000
1021.740	8198.000
1021.881	8064.000
1022.022	8128.000
1022.164	8105.000
1022.305	8220.000
1022.446	7981.000
1022.587	8137.000
1022.729	8124.000
1022.870	8244.000
1023.011	8072.000
1023.152	8140.000
1023.294	8082.000
1023.435	8150.000
1023.576	8044.000
1023.717	8189.000
1023.858	8053.000
1024.000	8178.000
1024.141	8028.000
1024.282	8142.000
1024.423	8007.000
1024.564	8235.000
1024.706	8086.000
1024.847	8231.000
1024.988	7982.000
1025.129	8228.000
1025.270	8051.000
1025.412	8213.000
1025.553	8011.000
1025.694	8239.000
1025.835	8020.000
1025.976	8189.000
1026.117	8041.000
1026.258	8199.000
1026.400	8018.000
1026.541	8269.000
1026.682	8063.000
1026.823	8179.000
1026.964	8104.000
1027.105	8149.000
1027.246	8126.000
1027.388	8263.000
1027.529	8093.000
1027.670	8177.000
1027.811	8058.000
1027.952	8224.000
1028.093	8089.000
1028.234	8156.000
1028.375	8080.000
1028.516	8165.000
1028.657	8126.000
1028.798	8277.000
1028.939	8070.000
1029.081	8195.000
1029.222	8177.000
1029.363	8241.000
1029.504	8100.000
1029.645	8301.000
1029.786	8163.000
1029.927	8265.000
1030.068	8180.000
1030.209	8275.000
1030.350	8134.000
1030.491	8217.000
1030.632	8143.000
1030.773	8291.000
1030.914	8137.000
1031.055	8218.000
1031.196	8224.000
1031.337	8274.000
1031.478	8151.000
1031.619	8209.000
1031.760	8113.000
1031.901	8315.000
1032.042	8114.000
1032.183	8251.000
1032.324	8166.000
1032.465	8371.000
1032.606	8674.000
1032.747	8267.000
1032.888	8139.000
1033.029	8267.000
1033.170	8094.000
1033.311	8319.000
1033.452	8106.000
1033.592	8315.000
1033.733	8113.000
1033.874	8156.000
1034.015	8210.000
1034.156	8266.000
1034.297	8133.000
1034.438	8275.000
1034.579	8151.000
1034.720	8335.000
1034.861	8097.000
1035.002	8187.000
1035.142	8079.000
1035.283	8184.000
1035.424	8088.000
1035.565	8214.000
1035.706	8116.000
1035.847	8196.000
1035.988	8169.000
1036.129	8214.000
1036.269	8067.000
1036.410	8324.000
1036.551	8091.000
1036.692	8196.000
1036.833	8079.000
1036.974	8121.000
1037.114	8106.000
1037.255	8179.000
1037.396	8099.000
1037.537	8097.000
1037.678	8066.000
1037.819	8152.000
1037.959	8072.000
1038.100	8182.000
1038.241	8047.000
1038.382	8179.000
1038.523	8078.000
1038.663	8293.000
1038.804	8113.000
1038.945	8149.000
1039.086	8147.000
1039.226	8174.000
1039.367	8113.000
1039.508	8176.000
1039.649	8111.000
1039.789	8158.000
1039.930	8118.000
1040.071	8222.000
1040.212	8173.000
1040.352	8203.000
1040.493	8112.000
1040.634	8140.000
1040.775	8104.000
1040.915	8199.000
1041.056	8081.000
1041.197	8262.000
1041.337	8124.000
1041.478	8249.000
1041.619	8123.000
1041.760	8177.000
1041.900	8098.000
1042.041	8210.000
1042.182	8033.000
1042.322	8283.000
1042.463	8134.000
1042.604	8299.000
1042.744	8150.000
1042.885	8324.000
1043.026	8136.000
1043.166	8269.000
1043.307	8129.000
1043.448	8218.000
1043.588	8098.000
1043.729	8278.000
1043.869	8083.000
1044.010	8316.000
1044.151	8116.000
1044.291	8280.000
1044.432	8115.000
1044.573	8258.000
1044.713	8149.000
1044.854	8329.000
1044.994	8202.000
1045.135	8299.000
1045.276	8254.000
1045.416	8371.000
1045.557	8259.000
1045.697	8282.000
1045.838	8222.000
1045.978	8402.000
1046.119	8237.000
1046.260	8317.000
1046.400	8225.000
1046.541	8395.000
1046.681	8185.000
1046.822	8392.000
1046.962	8224.000
1047.103	8467.000
1047.243	8314.000
1047.384	8386.000
1047.524	8170.000
1047.665	8337.000
1047.805	8240.000
1047.946	8327.000
1048.087	8258.000
1048.227	8372.000
1048.368	8273.000
1048.508	8330.000
1048.649	8259.000
1048.789	8383.000
1048.929	8285.000
1049.070	8347.000
1049.210	8251.000
1049.351	8433.000
1049.491	8235.000
1049.632	8349.000
1049.772	8240.000
1049.913	8361.000
1050.053	8181.000
1050.194	8371.000
1050.334	8268.000
1050.475	8281.000
1050.615	8293.000
1050.755	8404.000
1050.896	8249.000
1051.036	8383.000
1051.177	8263.000
1051.317	8343.000
1051.458	8194.000
1051.598	8306.000
1051.738	8192.000
1051.879	8305.000
1052.019	8251.000
1052.160	8347.000
1052.300	8240.000
1052.440	8309.000
1052.581	8222.000
1052.721	8396.000
1052.861	8293.000
1053.002	8354.000
1053.142	8287.000
1053.282	8379.000
1053.423	8262.000
1053.563	8359.000
1053.704	7053.000
1053.844	8337.000
1053.984	8241.000
1054.125	8285.000
1054.265	8138.000
1054.405	8347.000
1054.546	8160.000
1054.686	8332.000
1054.826	8290.000
1054.966	8379.000
1055.107	8240.000
1055.247	8312.000
1055.387	8191.000
1055.528	8368.000
1055.668	8241.000
1055.808	8316.000
1055.948	8147.000
1056.089	8348.000
1056.229	8141.000
1056.369	8292.000
1056.510	8188.000
1056.650	8277.000
1056.790	8176.000
1056.930	8259.000
1057.071	8120.000
1057.211	8327.000
1057.351	8118.000
1057.491	8387.000
1057.632	8205.000
1057.772	8245.000
1057.912	8211.000
1058.052	8208.000
1058.192	8135.000
1058.333	8177.000
1058.473	8070.000
1058.613	8149.000
1058.753	8117.000
1058.893	8258.000
1059.034	8097.000
1059.174	8287.000
1059.314	8067.000
1059.454	8198.000
1059.594	8083.000
1059.734	8161.000
1059.875	8010.000
1060.015	8157.000
1060.155	8003.000
1060.295	8130.000
1060.435	8023.000
1060.575	8197.000
1060.716	8152.000
1060.856	8196.000
1060.996	8093.000
1061.136	8280.000
1061.276	7996.000
1061.416	8175.000
1061.556	8099.000
1061.696	8230.000
1061.837	8037.000
1061.977	8314.000
1062.117	12814.000
1062.257	8306.000
1062.397	8134.000
1062.537	8211.000
1062.677	8153.000
1062.817	8212.000
1062.957	8026.000
1063.097	8203.000
1063.237	8217.000
1063.377	8363.000
1063.517	8265.000
1063.658	8429.000
1063.798	8359.000
1063.938	8526.000
1064.078	8538.000
1064.218	8656.000
1064.358	8531.000
1064.498	8697.000
1064.638	8536.000
1064.778	8784.000
1064.918	8785.000
1065.058	8986.000
1065.198	8796.000
1065.338	8690.000
1065.478	8404.000
1065.618	8385.000
1065.758	8192.000
1065.898	8264.000
1066.038	8162.000
1066.178	8365.000
1066.318	8195.000
1066.458	8329.000
1066.598	8156.000
1066.738	8375.000
1066.878	8176.000
1067.018	8358.000
1067.158	8154.000
1067.297	8335.000
1067.437	8056.000
1067.577	8322.000
1067.717	8107.000
1067.857	8326.000
1067.997	8102.000
1068.137	8334.000
1068.277	8202.000
1068.417	8305.000
1068.557	8182.000
1068.697	8368.000
1068.837	8103.000
1068.977	8363.000
1069.116	8247.000
1069.256	8224.000
1069.396	8176.000
1069.536	8354.000
1069.676	8193.000
1069.816	8301.000
1069.956	8182.000
1070.096	8316.000
1070.235	8234.000
1070.375	8268.000
1070.515	8250.000
1070.655	8328.000
1070.795	8238.000
1070.935	8425.000
1071.074	8192.000
1071.214	8354.000
1071.354	8107.000
1071.494	8320.000
1071.634	8310.000
1071.774	8434.000
1071.913	8226.000
1072.053	8341.000
1072.193	8319.000
1072.333	8439.000
1072.473	8262.000
1072.612	8438.000
1072.752	8259.000
1072.892	8461.000
1073.032	8259.000
1073.172	8352.000
1073.311	8299.000
1073.451	8418.000
1073.591	8269.000
1073.731	8262.000
1073.870	8263.000
1074.010	8476.000
1074.150	8306.000
1074.290	8359.000
1074.429	8319.000
1074.569	8333.000
1074.709	8385.000
1074.848	8452.000
