1129.938	15656.000
1130.084	14296.000
1130.229	15173.000
1130.375	14012.000
1130.521	14782.000
1130.667	13668.000
1130.813	14344.000
1130.958	13293.000
1131.104	14077.000
1131.250	13112.000
1131.396	13705.000
1131.542	12990.000
1131.687	13668.000
1131.833	12731.000
1131.979	13493.000
1132.124	12805.000
1132.270	13440.000
1132.416	12790.000
1132.561	13547.000
1132.707	12918.000
1132.853	13693.000
1132.998	12988.000
1133.144	14103.000
1133.290	13453.000
1133.435	14823.000
1133.581	14329.000
1133.727	15759.000
1133.872	14961.000
1134.018	16065.000
1134.163	15006.000
1134.309	15750.000
1134.455	14507.000
1134.600	15019.000
1134.746	13854.000
1134.891	14474.000
1135.037	13535.000
1135.182	14156.000
1135.328	13098.000
1135.473	13657.000
1135.619	12773.000
1135.764	13184.000
1135.910	12368.000
1136.055	12781.000
1136.201	12051.000
1136.346	12330.000
1136.492	11679.000
1136.637	12054.000
1136.783	11335.000
1136.928	11649.000
1137.074	11011.000
1137.219	11249.000
1137.364	10677.000
1137.510	11056.000
1137.655	10497.000
1137.801	10701.000
1137.946	10240.000
1138.091	10388.000
1138.237	9945.000
1138.382	10099.000
1138.527	9716.000
1138.673	9933.000
1138.818	9514.000
1138.963	9656.000
1139.109	9253.000
1139.254	9409.000
1139.399	9128.000
1139.544	9194.000
1139.690	8853.000
1139.835	9030.000
1139.980	8775.000
1140.125	8857.000
1140.271	8587.000
1140.416	8711.000
1140.561	8495.000
1140.706	8508.000
1140.851	8309.000
1140.997	8392.000
1141.142	8179.000
1141.287	8307.000
1141.432	8197.000
1141.577	8171.000
1141.723	8032.000
1141.868	8100.000
1142.013	7978.000
1142.158	7992.000
1142.303	7859.000
1142.448	7898.000
1142.593	7771.000
1142.738	7845.000
1142.883	7637.000
1143.028	7656.000
1143.174	7571.000
1143.319	7585.000
1143.464	7476.000
1143.609	7521.000
1143.754	7372.000
1143.899	7325.000
1144.044	7279.000
1144.189	7290.000
1144.334	7206.000
1144.479	7124.000
1144.624	6995.000
1144.769	6993.000
1144.914	6929.000
1145.059	6925.000
1145.204	6938.000
1145.348	6810.000
1145.493	6794.000
1145.638	6731.000
1145.783	6705.000
1145.928	6698.000
1146.073	6678.000
1146.218	6474.000
1146.363	6631.000
1146.508	6562.000
1146.653	6557.000
1146.797	6527.000
1146.942	6561.000
1147.087	6513.000
1147.232	6521.000
1147.377	6439.000
1147.522	6447.000
1147.666	6406.000
1147.811	6491.000
1147.956	6351.000
1148.101	6473.000
1148.245	6294.000
1148.390	6343.000
1148.535	6412.000
1148.680	6411.000
1148.824	6294.000
1148.969	6356.000
1149.114	6283.000
1149.259	6315.000
1149.403	6274.000
1149.548	6330.000
1149.693	6289.000
1149.837	6341.000
1149.982	6207.000
1150.127	6309.000
1150.271	6213.000
1150.416	6293.000
1150.561	6163.000
1150.705	6167.000
1150.850	6158.000
1150.994	6251.000
1151.139	6141.000
1151.284	6155.000
1151.428	6069.000
1151.573	6198.000
1151.717	6067.000
1151.862	6094.000
1152.006	6000.000
1152.151	6077.000
1152.295	5980.000
1152.440	6122.000
1152.584	6027.000
1152.729	6109.000
1152.873	5947.000
1153.018	6101.000
1153.162	5983.000
1153.307	6049.000
1153.451	5941.000
1153.596	6054.000
1153.740	5876.000
1153.885	6023.000
1154.029	5963.000
1154.174	6009.000
1154.318	5909.000
1154.462	6059.000
1154.607	5822.000
1154.751	6027.000
1154.896	5879.000
1155.040	5963.000
1155.184	5919.000
1155.329	5992.000
1155.473	5840.000
1155.617	5990.000
1155.762	5788.000
1155.906	5915.000
1156.050	5843.000
1156.194	5995.000
1156.339	5883.000
1156.483	6011.000
1156.627	5769.000
1156.772	5881.000
1156.916	5821.000
1157.060	5951.000
1157.204	5864.000
1157.349	5973.000
1157.493	5781.000
1157.637	5905.000
1157.781	5779.000
1157.925	5928.000
1158.070	5819.000
1158.214	5985.000
1158.358	5782.000
1158.502	5937.000
1158.646	5725.000
1158.790	5994.000
1158.935	5889.000
1159.079	5928.000
1159.223	5851.000
1159.367	5914.000
1159.511	5772.000
1159.655	5947.000
1159.799	5816.000
1159.943	5988.000
1160.087	5738.000
1160.231	5941.000
1160.375	5787.000
1160.519	5925.000
1160.664	5784.000
1160.808	6000.000
1160.952	5817.000
1161.096	5920.000
1161.240	5753.000
1161.384	5924.000
1161.528	5744.000
1161.672	5908.000
1161.815	5811.000
1161.959	5947.000
1162.103	5794.000
1162.247	5936.000
1162.391	5687.000
1162.535	5948.000
1162.679	5735.000
1162.823	5901.000
1162.967	5756.000
1163.111	5964.000
1163.255	5761.000
1163.399	5914.000
1163.542	5742.000
1163.686	5956.000
1163.830	5755.000
1163.974	5882.000
1164.118	5761.000
1164.262	5934.000
1164.405	5718.000
1164.549	5856.000
1164.693	5722.000
1164.837	5903.000
1164.981	5740.000
1165.124	5886.000
1165.268	5715.000
1165.412	5911.000
1165.556	5760.000
1165.699	5907.000
1165.843	5820.000
1165.987	5947.000
1166.131	5780.000
1166.274	5869.000
1166.418	5726.000
1166.562	5888.000
1166.705	5689.000
1166.849	5941.000
1166.993	5864.000
1167.136	5929.000
1167.280	5755.000
1167.424	5959.000
1167.567	5885.000
1167.711	5899.000
1167.854	5750.000
1167.998	5942.000
1168.142	5788.000
1168.285	5909.000
1168.429	5772.000
1168.572	5981.000
1168.716	5783.000
1168.859	5950.000
1169.003	5824.000
1169.147	5985.000
1169.290	5842.000
1169.434	5965.000
1169.577	5829.000
1169.721	5984.000
1169.864	5829.000
1170.008	6042.000
1170.151	5866.000
1170.294	5928.000
1170.438	5833.000
1170.581	5989.000
1170.725	5754.000
1170.868	5931.000
1171.012	5874.000
1171.155	5949.000
1171.298	5777.000
1171.442	5875.000
1171.585	5753.000
1171.729	5904.000
1171.872	5774.000
1172.015	5929.000
1172.159	5816.000
1172.302	5987.000
1172.445	5787.000
1172.589	5912.000
1172.732	5644.000
1172.875	5966.000
1173.019	5753.000
1173.162	5893.000
1173.305	5742.000
1173.449	5966.000
1173.592	5729.000
1173.735	5894.000
1173.878	5857.000
1174.022	5853.000
1174.165	5726.000
1174.308	5927.000
1174.451	5758.000
1174.594	5907.000
1174.738	5709.000
1174.881	5991.000
1175.024	5861.000
1175.167	5951.000
1175.310	5760.000
1175.454	5961.000
1175.597	5831.000
1175.740	5959.000
1175.883	5743.000
1176.026	5975.000
1176.169	5778.000
1176.312	5867.000
1176.455	5817.000
1176.598	5941.000
1176.742	5825.000
1176.885	6081.000
1177.028	5786.000
1177.171	5893.000
1177.314	5800.000
1177.457	6030.000
1177.600	5878.000
1177.743	5952.000
1177.886	5794.000
1178.029	6044.000
1178.172	5854.000
1178.315	5990.000
1178.458	5849.000
1178.601	6022.000
1178.744	5885.000
1178.887	6023.000
1179.030	5917.000
1179.173	6059.000
1179.316	5885.000
1179.458	6061.000
1179.601	5857.000
1179.744	6016.000
1179.887	5947.000
1180.030	6084.000
1180.173	5872.000
1180.316	6127.000
1180.459	5856.000
1180.602	6027.000
1180.744	5907.000
1180.887	6113.000
1181.030	5963.000
1181.173	6101.000
1181.316	5969.000
1181.458	6058.000
1181.601	5920.000
1181.744	6105.000
1181.887	6043.000
1182.030	6053.000
1182.172	5987.000
1182.315	6099.000
1182.458	6028.000
1182.601	6133.000
1182.743	5980.000
1182.886	6080.000
1183.029	6023.000
1183.171	6122.000
1183.314	6008.000
1183.457	6179.000
1183.599	5950.000
1183.742	6208.000
1183.885	5969.000
1184.027	6194.000
1184.170	6007.000
1184.313	6212.000
1184.455	6014.000
1184.598	6291.000
1184.741	5994.000
1184.883	6325.000
1185.026	6037.000
1185.168	6215.000
1185.311	6062.000
1185.453	6247.000
1185.596	6093.000
1185.739	6199.000
1185.881	6093.000
1186.024	6284.000
1186.166	6071.000
1186.309	6271.000
1186.451	6077.000
1186.594	6294.000
1186.736	6156.000
1186.879	6340.000
1187.021	6174.000
1187.164	6265.000
1187.306	6097.000
1187.448	6337.000
1187.591	6029.000
1187.733	6335.000
1187.876	6185.000
1188.018	6306.000
1188.160	6234.000
1188.303	6247.000
1188.445	6066.000
1188.588	6271.000
1188.730	6178.000
1188.872	6395.000
1189.015	6162.000
1189.157	6314.000
1189.299	6110.000
1189.442	6351.000
1189.584	6187.000
1189.726	6340.000
1189.869	6129.000
1190.011	6384.000
1190.153	6258.000
1190.295	6329.000
1190.438	6155.000
1190.580	6370.000
1190.722	6181.000
1190.864	6389.000
1191.007	6219.000
1191.149	6284.000
1191.291	6099.000
1191.433	6363.000
1191.576	6217.000
1191.718	6481.000
1191.860	6174.000
1192.002	6411.000
1192.144	6202.000
1192.286	6344.000
1192.429	6220.000
1192.571	6386.000
1192.713	6201.000
1192.855	6400.000
1192.997	6214.000
1193.139	6355.000
1193.281	6226.000
1193.423	6427.000
1193.565	6248.000
1193.707	6405.000
1193.850	6219.000
1193.992	6347.000
1194.134	6143.000
1194.276	6433.000
1194.418	6154.000
1194.560	6328.000
1194.702	6187.000
1194.844	6312.000
1194.986	6175.000
1195.128	6282.000
1195.270	6204.000
1195.412	6321.000
1195.554	6153.000
1195.696	6368.000
1195.837	6231.000
1195.979	6294.000
1196.121	6143.000
1196.263	6329.000
1196.405	6212.000
1196.547	6315.000
1196.689	6108.000
1196.831	6340.000
1196.973	6091.000
1197.115	6231.000
1197.256	6074.000
1197.398	6234.000
1197.540	6117.000
1197.682	6212.000
1197.824	6049.000
1197.966	6228.000
1198.107	6005.000
1198.249	6179.000
1198.391	6080.000
1198.533	6136.000
1198.675	5947.000
1198.816	6151.000
1198.958	5905.000
1199.100	6184.000
1199.242	6020.000
1199.383	6062.000
1199.525	5931.000
1199.667	6014.000
1199.808	5939.000
1199.950	6115.000
1200.092	5951.000
1200.233	6105.000
1200.375	5855.000
1200.517	6028.000
1200.658	5849.000
1200.800	6020.000
1200.942	5832.000
1201.083	6004.000
1201.225	5837.000
1201.367	5994.000
1201.508	5787.000
1201.650	5801.000
1201.791	5689.000
1201.933	5899.000
1202.074	5618.000
1202.216	5842.000
1202.358	5630.000
1202.499	5775.000
1202.641	5597.000
1202.782	5753.000
1202.924	5590.000
1203.065	5796.000
1203.207	5434.000
1203.348	5762.000
1203.490	5530.000
1203.631	5688.000
1203.773	5551.000
1203.914	5706.000
1204.056	5473.000
1204.197	5638.000
1204.338	5431.000
1204.480	5621.000
1204.621	5465.000
1204.763	5583.000
1204.904	5369.000
1205.045	5579.000
1205.187	5555.000
1205.328	5604.000
1205.470	5441.000
1205.611	5619.000
1205.752	5376.000
1205.894	5554.000
1206.035	5392.000
1206.176	5574.000
1206.318	5367.000
1206.459	5691.000
1206.600	5386.000
1206.741	5642.000
1206.883	5398.000
1207.024	5580.000
1207.165	5402.000
1207.306	5589.000
1207.448	5302.000
1207.589	5508.000
1207.730	5323.000
1207.871	5540.000
1208.013	5348.000
1208.154	5471.000
1208.295	5197.000
1208.436	5486.000
1208.577	5274.000
1208.719	5424.000
1208.860	5267.000
1209.001	5440.000
1209.142	5191.000
1209.283	5415.000
1209.424	5190.000
1209.565	5431.000
1209.706	5245.000
1209.848	5512.000
1209.989	5215.000
1210.130	5379.000
1210.271	5152.000
1210.412	5309.000
1210.553	5203.000
1210.694	5420.000
1210.835	5158.000
1210.976	5369.000
1211.117	5060.000
1211.258	5338.000
1211.399	5138.000
1211.540	5310.000
1211.681	5122.000
1211.822	5284.000
1211.963	5198.000
1212.104	5248.000
1212.245	5121.000
1212.386	5335.000
1212.527	5035.000
1212.668	5288.000
1212.809	5058.000
1212.950	5317.000
1213.090	5089.000
1213.231	5208.000
1213.372	5033.000
1213.513	5258.000
1213.654	5062.000
1213.795	5158.000
1213.936	4971.000
1214.077	5223.000
1214.217	5099.000
1214.358	5247.000
1214.499	5085.000
1214.640	5302.000
1214.781	5024.000
1214.921	5227.000
1215.062	5012.000
1215.203	5183.000
1215.344	4938.000
1215.485	5183.000
1215.625	5089.000
1215.766	5216.000
1215.907	4986.000
1216.047	5215.000
1216.188	4989.000
1216.329	5215.000
1216.470	4978.000
1216.610	5188.000
1216.751	4987.000
1216.892	5123.000
1217.032	4953.000
1217.173	5138.000
1217.314	5035.000
1217.454	5143.000
1217.595	4961.000
1217.735	5131.000
1217.876	5025.000
1218.017	5163.000
1218.157	4949.000
1218.298	5205.000
1218.438	4964.000
1218.579	5143.000
1218.720	4971.000
1218.860	5212.000
1219.001	4959.000
1219.141	5149.000
1219.282	4955.000
1219.422	5113.000
1219.563	4923.000
1219.703	5071.000
1219.844	4915.000
1219.984	5164.000
1220.125	4994.000
1220.265	5103.000
1220.406	4958.000
1220.546	5131.000
1220.687	4966.000
1220.827	5096.000
1220.967	4940.000
1221.108	5157.000
1221.248	4902.000
1221.389	5100.000
1221.529	4984.000
1221.669	5133.000
1221.810	4939.000
1221.950	5109.000
1222.091	4910.000
1222.231	5153.000
1222.371	4941.000
1222.512	5113.000
1222.652	4968.000
1222.792	5129.000
1222.933	4864.000
1223.073	5070.000
1223.213	4994.000
1223.353	5183.000
1223.494	4977.000
1223.634	5097.000
1223.774	4974.000
1223.914	5068.000
1224.055	4918.000
1224.195	5131.000
1224.335	4961.000
1224.475	5129.000
1224.616	4904.000
1224.756	5087.000
1224.896	4915.000
1225.036	5167.000
1225.176	4977.000
1225.316	5157.000
1225.457	4886.000
1225.597	5164.000
1225.737	4945.000
1225.877	5154.000
1226.017	4931.000
1226.157	5178.000
1226.297	4912.000
1226.437	5121.000
1226.578	4927.000
1226.718	5110.000
1226.858	4919.000
1226.998	5194.000
1227.138	4928.000
1227.278	5125.000
1227.418	4947.000
1227.558	5110.000
1227.698	4976.000
1227.838	5180.000
1227.978	4963.000
1228.118	5100.000
1228.258	4931.000
1228.398	5147.000
1228.538	4982.000
1228.678	5115.000
1228.818	4979.000
1228.958	5117.000
1229.098	4993.000
1229.238	5182.000
1229.377	4936.000
1229.517	5092.000
1229.657	4998.000
1229.797	5146.000
1229.937	4982.000
1230.077	5220.000
1230.217	5015.000
1230.357	5138.000
1230.496	5009.000
1230.636	5166.000
1230.776	5005.000
1230.916	5128.000
1231.056	4961.000
1231.196	5155.000
1231.335	4995.000
1231.475	5085.000
1231.615	5019.000
1231.755	5171.000
1231.894	4972.000
1232.034	5115.000
1232.174	4930.000
1232.314	5216.000
1232.453	4985.000
1232.593	5146.000
1232.733	4990.000
1232.873	5218.000
1233.012	5161.000
1233.152	5167.000
1233.292	4996.000
1233.431	5149.000
1233.571	4943.000
1233.711	5205.000
1233.850	4959.000
1233.990	5199.000
1234.129	4964.000
1234.269	5063.000
1234.409	5037.000
1234.548	5162.000
1234.688	4966.000
1234.828	5128.000
1234.967	4986.000
1235.107	5222.000
1235.246	4963.000
1235.386	5104.000
1235.525	4968.000
1235.665	5087.000
1235.804	4971.000
1235.944	5159.000
1236.083	4959.000
1236.223	5118.000
1236.362	5047.000
1236.502	5108.000
1236.641	4954.000
1236.781	5186.000
1236.920	4976.000
1237.060	5144.000
1237.199	4965.000
1237.339	5096.000
1237.478	4966.000
1237.617	5078.000
1237.757	4980.000
1237.896	5056.000
1238.036	4983.000
1238.175	5077.000
1238.314	4964.000
1238.454	5119.000
1238.593	4981.000
1238.732	5147.000
1238.872	4950.000
1239.011	5191.000
1239.150	4965.000
1239.290	5108.000
1239.429	4976.000
1239.568	5125.000
1239.708	4989.000
1239.847	5131.000
1239.986	4974.000
1240.125	5096.000
1240.265	4994.000
1240.404	5175.000
1240.543	5026.000
1240.682	5120.000
1240.822	4979.000
1240.961	5076.000
1241.100	4951.000
1241.239	5105.000
1241.378	4977.000
1241.518	5173.000
1241.657	4975.000
1241.796	5158.000
1241.935	4969.000
1242.074	5097.000
1242.213	4988.000
1242.352	5111.000
1242.492	4930.000
1242.631	5170.000
1242.770	4975.000
1242.909	5219.000
1243.048	5028.000
1243.187	5206.000
1243.326	4956.000
1243.465	5191.000
1243.604	4969.000
1243.743	5141.000
1243.882	4966.000
1244.021	5195.000
1244.160	4968.000
1244.299	5184.000
1244.438	5004.000
1244.577	5199.000
1244.716	4927.000
1244.855	5174.000
1244.994	4989.000
1245.133	5193.000
1245.272	5015.000
1245.411	5193.000
1245.550	5069.000
1245.689	5229.000
1245.828	5064.000
1245.967	5173.000
1246.106	5016.000
1246.244	5235.000
1246.383	4977.000
1246.522	5216.000
1246.661	4977.000
1246.800	5207.000
1246.939	4992.000
1247.078	5218.000
1247.216	4996.000
1247.355	5269.000
1247.494	5085.000
1247.633	5223.000
1247.772	4969.000
1247.910	5172.000
1248.049	5035.000
1248.188	5154.000
1248.327	5039.000
1248.465	5225.000
1248.604	5052.000
1248.743	5181.000
1248.882	5038.000
1249.020	5224.000
1249.159	5071.000
1249.298	5183.000
1249.436	4994.000
1249.575	5231.000
1249.714	4994.000
1249.852	5179.000
1249.991	4994.000
1250.130	5170.000
1250.268	4950.000
1250.407	5217.000
1250.546	5069.000
1250.684	5175.000
1250.823	5073.000
1250.961	5275.000
1251.100	4963.000
1251.239	5230.000
1251.377	5050.000
1251.516	5178.000
1251.654	4975.000
1251.793	5133.000
1251.931	4994.000
1252.070	5142.000
1252.208	5046.000
1252.347	5197.000
1252.485	5015.000
1252.624	5162.000
1252.762	5004.000
1252.901	5262.000
1253.039	5083.000
1253.178	5164.000
1253.316	5064.000
1253.455	5219.000
1253.593	5037.000
1253.732	5192.000
1253.870	4624.000
1254.008	5165.000
1254.147	5031.000
1254.285	5121.000
1254.424	4942.000
1254.562	5166.000
1254.700	5004.000
1254.839	5193.000
1254.977	5085.000
1255.115	5197.000
1255.254	5035.000
1255.392	5161.000
1255.530	5025.000
1255.669	5197.000
1255.807	5052.000
1255.945	5165.000
1256.084	4915.000
1256.222	5207.000
1256.360	4986.000
1256.498	5133.000
1256.637	4983.000
1256.775	5148.000
1256.913	5021.000
1257.051	5199.000
1257.189	4966.000
1257.328	5225.000
1257.466	4927.000
1257.604	5258.000
1257.742	5003.000
1257.880	5092.000
1258.019	5053.000
1258.157	5129.000
1258.295	4982.000
1258.433	5089.000
1258.571	4932.000
1258.709	5083.000
1258.847	4938.000
1258.986	5196.000
1259.124	4987.000
1259.262	5165.000
1259.400	4974.000
1259.538	5101.000
1259.676	4948.000
1259.814	5101.000
1259.952	4854.000
1260.090	5115.000
1260.228	4871.000
1260.366	5076.000
1260.504	4900.000
1260.642	5100.000
1260.780	5032.000
1260.918	5131.000
1261.056	4920.000
1261.194	5219.000
1261.332	4904.000
1261.470	5121.000
1261.608	4982.000
1261.746	5185.000
1261.884	4953.000
1262.022	5245.000
1262.160	6375.000
1262.297	5210.000
1262.435	4994.000
1262.573	5164.000
1262.711	5002.000
1262.849	5170.000
1262.987	4938.000
1263.125	5113.000
1263.262	5072.000
1263.400	5221.000
1263.538	5040.000
1263.676	5159.000
1263.814	4982.000
1263.952	5176.000
1264.089	5058.000
1264.227	5249.000
1264.365	5025.000
1264.503	5179.000
1264.640	4991.000
1264.778	5205.000
1264.916	5060.000
1265.054	5268.000
1265.191	5039.000
1265.329	5229.000
1265.467	5049.000
1265.604	5211.000
1265.742	4991.000
1265.880	5151.000
1266.017	4971.000
1266.155	5262.000
1266.293	5023.000
1266.430	5206.000
1266.568	5001.000
1266.706	5274.000
1266.843	5047.000
1266.981	5257.000
1267.119	5010.000
1267.256	5223.000
1267.394	4925.000
1267.531	5203.000
1267.669	4977.000
1267.806	5225.000
1267.944	4986.000
1268.081	5252.000
1268.219	5019.000
1268.357	5211.000
1268.494	5022.000
1268.632	5297.000
1268.769	4966.000
1268.907	5257.000
1269.044	5081.000
1269.182	5162.000
1269.319	5024.000
1269.456	5260.000
1269.594	5009.000
1269.731	5210.000
1269.869	5042.000
1270.006	5209.000
1270.144	5064.000
1270.281	5216.000
1270.418	5079.000
1270.556	5224.000
1270.693	5058.000
1270.831	5282.000
1270.968	4983.000
1271.105	5250.000
1271.243	4982.000
1271.380	5225.000
1271.517	5127.000
1271.655	5322.000
1271.792	5054.000
1271.929	5247.000
1272.066	5107.000
1272.204	5317.000
1272.341	5111.000
1272.478	5317.000
1272.616	5094.000
1272.753	5350.000
1272.890	5077.000
1273.027	5235.000
1273.165	5089.000
1273.302	5318.000
1273.439	5085.000
1273.576	5190.000
1273.713	5119.000
1273.851	5330.000
1273.988	5165.000
1274.125	5268.000
1274.262	5059.000
1274.399	5190.000
1274.536	5149.000
1274.673	5362.000
