1129.938	7129.000
1130.084	6804.000
1130.229	7113.000
1130.375	6904.000
1130.521	7102.000
1130.667	6946.000
1130.813	7081.000
1130.958	6892.000
1131.104	7103.000
1131.250	6850.000
1131.396	7061.000
1131.542	6914.000
1131.687	7090.000
1131.833	6837.000
1131.979	7059.000
1132.124	6925.000
1132.270	6947.000
1132.416	6795.000
1132.561	6910.000
1132.707	6827.000
1132.853	6963.000
1132.998	6813.000
1133.144	7226.000
1133.290	6974.000
1133.435	7201.000
1133.581	6950.000
1133.727	7106.000
1133.872	6880.000
1134.018	7085.000
1134.163	6898.000
1134.309	7176.000
1134.455	7035.000
1134.600	7275.000
1134.746	6987.000
1134.891	7176.000
1135.037	6997.000
1135.182	7255.000
1135.328	6968.000
1135.473	7228.000
1135.619	7049.000
1135.764	7198.000
1135.910	7042.000
1136.055	7197.000
1136.201	7062.000
1136.346	7147.000
1136.492	7000.000
1136.637	7242.000
1136.783	6997.000
1136.928	7244.000
1137.074	7047.000
1137.219	7199.000
1137.364	7031.000
1137.510	7265.000
1137.655	7078.000
1137.801	7217.000
1137.946	7061.000
1138.091	7217.000
1138.237	7068.000
1138.382	7181.000
1138.527	7026.000
1138.673	7267.000
1138.818	6992.000
1138.963	7186.000
1139.109	6986.000
1139.254	7163.000
1139.399	7100.000
1139.544	7242.000
1139.690	7014.000
1139.835	7217.000
1139.980	7058.000
1140.125	7253.000
1140.271	7048.000
1140.416	7272.000
1140.561	7088.000
1140.706	7200.000
1140.851	7088.000
1140.997	7254.000
1141.142	7064.000
1141.287	7293.000
1141.432	7138.000
1141.577	7265.000
1141.723	7079.000
1141.868	7257.000
1142.013	7073.000
1142.158	7191.000
1142.303	7005.000
1142.448	7133.000
1142.593	7017.000
1142.738	7229.000
1142.883	7035.000
1143.028	7197.000
1143.174	7121.000
1143.319	7255.000
1143.464	7058.000
1143.609	7244.000
1143.754	7060.000
1143.899	7165.000
1144.044	7067.000
1144.189	7222.000
1144.334	7104.000
1144.479	7238.000
1144.624	7006.000
1144.769	7144.000
1144.914	6979.000
1145.059	7176.000
1145.204	7067.000
1145.348	7180.000
1145.493	7034.000
1145.638	7172.000
1145.783	7010.000
1145.928	7204.000
1146.073	7094.000
1146.218	7105.000
1146.363	7134.000
1146.508	7211.000
1146.653	7081.000
1146.797	7247.000
1146.942	7104.000
1147.087	7236.000
1147.232	7093.000
1147.377	7193.000
1147.522	7033.000
1147.666	7192.000
1147.811	7113.000
1147.956	7094.000
1148.101	7068.000
1148.245	7099.000
1148.390	6989.000
1148.535	7227.000
1148.680	7070.000
1148.824	7187.000
1148.969	7090.000
1149.114	7167.000
1149.259	6997.000
1149.403	7130.000
1149.548	7008.000
1149.693	7171.000
1149.837	7084.000
1149.982	7139.000
1150.127	7062.000
1150.271	7157.000
1150.416	7055.000
1150.561	7080.000
1150.705	6977.000
1150.850	7076.000
1150.994	7027.000
1151.139	7096.000
1151.284	6959.000
1151.428	7077.000
1151.573	7059.000
1151.717	7130.000
1151.862	7003.000
1152.006	7071.000
1152.151	6996.000
1152.295	6995.000
1152.440	7018.000
1152.584	7059.000
1152.729	7007.000
1152.873	7032.000
1153.018	7025.000
1153.162	7057.000
1153.307	6942.000
1153.451	7024.000
1153.596	6995.000
1153.740	6946.000
1153.885	6953.000
1154.029	6999.000
1154.174	6922.000
1154.318	6974.000
1154.462	6954.000
1154.607	6915.000
1154.751	6904.000
1154.896	6929.000
1155.040	6838.000
1155.184	6965.000
1155.329	6932.000
1155.473	6833.000
1155.617	6891.000
1155.762	6818.000
1155.906	6789.000
1156.050	6873.000
1156.194	6852.000
1156.339	6852.000
1156.483	6844.000
1156.627	6769.000
1156.772	6723.000
1156.916	6820.000
1157.060	6786.000
1157.204	6833.000
1157.349	6817.000
1157.493	6759.000
1157.637	6724.000
1157.781	6744.000
1157.925	6789.000
1158.070	6757.000
1158.214	6822.000
1158.358	6698.000
1158.502	6687.000
1158.646	6611.000
1158.790	6762.000
1158.935	6799.000
1159.079	6644.000
1159.223	6707.000
1159.367	6643.000
1159.511	6621.000
1159.655	6670.000
1159.799	6631.000
1159.943	6695.000
1160.087	6586.000
1160.231	6644.000
1160.375	6569.000
1160.519	6587.000
1160.664	6517.000
1160.808	6650.000
1160.952	6553.000
1161.096	6574.000
1161.240	6465.000
1161.384	6499.000
1161.528	6444.000
1161.672	6526.000
1161.815	6499.000
1161.959	6504.000
1162.103	6463.000
1162.247	6495.000
1162.391	6322.000
1162.535	6474.000
1162.679	6384.000
1162.823	6435.000
1162.967	6355.000
1163.111	6487.000
1163.255	6381.000
1163.399	6407.000
1163.542	6321.000
1163.686	6411.000
1163.830	6305.000
1163.974	6341.000
1164.118	6266.000
1164.262	6360.000
1164.405	6199.000
1164.549	6263.000
1164.693	6214.000
1164.837	6256.000
1164.981	6195.000
1165.124	6237.000
1165.268	6127.000
1165.412	6260.000
1165.556	6162.000
1165.699	6210.000
1165.843	6186.000
1165.987	6211.000
1166.131	6114.000
1166.274	6139.000
1166.418	6054.000
1166.562	6113.000
1166.705	5985.000
1166.849	6117.000
1166.993	6110.000
1167.136	6117.000
1167.280	5957.000
1167.424	6089.000
1167.567	6037.000
1167.711	6006.000
1167.854	5873.000
1167.998	6024.000
1168.142	5898.000
1168.285	5962.000
1168.429	5838.000
1168.572	5987.000
1168.716	5788.000
1168.859	5879.000
1169.003	5765.000
1169.147	5878.000
1169.290	5774.000
1169.434	5839.000
1169.577	5729.000
1169.721	5817.000
1169.864	5677.000
1170.008	5848.000
1170.151	5681.000
1170.294	5691.000
1170.438	5639.000
1170.581	5749.000
1170.725	5547.000
1170.868	5704.000
1171.012	5610.000
1171.155	5689.000
1171.298	5480.000
1171.442	5567.000
1171.585	5464.000
1171.729	5567.000
1171.872	5429.000
1172.015	5528.000
1172.159	5418.000
1172.302	5524.000
1172.445	5379.000
1172.589	5488.000
1172.732	5187.000
1172.875	5481.000
1173.019	5250.000
1173.162	5379.000
1173.305	5228.000
1173.449	5405.000
1173.592	5197.000
1173.735	5300.000
1173.878	5258.000
1174.022	5176.000
1174.165	5051.000
1174.308	5277.000
1174.451	5103.000
1174.594	5178.000
1174.738	4973.000
1174.881	5217.000
1175.024	5059.000
1175.167	5141.000
1175.310	4943.000
1175.454	5106.000
1175.597	4976.000
1175.740	5079.000
1175.883	4829.000
1176.026	5060.000
1176.169	4820.000
1176.312	4910.000
1176.455	4853.000
1176.598	4932.000
1176.742	4786.000
1176.885	4988.000
1177.028	4707.000
1177.171	4775.000
1177.314	4687.000
1177.457	4879.000
1177.600	4718.000
1177.743	4772.000
1177.886	4547.000
1178.029	4799.000
1178.172	4589.000
1178.315	4745.000
1178.458	4522.000
1178.601	4725.000
1178.744	4535.000
1178.887	4688.000
1179.030	4561.000
1179.173	4698.000
1179.316	4467.000
1179.458	4691.000
1179.601	4398.000
1179.744	4555.000
1179.887	4444.000
1180.030	4552.000
1180.173	4299.000
1180.316	4592.000
1180.459	4292.000
1180.602	4458.000
1180.744	4298.000
1180.887	4527.000
1181.030	4319.000
1181.173	4466.000
1181.316	4288.000
1181.458	4370.000
1181.601	4206.000
1181.744	4440.000
1181.887	4316.000
1182.030	4318.000
1182.172	4216.000
1182.315	4364.000
1182.458	4236.000
1182.601	4384.000
1182.743	4159.000
1182.886	4299.000
1183.029	4164.000
1183.171	4320.000
1183.314	4155.000
1183.457	4312.000
1183.599	4078.000
1183.742	4336.000
1183.885	4028.000
1184.027	4302.000
1184.170	4066.000
1184.313	4318.000
1184.455	4091.000
1184.598	4371.000
1184.741	4013.000
1184.883	4354.000
1185.026	4071.000
1185.168	4231.000
1185.311	4049.000
1185.453	4236.000
1185.596	4044.000
1185.739	4173.000
1185.881	4035.000
1186.024	4229.000
1186.166	3975.000
1186.309	4209.000
1186.451	3995.000
1186.594	4200.000
1186.736	4075.000
1186.879	4214.000
1187.021	4055.000
1187.164	4149.000
1187.306	3940.000
1187.448	4210.000
1187.591	3865.000
1187.733	4184.000
1187.876	3979.000
1188.018	4116.000
1188.160	4007.000
1188.303	4085.000
1188.445	3850.000
1188.588	4065.000
1188.730	3934.000
1188.872	4178.000
1189.015	3915.000
1189.157	4095.000
1189.299	3849.000
1189.442	4122.000
1189.584	3917.000
1189.726	4058.000
1189.869	3824.000
1190.011	4098.000
1190.153	3936.000
1190.295	4075.000
1190.438	3854.000
1190.580	4091.000
1190.722	3854.000
1190.864	4068.000
1191.007	3873.000
1191.149	3966.000
1191.291	3775.000
1191.433	4048.000
1191.576	3868.000
1191.718	4126.000
1191.860	3819.000
1192.002	4061.000
1192.144	3836.000
1192.286	4027.000
1192.429	3868.000
1192.571	4065.000
1192.713	3847.000
1192.855	4028.000
1192.997	3825.000
1193.139	4023.000
1193.281	3834.000
1193.423	4067.000
1193.565	3819.000
1193.707	4051.000
1193.850	3803.000
1193.992	3943.000
1194.134	3766.000
1194.276	4020.000
1194.418	3730.000
1194.560	3975.000
1194.702	3765.000
1194.844	3950.000
1194.986	3758.000
1195.128	3925.000
1195.270	3787.000
1195.412	3977.000
1195.554	3776.000
1195.696	4004.000
1195.837	3824.000
1195.979	3964.000
1196.121	3749.000
1196.263	3989.000
1196.405	3805.000
1196.547	3947.000
1196.689	3746.000
1196.831	4017.000
1196.973	3754.000
1197.115	3925.000
1197.256	3727.000
1197.398	3948.000
1197.540	3771.000
1197.682	3956.000
1197.824	3736.000
1197.966	3932.000
1198.107	3711.000
1198.249	3902.000
1198.391	3811.000
1198.533	3906.000
1198.675	3710.000
1198.816	3910.000
1198.958	3638.000
1199.100	3988.000
1199.242	3788.000
1199.383	3855.000
1199.525	3724.000
1199.667	3867.000
1199.808	3735.000
1199.950	3926.000
1200.092	3739.000
1200.233	3961.000
1200.375	3695.000
1200.517	3911.000
1200.658	3719.000
1200.800	3922.000
1200.942	3703.000
1201.083	3948.000
1201.225	3731.000
1201.367	3925.000
1201.508	3682.000
1201.650	3797.000
1201.791	3623.000
1201.933	3916.000
1202.074	3617.000
1202.216	3852.000
1202.358	3684.000
1202.499	3855.000
1202.641	3676.000
1202.782	3856.000
1202.924	3692.000
1203.065	3907.000
1203.207	3559.000
1203.348	3933.000
1203.490	3668.000
1203.631	3859.000
1203.773	3681.000
1203.914	3871.000
1204.056	3663.000
1204.197	3810.000
1204.338	3615.000
1204.480	3841.000
1204.621	3667.000
1204.763	3857.000
1204.904	3570.000
1205.045	3827.000
1205.187	3755.000
1205.328	3886.000
1205.470	3666.000
1205.611	3894.000
1205.752	3600.000
1205.894	3842.000
1206.035	3621.000
1206.176	3861.000
1206.318	3587.000
1206.459	3923.000
1206.600	3651.000
1206.741	3894.000
1206.883	3620.000
1207.024	3848.000
1207.165	3619.000
1207.306	3873.000
1207.448	3581.000
1207.589	3807.000
1207.730	3598.000
1207.871	3841.000
1208.013	3640.000
1208.154	3827.000
1208.295	3539.000
1208.436	3832.000
1208.577	3600.000
1208.719	3782.000
1208.860	3622.000
1209.001	3802.000
1209.142	3542.000
1209.283	3781.000
1209.424	3549.000
1209.565	3839.000
1209.706	3628.000
1209.848	3862.000
1209.989	3572.000
1210.130	3784.000
1210.271	3545.000
1210.412	3764.000
1210.553	3608.000
1210.694	3868.000
1210.835	3555.000
1210.976	3803.000
1211.117	3468.000
1211.258	3801.000
1211.399	3597.000
1211.540	3772.000
1211.681	3565.000
1211.822	3755.000
1211.963	3673.000
1212.104	3735.000
1212.245	3580.000
1212.386	3795.000
1212.527	3521.000
1212.668	3769.000
1212.809	3530.000
1212.950	3833.000
1213.090	3592.000
1213.231	3671.000
1213.372	3535.000
1213.513	3758.000
1213.654	3541.000
1213.795	3677.000
1213.936	3471.000
1214.077	3748.000
1214.217	3587.000
1214.358	3758.000
1214.499	3591.000
1214.640	3832.000
1214.781	3535.000
1214.921	3732.000
1215.062	3535.000
1215.203	3729.000
1215.344	3433.000
1215.485	3699.000
1215.625	3591.000
1215.766	3740.000
1215.907	3503.000
1216.047	3764.000
1216.188	3506.000
1216.329	3763.000
1216.470	3453.000
1216.610	3715.000
1216.751	3510.000
1216.892	3649.000
1217.032	3462.000
1217.173	3656.000
1217.314	3590.000
1217.454	3683.000
1217.595	3479.000
1217.735	3697.000
1217.876	3542.000
1218.017	3661.000
1218.157	3472.000
1218.298	3732.000
1218.438	3509.000
1218.579	3697.000
1218.720	3447.000
1218.860	3735.000
1219.001	3487.000
1219.141	3655.000
1219.282	3462.000
1219.422	3649.000
1219.563	3442.000
1219.703	3625.000
1219.844	3415.000
1219.984	3718.000
1220.125	3517.000
1220.265	3661.000
1220.406	3447.000
1220.546	3666.000
1220.687	3452.000
1220.827	3630.000
1220.967	3425.000
1221.108	3642.000
1221.248	3389.000
1221.389	3638.000
1221.529	3464.000
1221.669	3693.000
1221.810	3404.000
1221.950	3619.000
1222.091	3416.000
1222.231	3682.000
1222.371	3466.000
1222.512	3617.000
1222.652	3472.000
1222.792	3624.000
1222.933	3364.000
1223.073	3621.000
1223.213	3511.000
1223.353	3680.000
1223.494	3442.000
1223.634	3595.000
1223.774	3458.000
1223.914	3591.000
1224.055	3378.000
1224.195	3624.000
1224.335	3450.000
1224.475	3620.000
1224.616	3396.000
1224.756	3615.000
1224.896	3397.000
1225.036	3675.000
1225.176	3439.000
1225.316	3677.000
1225.457	3359.000
1225.597	3658.000
1225.737	3399.000
1225.877	3619.000
1226.017	3408.000
1226.157	3641.000
1226.297	3373.000
1226.437	3613.000
1226.578	3391.000
1226.718	3585.000
1226.858	3379.000
1226.998	3663.000
1227.138	3400.000
1227.278	3587.000
1227.418	3420.000
1227.558	3582.000
1227.698	3409.000
1227.838	3642.000
1227.978	3411.000
1228.118	3552.000
1228.258	3363.000
1228.398	3599.000
1228.538	3427.000
1228.678	3572.000
1228.818	3425.000
1228.958	3553.000
1229.098	3435.000
1229.238	3650.000
1229.377	3403.000
1229.517	3564.000
1229.657	3456.000
1229.797	3617.000
1229.937	3420.000
1230.077	3660.000
1230.217	3426.000
1230.357	3610.000
1230.496	3443.000
1230.636	3604.000
1230.776	3408.000
1230.916	3604.000
1231.056	3380.000
1231.196	3635.000
1231.335	3412.000
1231.475	3533.000
1231.615	3465.000
1231.755	3626.000
1231.894	3381.000
1232.034	3521.000
1232.174	3336.000
1232.314	3638.000
1232.453	3389.000
1232.593	3566.000
1232.733	3414.000
1232.873	3653.000
1233.012	3578.000
1233.152	3601.000
1233.292	3383.000
1233.431	3570.000
1233.571	3353.000
1233.711	3616.000
1233.850	3359.000
1233.990	3631.000
1234.129	3340.000
1234.269	3496.000
1234.409	3424.000
1234.548	3570.000
1234.688	3371.000
1234.828	3544.000
1234.967	3354.000
1235.107	3597.000
1235.246	3344.000
1235.386	3545.000
1235.525	3333.000
1235.665	3499.000
1235.804	3329.000
1235.944	3557.000
1236.083	3356.000
1236.223	3523.000
1236.362	3399.000
1236.502	3527.000
1236.641	3312.000
1236.781	3630.000
1236.920	3330.000
1237.060	3552.000
1237.199	3319.000
1237.339	3500.000
1237.478	3350.000
1237.617	3503.000
1237.757	3346.000
1237.896	3447.000
1238.036	3335.000
1238.175	3451.000
1238.314	3355.000
1238.454	3498.000
1238.593	3337.000
1238.732	3536.000
1238.872	3333.000
1239.011	3546.000
1239.150	3313.000
1239.290	3499.000
1239.429	3342.000
1239.568	3512.000
1239.708	3355.000
1239.847	3486.000
1239.986	3310.000
1240.125	3475.000
1240.265	3338.000
1240.404	3531.000
1240.543	3380.000
1240.682	3482.000
1240.822	3321.000
1240.961	3470.000
1241.100	3320.000
1241.239	3485.000
1241.378	3316.000
1241.518	3510.000
1241.657	3313.000
1241.796	3519.000
1241.935	3291.000
1242.074	3472.000
1242.213	3301.000
1242.352	3453.000
1242.492	3213.000
1242.631	3527.000
1242.770	3290.000
1242.909	3496.000
1243.048	3325.000
1243.187	3527.000
1243.326	3276.000
1243.465	3485.000
1243.604	3295.000
1243.743	3465.000
1243.882	3270.000
1244.021	3530.000
1244.160	3281.000
1244.299	3543.000
1244.438	3293.000
1244.577	3531.000
1244.716	3218.000
1244.855	3478.000
1244.994	3298.000
1245.133	3485.000
1245.272	3284.000
1245.411	3497.000
1245.550	3316.000
1245.689	3531.000
1245.828	3333.000
1245.967	3442.000
1246.106	3322.000
1246.244	3540.000
1246.383	3284.000
1246.522	3511.000
1246.661	3254.000
1246.800	3529.000
1246.939	3244.000
1247.078	3511.000
1247.216	3246.000
1247.355	3533.000
1247.494	3350.000
1247.633	3511.000
1247.772	3222.000
1247.910	3467.000
1248.049	3272.000
1248.188	3439.000
1248.327	3279.000
1248.465	3471.000
1248.604	3314.000
1248.743	3471.000
1248.882	3292.000
1249.020	3476.000
1249.159	3312.000
1249.298	3475.000
1249.436	3259.000
1249.575	3502.000
1249.714	3249.000
1249.852	3453.000
1249.991	3248.000
1250.130	3459.000
1250.268	3199.000
1250.407	3489.000
1250.546	3296.000
1250.684	3413.000
1250.823	3311.000
1250.961	3563.000
1251.100	3219.000
1251.239	3496.000
1251.377	3292.000
1251.516	3444.000
1251.654	3244.000
1251.793	3397.000
1251.931	3241.000
1252.070	3408.000
1252.208	3252.000
1252.347	3454.000
1252.485	3236.000
1252.624	3419.000
1252.762	3249.000
1252.901	3503.000
1253.039	3307.000
1253.178	3448.000
1253.316	3320.000
1253.455	3437.000
1253.593	3256.000
1253.732	3447.000
1253.870	2846.000
1254.008	3418.000
1254.147	3230.000
1254.285	3370.000
1254.424	3171.000
1254.562	3419.000
1254.700	3203.000
1254.839	3436.000
1254.977	3305.000
1255.115	3439.000
1255.254	3264.000
1255.392	3403.000
1255.530	3214.000
1255.669	3448.000
1255.807	3249.000
1255.945	3422.000
1256.084	3144.000
1256.222	3439.000
1256.360	3174.000
1256.498	3391.000
1256.637	3234.000
1256.775	3355.000
1256.913	3207.000
1257.051	3443.000
1257.189	3203.000
1257.328	3450.000
1257.466	3148.000
1257.604	3493.000
1257.742	3250.000
1257.880	3364.000
1258.019	3254.000
1258.157	3362.000
1258.295	3176.000
1258.433	3316.000
1258.571	3133.000
1258.709	3324.000
1258.847	3177.000
1258.986	3455.000
1259.124	3183.000
1259.262	3403.000
1259.400	3164.000
1259.538	3334.000
1259.676	3152.000
1259.814	3342.000
1259.952	3061.000
1260.090	3335.000
1260.228	3074.000
1260.366	3324.000
1260.504	3104.000
1260.642	3343.000
1260.780	3225.000
1260.918	3340.000
1261.056	3119.000
1261.194	3436.000
1261.332	3085.000
1261.470	3336.000
1261.608	3175.000
1261.746	3387.000
1261.884	3140.000
1262.022	3443.000
1262.160	4697.000
1262.297	3420.000
1262.435	3178.000
1262.573	3348.000
1262.711	3205.000
1262.849	3342.000
1262.987	3090.000
1263.125	3308.000
1263.262	3251.000
1263.400	3421.000
1263.538	3200.000
1263.676	3365.000
1263.814	3147.000
1263.952	3363.000
1264.089	3239.000
1264.227	3436.000
1264.365	3192.000
1264.503	3336.000
1264.640	3138.000
1264.778	3391.000
1264.916	3203.000
1265.054	3429.000
1265.191	3201.000
1265.329	3402.000
1265.467	3197.000
1265.604	3368.000
1265.742	3124.000
1265.880	3313.000
1266.017	3116.000
1266.155	3401.000
1266.293	3152.000
1266.430	3386.000
1266.568	3148.000
1266.706	3437.000
1266.843	3178.000
1266.981	3437.000
1267.119	3164.000
1267.256	3388.000
1267.394	3052.000
1267.531	3355.000
1267.669	3116.000
1267.806	3388.000
1267.944	3141.000
1268.081	3410.000
1268.219	3160.000
1268.357	3387.000
1268.494	3169.000
1268.632	3441.000
1268.769	3104.000
1268.907	3385.000
1269.044	3201.000
1269.182	3342.000
1269.319	3146.000
1269.456	3411.000
1269.594	3152.000
1269.731	3354.000
1269.869	3173.000
1270.006	3328.000
1270.144	3165.000
1270.281	3319.000
1270.418	3194.000
1270.556	3374.000
1270.693	3199.000
1270.831	3434.000
1270.968	3101.000
1271.105	3376.000
1271.243	3097.000
1271.380	3336.000
1271.517	3229.000
1271.655	3418.000
1271.792	3160.000
1271.929	3355.000
1272.066	3225.000
1272.204	3405.000
1272.341	3191.000
1272.478	3448.000
1272.616	3215.000
1272.753	3421.000
1272.890	3192.000
1273.027	3348.000
1273.165	3175.000
1273.302	3378.000
1273.439	3162.000
1273.576	3264.000
1273.713	3235.000
1273.851	3407.000
1273.988	3237.000
1274.125	3371.000
1274.262	3175.000
1274.399	3301.000
1274.536	3240.000
1274.673	3430.000
