1429.840	8753.000
1429.989	8768.000
1430.138	8717.000
1430.288	8810.000
1430.437	8699.000
1430.587	8852.000
1430.736	8705.000
1430.885	8763.000
1431.035	8698.000
1431.184	8763.000
1431.333	8683.000
1431.482	8835.000
1431.632	8718.000
1431.781	8703.000
1431.930	8690.000
1432.079	8830.000
1432.229	8608.000
1432.378	8814.000
1432.527	8690.000
1432.676	8812.000
1432.825	8649.000
1432.974	8723.000
1433.123	8839.000
1433.273	8780.000
1433.422	8701.000
1433.571	8774.000
1433.720	8736.000
1433.869	8709.000
1434.018	8670.000
1434.167	8719.000
1434.316	8712.000
1434.465	8765.000
1434.614	8712.000
1434.763	8723.000
1434.911	8642.000
1435.060	8722.000
1435.209	8762.000
1435.358	8662.000
1435.507	8717.000
1435.656	8758.000
1435.805	8701.000
1435.954	8741.000
1436.102	8635.000
1436.251	8786.000
1436.400	8615.000
1436.549	8723.000
1436.697	8695.000
1436.846	8653.000
1436.995	8654.000
1437.144	8674.000
1437.292	8629.000
1437.441	8634.000
1437.590	8697.000
1437.738	8726.000
1437.887	8641.000
1438.035	8689.000
1438.184	8601.000
1438.333	8669.000
1438.481	8582.000
1438.630	8619.000
1438.778	8647.000
1438.927	8624.000
1439.075	8547.000
1439.224	8580.000
1439.372	8520.000
1439.521	8649.000
1439.669	8575.000
1439.818	8546.000
1439.966	8540.000
1440.114	8595.000
1440.263	8544.000
1440.411	8565.000
1440.559	8566.000
1440.708	8617.000
1440.856	8456.000
1441.004	8548.000
1441.153	8502.000
1441.301	8539.000
1441.449	8478.000
1441.597	8631.000
1441.746	8470.000
1441.894	8538.000
1442.042	8530.000
1442.190	8518.000
1442.338	8420.000
1442.487	8505.000
1442.635	8417.000
1442.783	8477.000
1442.931	8461.000
1443.079	8485.000
1443.227	8443.000
1443.375	8515.000
1443.523	8469.000
1443.671	8486.000
1443.819	8459.000
1443.967	8468.000
1444.115	8403.000
1444.263	8482.000
1444.411	8467.000
1444.559	8505.000
1444.707	8401.000
1444.855	8397.000
1445.003	8374.000
1445.151	8335.000
1445.299	8408.000
1445.447	8481.000
1445.594	8341.000
1445.742	8449.000
1445.890	8369.000
1446.038	8400.000
1446.186	8398.000
1446.333	8450.000
1446.481	8285.000
1446.629	8488.000
1446.776	8314.000
1446.924	8355.000
1447.072	8401.000
1447.220	8416.000
1447.367	8375.000
1447.515	8410.000
1447.662	8374.000
1447.810	8407.000
1447.958	8377.000
1448.105	8452.000
1448.253	8332.000
1448.400	8449.000
1448.548	8263.000
1448.695	8334.000
1448.843	8444.000
1448.990	8434.000
1449.138	8361.000
1449.285	8442.000
1449.433	8391.000
1449.580	8389.000
1449.728	8350.000
1449.875	8397.000
1450.022	8422.000
1450.170	8475.000
1450.317	8363.000
1450.464	8418.000
1450.612	8382.000
1450.759	8451.000
1450.906	8369.000
1451.054	8355.000
1451.201	8374.000
1451.348	8443.000
1451.495	8407.000
1451.643	8405.000
1451.790	8333.000
1451.937	8467.000
1452.084	8371.000
1452.231	8370.000
1452.378	8290.000
1452.526	8383.000
1452.673	8264.000
1452.820	8459.000
1452.967	8394.000
1453.114	8467.000
1453.261	8369.000
1453.408	8393.000
1453.555	8359.000
1453.702	8372.000
1453.849	8288.000
1453.996	8433.000
1454.143	8269.000
1454.290	8379.000
1454.437	8364.000
1454.584	8365.000
1454.731	8333.000
1454.878	8427.000
1455.024	8279.000
1455.171	8405.000
1455.318	8302.000
1455.465	8344.000
1455.612	8368.000
1455.759	8406.000
1455.905	8245.000
1456.052	8374.000
1456.199	8172.000
1456.346	8303.000
1456.492	8257.000
1456.639	8403.000
1456.786	8284.000
1456.932	8368.000
1457.079	8196.000
1457.226	8284.000
1457.372	8282.000
1457.519	8303.000
1457.665	8289.000
1457.812	8393.000
1457.959	8240.000
1458.105	8316.000
1458.252	8195.000
1458.398	8298.000
1458.545	8219.000
1458.691	8385.000
1458.838	8175.000
1458.984	8332.000
1459.131	8119.000
1459.277	8341.000
1459.423	8306.000
1459.570	8275.000
1459.716	8264.000
1459.863	8253.000
1460.009	8170.000
1460.155	8286.000
1460.302	8228.000
1460.448	8342.000
1460.594	8161.000
1460.741	8306.000
1460.887	8179.000
1461.033	8307.000
1461.179	8139.000
1461.326	8349.000
1461.472	8189.000
1461.618	8241.000
1461.764	8143.000
1461.910	8262.000
1462.056	8117.000
1462.203	8292.000
1462.349	8222.000
1462.495	8336.000
1462.641	8185.000
1462.787	8335.000
1462.933	8089.000
1463.079	8332.000
1463.225	8127.000
1463.371	8287.000
1463.517	8152.000
1463.663	8380.000
1463.809	8234.000
1463.955	8288.000
1464.101	8198.000
1464.247	8312.000
1464.393	8169.000
1464.539	8250.000
1464.684	8179.000
1464.830	8322.000
1464.976	8150.000
1465.122	8259.000
1465.268	8164.000
1465.414	8269.000
1465.559	8180.000
1465.705	8270.000
1465.851	8154.000
1465.997	8338.000
1466.142	8175.000
1466.288	8347.000
1466.434	8291.000
1466.579	8374.000
1466.725	8248.000
1466.871	8207.000
1467.016	8139.000
1467.162	8283.000
1467.308	8147.000
1467.453	8331.000
1467.599	8302.000
1467.744	8367.000
1467.890	8178.000
1468.035	8377.000
1468.181	8331.000
1468.326	8314.000
1468.472	8234.000
1468.617	8392.000
1468.763	8295.000
1468.908	8422.000
1469.054	8333.000
1469.199	8507.000
1469.344	8350.000
1469.490	8510.000
1469.635	8437.000
1469.780	8522.000
1469.926	8438.000
1470.071	8538.000
1470.216	8496.000
1470.362	8552.000
1470.507	8441.000
1470.652	8642.000
1470.797	8453.000
1470.943	8466.000
1471.088	8448.000
1471.233	8498.000
1471.378	8298.000
1471.523	8444.000
1471.668	8386.000
1471.814	8433.000
1471.959	8259.000
1472.104	8322.000
1472.249	8264.000
1472.394	8322.000
1472.539	8218.000
1472.684	8324.000
1472.829	8257.000
1472.974	8392.000
1473.119	8252.000
1473.264	8326.000
1473.409	8081.000
1473.554	8409.000
1473.699	8211.000
1473.844	8299.000
1473.989	8183.000
1474.134	8363.000
1474.279	8175.000
1474.423	8279.000
1474.568	8283.000
1474.713	8220.000
1474.858	8131.000
1475.003	8309.000
1475.147	8193.000
1475.292	8262.000
1475.437	8121.000
1475.582	8347.000
1475.726	8284.000
1475.871	8288.000
1476.016	8156.000
1476.161	8290.000
1476.305	8229.000
1476.450	8311.000
1476.594	8114.000
1476.739	8336.000
1476.884	8145.000
1477.028	8171.000
1477.173	8195.000
1477.317	8254.000
1477.462	8138.000
1477.606	8376.000
1477.751	8111.000
1477.895	8135.000
1478.040	8137.000
1478.184	8327.000
1478.329	8176.000
1478.473	8187.000
1478.618	8057.000
1478.762	8318.000
1478.907	8088.000
1479.051	8265.000
1479.195	8115.000
1479.340	8276.000
1479.484	8161.000
1479.628	8246.000
1479.773	8218.000
1479.917	8283.000
1480.061	8140.000
1480.205	8284.000
1480.350	8074.000
1480.494	8215.000
1480.638	8158.000
1480.782	8271.000
1480.926	8033.000
1481.071	8332.000
1481.215	8051.000
1481.359	8176.000
1481.503	8111.000
1481.647	8285.000
1481.791	8142.000
1481.935	8235.000
1482.079	8131.000
1482.223	8157.000
1482.367	8097.000
1482.511	8199.000
1482.655	8231.000
1482.799	8168.000
1482.943	8092.000
1483.087	8150.000
1483.231	8140.000
1483.375	8217.000
1483.519	8058.000
1483.663	8168.000
1483.807	8113.000
1483.951	8209.000
1484.095	8116.000
1484.238	8224.000
1484.382	8055.000
1484.526	8273.000
1484.670	8033.000
1484.814	8218.000
1484.957	8095.000
1485.101	8285.000
1485.245	8148.000
1485.389	8339.000
1485.532	8024.000
1485.676	8330.000
1485.820	8071.000
1485.963	8237.000
1486.107	8121.000
1486.250	8251.000
1486.394	8170.000
1486.538	8182.000
1486.681	8133.000
1486.825	8260.000
1486.968	8052.000
1487.112	8194.000
1487.255	8093.000
1487.399	8213.000
1487.542	8163.000
1487.686	8243.000
1487.829	8169.000
1487.973	8217.000
1488.116	8068.000
1488.260	8257.000
1488.403	7757.000
1488.546	8271.000
1488.690	8169.000
1488.833	8218.000
1488.976	8201.000
1489.120	8196.000
1489.263	8047.000
1489.406	8203.000
1489.550	8149.000
1489.693	8303.000
1489.836	8085.000
1489.979	8197.000
1490.123	8077.000
1490.266	8258.000
1490.409	8115.000
1490.552	8215.000
1490.695	8040.000
1490.838	8272.000
1490.981	8164.000
1491.125	8249.000
1491.268	8105.000
1491.411	8272.000
1491.554	8119.000
1491.697	8269.000
1491.840	8134.000
1491.983	8192.000
1492.126	8012.000
1492.269	8188.000
1492.412	8139.000
1492.555	8365.000
1492.698	8112.000
1492.841	8264.000
1492.984	8138.000
1493.126	8237.000
1493.269	8141.000
1493.412	8290.000
1493.555	8152.000
1493.698	8278.000
1493.841	8162.000
1493.984	8264.000
1494.126	8148.000
1494.269	8306.000
1494.412	8172.000
1494.555	8318.000
1494.697	8125.000
1494.840	8209.000
1494.983	8137.000
1495.125	8311.000
1495.268	8074.000
1495.411	8219.000
1495.553	8115.000
1495.696	8215.000
1495.839	8083.000
1495.981	8222.000
1496.124	8169.000
1496.266	8267.000
1496.409	8116.000
1496.551	8325.000
1496.694	8173.000
1496.836	8202.000
1496.979	8116.000
1497.121	8254.000
1497.264	8177.000
1497.406	8262.000
1497.549	8093.000
1497.691	8305.000
1497.834	8157.000
1497.976	8223.000
1498.118	8097.000
1498.261	8242.000
1498.403	8132.000
1498.545	8242.000
1498.688	8079.000
1498.830	8283.000
1498.972	8109.000
1499.114	8215.000
1499.257	8175.000
1499.399	8216.000
1499.541	8107.000
1499.683	8208.000
1499.826	8055.000
1499.968	8316.000
1500.110	8198.000
1500.252	8181.000
1500.394	8099.000
1500.536	8174.000
1500.678	8177.000
1500.820	8260.000
1500.962	8208.000
1501.104	8297.000
1501.247	8094.000
1501.389	8247.000
1501.531	8132.000
1501.673	8288.000
1501.815	8130.000
1501.956	8282.000
1502.098	8168.000
1502.240	8296.000
1502.382	8154.000
1502.524	8131.000
1502.666	8081.000
1502.808	8296.000
1502.950	8025.000
1503.092	8191.000
1503.233	8102.000
1503.375	8182.000
1503.517	8083.000
1503.659	8204.000
1503.801	8109.000
1503.942	8280.000
1504.084	7981.000
1504.226	8246.000
1504.367	8093.000
1504.509	8228.000
1504.651	8139.000
1504.792	8225.000
1504.934	8080.000
1505.076	8205.000
1505.217	8013.000
1505.359	8186.000
1505.501	8104.000
1505.642	8242.000
1505.784	8041.000
1505.925	8212.000
1506.067	8247.000
1506.208	8244.000
1506.350	8107.000
1506.491	8265.000
1506.633	8064.000
1506.774	8262.000
1506.915	8051.000
1507.057	8239.000
1507.198	8002.000
1507.340	8365.000
1507.481	8153.000
1507.622	8304.000
1507.764	8085.000
1507.905	8261.000
1508.046	8148.000
1508.188	8273.000
1508.329	8053.000
1508.470	8221.000
1508.611	8061.000
1508.753	8229.000
1508.894	8134.000
1509.035	8243.000
1509.176	8045.000
1509.317	8182.000
1509.459	8121.000
1509.600	8175.000
1509.741	8085.000
1509.882	8220.000
1510.023	8018.000
1510.164	8238.000
1510.305	8015.000
1510.446	8281.000
1510.587	8094.000
1510.728	8326.000
1510.869	8096.000
1511.010	8185.000
1511.151	8062.000
1511.292	8159.000
1511.433	8123.000
1511.574	8268.000
1511.715	8061.000
1511.856	8255.000
1511.997	7975.000
1512.138	8211.000
1512.279	8103.000
1512.419	8237.000
1512.560	8027.000
1512.701	8204.000
1512.842	8184.000
1512.983	8170.000
1513.123	8072.000
1513.264	8232.000
1513.405	8053.000
1513.546	8246.000
1513.686	7999.000
1513.827	8266.000
1513.968	8095.000
1514.108	8135.000
1514.249	8015.000
1514.390	8196.000
1514.530	8063.000
1514.671	8082.000
1514.811	7976.000
1514.952	8181.000
1515.093	8097.000
1515.233	8215.000
1515.374	8053.000
1515.514	8236.000
1515.655	8024.000
1515.795	8189.000
1515.936	7995.000
1516.076	8166.000
1516.216	7933.000
1516.357	8144.000
1516.497	8088.000
1516.638	8218.000
1516.778	7998.000
1516.918	8241.000
1517.059	7987.000
1517.199	8140.000
1517.339	7945.000
1517.480	8149.000
1517.620	7986.000
1517.760	8048.000
1517.900	7893.000
1518.041	8082.000
1518.181	8036.000
1518.321	8050.000
1518.461	7965.000
1518.601	8110.000
1518.742	7989.000
1518.882	8137.000
1519.022	7947.000
1519.162	8136.000
1519.302	7928.000
1519.442	8077.000
1519.582	7941.000
1519.722	8165.000
1519.862	7971.000
1520.002	8055.000
1520.142	7962.000
1520.282	8040.000
1520.422	7927.000
1520.562	8005.000
1520.702	7912.000
1520.842	8096.000
1520.982	7992.000
1521.122	8056.000
1521.262	7914.000
1521.402	8107.000
1521.542	7950.000
1521.682	8028.000
1521.821	7886.000
1521.961	8059.000
1522.101	7853.000
1522.241	8043.000
1522.380	7913.000
1522.520	8043.000
1522.660	7932.000
1522.800	8015.000
1522.939	7834.000
1523.079	8080.000
1523.219	7937.000
1523.358	8031.000
1523.498	7951.000
1523.638	8075.000
1523.777	7862.000
1523.917	8013.000
1524.057	8011.000
1524.196	8108.000
1524.336	7940.000
1524.475	8005.000
1524.615	7942.000
1524.754	7985.000
1524.894	7876.000
1525.033	8042.000
1525.173	7922.000
1525.312	8045.000
1525.452	7899.000
1525.591	8009.000
1525.730	7875.000
1525.870	8131.000
1526.009	7950.000
1526.148	8118.000
1526.288	7870.000
1526.427	8095.000
1526.566	7938.000
1526.706	8081.000
1526.845	7893.000
1526.984	8116.000
1527.124	7876.000
1527.263	8048.000
1527.402	7902.000
1527.541	8113.000
1527.680	7889.000
1527.820	8138.000
1527.959	7934.000
1528.098	8073.000
1528.237	7966.000
1528.376	8032.000
1528.515	7991.000
1528.654	8131.000
1528.793	7963.000
1528.933	8027.000
1529.072	7889.000
1529.211	8093.000
1529.350	7974.000
1529.489	8022.000
1529.628	7993.000
1529.767	8055.000
1529.905	7963.000
1530.044	8140.000
1530.183	7931.000
1530.322	8065.000
1530.461	8032.000
1530.600	8077.000
1530.739	7952.000
1530.878	8171.000
1531.017	8014.000
1531.155	8129.000
1531.294	8044.000
1531.433	8160.000
1531.572	8018.000
1531.710	8130.000
1531.849	8035.000
1531.988	8180.000
1532.127	8050.000
1532.265	8148.000
1532.404	8203.000
1532.543	8250.000
1532.681	8139.000
1532.820	8174.000
1532.959	8065.000
1533.097	8279.000
1533.236	8003.000
1533.374	8136.000
1533.513	8025.000
1533.651	8234.000
1533.790	8529.000
1533.929	8127.000
1534.067	8015.000
1534.205	8115.000
1534.344	7963.000
1534.482	8179.000
1534.621	7975.000
1534.759	8179.000
1534.898	7980.000
1535.036	8027.000
1535.174	8077.000
1535.313	8121.000
1535.451	8001.000
1535.589	8110.000
1535.728	7995.000
1535.866	8165.000
1536.004	7953.000
1536.143	8061.000
1536.281	7951.000
1536.419	8061.000
1536.557	7941.000
1536.696	8090.000
1536.834	8004.000
1536.972	8055.000
1537.110	8020.000
1537.248	8080.000
1537.386	7940.000
1537.525	8189.000
1537.663	7978.000
1537.801	8043.000
1537.939	7923.000
1538.077	8001.000
1538.215	7975.000
1538.353	8011.000
1538.491	7962.000
1538.629	7954.000
1538.767	7969.000
1538.905	7989.000
1539.043	7964.000
1539.181	8050.000
1539.319	7921.000
1539.457	8032.000
1539.595	7973.000
1539.732	8098.000
1539.870	7957.000
1540.008	8045.000
1540.146	8003.000
1540.284	8003.000
1540.422	8005.000
1540.559	8028.000
1540.697	7985.000
1540.835	8019.000
1540.973	7975.000
1541.110	8057.000
1541.248	8071.000
1541.386	8086.000
1541.523	7967.000
1541.661	7998.000
1541.799	7947.000
1541.936	8044.000
1542.074	7955.000
1542.212	8125.000
1542.349	8007.000
1542.487	8126.000
1542.624	7963.000
1542.762	8056.000
1542.899	7977.000
1543.037	8091.000
1543.174	7901.000
1543.312	8141.000
1543.449	8002.000
1543.587	8143.000
1543.724	8056.000
1543.862	8175.000
1543.999	7983.000
1544.137	8160.000
1544.274	8000.000
1544.411	8096.000
1544.549	7944.000
1544.686	8157.000
1544.823	7994.000
1544.961	8187.000
1545.098	8017.000
1545.235	8168.000
1545.372	7941.000
1545.510	8133.000
1545.647	8027.000
1545.784	8165.000
1545.921	8050.000
1546.058	8164.000
1546.196	8075.000
1546.333	8261.000
1546.470	8094.000
1546.607	8114.000
1546.744	8079.000
1546.881	8214.000
1547.018	8063.000
1547.155	8187.000
1547.292	8074.000
1547.429	8277.000
1547.567	8004.000
1547.704	8250.000
1547.841	8052.000
1547.977	8309.000
1548.114	8172.000
1548.251	8221.000
1548.388	8057.000
1548.525	8201.000
1548.662	8041.000
1548.799	8180.000
1548.936	8110.000
1549.073	8213.000
1549.210	8115.000
1549.346	8190.000
1549.483	8121.000
1549.620	8243.000
1549.757	8153.000
1549.893	8214.000
1550.030	8093.000
1550.167	8278.000
1550.304	8044.000
1550.440	8186.000
1550.577	8070.000
1550.714	8214.000
1550.850	8004.000
1550.987	8242.000
1551.124	8137.000
1551.260	8153.000
1551.397	8136.000
1551.533	8273.000
1551.670	8088.000
1551.807	8229.000
1551.943	8142.000
1552.080	8190.000
1552.216	8001.000
1552.353	8175.000
1552.489	8054.000
1552.626	8119.000
1552.762	8097.000
1552.898	8192.000
1553.035	8102.000
1553.171	8206.000
1553.308	8028.000
1553.444	8266.000
1553.580	8141.000
1553.717	8171.000
1553.853	8158.000
1553.989	8226.000
1554.126	8124.000
1554.262	8186.000
1554.398	6917.000
1554.534	8179.000
1554.671	8065.000
1554.807	8142.000
1554.943	7982.000
1555.079	8215.000
1555.215	8041.000
1555.352	8199.000
1555.488	8121.000
1555.624	8198.000
1555.760	8087.000
1555.896	8142.000
1556.032	8050.000
1556.168	8222.000
1556.304	8080.000
1556.440	8184.000
1556.576	7962.000
1556.712	8207.000
1556.848	7976.000
1556.984	8081.000
1557.120	8047.000
1557.256	8103.000
1557.392	7990.000
1557.528	8123.000
1557.664	7970.000
1557.800	8211.000
1557.936	7945.000
1558.071	8212.000
1558.207	8024.000
1558.343	8077.000
1558.479	8093.000
1558.615	8031.000
1558.751	7948.000
1558.886	8037.000
1559.022	7935.000
1559.158	7993.000
1559.293	7954.000
1559.429	8090.000
1559.565	7957.000
1559.701	8146.000
1559.836	7908.000
1559.972	8023.000
1560.107	7909.000
1560.243	8014.000
1560.379	7860.000
1560.514	8031.000
1560.650	7862.000
1560.785	8007.000
1560.921	7868.000
1561.056	8046.000
1561.192	7957.000
1561.327	8031.000
1561.463	7886.000
1561.598	8115.000
1561.734	7866.000
1561.869	8003.000
1562.005	7946.000
1562.140	8083.000
1562.275	7912.000
1562.411	8140.000
1562.546	12637.000
1562.682	8133.000
1562.817	7966.000
1562.952	8051.000
1563.087	7965.000
1563.223	8082.000
1563.358	7871.000
1563.493	8050.000
1563.628	8060.000
1563.764	8199.000
1563.899	8041.000
1564.034	8038.000
1564.169	7958.000
1564.304	8078.000
1564.440	8068.000
1564.575	8136.000
1564.710	8050.000
1564.845	8125.000
1564.980	7977.000
1565.115	8135.000
1565.250	8036.000
1565.385	8174.000
1565.520	8046.000
1565.655	8170.000
1565.790	8055.000
1565.925	8149.000
1566.060	8011.000
1566.195	8083.000
1566.330	7997.000
1566.465	8191.000
1566.600	8011.000
1566.735	8140.000
1566.870	7979.000
1567.004	8198.000
1567.139	8024.000
1567.274	8208.000
1567.409	7979.000
1567.544	8198.000
1567.678	7891.000
1567.813	8142.000
1567.948	7970.000
1568.083	8187.000
1568.217	7956.000
1568.352	8166.000
1568.487	8009.000
1568.622	8146.000
1568.756	7990.000
1568.891	8187.000
1569.025	7964.000
1569.160	8218.000
1569.295	8074.000
1569.429	8099.000
1569.564	8015.000
1569.698	8209.000
1569.833	8052.000
1569.967	8132.000
1570.102	8007.000
1570.236	8143.000
1570.371	8083.000
1570.505	8151.000
1570.640	8087.000
1570.774	8184.000
1570.909	8075.000
1571.043	8257.000
1571.177	8020.000
1571.312	8211.000
1571.446	7969.000
1571.581	8187.000
1571.715	8128.000
1571.849	8251.000
1571.983	8049.000
1572.118	8145.000
1572.252	8122.000
1572.386	8275.000
1572.521	8095.000
1572.655	8258.000
1572.789	8095.000
1572.923	8269.000
1573.057	8084.000
1573.191	8173.000
1573.326	8121.000
1573.460	8261.000
1573.594	8099.000
1573.728	8130.000
1573.862	8166.000
1573.996	8307.000
1574.130	8147.000
1574.264	8205.000
1574.398	8151.000
1574.532	8156.000
1574.666	8172.000
1574.800	8275.000
