1229.956	9220.000
1230.103	9187.000
1230.250	9179.000
1230.397	9241.000
1230.544	9161.000
1230.691	9259.000
1230.838	9150.000
1230.985	9203.000
1231.132	9154.000
1231.278	9199.000
1231.425	9078.000
1231.572	9228.000
1231.719	9157.000
1231.866	9136.000
1232.013	9167.000
1232.159	9282.000
1232.306	9071.000
1232.453	9224.000
1232.600	9118.000
1232.746	9233.000
1232.893	9107.000
1233.040	9125.000
1233.186	9268.000
1233.333	9184.000
1233.480	9159.000
1233.627	9150.000
1233.773	9181.000
1233.920	9104.000
1234.066	9164.000
1234.213	9115.000
1234.360	9182.000
1234.506	9187.000
1234.653	9193.000
1234.800	9173.000
1234.946	9081.000
1235.093	9133.000
1235.239	9219.000
1235.386	9097.000
1235.532	9182.000
1235.679	9169.000
1235.825	9143.000
1235.972	9197.000
1236.118	9104.000
1236.265	9211.000
1236.411	9071.000
1236.558	9155.000
1236.704	9163.000
1236.851	9053.000
1236.997	9131.000
1237.143	9157.000
1237.290	9105.000
1237.436	9093.000
1237.583	9176.000
1237.729	9158.000
1237.875	9107.000
1238.022	9122.000
1238.168	9063.000
1238.314	9127.000
1238.461	9048.000
1238.607	9065.000
1238.753	9112.000
1238.900	9094.000
1239.046	9039.000
1239.192	9031.000
1239.338	8997.000
1239.485	9101.000
1239.631	9073.000
1239.777	8970.000
1239.923	9006.000
1240.070	9061.000
1240.216	9028.000
1240.362	8992.000
1240.508	9065.000
1240.654	9066.000
1240.800	8980.000
1240.947	9019.000
1241.093	8960.000
1241.239	9003.000
1241.385	8960.000
1241.531	9071.000
1241.677	8950.000
1241.823	9005.000
1241.969	9026.000
1242.115	8972.000
1242.261	8891.000
1242.407	8954.000
1242.553	8916.000
1242.699	8937.000
1242.845	8982.000
1242.991	8939.000
1243.137	8949.000
1243.283	8968.000
1243.429	8942.000
1243.575	8928.000
1243.721	9009.000
1243.867	8923.000
1244.013	8900.000
1244.159	8954.000
1244.305	8946.000
1244.451	8989.000
1244.596	8894.000
1244.742	8884.000
1244.888	8873.000
1245.034	8843.000
1245.180	8859.000
1245.326	8958.000
1245.471	8882.000
1245.617	8927.000
1245.763	8858.000
1245.909	8892.000
1246.055	8917.000
1246.200	8955.000
1246.346	8773.000
1246.492	8974.000
1246.638	8843.000
1246.783	8845.000
1246.929	8900.000
1247.075	8886.000
1247.220	8902.000
1247.366	8910.000
1247.512	8885.000
1247.657	8922.000
1247.803	8860.000
1247.949	8942.000
1248.094	8817.000
1248.240	8922.000
1248.385	8760.000
1248.531	8839.000
1248.676	8936.000
1248.822	8920.000
1248.968	8863.000
1249.113	8935.000
1249.259	8893.000
1249.404	8891.000
1249.550	8852.000
1249.695	8860.000
1249.841	8918.000
1249.986	8960.000
1250.132	8879.000
1250.277	8934.000
1250.422	8883.000
1250.568	8932.000
1250.713	8887.000
1250.859	8832.000
1251.004	8874.000
1251.150	8985.000
1251.295	8902.000
1251.440	8910.000
1251.586	8873.000
1251.731	8927.000
1251.876	8893.000
1252.022	8859.000
1252.167	8812.000
1252.312	8866.000
1252.458	8803.000
1252.603	8958.000
1252.748	8897.000
1252.893	8952.000
1253.039	8884.000
1253.184	8925.000
1253.329	8885.000
1253.474	8852.000
1253.619	8840.000
1253.765	8903.000
1253.910	8830.000
1254.055	8889.000
1254.200	8873.000
1254.345	8855.000
1254.490	8862.000
1254.636	8934.000
1254.781	8796.000
1254.926	8895.000
1255.071	8811.000
1255.216	8836.000
1255.361	8891.000
1255.506	8928.000
1255.651	8791.000
1255.796	8892.000
1255.941	8715.000
1256.086	8790.000
1256.231	8807.000
1256.376	8919.000
1256.521	8857.000
1256.666	8888.000
1256.811	8720.000
1256.956	8806.000
1257.101	8800.000
1257.246	8848.000
1257.391	8834.000
1257.536	8897.000
1257.681	8747.000
1257.826	8792.000
1257.971	8700.000
1258.116	8830.000
1258.260	8781.000
1258.405	8888.000
1258.550	8759.000
1258.695	8839.000
1258.840	8675.000
1258.985	8880.000
1259.129	8885.000
1259.274	8771.000
1259.419	8798.000
1259.564	8782.000
1259.708	8711.000
1259.853	8799.000
1259.998	8748.000
1260.143	8859.000
1260.287	8720.000
1260.432	8826.000
1260.577	8734.000
1260.721	8803.000
1260.866	8667.000
1261.011	8854.000
1261.155	8749.000
1261.300	8815.000
1261.445	8666.000
1261.589	8766.000
1261.734	8650.000
1261.878	8811.000
1262.023	8738.000
1262.168	8866.000
1262.312	8723.000
1262.457	8830.000
1262.601	8627.000
1262.746	8866.000
1262.890	8667.000
1263.035	8806.000
1263.179	8721.000
1263.324	8906.000
1263.468	8779.000
1263.613	8803.000
1263.757	8736.000
1263.902	8837.000
1264.046	8689.000
1264.191	8796.000
1264.335	8738.000
1264.479	8865.000
1264.624	8662.000
1264.768	8745.000
1264.912	8697.000
1265.057	8798.000
1265.201	8695.000
1265.346	8803.000
1265.490	8659.000
1265.634	8843.000
1265.778	8725.000
1265.923	8853.000
1266.067	8821.000
1266.211	8850.000
1266.356	8760.000
1266.500	8747.000
1266.644	8675.000
1266.788	8785.000
1266.933	8657.000
1267.077	8806.000
1267.221	8863.000
1267.365	8883.000
1267.509	8709.000
1267.653	8852.000
1267.798	8790.000
1267.942	8760.000
1268.086	8677.000
1268.230	8848.000
1268.374	8747.000
1268.518	8816.000
1268.662	8712.000
1268.806	8825.000
1268.950	8661.000
1269.095	8779.000
1269.239	8728.000
1269.383	8779.000
1269.527	8739.000
1269.671	8797.000
1269.815	8751.000
1269.959	8792.000
1270.103	8697.000
1270.247	8874.000
1270.391	8753.000
1270.535	8739.000
1270.679	8740.000
1270.822	8813.000
1270.966	8673.000
1271.110	8813.000
1271.254	8814.000
1271.398	8859.000
1271.542	8749.000
1271.686	8755.000
1271.830	8697.000
1271.973	8755.000
1272.117	8687.000
1272.261	8753.000
1272.405	8732.000
1272.549	8816.000
1272.693	8727.000
1272.836	8797.000
1272.980	8547.000
1273.124	8833.000
1273.268	8668.000
1273.411	8738.000
1273.555	8614.000
1273.699	8780.000
1273.843	8637.000
1273.986	8735.000
1274.130	8741.000
1274.274	8679.000
1274.417	8575.000
1274.561	8752.000
1274.705	8651.000
1274.848	8725.000
1274.992	8568.000
1275.135	8803.000
1275.279	8710.000
1275.423	8724.000
1275.566	8609.000
1275.710	8734.000
1275.853	8644.000
1275.997	8737.000
1276.140	8565.000
1276.284	8744.000
1276.427	8592.000
1276.571	8633.000
1276.714	8646.000
1276.858	8670.000
1277.001	8598.000
1277.145	8806.000
1277.288	8558.000
1277.432	8558.000
1277.575	8590.000
1277.719	8767.000
1277.862	8638.000
1278.005	8604.000
1278.149	8511.000
1278.292	8723.000
1278.435	8532.000
1278.579	8665.000
1278.722	8543.000
1278.865	8700.000
1279.009	8551.000
1279.152	8660.000
1279.295	8596.000
1279.439	8693.000
1279.582	8554.000
1279.725	8685.000
1279.868	8491.000
1280.012	8589.000
1280.155	8571.000
1280.298	8673.000
1280.441	8469.000
1280.585	8715.000
1280.728	8442.000
1280.871	8576.000
1281.014	8525.000
1281.157	8672.000
1281.300	8547.000
1281.444	8641.000
1281.587	8559.000
1281.730	8561.000
1281.873	8491.000
1282.016	8605.000
1282.159	8598.000
1282.302	8555.000
1282.445	8510.000
1282.588	8541.000
1282.731	8534.000
1282.874	8601.000
1283.017	8479.000
1283.160	8522.000
1283.303	8499.000
1283.446	8604.000
1283.589	8502.000
1283.732	8615.000
1283.875	8435.000
1284.018	8627.000
1284.161	8433.000
1284.304	8597.000
1284.447	8463.000
1284.590	8675.000
1284.733	8517.000
1284.876	8729.000
1285.019	8421.000
1285.161	8720.000
1285.304	8486.000
1285.447	8592.000
1285.590	8493.000
1285.733	8651.000
1285.876	8515.000
1286.018	8557.000
1286.161	8482.000
1286.304	8637.000
1286.447	8463.000
1286.589	8580.000
1286.732	8493.000
1286.875	8634.000
1287.018	8586.000
1287.160	8630.000
1287.303	8558.000
1287.446	8606.000
1287.588	8442.000
1287.731	8658.000
1287.874	8152.000
1288.016	8672.000
1288.159	8547.000
1288.302	8620.000
1288.444	8573.000
1288.587	8572.000
1288.729	8425.000
1288.872	8559.000
1289.015	8531.000
1289.157	8687.000
1289.300	8486.000
1289.442	8624.000
1289.585	8464.000
1289.727	8637.000
1289.870	8532.000
1290.012	8580.000
1290.155	8450.000
1290.297	8647.000
1290.440	8557.000
1290.582	8610.000
1290.725	8490.000
1290.867	8677.000
1291.009	8523.000
1291.152	8620.000
1291.294	8567.000
1291.437	8573.000
1291.579	8424.000
1291.721	8589.000
1291.864	8521.000
1292.006	8752.000
1292.148	8503.000
1292.291	8665.000
1292.433	8513.000
1292.575	8631.000
1292.718	8522.000
1292.860	8684.000
1293.002	8530.000
1293.145	8655.000
1293.287	8507.000
1293.429	8640.000
1293.571	8544.000
1293.713	8672.000
1293.856	8551.000
1293.998	8675.000
1294.140	8517.000
1294.282	8581.000
1294.424	8480.000
1294.567	8680.000
1294.709	8473.000
1294.851	8610.000
1294.993	8503.000
1295.135	8602.000
1295.277	8483.000
1295.419	8650.000
1295.561	8552.000
1295.703	8673.000
1295.845	8495.000
1295.987	8686.000
1296.129	8565.000
1296.272	8617.000
1296.414	8497.000
1296.556	8676.000
1296.698	8581.000
1296.840	8644.000
1296.981	8504.000
1297.123	8642.000
1297.265	8556.000
1297.407	8597.000
1297.549	8499.000
1297.691	8628.000
1297.833	8505.000
1297.975	8618.000
1298.117	8480.000
1298.259	8658.000
1298.401	8475.000
1298.542	8591.000
1298.684	8585.000
1298.826	8581.000
1298.968	8490.000
1299.110	8592.000
1299.252	8474.000
1299.393	8713.000
1299.535	8601.000
1299.677	8589.000
1299.819	8511.000
1299.960	8557.000
1300.102	8545.000
1300.244	8618.000
1300.386	8581.000
1300.527	8672.000
1300.669	8497.000
1300.811	8662.000
1300.952	8527.000
1301.094	8654.000
1301.236	8524.000
1301.377	8624.000
1301.519	8587.000
1301.661	8709.000
1301.802	8539.000
1301.944	8536.000
1302.085	8453.000
1302.227	8655.000
1302.368	8403.000
1302.510	8582.000
1302.652	8489.000
1302.793	8562.000
1302.935	8469.000
1303.076	8591.000
1303.218	8477.000
1303.359	8652.000
1303.501	8387.000
1303.642	8668.000
1303.783	8479.000
1303.925	8617.000
1304.066	8496.000
1304.208	8598.000
1304.349	8484.000
1304.491	8594.000
1304.632	8468.000
1304.773	8582.000
1304.915	8464.000
1305.056	8617.000
1305.197	8409.000
1305.339	8577.000
1305.480	8621.000
1305.621	8591.000
1305.763	8493.000
1305.904	8620.000
1306.045	8478.000
1306.187	8621.000
1306.328	8453.000
1306.469	8601.000
1306.610	8415.000
1306.752	8730.000
1306.893	8511.000
1307.034	8684.000
1307.175	8485.000
1307.316	8586.000
1307.458	8533.000
1307.599	8604.000
1307.740	8456.000
1307.881	8569.000
1308.022	8443.000
1308.163	8635.000
1308.304	8513.000
1308.446	8609.000
1308.587	8404.000
1308.728	8583.000
1308.869	8494.000
1309.010	8580.000
1309.151	8488.000
1309.292	8609.000
1309.433	8419.000
1309.574	8595.000
1309.715	8383.000
1309.856	8616.000
1309.997	8484.000
1310.138	8678.000
1310.279	8471.000
1310.420	8565.000
1310.561	8429.000
1310.702	8519.000
1310.843	8483.000
1310.984	8650.000
1311.124	8420.000
1311.265	8593.000
1311.406	8335.000
1311.547	8562.000
1311.688	8468.000
1311.829	8572.000
1311.970	8402.000
1312.110	8555.000
1312.251	8544.000
1312.392	8541.000
1312.533	8415.000
1312.674	8606.000
1312.814	8403.000
1312.955	8598.000
1313.096	8398.000
1313.237	8617.000
1313.377	8409.000
1313.518	8502.000
1313.659	8387.000
1313.800	8522.000
1313.940	8425.000
1314.081	8483.000
1314.222	8330.000
1314.362	8539.000
1314.503	8469.000
1314.644	8575.000
1314.784	8421.000
1314.925	8581.000
1315.065	8398.000
1315.206	8541.000
1315.347	8376.000
1315.487	8503.000
1315.628	8292.000
1315.768	8478.000
1315.909	8419.000
1316.049	8541.000
1316.190	8389.000
1316.330	8532.000
1316.471	8327.000
1316.611	8475.000
1316.752	8282.000
1316.892	8450.000
1317.033	8336.000
1317.173	8373.000
1317.313	8265.000
1317.454	8434.000
1317.594	8371.000
1317.735	8384.000
1317.875	8304.000
1318.015	8423.000
1318.156	8302.000
1318.296	8433.000
1318.437	8295.000
1318.577	8465.000
1318.717	8322.000
1318.857	8444.000
1318.998	8269.000
1319.138	8463.000
1319.278	8287.000
1319.419	8392.000
1319.559	8306.000
1319.699	8380.000
1319.839	8261.000
1319.980	8336.000
1320.120	8238.000
1320.260	8448.000
1320.400	8342.000
1320.540	8395.000
1320.681	8252.000
1320.821	8412.000
1320.961	8270.000
1321.101	8347.000
1321.241	8177.000
1321.381	8394.000
1321.521	8197.000
1321.661	8350.000
1321.802	8226.000
1321.942	8372.000
1322.082	8229.000
1322.222	8343.000
1322.362	8184.000
1322.502	8402.000
1322.642	8262.000
1322.782	8342.000
1322.922	8290.000
1323.062	8392.000
1323.202	8148.000
1323.342	8344.000
1323.482	8309.000
1323.622	8436.000
1323.762	8280.000
1323.902	8308.000
1324.041	8264.000
1324.181	8311.000
1324.321	8190.000
1324.461	8367.000
1324.601	8221.000
1324.741	8359.000
1324.881	8228.000
1325.021	8331.000
1325.160	8182.000
1325.300	8395.000
1325.440	8253.000
1325.580	8421.000
1325.720	8174.000
1325.859	8411.000
1325.999	8241.000
1326.139	8387.000
1326.279	8221.000
1326.418	8437.000
1326.558	8252.000
1326.698	8323.000
1326.838	8244.000
1326.977	8376.000
1327.117	8236.000
1327.257	8433.000
1327.396	8238.000
1327.536	8340.000
1327.675	8268.000
1327.815	8347.000
1327.955	8250.000
1328.094	8422.000
1328.234	8259.000
1328.374	8323.000
1328.513	8199.000
1328.653	8411.000
1328.792	8258.000
1328.932	8323.000
1329.071	8254.000
1329.211	8341.000
1329.350	8282.000
1329.490	8440.000
1329.629	8247.000
1329.769	8360.000
1329.908	8312.000
1330.048	8369.000
1330.187	8265.000
1330.327	8446.000
1330.466	8330.000
1330.605	8416.000
1330.745	8301.000
1330.884	8434.000
1331.024	8289.000
1331.163	8377.000
1331.302	8318.000
1331.442	8449.000
1331.581	8252.000
1331.720	8366.000
1331.860	8349.000
1331.999	8418.000
1332.138	8242.000
1332.277	8347.000
1332.417	8238.000
1332.556	8496.000
1332.695	8251.000
1332.834	8379.000
1332.974	8307.000
1333.113	8512.000
1333.252	8870.000
1333.391	8410.000
1333.531	8309.000
1333.670	8415.000
1333.809	8267.000
1333.948	8470.000
1334.087	8233.000
1334.226	8456.000
1334.365	8296.000
1334.505	8305.000
1334.644	8331.000
1334.783	8391.000
1334.922	8286.000
1335.061	8380.000
1335.200	8270.000
1335.339	8469.000
1335.478	8251.000
1335.617	8340.000
1335.756	8245.000
1335.895	8374.000
1336.034	8235.000
1336.173	8365.000
1336.312	8245.000
1336.451	8361.000
1336.590	8283.000
1336.729	8338.000
1336.868	8198.000
1337.007	8464.000
1337.146	8255.000
1337.285	8345.000
1337.423	8219.000
1337.562	8288.000
1337.701	8232.000
1337.840	8282.000
1337.979	8224.000
1338.118	8255.000
1338.256	8235.000
1338.395	8250.000
1338.534	8227.000
1338.673	8342.000
1338.812	8217.000
1338.950	8346.000
1339.089	8242.000
1339.228	8384.000
1339.367	8230.000
1339.505	8295.000
1339.644	8243.000
1339.783	8317.000
1339.922	8202.000
1340.060	8309.000
1340.199	8220.000
1340.338	8299.000
1340.476	8259.000
1340.615	8324.000
1340.753	8334.000
1340.892	8306.000
1341.031	8223.000
1341.169	8283.000
1341.308	8268.000
1341.446	8344.000
1341.585	8198.000
1341.724	8376.000
1341.862	8260.000
1342.001	8391.000
1342.139	8226.000
1342.278	8320.000
1342.416	8240.000
1342.555	8333.000
1342.693	8153.000
1342.832	8384.000
1342.970	8244.000
1343.109	8407.000
1343.247	8295.000
1343.385	8406.000
1343.524	8224.000
1343.662	8419.000
1343.801	8227.000
1343.939	8374.000
1344.077	8226.000
1344.216	8444.000
1344.354	8222.000
1344.492	8413.000
1344.631	8251.000
1344.769	8447.000
1344.907	8227.000
1345.046	8394.000
1345.184	8310.000
1345.322	8457.000
1345.460	8325.000
1345.599	8423.000
1345.737	8388.000
1345.875	8480.000
1346.013	8378.000
1346.152	8400.000
1346.290	8362.000
1346.428	8524.000
1346.566	8322.000
1346.704	8436.000
1346.843	8330.000
1346.981	8536.000
1347.119	8284.000
1347.257	8479.000
1347.395	8326.000
1347.533	8560.000
1347.671	8472.000
1347.809	8483.000
1347.947	8295.000
1348.085	8451.000
1348.224	8325.000
1348.362	8436.000
1348.500	8403.000
1348.638	8458.000
1348.776	8351.000
1348.914	8463.000
1349.052	8393.000
1349.190	8467.000
1349.328	8395.000
1349.466	8475.000
1349.603	8316.000
1349.741	8522.000
1349.879	8346.000
1350.017	8457.000
1350.155	8334.000
1350.293	8486.000
1350.431	8251.000
1350.569	8487.000
1350.707	8404.000
1350.844	8411.000
1350.982	8379.000
1351.120	8538.000
1351.258	8312.000
1351.396	8487.000
1351.534	8357.000
1351.671	8429.000
1351.809	8287.000
1351.947	8430.000
1352.085	8310.000
1352.222	8387.000
1352.360	8346.000
1352.498	8478.000
1352.636	8374.000
1352.773	8442.000
1352.911	8314.000
1353.049	8496.000
1353.186	8395.000
1353.324	8438.000
1353.462	8395.000
1353.599	8474.000
1353.737	8340.000
1353.874	8445.000
1354.012	7192.000
1354.150	8433.000
1354.287	8320.000
1354.425	8361.000
1354.562	8255.000
1354.700	8461.000
1354.837	8289.000
1354.975	8440.000
1355.112	8372.000
1355.250	8425.000
1355.387	8308.000
1355.525	8411.000
1355.662	8281.000
1355.800	8466.000
1355.937	8327.000
1356.075	8417.000
1356.212	8227.000
1356.350	8436.000
1356.487	8240.000
1356.624	8345.000
1356.762	8263.000
1356.899	8345.000
1357.037	8249.000
1357.174	8367.000
1357.311	8222.000
1357.449	8448.000
1357.586	8172.000
1357.723	8458.000
1357.860	8255.000
1357.998	8335.000
1358.135	8296.000
1358.272	8281.000
1358.410	8191.000
1358.547	8281.000
1358.684	8163.000
1358.821	8235.000
1358.959	8157.000
1359.096	8356.000
1359.233	8207.000
1359.370	8359.000
1359.507	8165.000
1359.644	8279.000
1359.782	8144.000
1359.919	8236.000
1360.056	8091.000
1360.193	8251.000
1360.330	8056.000
1360.467	8244.000
1360.604	8076.000
1360.741	8262.000
1360.878	8213.000
1361.015	8282.000
1361.152	8121.000
1361.290	8387.000
1361.427	8124.000
1361.564	8259.000
1361.701	8163.000
1361.838	8307.000
1361.975	8103.000
1362.112	8378.000
1362.248	12656.000
1362.385	8394.000
1362.522	8210.000
1362.659	8260.000
1362.796	8209.000
1362.933	8268.000
1363.070	8075.000
1363.207	8287.000
1363.344	8284.000
1363.481	8386.000
1363.617	8264.000
1363.754	8325.000
1363.891	8225.000
1364.028	8322.000
1364.165	8313.000
1364.302	8441.000
1364.438	8261.000
1364.575	8349.000
1364.712	8199.000
1364.849	8373.000
1364.985	8279.000
1365.122	8448.000
1365.259	8277.000
1365.396	8405.000
1365.532	8256.000
1365.669	8363.000
1365.806	8236.000
1365.942	8329.000
1366.079	8211.000
1366.216	8420.000
1366.352	8247.000
1366.489	8383.000
1366.625	8225.000
1366.762	8463.000
1366.899	8274.000
1367.035	8442.000
1367.172	8226.000
1367.308	8401.000
1367.445	8141.000
1367.581	8397.000
1367.718	8201.000
1367.855	8401.000
1367.991	8166.000
1368.128	8440.000
1368.264	8252.000
1368.401	8361.000
1368.537	8252.000
1368.673	8426.000
1368.810	8180.000
1368.946	8432.000
1369.083	8301.000
1369.219	8307.000
1369.356	8236.000
1369.492	8428.000
1369.628	8282.000
1369.765	8391.000
1369.901	8281.000
1370.037	8393.000
1370.174	8295.000
1370.310	8364.000
1370.446	8320.000
1370.583	8416.000
1370.719	8299.000
1370.855	8469.000
1370.992	8250.000
1371.128	8441.000
1371.264	8193.000
1371.400	8403.000
1371.537	8361.000
1371.673	8509.000
1371.809	8291.000
1371.945	8389.000
1372.081	8344.000
1372.218	8519.000
1372.354	8350.000
1372.490	8541.000
1372.626	8290.000
1372.762	8510.000
1372.898	8320.000
1373.034	8434.000
1373.170	8317.000
1373.307	8463.000
1373.443	8326.000
1373.579	8366.000
1373.715	8384.000
1373.851	8548.000
1373.987	8402.000
1374.123	8417.000
1374.259	8358.000
1374.395	8397.000
1374.531	8452.000
1374.667	8541.000
