1429.840	25538.000
1429.989	25030.000
1430.138	25484.000
1430.288	25001.000
1430.437	25424.000
1430.587	25050.000
1430.736	25379.000
1430.885	24910.000
1431.035	25322.000
1431.184	24874.000
1431.333	25191.000
1431.482	24888.000
1431.632	25236.000
1431.781	24733.000
1431.930	25216.000
1432.079	24875.000
1432.229	25085.000
1432.378	24752.000
1432.527	25168.000
1432.676	24723.000
1432.825	25126.000
1432.974	24590.000
1433.123	25241.000
1433.273	24615.000
1433.422	25060.000
1433.571	24594.000
1433.720	25098.000
1433.869	24488.000
1434.018	24961.000
1434.167	24521.000
1434.316	25054.000
1434.465	24518.000
1434.614	24921.000
1434.763	24442.000
1434.911	24832.000
1435.060	24333.000
1435.209	24931.000
1435.358	24326.000
1435.507	24845.000
1435.656	24329.000
1435.805	24845.000
1435.954	24355.000
1436.102	24744.000
1436.251	24377.000
1436.400	24705.000
1436.549	24199.000
1436.697	24741.000
1436.846	24135.000
1436.995	24681.000
1437.144	24210.000
1437.292	24652.000
1437.441	24060.000
1437.590	24699.000
1437.738	24200.000
1437.887	24586.000
1438.035	24084.000
1438.184	24500.000
1438.333	24028.000
1438.481	24449.000
1438.630	23927.000
1438.778	24445.000
1438.927	23908.000
1439.075	24337.000
1439.224	23846.000
1439.372	24275.000
1439.521	23831.000
1439.669	24276.000
1439.818	23641.000
1439.966	24237.000
1440.114	23797.000
1440.263	24168.000
1440.411	23608.000
1440.559	24127.000
1440.708	23723.000
1440.856	24051.000
1441.004	23598.000
1441.153	23970.000
1441.301	23526.000
1441.449	23907.000
1441.597	23587.000
1441.746	23798.000
1441.894	23558.000
1442.042	23915.000
1442.190	23368.000
1442.338	23719.000
1442.487	23350.000
1442.635	23737.000
1442.783	23286.000
1442.931	23732.000
1443.079	23253.000
1443.227	23678.000
1443.375	23226.000
1443.523	23641.000
1443.671	23228.000
1443.819	23714.000
1443.967	23097.000
1444.115	23582.000
1444.263	23191.000
1444.411	23652.000
1444.559	23141.000
1444.707	23489.000
1444.855	23054.000
1445.003	23412.000
1445.151	22950.000
1445.299	23443.000
1445.447	23154.000
1445.594	23399.000
1445.742	23049.000
1445.890	23374.000
1446.038	22985.000
1446.186	23358.000
1446.333	23031.000
1446.481	23276.000
1446.629	23080.000
1446.776	23264.000
1446.924	22833.000
1447.072	23372.000
1447.220	22923.000
1447.367	23244.000
1447.515	22901.000
1447.662	23259.000
1447.810	22978.000
1447.958	23220.000
1448.105	22910.000
1448.253	23188.000
1448.400	22919.000
1448.548	23046.000
1448.695	22778.000
1448.843	23368.000
1448.990	22913.000
1449.138	23177.000
1449.285	22859.000
1449.433	23298.000
1449.580	22851.000
1449.728	23167.000
1449.875	22821.000
1450.022	23254.000
1450.170	22951.000
1450.317	23212.000
1450.464	22820.000
1450.612	23168.000
1450.759	22855.000
1450.906	23180.000
1451.054	22647.000
1451.201	23153.000
1451.348	22876.000
1451.495	23176.000
1451.643	22743.000
1451.790	23033.000
1451.937	22837.000
1452.084	23060.000
1452.231	22651.000
1452.378	22907.000
1452.526	22691.000
1452.673	22957.000
1452.820	22729.000
1452.967	23033.000
1453.114	22756.000
1453.261	23037.000
1453.408	22574.000
1453.555	22972.000
1453.702	22615.000
1453.849	22824.000
1453.996	22686.000
1454.143	22798.000
1454.290	22589.000
1454.437	22897.000
1454.584	22504.000
1454.731	22825.000
1454.878	22588.000
1455.024	22735.000
1455.171	22553.000
1455.318	22774.000
1455.465	22507.000
1455.612	22893.000
1455.759	22517.000
1455.905	22749.000
1456.052	22472.000
1456.199	22570.000
1456.346	22311.000
1456.492	22665.000
1456.639	22541.000
1456.786	22679.000
1456.932	22366.000
1457.079	22544.000
1457.226	22287.000
1457.372	22558.000
1457.519	22239.000
1457.665	22609.000
1457.812	22407.000
1457.959	22458.000
1458.105	22243.000
1458.252	22444.000
1458.398	22250.000
1458.545	22453.000
1458.691	22271.000
1458.838	22378.000
1458.984	22230.000
1459.131	22359.000
1459.277	22259.000
1459.423	22526.000
1459.570	22100.000
1459.716	22467.000
1459.863	22071.000
1460.009	22383.000
1460.155	22126.000
1460.302	22385.000
1460.448	22142.000
1460.594	22316.000
1460.741	22181.000
1460.887	22330.000
1461.033	22064.000
1461.179	22245.000
1461.326	22191.000
1461.472	22290.000
1461.618	22007.000
1461.764	22258.000
1461.910	22042.000
1462.056	22183.000
1462.203	22101.000
1462.349	22255.000
1462.495	22133.000
1462.641	22246.000
1462.787	22059.000
1462.933	22119.000
1463.079	22138.000
1463.225	22154.000
1463.371	22071.000
1463.517	22170.000
1463.663	22176.000
1463.809	22285.000
1463.955	21987.000
1464.101	22239.000
1464.247	22101.000
1464.393	22182.000
1464.539	22011.000
1464.684	22160.000
1464.830	22109.000
1464.976	22170.000
1465.122	22005.000
1465.268	22160.000
1465.414	21970.000
1465.559	22154.000
1465.705	21947.000
1465.851	22189.000
1465.997	22059.000
1466.142	22162.000
1466.288	22044.000
1466.434	22381.000
1466.579	22061.000
1466.725	22243.000
1466.871	21883.000
1467.016	22133.000
1467.162	21979.000
1467.308	22098.000
1467.453	21972.000
1467.599	22316.000
1467.744	22082.000
1467.890	22175.000
1468.035	22013.000
1468.181	22302.000
1468.326	21983.000
1468.472	22125.000
1468.617	22015.000
1468.763	22204.000
1468.908	22014.000
1469.054	22150.000
1469.199	22020.000
1469.344	22107.000
1469.490	21921.000
1469.635	22241.000
1469.780	21967.000
1469.926	22172.000
1470.071	22032.000
1470.216	22242.000
1470.362	21950.000
1470.507	22159.000
1470.652	22152.000
1470.797	22230.000
1470.943	21930.000
1471.088	22319.000
1471.233	22010.000
1471.378	22133.000
1471.523	22038.000
1471.668	22264.000
1471.814	22107.000
1471.959	22090.000
1472.104	22004.000
1472.249	22254.000
1472.394	21980.000
1472.539	22097.000
1472.684	21912.000
1472.829	22130.000
1472.974	22010.000
1473.119	22189.000
1473.264	21952.000
1473.409	21919.000
1473.554	22064.000
1473.699	22083.000
1473.844	21847.000
1473.989	22059.000
1474.134	22003.000
1474.279	22061.000
1474.423	21867.000
1474.568	22197.000
1474.713	21798.000
1474.858	21963.000
1475.003	21900.000
1475.147	22061.000
1475.292	21897.000
1475.437	21964.000
1475.582	21960.000
1475.726	22078.000
1475.871	21917.000
1476.016	21995.000
1476.161	21832.000
1476.305	22056.000
1476.450	21901.000
1476.594	21922.000
1476.739	21866.000
1476.884	21962.000
1477.028	21686.000
1477.173	21976.000
1477.317	21790.000
1477.462	21875.000
1477.606	21931.000
1477.751	21808.000
1477.895	21622.000
1478.040	21901.000
1478.184	21900.000
1478.329	21884.000
1478.473	21676.000
1478.618	21824.000
1478.762	21851.000
1478.907	21810.000
1479.051	21757.000
1479.195	21847.000
1479.340	21706.000
1479.484	21833.000
1479.628	21697.000
1479.773	21908.000
1479.917	21814.000
1480.061	21862.000
1480.205	21774.000
1480.350	21716.000
1480.494	21673.000
1480.638	21836.000
1480.782	21641.000
1480.926	21686.000
1481.071	21833.000
1481.215	21720.000
1481.359	21552.000
1481.503	21756.000
1481.647	21749.000
1481.791	21800.000
1481.935	21687.000
1482.079	21773.000
1482.223	21596.000
1482.367	21680.000
1482.511	21547.000
1482.655	21847.000
1482.799	21535.000
1482.943	21668.000
1483.087	21498.000
1483.231	21726.000
1483.375	21556.000
1483.519	21696.000
1483.663	21460.000
1483.807	21775.000
1483.951	21551.000
1484.095	21693.000
1484.238	21555.000
1484.382	21640.000
1484.526	21585.000
1484.670	21668.000
1484.814	21565.000
1484.957	21663.000
1485.101	21659.000
1485.245	21673.000
1485.389	21749.000
1485.532	21564.000
1485.676	21713.000
1485.820	21648.000
1485.963	21575.000
1486.107	21658.000
1486.250	21703.000
1486.394	21733.000
1486.538	21492.000
1486.681	21693.000
1486.825	21609.000
1486.968	21671.000
1487.112	21521.000
1487.255	21653.000
1487.399	21582.000
1487.542	21707.000
1487.686	21506.000
1487.829	21710.000
1487.973	21607.000
1488.116	21654.000
1488.260	21546.000
1488.403	20962.000
1488.546	21640.000
1488.690	21759.000
1488.833	21526.000
1488.976	21698.000
1489.120	21510.000
1489.263	21571.000
1489.406	21475.000
1489.550	21704.000
1489.693	21683.000
1489.836	21557.000
1489.979	21470.000
1490.123	21632.000
1490.266	21620.000
1490.409	21619.000
1490.552	21463.000
1490.695	21636.000
1490.838	21546.000
1490.981	21673.000
1491.125	21562.000
1491.268	21600.000
1491.411	21627.000
1491.554	21654.000
1491.697	21524.000
1491.840	21695.000
1491.983	21539.000
1492.126	21558.000
1492.269	21481.000
1492.412	21628.000
1492.555	21777.000
1492.698	21644.000
1492.841	21556.000
1492.984	21649.000
1493.126	21633.000
1493.269	21650.000
1493.412	21573.000
1493.555	21693.000
1493.698	21622.000
1493.841	21689.000
1493.984	21588.000
1494.126	21664.000
1494.269	21655.000
1494.412	21764.000
1494.555	21605.000
1494.697	21621.000
1494.840	21531.000
1494.983	21643.000
1495.125	21627.000
1495.268	21581.000
1495.411	21539.000
1495.553	21612.000
1495.696	21474.000
1495.839	21662.000
1495.981	21610.000
1496.124	21654.000
1496.266	21599.000
1496.409	21650.000
1496.551	21671.000
1496.694	21715.000
1496.836	21482.000
1496.979	21562.000
1497.121	21568.000
1497.264	21763.000
1497.406	21645.000
1497.549	21603.000
1497.691	21595.000
1497.834	21677.000
1497.976	21529.000
1498.118	21572.000
1498.261	21565.000
1498.403	21643.000
1498.545	21449.000
1498.688	21548.000
1498.830	21602.000
1498.972	21593.000
1499.114	21560.000
1499.257	21700.000
1499.399	21544.000
1499.541	21650.000
1499.683	21354.000
1499.826	21589.000
1499.968	21606.000
1500.110	21698.000
1500.252	21479.000
1500.394	21654.000
1500.536	21403.000
1500.678	21656.000
1500.820	21490.000
1500.962	21715.000
1501.104	21632.000
1501.247	21619.000
1501.389	21533.000
1501.531	21624.000
1501.673	21594.000
1501.815	21611.000
1501.956	21574.000
1502.098	21712.000
1502.240	21606.000
1502.382	21681.000
1502.524	21386.000
1502.666	21574.000
1502.808	21615.000
1502.950	21492.000
1503.092	21456.000
1503.233	21531.000
1503.375	21440.000
1503.517	21545.000
1503.659	21439.000
1503.801	21566.000
1503.942	21561.000
1504.084	21501.000
1504.226	21474.000
1504.367	21539.000
1504.509	21478.000
1504.651	21550.000
1504.792	21397.000
1504.934	21500.000
1505.076	21508.000
1505.217	21424.000
1505.359	21378.000
1505.501	21464.000
1505.642	21502.000
1505.784	21475.000
1505.925	21401.000
1506.067	21717.000
1506.208	21465.000
1506.350	21550.000
1506.491	21457.000
1506.633	21518.000
1506.774	21547.000
1506.915	21517.000
1507.057	21452.000
1507.198	21441.000
1507.340	21683.000
1507.481	21691.000
1507.622	21583.000
1507.764	21526.000
1507.905	21528.000
1508.046	21653.000
1508.188	21492.000
1508.329	21583.000
1508.470	21503.000
1508.611	21536.000
1508.753	21543.000
1508.894	21573.000
1509.035	21529.000
1509.176	21518.000
1509.317	21458.000
1509.459	21600.000
1509.600	21510.000
1509.741	21581.000
1509.882	21493.000
1510.023	21493.000
1510.164	21523.000
1510.305	21442.000
1510.446	21442.000
1510.587	21540.000
1510.728	21609.000
1510.869	21596.000
1511.010	21426.000
1511.151	21519.000
1511.292	21377.000
1511.433	21580.000
1511.574	21480.000
1511.715	21524.000
1511.856	21502.000
1511.997	21351.000
1512.138	21452.000
1512.279	21546.000
1512.419	21488.000
1512.560	21424.000
1512.701	21474.000
1512.842	21572.000
1512.983	21386.000
1513.123	21545.000
1513.264	21461.000
1513.405	21451.000
1513.546	21500.000
1513.686	21429.000
1513.827	21464.000
1513.968	21383.000
1514.108	21414.000
1514.249	21394.000
1514.390	21375.000
1514.530	21475.000
1514.671	21351.000
1514.811	21339.000
1514.952	21337.000
1515.093	21491.000
1515.233	21462.000
1515.374	21480.000
1515.514	21422.000
1515.655	21353.000
1515.795	21387.000
1515.936	21301.000
1516.076	21306.000
1516.216	21272.000
1516.357	21346.000
1516.497	21376.000
1516.638	21390.000
1516.778	21361.000
1516.918	21355.000
1517.059	21299.000
1517.199	21261.000
1517.339	21228.000
1517.480	21292.000
1517.620	21264.000
1517.760	21113.000
1517.900	21145.000
1518.041	21196.000
1518.181	21345.000
1518.321	21124.000
1518.461	21260.000
1518.601	21159.000
1518.742	21228.000
1518.882	21166.000
1519.022	21159.000
1519.162	21243.000
1519.302	21176.000
1519.442	21115.000
1519.582	21113.000
1519.722	21236.000
1519.862	21190.000
1520.002	21015.000
1520.142	21189.000
1520.282	21038.000
1520.422	21079.000
1520.562	20918.000
1520.702	21104.000
1520.842	21168.000
1520.982	21160.000
1521.122	21079.000
1521.262	21088.000
1521.402	21104.000
1521.542	21128.000
1521.682	20925.000
1521.821	21016.000
1521.961	21082.000
1522.101	20983.000
1522.241	20984.000
1522.380	21025.000
1522.520	21059.000
1522.660	21097.000
1522.800	20936.000
1522.939	21006.000
1523.079	21045.000
1523.219	21040.000
1523.358	20994.000
1523.498	21095.000
1523.638	21118.000
1523.777	21001.000
1523.917	20989.000
1524.057	21163.000
1524.196	21124.000
1524.336	21125.000
1524.475	20953.000
1524.615	21087.000
1524.754	21005.000
1524.894	21025.000
1525.033	21018.000
1525.173	21060.000
1525.312	21059.000
1525.452	21074.000
1525.591	20982.000
1525.730	21084.000
1525.870	21183.000
1526.009	21145.000
1526.148	21094.000
1526.288	20999.000
1526.427	21177.000
1526.566	21114.000
1526.706	21137.000
1526.845	21093.000
1526.984	21184.000
1527.124	21179.000
1527.263	21099.000
1527.402	21122.000
1527.541	21188.000
1527.680	21114.000
1527.820	21102.000
1527.959	21251.000
1528.098	21114.000
1528.237	21273.000
1528.376	21020.000
1528.515	21297.000
1528.654	21254.000
1528.793	21174.000
1528.933	21146.000
1529.072	21124.000
1529.211	21179.000
1529.350	21197.000
1529.489	21108.000
1529.628	21208.000
1529.767	21165.000
1529.905	21259.000
1530.044	21203.000
1530.183	21199.000
1530.322	21236.000
1530.461	21313.000
1530.600	21196.000
1530.739	21200.000
1530.878	21326.000
1531.017	21362.000
1531.155	21280.000
1531.294	21396.000
1531.433	21288.000
1531.572	21384.000
1531.710	21248.000
1531.849	21442.000
1531.988	21383.000
1532.127	21367.000
1532.265	21386.000
1532.404	21586.000
1532.543	21357.000
1532.681	21484.000
1532.820	21304.000
1532.959	21435.000
1533.097	21514.000
1533.236	21362.000
1533.374	21281.000
1533.513	21384.000
1533.651	21390.000
1533.790	22254.000
1533.929	21279.000
1534.067	21367.000
1534.205	21351.000
1534.344	21268.000
1534.482	21359.000
1534.621	21320.000
1534.759	21411.000
1534.898	21374.000
1535.036	21154.000
1535.174	21459.000
1535.313	21367.000
1535.451	21390.000
1535.589	21305.000
1535.728	21384.000
1535.866	21468.000
1536.004	21323.000
1536.143	21203.000
1536.281	21274.000
1536.419	21316.000
1536.557	21287.000
1536.696	21199.000
1536.834	21353.000
1536.972	21164.000
1537.110	21386.000
1537.248	21162.000
1537.386	21238.000
1537.525	21411.000
1537.663	21309.000
1537.801	21093.000
1537.939	21275.000
1538.077	21115.000
1538.215	21289.000
1538.353	21117.000
1538.491	21274.000
1538.629	21026.000
1538.767	21297.000
1538.905	21107.000
1539.043	21205.000
1539.181	21194.000
1539.319	21205.000
1539.457	21145.000
1539.595	21249.000
1539.732	21321.000
1539.870	21315.000
1540.008	21149.000
1540.146	21402.000
1540.284	21215.000
1540.422	21331.000
1540.559	21186.000
1540.697	21346.000
1540.835	21231.000
1540.973	21384.000
1541.110	21222.000
1541.248	21484.000
1541.386	21280.000
1541.523	21416.000
1541.661	21215.000
1541.799	21375.000
1541.936	21307.000
1542.074	21341.000
1542.212	21322.000
1542.349	21413.000
1542.487	21383.000
1542.624	21403.000
1542.762	21282.000
1542.899	21456.000
1543.037	21388.000
1543.174	21366.000
1543.312	21410.000
1543.449	21535.000
1543.587	21447.000
1543.724	21485.000
1543.862	21488.000
1543.999	21465.000
1544.137	21467.000
1544.274	21506.000
1544.411	21433.000
1544.549	21460.000
1544.686	21535.000
1544.823	21497.000
1544.961	21510.000
1545.098	21529.000
1545.235	21580.000
1545.372	21579.000
1545.510	21502.000
1545.647	21651.000
1545.784	21640.000
1545.921	21678.000
1546.058	21565.000
1546.196	21823.000
1546.333	21751.000
1546.470	21823.000
1546.607	21619.000
1546.744	21785.000
1546.881	21769.000
1547.018	21763.000
1547.155	21614.000
1547.292	21855.000
1547.429	21856.000
1547.567	21765.000
1547.704	21813.000
1547.841	21779.000
1547.977	21911.000
1548.114	21978.000
1548.251	21749.000
1548.388	21838.000
1548.525	21780.000
1548.662	21836.000
1548.799	21700.000
1548.936	21828.000
1549.073	21846.000
1549.210	21886.000
1549.346	21722.000
1549.483	21868.000
1549.620	21848.000
1549.757	21907.000
1549.893	21808.000
1550.030	21887.000
1550.167	21965.000
1550.304	21866.000
1550.440	21783.000
1550.577	21811.000
1550.714	21844.000
1550.850	21753.000
1550.987	21818.000
1551.124	21945.000
1551.260	21714.000
1551.397	21856.000
1551.533	21817.000
1551.670	21892.000
1551.807	21817.000
1551.943	21897.000
1552.080	21780.000
1552.216	21806.000
1552.353	21801.000
1552.489	21825.000
1552.626	21748.000
1552.762	21978.000
1552.898	21788.000
1553.035	21951.000
1553.171	21795.000
1553.308	21816.000
1553.444	21905.000
1553.580	22016.000
1553.717	21855.000
1553.853	21983.000
1553.989	21867.000
1554.126	21915.000
1554.262	21843.000
1554.398	19347.000
1554.534	21837.000
1554.671	21916.000
1554.807	21736.000
1554.943	21877.000
1555.079	21915.000
1555.215	21902.000
1555.352	21865.000
1555.488	21913.000
1555.624	21916.000
1555.760	21833.000
1555.896	21817.000
1556.032	21875.000
1556.168	21954.000
1556.304	21933.000
1556.440	21828.000
1556.576	21834.000
1556.712	21866.000
1556.848	21811.000
1556.984	21690.000
1557.120	21917.000
1557.256	21789.000
1557.392	21815.000
1557.528	21707.000
1557.664	21796.000
1557.800	21873.000
1557.936	21783.000
1558.071	21787.000
1558.207	21803.000
1558.343	21778.000
1558.479	21823.000
1558.615	21627.000
1558.751	21748.000
1558.886	21614.000
1559.022	21707.000
1559.158	21518.000
1559.293	21758.000
1559.429	21680.000
1559.565	21728.000
1559.701	21709.000
1559.836	21623.000
1559.972	21660.000
1560.107	21640.000
1560.243	21579.000
1560.379	21619.000
1560.514	21617.000
1560.650	21649.000
1560.785	21557.000
1560.921	21598.000
1561.056	21658.000
1561.192	21738.000
1561.327	21595.000
1561.463	21705.000
1561.598	21732.000
1561.734	21688.000
1561.869	21581.000
1562.005	21731.000
1562.140	21730.000
1562.275	21613.000
1562.411	21815.000
1562.546	28126.000
1562.682	21891.000
1562.817	21796.000
1562.952	21721.000
1563.087	21863.000
1563.223	21840.000
1563.358	21832.000
1563.493	21823.000
1563.628	21999.000
1563.764	22018.000
1563.899	22022.000
1564.034	21863.000
1564.169	21994.000
1564.304	22011.000
1564.440	22137.000
1564.575	22012.000
1564.710	22083.000
1564.845	22099.000
1564.980	22064.000
1565.115	22064.000
1565.250	22197.000
1565.385	22141.000
1565.520	22167.000
1565.655	22155.000
1565.790	22175.000
1565.925	22122.000
1566.060	22166.000
1566.195	21991.000
1566.330	22223.000
1566.465	22187.000
1566.600	22184.000
1566.735	22156.000
1566.870	22137.000
1567.004	22258.000
1567.139	22239.000
1567.274	22124.000
1567.409	22166.000
1567.544	22219.000
1567.678	22091.000
1567.813	22141.000
1567.948	22193.000
1568.083	22251.000
1568.217	22112.000
1568.352	22265.000
1568.487	22279.000
1568.622	22240.000
1568.756	22236.000
1568.891	22243.000
1569.025	22213.000
1569.160	22462.000
1569.295	22435.000
1569.429	22189.000
1569.564	22368.000
1569.698	22381.000
1569.833	22476.000
1569.967	22306.000
1570.102	22406.000
1570.236	22387.000
1570.371	22553.000
1570.505	22378.000
1570.640	22595.000
1570.774	22510.000
1570.909	22498.000
1571.043	22504.000
1571.177	22585.000
1571.312	22573.000
1571.446	22510.000
1571.581	22555.000
1571.715	22646.000
1571.849	22765.000
1571.983	22653.000
1572.118	22593.000
1572.252	22774.000
1572.386	22795.000
1572.521	22787.000
1572.655	22760.000
1572.789	22754.000
1572.923	22862.000
1573.057	22836.000
1573.191	22741.000
1573.326	22908.000
1573.460	22869.000
1573.594	22935.000
1573.728	22726.000
1573.862	22947.000
1573.996	23073.000
1574.130	23061.000
1574.264	22879.000
1574.398	23130.000
1574.532	22898.000
1574.666	23186.000
1574.800	22989.000
