1229.956	9118.000
1230.103	9097.000
1230.250	9094.000
1230.397	9145.000
1230.544	9058.000
1230.691	9187.000
1230.838	9106.000
1230.985	9099.000
1231.132	9089.000
1231.278	9087.000
1231.425	9027.000
1231.572	9155.000
1231.719	9091.000
1231.866	9056.000
1232.013	9100.000
1232.159	9200.000
1232.306	9029.000
1232.453	9142.000
1232.600	9041.000
1232.746	9181.000
1232.893	9040.000
1233.040	9061.000
1233.186	9216.000
1233.333	9120.000
1233.480	9115.000
1233.627	9082.000
1233.773	9102.000
1233.920	9045.000
1234.066	9053.000
1234.213	9073.000
1234.360	9114.000
1234.506	9117.000
1234.653	9124.000
1234.800	9068.000
1234.946	8995.000
1235.093	9077.000
1235.239	9122.000
1235.386	9034.000
1235.532	9124.000
1235.679	9105.000
1235.825	9073.000
1235.972	9125.000
1236.118	9052.000
1236.265	9140.000
1236.411	8982.000
1236.558	9065.000
1236.704	9098.000
1236.851	9047.000
1236.997	9028.000
1237.143	9051.000
1237.290	9025.000
1237.436	8990.000
1237.583	9099.000
1237.729	9105.000
1237.875	9017.000
1238.022	9071.000
1238.168	8984.000
1238.314	9081.000
1238.461	8970.000
1238.607	9005.000
1238.753	9047.000
1238.900	9001.000
1239.046	8971.000
1239.192	8969.000
1239.338	8951.000
1239.485	9007.000
1239.631	8968.000
1239.777	8888.000
1239.923	8927.000
1240.070	8961.000
1240.216	8983.000
1240.362	8914.000
1240.508	8946.000
1240.654	8958.000
1240.800	8871.000
1240.947	8909.000
1241.093	8884.000
1241.239	8933.000
1241.385	8901.000
1241.531	9019.000
1241.677	8869.000
1241.823	8927.000
1241.969	8922.000
1242.115	8907.000
1242.261	8800.000
1242.407	8871.000
1242.553	8833.000
1242.699	8864.000
1242.845	8862.000
1242.991	8850.000
1243.137	8855.000
1243.283	8897.000
1243.429	8852.000
1243.575	8864.000
1243.721	8903.000
1243.867	8867.000
1244.013	8828.000
1244.159	8844.000
1244.305	8855.000
1244.451	8885.000
1244.596	8826.000
1244.742	8807.000
1244.888	8816.000
1245.034	8761.000
1245.180	8819.000
1245.326	8896.000
1245.471	8801.000
1245.617	8827.000
1245.763	8784.000
1245.909	8822.000
1246.055	8824.000
1246.200	8863.000
1246.346	8704.000
1246.492	8878.000
1246.638	8771.000
1246.783	8791.000
1246.929	8849.000
1247.075	8834.000
1247.220	8822.000
1247.366	8824.000
1247.512	8807.000
1247.657	8841.000
1247.803	8813.000
1247.949	8884.000
1248.094	8754.000
1248.240	8874.000
1248.385	8698.000
1248.531	8790.000
1248.676	8888.000
1248.822	8877.000
1248.968	8806.000
1249.113	8878.000
1249.259	8829.000
1249.404	8803.000
1249.550	8785.000
1249.695	8847.000
1249.841	8859.000
1249.986	8882.000
1250.132	8833.000
1250.277	8862.000
1250.422	8850.000
1250.568	8890.000
1250.713	8848.000
1250.859	8784.000
1251.004	8849.000
1251.150	8919.000
1251.295	8890.000
1251.440	8838.000
1251.586	8827.000
1251.731	8888.000
1251.876	8861.000
1252.022	8843.000
1252.167	8787.000
1252.312	8822.000
1252.458	8763.000
1252.603	8904.000
1252.748	8867.000
1252.893	8908.000
1253.039	8850.000
1253.184	8898.000
1253.329	8857.000
1253.474	8814.000
1253.619	8771.000
1253.765	8891.000
1253.910	8756.000
1254.055	8833.000
1254.200	8825.000
1254.345	8807.000
1254.490	8811.000
1254.636	8894.000
1254.781	8738.000
1254.926	8839.000
1255.071	8753.000
1255.216	8809.000
1255.361	8856.000
1255.506	8885.000
1255.651	8734.000
1255.796	8862.000
1255.941	8676.000
1256.086	8768.000
1256.231	8742.000
1256.376	8875.000
1256.521	8780.000
1256.666	8853.000
1256.811	8682.000
1256.956	8728.000
1257.101	8754.000
1257.246	8781.000
1257.391	8802.000
1257.536	8869.000
1257.681	8722.000
1257.826	8774.000
1257.971	8684.000
1258.116	8802.000
1258.260	8726.000
1258.405	8839.000
1258.550	8702.000
1258.695	8804.000
1258.840	8638.000
1258.985	8850.000
1259.129	8824.000
1259.274	8718.000
1259.419	8759.000
1259.564	8729.000
1259.708	8689.000
1259.853	8774.000
1259.998	8711.000
1260.143	8816.000
1260.287	8675.000
1260.432	8792.000
1260.577	8682.000
1260.721	8789.000
1260.866	8622.000
1261.011	8832.000
1261.155	8720.000
1261.300	8763.000
1261.445	8665.000
1261.589	8744.000
1261.734	8608.000
1261.878	8769.000
1262.023	8728.000
1262.168	8806.000
1262.312	8707.000
1262.457	8821.000
1262.601	8580.000
1262.746	8804.000
1262.890	8628.000
1263.035	8745.000
1263.179	8652.000
1263.324	8860.000
1263.468	8724.000
1263.613	8773.000
1263.757	8694.000
1263.902	8816.000
1264.046	8659.000
1264.191	8776.000
1264.335	8708.000
1264.479	8806.000
1264.624	8665.000
1264.768	8727.000
1264.912	8663.000
1265.057	8764.000
1265.201	8669.000
1265.346	8739.000
1265.490	8653.000
1265.634	8811.000
1265.778	8689.000
1265.923	8812.000
1266.067	8776.000
1266.211	8816.000
1266.356	8779.000
1266.500	8732.000
1266.644	8643.000
1266.788	8751.000
1266.933	8633.000
1267.077	8802.000
1267.221	8809.000
1267.365	8835.000
1267.509	8707.000
1267.653	8810.000
1267.798	8791.000
1267.942	8752.000
1268.086	8679.000
1268.230	8814.000
1268.374	8693.000
1268.518	8783.000
1268.662	8640.000
1268.806	8823.000
1268.950	8675.000
1269.095	8777.000
1269.239	8728.000
1269.383	8787.000
1269.527	8752.000
1269.671	8797.000
1269.815	8743.000
1269.959	8774.000
1270.103	8675.000
1270.247	8897.000
1270.391	8725.000
1270.535	8731.000
1270.679	8720.000
1270.822	8843.000
1270.966	8643.000
1271.110	8796.000
1271.254	8798.000
1271.398	8842.000
1271.542	8687.000
1271.686	8765.000
1271.830	8712.000
1271.973	8738.000
1272.117	8660.000
1272.261	8734.000
1272.405	8689.000
1272.549	8787.000
1272.693	8670.000
1272.836	8750.000
1272.980	8553.000
1273.124	8818.000
1273.268	8632.000
1273.411	8719.000
1273.555	8642.000
1273.699	8791.000
1273.843	8616.000
1273.986	8701.000
1274.130	8733.000
1274.274	8661.000
1274.417	8576.000
1274.561	8734.000
1274.705	8624.000
1274.848	8696.000
1274.992	8567.000
1275.135	8801.000
1275.279	8671.000
1275.423	8705.000
1275.566	8583.000
1275.710	8732.000
1275.853	8635.000
1275.997	8714.000
1276.140	8554.000
1276.284	8744.000
1276.427	8591.000
1276.571	8588.000
1276.714	8639.000
1276.858	8660.000
1277.001	8567.000
1277.145	8775.000
1277.288	8523.000
1277.432	8561.000
1277.575	8525.000
1277.719	8717.000
1277.862	8594.000
1278.005	8600.000
1278.149	8465.000
1278.292	8718.000
1278.435	8523.000
1278.579	8664.000
1278.722	8513.000
1278.865	8662.000
1279.009	8543.000
1279.152	8618.000
1279.295	8569.000
1279.439	8691.000
1279.582	8539.000
1279.725	8705.000
1279.868	8464.000
1280.012	8535.000
1280.155	8511.000
1280.298	8615.000
1280.441	8387.000
1280.585	8710.000
1280.728	8397.000
1280.871	8540.000
1281.014	8499.000
1281.157	8637.000
1281.300	8509.000
1281.444	8569.000
1281.587	8503.000
1281.730	8520.000
1281.873	8424.000
1282.016	8537.000
1282.159	8567.000
1282.302	8507.000
1282.445	8479.000
1282.588	8501.000
1282.731	8494.000
1282.874	8566.000
1283.017	8434.000
1283.160	8525.000
1283.303	8457.000
1283.446	8501.000
1283.589	8459.000
1283.732	8567.000
1283.875	8396.000
1284.018	8602.000
1284.161	8417.000
1284.304	8540.000
1284.447	8416.000
1284.590	8629.000
1284.733	8427.000
1284.876	8690.000
1285.019	8380.000
1285.161	8678.000
1285.304	8452.000
1285.447	8565.000
1285.590	8443.000
1285.733	8612.000
1285.876	8486.000
1286.018	8516.000
1286.161	8457.000
1286.304	8591.000
1286.447	8404.000
1286.589	8561.000
1286.732	8449.000
1286.875	8575.000
1287.018	8494.000
1287.160	8569.000
1287.303	8498.000
1287.446	8580.000
1287.588	8423.000
1287.731	8609.000
1287.874	8122.000
1288.016	8631.000
1288.159	8491.000
1288.302	8555.000
1288.444	8525.000
1288.587	8534.000
1288.729	8376.000
1288.872	8515.000
1289.015	8478.000
1289.157	8640.000
1289.300	8437.000
1289.442	8548.000
1289.585	8410.000
1289.727	8591.000
1289.870	8477.000
1290.012	8546.000
1290.155	8383.000
1290.297	8574.000
1290.440	8498.000
1290.582	8585.000
1290.725	8409.000
1290.867	8602.000
1291.009	8436.000
1291.152	8579.000
1291.294	8508.000
1291.437	8536.000
1291.579	8375.000
1291.721	8545.000
1291.864	8481.000
1292.006	8708.000
1292.148	8438.000
1292.291	8608.000
1292.433	8475.000
1292.575	8606.000
1292.718	8494.000
1292.860	8599.000
1293.002	8472.000
1293.145	8639.000
1293.287	8522.000
1293.429	8578.000
1293.571	8468.000
1293.713	8623.000
1293.856	8508.000
1293.998	8635.000
1294.140	8456.000
1294.282	8548.000
1294.424	8430.000
1294.567	8657.000
1294.709	8404.000
1294.851	8555.000
1294.993	8434.000
1295.135	8551.000
1295.277	8440.000
1295.419	8592.000
1295.561	8494.000
1295.703	8611.000
1295.845	8450.000
1295.987	8612.000
1296.129	8552.000
1296.272	8578.000
1296.414	8442.000
1296.556	8611.000
1296.698	8509.000
1296.840	8627.000
1296.981	8435.000
1297.123	8646.000
1297.265	8473.000
1297.407	8568.000
1297.549	8462.000
1297.691	8606.000
1297.833	8459.000
1297.975	8553.000
1298.117	8451.000
1298.259	8607.000
1298.401	8444.000
1298.542	8550.000
1298.684	8538.000
1298.826	8557.000
1298.968	8466.000
1299.110	8543.000
1299.252	8416.000
1299.393	8623.000
1299.535	8527.000
1299.677	8537.000
1299.819	8472.000
1299.960	8517.000
1300.102	8498.000
1300.244	8571.000
1300.386	8558.000
1300.527	8628.000
1300.669	8447.000
1300.811	8601.000
1300.952	8464.000
1301.094	8606.000
1301.236	8493.000
1301.377	8597.000
1301.519	8522.000
1301.661	8644.000
1301.802	8502.000
1301.944	8484.000
1302.085	8441.000
1302.227	8645.000
1302.368	8393.000
1302.510	8525.000
1302.652	8430.000
1302.793	8530.000
1302.935	8442.000
1303.076	8576.000
1303.218	8472.000
1303.359	8629.000
1303.501	8374.000
1303.642	8638.000
1303.783	8476.000
1303.925	8554.000
1304.066	8469.000
1304.208	8563.000
1304.349	8418.000
1304.491	8580.000
1304.632	8382.000
1304.773	8541.000
1304.915	8433.000
1305.056	8566.000
1305.197	8377.000
1305.339	8563.000
1305.480	8581.000
1305.621	8569.000
1305.763	8471.000
1305.904	8607.000
1306.045	8446.000
1306.187	8586.000
1306.328	8445.000
1306.469	8592.000
1306.610	8378.000
1306.752	8694.000
1306.893	8510.000
1307.034	8655.000
1307.175	8428.000
1307.316	8612.000
1307.458	8474.000
1307.599	8593.000
1307.740	8407.000
1307.881	8572.000
1308.022	8447.000
1308.163	8607.000
1308.304	8517.000
1308.446	8604.000
1308.587	8395.000
1308.728	8557.000
1308.869	8461.000
1309.010	8529.000
1309.151	8470.000
1309.292	8567.000
1309.433	8406.000
1309.574	8575.000
1309.715	8348.000
1309.856	8595.000
1309.997	8443.000
1310.138	8674.000
1310.279	8479.000
1310.420	8562.000
1310.561	8408.000
1310.702	8497.000
1310.843	8491.000
1310.984	8635.000
1311.124	8412.000
1311.265	8595.000
1311.406	8348.000
1311.547	8567.000
1311.688	8461.000
1311.829	8552.000
1311.970	8385.000
1312.110	8553.000
1312.251	8510.000
1312.392	8492.000
1312.533	8450.000
1312.674	8596.000
1312.814	8388.000
1312.955	8559.000
1313.096	8380.000
1313.237	8594.000
1313.377	8406.000
1313.518	8474.000
1313.659	8365.000
1313.800	8533.000
1313.940	8421.000
1314.081	8499.000
1314.222	8306.000
1314.362	8502.000
1314.503	8480.000
1314.644	8596.000
1314.784	8436.000
1314.925	8582.000
1315.065	8379.000
1315.206	8549.000
1315.347	8339.000
1315.487	8470.000
1315.628	8280.000
1315.768	8489.000
1315.909	8404.000
1316.049	8526.000
1316.190	8374.000
1316.330	8511.000
1316.471	8357.000
1316.611	8501.000
1316.752	8266.000
1316.892	8470.000
1317.033	8328.000
1317.173	8397.000
1317.313	8249.000
1317.454	8435.000
1317.594	8375.000
1317.735	8359.000
1317.875	8320.000
1318.015	8468.000
1318.156	8291.000
1318.296	8439.000
1318.437	8288.000
1318.577	8467.000
1318.717	8298.000
1318.857	8403.000
1318.998	8269.000
1319.138	8476.000
1319.278	8277.000
1319.419	8351.000
1319.559	8316.000
1319.699	8359.000
1319.839	8221.000
1319.980	8300.000
1320.120	8218.000
1320.260	8460.000
1320.400	8295.000
1320.540	8375.000
1320.681	8280.000
1320.821	8420.000
1320.961	8245.000
1321.101	8323.000
1321.241	8223.000
1321.381	8377.000
1321.521	8185.000
1321.661	8347.000
1321.802	8208.000
1321.942	8389.000
1322.082	8252.000
1322.222	8317.000
1322.362	8181.000
1322.502	8401.000
1322.642	8274.000
1322.782	8341.000
1322.922	8270.000
1323.062	8395.000
1323.202	8171.000
1323.342	8316.000
1323.482	8336.000
1323.622	8425.000
1323.762	8251.000
1323.902	8331.000
1324.041	8274.000
1324.181	8297.000
1324.321	8187.000
1324.461	8352.000
1324.601	8205.000
1324.741	8351.000
1324.881	8239.000
1325.021	8282.000
1325.160	8198.000
1325.300	8421.000
1325.440	8267.000
1325.580	8388.000
1325.720	8189.000
1325.859	8389.000
1325.999	8245.000
1326.139	8399.000
1326.279	8216.000
1326.418	8433.000
1326.558	8209.000
1326.698	8314.000
1326.838	8228.000
1326.977	8369.000
1327.117	8234.000
1327.257	8414.000
1327.396	8217.000
1327.536	8332.000
1327.675	8268.000
1327.815	8339.000
1327.955	8278.000
1328.094	8406.000
1328.234	8260.000
1328.374	8339.000
1328.513	8237.000
1328.653	8380.000
1328.792	8256.000
1328.932	8339.000
1329.071	8282.000
1329.211	8350.000
1329.350	8256.000
1329.490	8419.000
1329.629	8235.000
1329.769	8344.000
1329.908	8342.000
1330.048	8397.000
1330.187	8248.000
1330.327	8433.000
1330.466	8341.000
1330.605	8408.000
1330.745	8345.000
1330.884	8425.000
1331.024	8317.000
1331.163	8380.000
1331.302	8315.000
1331.442	8428.000
1331.581	8292.000
1331.720	8355.000
1331.860	8385.000
1331.999	8430.000
1332.138	8307.000
1332.277	8372.000
1332.417	8265.000
1332.556	8494.000
1332.695	8299.000
1332.834	8400.000
1332.974	8288.000
1333.113	8493.000
1333.252	8822.000
1333.391	8388.000
1333.531	8279.000
1333.670	8415.000
1333.809	8221.000
1333.948	8473.000
1334.087	8235.000
1334.226	8459.000
1334.365	8235.000
1334.505	8351.000
1334.644	8340.000
1334.783	8378.000
1334.922	8275.000
1335.061	8374.000
1335.200	8294.000
1335.339	8421.000
1335.478	8264.000
1335.617	8324.000
1335.756	8235.000
1335.895	8352.000
1336.034	8247.000
1336.173	8400.000
1336.312	8256.000
1336.451	8320.000
1336.590	8287.000
1336.729	8318.000
1336.868	8213.000
1337.007	8465.000
1337.146	8249.000
1337.285	8337.000
1337.423	8229.000
1337.562	8290.000
1337.701	8244.000
1337.840	8306.000
1337.979	8248.000
1338.118	8250.000
1338.256	8243.000
1338.395	8252.000
1338.534	8217.000
1338.673	8341.000
1338.812	8187.000
1338.950	8340.000
1339.089	8213.000
1339.228	8401.000
1339.367	8238.000
1339.505	8304.000
1339.644	8252.000
1339.783	8288.000
1339.922	8257.000
1340.060	8313.000
1340.199	8251.000
1340.338	8280.000
1340.476	8270.000
1340.615	8330.000
1340.753	8308.000
1340.892	8312.000
1341.031	8224.000
1341.169	8270.000
1341.308	8225.000
1341.446	8299.000
1341.585	8222.000
1341.724	8370.000
1341.862	8254.000
1342.001	8379.000
1342.139	8217.000
1342.278	8304.000
1342.416	8217.000
1342.555	8335.000
1342.693	8161.000
1342.832	8394.000
1342.970	8229.000
1343.109	8410.000
1343.247	8309.000
1343.385	8427.000
1343.524	8248.000
1343.662	8389.000
1343.801	8250.000
1343.939	8355.000
1344.077	8197.000
1344.216	8433.000
1344.354	8239.000
1344.492	8425.000
1344.631	8256.000
1344.769	8417.000
1344.907	8228.000
1345.046	8395.000
1345.184	8304.000
1345.322	8444.000
1345.460	8331.000
1345.599	8420.000
1345.737	8318.000
1345.875	8470.000
1346.013	8352.000
1346.152	8414.000
1346.290	8354.000
1346.428	8508.000
1346.566	8327.000
1346.704	8440.000
1346.843	8336.000
1346.981	8518.000
1347.119	8296.000
1347.257	8495.000
1347.395	8318.000
1347.533	8560.000
1347.671	8422.000
1347.809	8476.000
1347.947	8293.000
1348.085	8448.000
1348.224	8341.000
1348.362	8455.000
1348.500	8355.000
1348.638	8473.000
1348.776	8371.000
1348.914	8429.000
1349.052	8360.000
1349.190	8460.000
1349.328	8367.000
1349.466	8467.000
1349.603	8337.000
1349.741	8533.000
1349.879	8318.000
1350.017	8452.000
1350.155	8321.000
1350.293	8461.000
1350.431	8236.000
1350.569	8481.000
1350.707	8385.000
1350.844	8361.000
1350.982	8407.000
1351.120	8552.000
1351.258	8314.000
1351.396	8486.000
1351.534	8381.000
1351.671	8417.000
1351.809	8305.000
1351.947	8396.000
1352.085	8295.000
1352.222	8366.000
1352.360	8343.000
1352.498	8440.000
1352.636	8331.000
1352.773	8422.000
1352.911	8275.000
1353.049	8480.000
1353.186	8400.000
1353.324	8467.000
1353.462	8423.000
1353.599	8439.000
1353.737	8324.000
1353.874	8450.000
1354.012	7226.000
1354.150	8420.000
1354.287	8316.000
1354.425	8380.000
1354.562	8243.000
1354.700	8448.000
1354.837	8257.000
1354.975	8439.000
1355.112	8365.000
1355.250	8429.000
1355.387	8283.000
1355.525	8396.000
1355.662	8267.000
1355.800	8458.000
1355.937	8305.000
1356.075	8372.000
1356.212	8214.000
1356.350	8418.000
1356.487	8191.000
1356.624	8329.000
1356.762	8287.000
1356.899	8301.000
1357.037	8246.000
1357.174	8330.000
1357.311	8231.000
1357.449	8432.000
1357.586	8184.000
1357.723	8458.000
1357.860	8247.000
1357.998	8319.000
1358.135	8270.000
1358.272	8266.000
1358.410	8173.000
1358.547	8257.000
1358.684	8137.000
1358.821	8250.000
1358.959	8177.000
1359.096	8365.000
1359.233	8190.000
1359.370	8344.000
1359.507	8142.000
1359.644	8267.000
1359.782	8123.000
1359.919	8231.000
1360.056	8077.000
1360.193	8261.000
1360.330	8083.000
1360.467	8203.000
1360.604	8052.000
1360.741	8214.000
1360.878	8186.000
1361.015	8260.000
1361.152	8139.000
1361.290	8391.000
1361.427	8077.000
1361.564	8217.000
1361.701	8126.000
1361.838	8274.000
1361.975	8109.000
1362.112	8362.000
1362.248	12771.000
1362.385	8355.000
1362.522	8167.000
1362.659	8259.000
1362.796	8191.000
1362.933	8253.000
1363.070	8073.000
1363.207	8218.000
1363.344	8247.000
1363.481	8376.000
1363.617	8273.000
1363.754	8293.000
1363.891	8175.000
1364.028	8339.000
1364.165	8299.000
1364.302	8396.000
1364.438	8252.000
1364.575	8388.000
1364.712	8167.000
1364.849	8365.000
1364.985	8253.000
1365.122	8400.000
1365.259	8249.000
1365.396	8373.000
1365.532	8274.000
1365.669	8331.000
1365.806	8191.000
1365.942	8278.000
1366.079	8170.000
1366.216	8403.000
1366.352	8218.000
1366.489	8318.000
1366.625	8215.000
1366.762	8450.000
1366.899	8255.000
1367.035	8402.000
1367.172	8246.000
1367.308	8391.000
1367.445	8113.000
1367.581	8345.000
1367.718	8167.000
1367.855	8395.000
1367.991	8150.000
1368.128	8433.000
1368.264	8262.000
1368.401	8346.000
1368.537	8224.000
1368.673	8398.000
1368.810	8139.000
1368.946	8399.000
1369.083	8271.000
1369.219	8303.000
1369.356	8206.000
1369.492	8399.000
1369.628	8212.000
1369.765	8325.000
1369.901	8236.000
1370.037	8341.000
1370.174	8280.000
1370.310	8347.000
1370.446	8307.000
1370.583	8395.000
1370.719	8267.000
1370.855	8424.000
1370.992	8230.000
1371.128	8415.000
1371.264	8217.000
1371.400	8388.000
1371.537	8323.000
1371.673	8453.000
1371.809	8232.000
1371.945	8359.000
1372.081	8298.000
1372.218	8454.000
1372.354	8305.000
1372.490	8492.000
1372.626	8321.000
1372.762	8494.000
1372.898	8319.000
1373.034	8392.000
1373.170	8330.000
1373.307	8474.000
1373.443	8334.000
1373.579	8321.000
1373.715	8343.000
1373.851	8533.000
1373.987	8370.000
1374.123	8381.000
1374.259	8396.000
1374.395	8391.000
1374.531	8420.000
1374.667	8495.000
