1129.938	10111.000
1130.084	9855.000
1130.229	10019.000
1130.375	9935.000
1130.521	9940.000
1130.667	9903.000
1130.813	9964.000
1130.958	9861.000
1131.104	9896.000
1131.250	9844.000
1131.396	9837.000
1131.542	9833.000
1131.687	9906.000
1131.833	9771.000
1131.979	9885.000
1132.124	9874.000
1132.270	9808.000
1132.416	9855.000
1132.561	9845.000
1132.707	9887.000
1132.853	9911.000
1132.998	9841.000
1133.144	10150.000
1133.290	9948.000
1133.435	10164.000
1133.581	10032.000
1133.727	10259.000
1133.872	10022.000
1134.018	10159.000
1134.163	9989.000
1134.309	10120.000
1134.455	9961.000
1134.600	9984.000
1134.746	9825.000
1134.891	9849.000
1135.037	9746.000
1135.182	9912.000
1135.328	9708.000
1135.473	9889.000
1135.619	9788.000
1135.764	9817.000
1135.910	9775.000
1136.055	9740.000
1136.201	9754.000
1136.346	9732.000
1136.492	9713.000
1136.637	9803.000
1136.783	9635.000
1136.928	9723.000
1137.074	9669.000
1137.219	9713.000
1137.364	9625.000
1137.510	9743.000
1137.655	9672.000
1137.801	9678.000
1137.946	9647.000
1138.091	9672.000
1138.237	9655.000
1138.382	9651.000
1138.527	9591.000
1138.673	9736.000
1138.818	9615.000
1138.963	9667.000
1139.109	9569.000
1139.254	9651.000
1139.399	9643.000
1139.544	9682.000
1139.690	9548.000
1139.835	9653.000
1139.980	9628.000
1140.125	9664.000
1140.271	9573.000
1140.416	9695.000
1140.561	9662.000
1140.706	9632.000
1140.851	9635.000
1140.997	9663.000
1141.142	9593.000
1141.287	9673.000
1141.432	9710.000
1141.577	9674.000
1141.723	9663.000
1141.868	9713.000
1142.013	9641.000
1142.158	9674.000
1142.303	9594.000
1142.448	9686.000
1142.593	9579.000
1142.738	9720.000
1142.883	9615.000
1143.028	9665.000
1143.174	9618.000
1143.319	9686.000
1143.464	9646.000
1143.609	9757.000
1143.754	9626.000
1143.899	9698.000
1144.044	9644.000
1144.189	9730.000
1144.334	9656.000
1144.479	9685.000
1144.624	9577.000
1144.769	9653.000
1144.914	9552.000
1145.059	9689.000
1145.204	9691.000
1145.348	9661.000
1145.493	9631.000
1145.638	9693.000
1145.783	9633.000
1145.928	9706.000
1146.073	9671.000
1146.218	9616.000
1146.363	9701.000
1146.508	9662.000
1146.653	9586.000
1146.797	9790.000
1146.942	9670.000
1147.087	9763.000
1147.232	9676.000
1147.377	9754.000
1147.522	9677.000
1147.666	9735.000
1147.811	9723.000
1147.956	9699.000
1148.101	9732.000
1148.245	9639.000
1148.390	9586.000
1148.535	9807.000
1148.680	9674.000
1148.824	9706.000
1148.969	9683.000
1149.114	9748.000
1149.259	9675.000
1149.403	9708.000
1149.548	9652.000
1149.693	9753.000
1149.837	9710.000
1149.982	9708.000
1150.127	9685.000
1150.271	9740.000
1150.416	9693.000
1150.561	9678.000
1150.705	9582.000
1150.850	9681.000
1150.994	9688.000
1151.139	9705.000
1151.284	9591.000
1151.428	9628.000
1151.573	9605.000
1151.717	9663.000
1151.862	9548.000
1152.006	9537.000
1152.151	9595.000
1152.295	9512.000
1152.440	9588.000
1152.584	9605.000
1152.729	9594.000
1152.873	9551.000
1153.018	9525.000
1153.162	9558.000
1153.307	9422.000
1153.451	9448.000
1153.596	9507.000
1153.740	9420.000
1153.885	9441.000
1154.029	9468.000
1154.174	9369.000
1154.318	9403.000
1154.462	9397.000
1154.607	9294.000
1154.751	9360.000
1154.896	9324.000
1155.040	9286.000
1155.184	9356.000
1155.329	9384.000
1155.473	9232.000
1155.617	9322.000
1155.762	9160.000
1155.906	9194.000
1156.050	9234.000
1156.194	9290.000
1156.339	9217.000
1156.483	9248.000
1156.627	9093.000
1156.772	9106.000
1156.916	9112.000
1157.060	9156.000
1157.204	9160.000
1157.349	9220.000
1157.493	9061.000
1157.637	9102.000
1157.781	9024.000
1157.925	9133.000
1158.070	9053.000
1158.214	9159.000
1158.358	9003.000
1158.502	9073.000
1158.646	8949.000
1158.790	9118.000
1158.935	9132.000
1159.079	9014.000
1159.223	9082.000
1159.367	9023.000
1159.511	8959.000
1159.655	9059.000
1159.799	9006.000
1159.943	9068.000
1160.087	8951.000
1160.231	9077.000
1160.375	8974.000
1160.519	9075.000
1160.664	8935.000
1160.808	9116.000
1160.952	9005.000
1161.096	9065.000
1161.240	8954.000
1161.384	9025.000
1161.528	8924.000
1161.672	9068.000
1161.815	9030.000
1161.959	9128.000
1162.103	9004.000
1162.247	9117.000
1162.391	8905.000
1162.535	9121.000
1162.679	8973.000
1162.823	9123.000
1162.967	8996.000
1163.111	9199.000
1163.255	9099.000
1163.399	9120.000
1163.542	9067.000
1163.686	9179.000
1163.830	9040.000
1163.974	9131.000
1164.118	9086.000
1164.262	9196.000
1164.405	9045.000
1164.549	9110.000
1164.693	9083.000
1164.837	9181.000
1164.981	9138.000
1165.124	9228.000
1165.268	9140.000
1165.412	9307.000
1165.556	9199.000
1165.699	9310.000
1165.843	9336.000
1165.987	9360.000
1166.131	9270.000
1166.274	9239.000
1166.418	9228.000
1166.562	9302.000
1166.705	9215.000
1166.849	9364.000
1166.993	9435.000
1167.136	9420.000
1167.280	9335.000
1167.424	9485.000
1167.567	9463.000
1167.711	9426.000
1167.854	9366.000
1167.998	9480.000
1168.142	9419.000
1168.285	9524.000
1168.429	9463.000
1168.572	9604.000
1168.716	9491.000
1168.859	9592.000
1169.003	9575.000
1169.147	9628.000
1169.290	9563.000
1169.434	9653.000
1169.577	9661.000
1169.721	9644.000
1169.864	9644.000
1170.008	9799.000
1170.151	9672.000
1170.294	9671.000
1170.438	9752.000
1170.581	9811.000
1170.725	9709.000
1170.868	9844.000
1171.012	9866.000
1171.155	9920.000
1171.298	9811.000
1171.442	9852.000
1171.585	9866.000
1171.729	9894.000
1171.872	9871.000
1172.015	9918.000
1172.159	9939.000
1172.302	10019.000
1172.445	9988.000
1172.589	10002.000
1172.732	9841.000
1172.875	10110.000
1173.019	10017.000
1173.162	10063.000
1173.305	10053.000
1173.449	10176.000
1173.592	10096.000
1173.735	10168.000
1173.878	10256.000
1174.022	10112.000
1174.165	10146.000
1174.308	10291.000
1174.451	10197.000
1174.594	10250.000
1174.738	10169.000
1174.881	10419.000
1175.024	10363.000
1175.167	10388.000
1175.310	10349.000
1175.454	10443.000
1175.597	10428.000
1175.740	10499.000
1175.883	10351.000
1176.026	10563.000
1176.169	10445.000
1176.312	10429.000
1176.455	10527.000
1176.598	10535.000
1176.742	10554.000
1176.885	10727.000
1177.028	10527.000
1177.171	10529.000
1177.314	10626.000
1177.457	10743.000
1177.600	10698.000
1177.743	10689.000
1177.886	10635.000
1178.029	10842.000
1178.172	10720.000
1178.315	10811.000
1178.458	10769.000
1178.601	10898.000
1178.744	10827.000
1178.887	10919.000
1179.030	10949.000
1179.173	11025.000
1179.316	10930.000
1179.458	11044.000
1179.601	10940.000
1179.744	10997.000
1179.887	11071.000
1180.030	11102.000
1180.173	10980.000
1180.316	11187.000
1180.459	10997.000
1180.602	11092.000
1180.744	11111.000
1180.887	11224.000
1181.030	11186.000
1181.173	11239.000
1181.316	11218.000
1181.458	11184.000
1181.601	11183.000
1181.744	11275.000
1181.887	11365.000
1182.030	11267.000
1182.172	11271.000
1182.315	11365.000
1182.458	11377.000
1182.601	11378.000
1182.743	11367.000
1182.886	11379.000
1183.029	11409.000
1183.171	11442.000
1183.314	11444.000
1183.457	11481.000
1183.599	11426.000
1183.742	11536.000
1183.885	11419.000
1184.027	11543.000
1184.170	11515.000
1184.313	11663.000
1184.455	11529.000
1184.598	11717.000
1184.741	11495.000
1184.883	11749.000
1185.026	11581.000
1185.168	11706.000
1185.311	11624.000
1185.453	11736.000
1185.596	11680.000
1185.739	11690.000
1185.881	11660.000
1186.024	11791.000
1186.166	11642.000
1186.309	11761.000
1186.451	11720.000
1186.594	11765.000
1186.736	11805.000
1186.879	11822.000
1187.021	11782.000
1187.164	11796.000
1187.306	11712.000
1187.448	11854.000
1187.591	11408.000
1187.733	11883.000
1187.876	11813.000
1188.018	11819.000
1188.160	11856.000
1188.303	11794.000
1188.445	11671.000
1188.588	11798.000
1188.730	11799.000
1188.872	11932.000
1189.015	11728.000
1189.157	11826.000
1189.299	11710.000
1189.442	11852.000
1189.584	11781.000
1189.726	11791.000
1189.869	11723.000
1190.011	11853.000
1190.153	11791.000
1190.295	11788.000
1190.438	11672.000
1190.580	11846.000
1190.722	11701.000
1190.864	11815.000
1191.007	11727.000
1191.149	11723.000
1191.291	11593.000
1191.433	11693.000
1191.576	11652.000
1191.718	11874.000
1191.860	11615.000
1192.002	11704.000
1192.144	11592.000
1192.286	11700.000
1192.429	11593.000
1192.571	11690.000
1192.713	11544.000
1192.855	11621.000
1192.997	11533.000
1193.139	11581.000
1193.281	11490.000
1193.423	11591.000
1193.565	11465.000
1193.707	11539.000
1193.850	11390.000
1193.992	11379.000
1194.134	11279.000
1194.276	11421.000
1194.418	11242.000
1194.560	11287.000
1194.702	11229.000
1194.844	11249.000
1194.986	11190.000
1195.128	11192.000
1195.270	11141.000
1195.412	11200.000
1195.554	11044.000
1195.696	11177.000
1195.837	11037.000
1195.979	11033.000
1196.121	10910.000
1196.263	10991.000
1196.405	10940.000
1196.547	10934.000
1196.689	10776.000
1196.831	10884.000
1196.973	10777.000
1197.115	10774.000
1197.256	10641.000
1197.398	10723.000
1197.540	10573.000
1197.682	10645.000
1197.824	10469.000
1197.966	10568.000
1198.107	10412.000
1198.249	10483.000
1198.391	10477.000
1198.533	10372.000
1198.675	10289.000
1198.816	10241.000
1198.958	10153.000
1199.100	10310.000
1199.242	10175.000
1199.383	10127.000
1199.525	10018.000
1199.667	10014.000
1199.808	9992.000
1199.950	10023.000
1200.092	9977.000
1200.233	10028.000
1200.375	9807.000
1200.517	9886.000
1200.658	9745.000
1200.800	9816.000
1200.942	9660.000
1201.083	9757.000
1201.225	9671.000
1201.367	9728.000
1201.508	9570.000
1201.650	9471.000
1201.791	9387.000
1201.933	9561.000
1202.074	9291.000
1202.216	9422.000
1202.358	9278.000
1202.499	9356.000
1202.641	9213.000
1202.782	9304.000
1202.924	9200.000
1203.065	9327.000
1203.207	9027.000
1203.348	9271.000
1203.490	9099.000
1203.631	9165.000
1203.773	9046.000
1203.914	9109.000
1204.056	8996.000
1204.197	9054.000
1204.338	8906.000
1204.480	9017.000
1204.621	8893.000
1204.763	8990.000
1204.904	8816.000
1205.045	8949.000
1205.187	8982.000
1205.328	8968.000
1205.470	8840.000
1205.611	8929.000
1205.752	8749.000
1205.894	8924.000
1206.035	8751.000
1206.176	8895.000
1206.318	8686.000
1206.459	9005.000
1206.600	8786.000
1206.741	8912.000
1206.883	8673.000
1207.024	8855.000
1207.165	8743.000
1207.306	8823.000
1207.448	8610.000
1207.589	8791.000
1207.730	8662.000
1207.871	8805.000
1208.013	8697.000
1208.154	8778.000
1208.295	8567.000
1208.436	8730.000
1208.577	8640.000
1208.719	8730.000
1208.860	8608.000
1209.001	8741.000
1209.142	8538.000
1209.283	8706.000
1209.424	8501.000
1209.565	8742.000
1209.706	8584.000
1209.848	8800.000
1209.989	8589.000
1210.130	8687.000
1210.271	8541.000
1210.412	8615.000
1210.553	8594.000
1210.694	8720.000
1210.835	8492.000
1210.976	8710.000
1211.117	8424.000
1211.258	8645.000
1211.399	8541.000
1211.540	8683.000
1211.681	8482.000
1211.822	8612.000
1211.963	8609.000
1212.104	8588.000
1212.245	8516.000
1212.386	8655.000
1212.527	8493.000
1212.668	8664.000
1212.809	8450.000
1212.950	8679.000
1213.090	8505.000
1213.231	8586.000
1213.372	8457.000
1213.513	8609.000
1213.654	8486.000
1213.795	8552.000
1213.936	8416.000
1214.077	8600.000
1214.217	8534.000
1214.358	8660.000
1214.499	8510.000
1214.640	8650.000
1214.781	8451.000
1214.921	8605.000
1215.062	8409.000
1215.203	8595.000
1215.344	8352.000
1215.485	8531.000
1215.625	8482.000
1215.766	8610.000
1215.907	8462.000
1216.047	8624.000
1216.188	8406.000
1216.329	8558.000
1216.470	8350.000
1216.610	8552.000
1216.751	8377.000
1216.892	8430.000
1217.032	8351.000
1217.173	8496.000
1217.314	8465.000
1217.454	8441.000
1217.595	8363.000
1217.735	8496.000
1217.876	8412.000
1218.017	8510.000
1218.157	8380.000
1218.298	8563.000
1218.438	8324.000
1218.579	8451.000
1218.720	8322.000
1218.860	8548.000
1219.001	8336.000
1219.141	8438.000
1219.282	8360.000
1219.422	8437.000
1219.563	8282.000
1219.703	8371.000
1219.844	8317.000
1219.984	8547.000
1220.125	8381.000
1220.265	8436.000
1220.406	8323.000
1220.546	8494.000
1220.687	8356.000
1220.827	8371.000
1220.967	8277.000
1221.108	8440.000
1221.248	8252.000
1221.389	8420.000
1221.529	8265.000
1221.669	8448.000
1221.810	8318.000
1221.950	8380.000
1222.091	8253.000
1222.231	8473.000
1222.371	8321.000
1222.512	8414.000
1222.652	8372.000
1222.792	8460.000
1222.933	8233.000
1223.073	8402.000
1223.213	8371.000
1223.353	8501.000
1223.494	8329.000
1223.634	8352.000
1223.774	8349.000
1223.914	8402.000
1224.055	8241.000
1224.195	8450.000
1224.335	8288.000
1224.475	8405.000
1224.616	8279.000
1224.756	8377.000
1224.896	8280.000
1225.036	8526.000
1225.176	8307.000
1225.316	8495.000
1225.457	8278.000
1225.597	8496.000
1225.737	8284.000
1225.877	8457.000
1226.017	8300.000
1226.157	8485.000
1226.297	8282.000
1226.437	8434.000
1226.578	8284.000
1226.718	8452.000
1226.858	8302.000
1226.998	8500.000
1227.138	8350.000
1227.278	8431.000
1227.418	8362.000
1227.558	8438.000
1227.698	8375.000
1227.838	8497.000
1227.978	8346.000
1228.118	8417.000
1228.258	8295.000
1228.398	8473.000
1228.538	8352.000
1228.678	8422.000
1228.818	8362.000
1228.958	8460.000
1229.098	8363.000
1229.238	8505.000
1229.377	8350.000
1229.517	8446.000
1229.657	8424.000
1229.797	8478.000
1229.937	8361.000
1230.077	8551.000
1230.217	8439.000
1230.357	8515.000
1230.496	8460.000
1230.636	8520.000
1230.776	8421.000
1230.916	8491.000
1231.056	8405.000
1231.196	8548.000
1231.335	8398.000
1231.475	8483.000
1231.615	8478.000
1231.755	8550.000
1231.894	8396.000
1232.034	8481.000
1232.174	8410.000
1232.314	8585.000
1232.453	8381.000
1232.593	8478.000
1232.733	8435.000
1232.873	8620.000
1233.012	8968.000
1233.152	8527.000
1233.292	8411.000
1233.431	8547.000
1233.571	8387.000
1233.711	8604.000
1233.850	8350.000
1233.990	8586.000
1234.129	8400.000
1234.269	8445.000
1234.409	8478.000
1234.548	8524.000
1234.688	8431.000
1234.828	8517.000
1234.967	8416.000
1235.107	8578.000
1235.246	8372.000
1235.386	8479.000
1235.525	8377.000
1235.665	8488.000
1235.804	8405.000
1235.944	8514.000
1236.083	8383.000
1236.223	8483.000
1236.362	8423.000
1236.502	8475.000
1236.641	8353.000
1236.781	8591.000
1236.920	8377.000
1237.060	8467.000
1237.199	8379.000
1237.339	8447.000
1237.478	8373.000
1237.617	8431.000
1237.757	8379.000
1237.896	8397.000
1238.036	8385.000
1238.175	8434.000
1238.314	8374.000
1238.454	8473.000
1238.593	8355.000
1238.732	8461.000
1238.872	8370.000
1239.011	8535.000
1239.150	8410.000
1239.290	8465.000
1239.429	8427.000
1239.568	8439.000
1239.708	8401.000
1239.847	8473.000
1239.986	8403.000
1240.125	8416.000
1240.265	8398.000
1240.404	8478.000
1240.543	8461.000
1240.682	8477.000
1240.822	8397.000
1240.961	8447.000
1241.100	8400.000
1241.239	8475.000
1241.378	8349.000
1241.518	8506.000
1241.657	8406.000
1241.796	8512.000
1241.935	8392.000
1242.074	8475.000
1242.213	8392.000
1242.352	8479.000
1242.492	8320.000
1242.631	8558.000
1242.770	8421.000
1242.909	8557.000
1243.048	8447.000
1243.187	8573.000
1243.326	8389.000
1243.465	8559.000
1243.604	8395.000
1243.743	8522.000
1243.882	8385.000
1244.021	8564.000
1244.160	8419.000
1244.299	8599.000
1244.438	8432.000
1244.577	8587.000
1244.716	8408.000
1244.855	8550.000
1244.994	8453.000
1245.133	8626.000
1245.272	8517.000
1245.411	8545.000
1245.550	8569.000
1245.689	8657.000
1245.828	8569.000
1245.967	8587.000
1246.106	8521.000
1246.244	8662.000
1246.383	8490.000
1246.522	8647.000
1246.661	8533.000
1246.800	8683.000
1246.939	8472.000
1247.078	8678.000
1247.216	8504.000
1247.355	8747.000
1247.494	8612.000
1247.633	8682.000
1247.772	8543.000
1247.910	8659.000
1248.049	8541.000
1248.188	8656.000
1248.327	8530.000
1248.465	8696.000
1248.604	8569.000
1248.743	8655.000
1248.882	8576.000
1249.020	8683.000
1249.159	8594.000
1249.298	8673.000
1249.436	8528.000
1249.575	8714.000
1249.714	8541.000
1249.852	8663.000
1249.991	8526.000
1250.130	8668.000
1250.268	8448.000
1250.407	8716.000
1250.546	8605.000
1250.684	8601.000
1250.823	8579.000
1250.961	8700.000
1251.100	8545.000
1251.239	8677.000
1251.377	8588.000
1251.516	8654.000
1251.654	8506.000
1251.793	8611.000
1251.931	8525.000
1252.070	8593.000
1252.208	8578.000
1252.347	8660.000
1252.485	8590.000
1252.624	8663.000
1252.762	8514.000
1252.901	8717.000
1253.039	8676.000
1253.178	8642.000
1253.316	8652.000
1253.455	8660.000
1253.593	8547.000
1253.732	8662.000
1253.870	7413.000
1254.008	8667.000
1254.147	8553.000
1254.285	8624.000
1254.424	8489.000
1254.562	8697.000
1254.700	8555.000
1254.839	8687.000
1254.977	8613.000
1255.115	8672.000
1255.254	8588.000
1255.392	8635.000
1255.530	8532.000
1255.669	8721.000
1255.807	8565.000
1255.945	8623.000
1256.084	8474.000
1256.222	8670.000
1256.360	8452.000
1256.498	8568.000
1256.637	8557.000
1256.775	8586.000
1256.913	8520.000
1257.051	8622.000
1257.189	8483.000
1257.328	8687.000
1257.466	8431.000
1257.604	8710.000
1257.742	8554.000
1257.880	8579.000
1258.019	8596.000
1258.157	8542.000
1258.295	8467.000
1258.433	8525.000
1258.571	8432.000
1258.709	8511.000
1258.847	8469.000
1258.986	8621.000
1259.124	8495.000
1259.262	8601.000
1259.400	8448.000
1259.538	8550.000
1259.676	8391.000
1259.814	8518.000
1259.952	8340.000
1260.090	8545.000
1260.228	8364.000
1260.366	8481.000
1260.504	8388.000
1260.642	8563.000
1260.780	8483.000
1260.918	8525.000
1261.056	8451.000
1261.194	8667.000
1261.332	8347.000
1261.470	8500.000
1261.608	8461.000
1261.746	8569.000
1261.884	8390.000
1262.022	8644.000
1262.160	13015.000
1262.297	8621.000
1262.435	8454.000
1262.573	8577.000
1262.711	8477.000
1262.849	8588.000
1262.987	8402.000
1263.125	8557.000
1263.262	8591.000
1263.400	8687.000
1263.538	8546.000
1263.676	8579.000
1263.814	8514.000
1263.952	8608.000
1264.089	8616.000
1264.227	8672.000
1264.365	8500.000
1264.503	8639.000
1264.640	8460.000
1264.778	8680.000
1264.916	8577.000
1265.054	8687.000
1265.191	8532.000
1265.329	8678.000
1265.467	8556.000
1265.604	8679.000
1265.742	8500.000
1265.880	8577.000
1266.017	8506.000
1266.155	8699.000
1266.293	8532.000
1266.430	8653.000
1266.568	8474.000
1266.706	8693.000
1266.843	8539.000
1266.981	8692.000
1267.119	8494.000
1267.256	8648.000
1267.394	8437.000
1267.531	8669.000
1267.669	8473.000
1267.806	8622.000
1267.944	8462.000
1268.081	8718.000
1268.219	8522.000
1268.357	8621.000
1268.494	8511.000
1268.632	8711.000
1268.769	8477.000
1268.907	8664.000
1269.044	8564.000
1269.182	8570.000
1269.319	8497.000
1269.456	8646.000
1269.594	8511.000
1269.731	8621.000
1269.869	8474.000
1270.006	8616.000
1270.144	8546.000
1270.281	8605.000
1270.418	8568.000
1270.556	8657.000
1270.693	8571.000
1270.831	8689.000
1270.968	8475.000
1271.105	8666.000
1271.243	8479.000
1271.380	8643.000
1271.517	8597.000
1271.655	8697.000
1271.792	8524.000
1271.929	8629.000
1272.066	8574.000
1272.204	8730.000
1272.341	8551.000
1272.478	8723.000
1272.616	8532.000
1272.753	8701.000
1272.890	8558.000
1273.027	8630.000
1273.165	8560.000
1273.302	8715.000
1273.439	8566.000
1273.576	8554.000
1273.713	8572.000
1273.851	8780.000
1273.988	8617.000
1274.125	8633.000
1274.262	8574.000
1274.399	8609.000
1274.536	8613.000
1274.673	8706.000
